HB2407/CTD154.cnv
* Sea-Bird SBE 9 Data File:
* FileName = C:\cruise\data\CTD154.hex
* Software Version Seasave V 7.26.7.121
* Temperature SN = 4591
* Conductivity SN = 6006
* Number of Bytes Per Scan = 37
* Number of Voltage Words = 4
* Number of Scans Averaged by the Deck Unit = 1
* NMEA Latitude = 41 37.63 N
* NMEA Longitude = 069 12.77 W
* NMEA UTC (Time) = Oct 15 2024 22:30:50
* NMEA baud rate = 4800
** Ship: Bigelow HB2407
** Program:  Fall Bottom Trawl Survey
** Chief Scientist: John Galbraith
# nquan = 9
# nvalues = 345                         
# units = specified
# name 0 = depSM: Depth [salt water, m]
# name 1 = t090C: Temperature [ITS-90, deg C]
# name 2 = c0S/m: Conductivity [S/m]
# name 3 = sal00: Salinity, Practical [PSU]
# name 4 = scan: Scan Count
# name 5 = timeM: Time, Elapsed [minutes]
# name 6 = sbeox0V: Oxygen raw, SBE 43 [V]
# name 7 = sbeox1V: Oxygen raw, SBE 43, 2 [V]
# name 8 = flag: flag
# span 0 =      1.000,    174.000       
# span 1 =     7.1900,    15.3825       
# span 2 =   3.382616,   3.970299       
# span 3 =    31.7650,    33.5489       
# span 4 =          9,      11664       
# span 5 =     0.0055,     8.0994       
# span 6 =     1.6847,     2.5362       
# span 7 =     1.5592,     2.3402       
# span 8 = 0.0000e+00, 0.0000e+00       
# interval = meters: 1                  
# start_time = Oct 15 2024 22:30:50 [NMEA time, header]
# bad_flag = -9.990e-29
*END*
      3.000    15.3825   3.970043    31.7707          9     0.0055     2.5362     2.3398 0.0000e+00
      4.000    15.3809   3.969917    31.7705        151     0.1042     2.5347     2.3393 0.0000e+00
      5.000    15.3788   3.969742    31.7703        264     0.1827     2.5356     2.3370 0.0000e+00
      6.000    15.3800   3.969870    31.7701        310     0.2146     2.5319     2.3361 0.0000e+00
      7.000    15.3792   3.969835    31.7700        373     0.2584     2.5304     2.3384 0.0000e+00
      8.000    15.3805   3.970021    31.7702        391     0.2708     2.5280     2.3377 0.0000e+00
      9.000    15.3805   3.970052    31.7702        409     0.2830     2.5290     2.3359 0.0000e+00
     10.000    15.3809   3.970130    31.7702        513     0.3557     2.5296     2.3381 0.0000e+00
     11.000    15.3807   3.970192    31.7705        637     0.4415     2.5335     2.3390 0.0000e+00
     12.000    15.3781   3.970299    31.7732        647     0.4487     2.5337     2.3393 0.0000e+00
     13.000    15.3765   3.970264    31.7738        664     0.4604     2.5311     2.3402 0.0000e+00
     14.000    15.3152   3.967844    31.8014        685     0.4752     2.5291     2.3398 0.0000e+00
     15.000    15.2369   3.964488    31.8346        737     0.5113     2.5228     2.3344 0.0000e+00
     16.000    15.1375   3.960996    31.8837        768     0.5324     2.5151     2.3283 0.0000e+00
     17.000    15.0945   3.959746    31.9071        786     0.5452     2.5090     2.3226 0.0000e+00
     18.000    15.0653   3.958948    31.9234        809     0.5612     2.4995     2.3126 0.0000e+00
     19.000    15.0539   3.958481    31.9281        846     0.5871     2.4819     2.2951 0.0000e+00
     20.000    15.0424   3.957899    31.9318        877     0.6086     2.4737     2.2864 0.0000e+00
     21.000    14.7039   3.939414    32.0425        895     0.6209     2.4730     2.2843 0.0000e+00
     22.000    14.3172   3.917406    32.1616        912     0.6324     2.4644     2.2829 0.0000e+00
     23.000    14.0912   3.902123    32.2094        934     0.6482     2.4396     2.2685 0.0000e+00
     24.000    13.6761   3.874271    32.3001       1010     0.7004     2.3820     2.2121 0.0000e+00
     25.000    13.6695   3.871846    32.2828       1028     0.7130     2.3809     2.2118 0.0000e+00
     26.000    13.4207   3.851476    32.3030       1041     0.7222     2.3747     2.2073 0.0000e+00
     27.000    12.8902   3.802461    32.2929       1054     0.7312     2.3686     2.2028 0.0000e+00
     28.000    12.1312   3.738559    32.3354       1069     0.7414     2.3561     2.1951 0.0000e+00
     29.000    11.9945   3.728560    32.3570       1110     0.7698     2.2970     2.1495 0.0000e+00
     30.000    11.9618   3.725399    32.3544       1175     0.8151     2.2496     2.0917 0.0000e+00
     31.000    11.7998   3.720287    32.4456       1191     0.8267     2.2515     2.0892 0.0000e+00
     32.000    11.6344   3.713673    32.5255       1209     0.8390     2.2487     2.0846 0.0000e+00
     33.000    11.5850   3.711300    32.5453       1228     0.8520     2.2423     2.0782 0.0000e+00
     34.000    11.5629   3.710204    32.5536       1249     0.8670     2.2421     2.0741 0.0000e+00
     35.000    11.3011   3.688449    32.5707       1278     0.8870     2.2428     2.0732 0.0000e+00
     36.000    11.0839   3.670661    32.5872       1317     0.9141     2.2309     2.0681 0.0000e+00
     37.000    11.0189   3.667039    32.6087       1350     0.9369     2.2163     2.0564 0.0000e+00
     38.000    11.0154   3.667354    32.6145       1373     0.9528     2.2077     2.0475 0.0000e+00
     39.000    10.9741   3.665475    32.6321       1396     0.9691     2.2040     2.0408 0.0000e+00
     40.000    10.9182   3.661425    32.6413       1426     0.9898     2.1999     2.0346 0.0000e+00
     41.000    10.8759   3.658004    32.6446       1457     1.0109     2.1959     2.0298 0.0000e+00
     42.000    10.7564   3.648935    32.6606       1483     1.0292     2.1920     2.0254 0.0000e+00
     43.000    10.7323   3.647609    32.6685       1511     1.0488     2.1856     2.0207 0.0000e+00
     44.000    10.7336   3.648539    32.6761       1540     1.0688     2.1789     2.0148 0.0000e+00
     45.000    10.6809   3.643927    32.6769       1568     1.0883     2.1723     2.0114 0.0000e+00
     46.000    10.6612   3.642264    32.6774       1594     1.1062     2.1698     2.0086 0.0000e+00
     47.000    10.6499   3.641282    32.6774       1617     1.1221     2.1676     2.0057 0.0000e+00
     48.000    10.6289   3.639450    32.6774       1640     1.1380     2.1655     2.0024 0.0000e+00
     49.000    10.5779   3.635032    32.6785       1675     1.1622     2.1645     1.9995 0.0000e+00
     50.000    10.5037   3.628415    32.6784       1723     1.1961     2.1594     1.9969 0.0000e+00
     51.000    10.4657   3.624934    32.6771       1747     1.2125     2.1576     1.9947 0.0000e+00
     52.000    10.4680   3.625033    32.6757       1764     1.2242     2.1550     1.9926 0.0000e+00
     53.000    10.4611   3.624421    32.6753       1780     1.2352     2.1521     1.9910 0.0000e+00
     54.000    10.4320   3.622062    32.6773       1801     1.2499     2.1500     1.9873 0.0000e+00
     55.000    10.2002   3.602833    32.6920       1847     1.2816     2.1446     1.9812 0.0000e+00
     56.000    10.1076   3.595784    32.7039       1884     1.3074     2.1321     1.9749 0.0000e+00
     57.000    10.0774   3.593285    32.7054       1905     1.3224     2.1257     1.9702 0.0000e+00
     58.000    10.0631   3.592016    32.7051       1927     1.3378     2.1211     1.9641 0.0000e+00
     59.000    10.0598   3.591619    32.7036       1954     1.3564     2.1194     1.9575 0.0000e+00
     60.000     9.9707   3.583540    32.7019       1985     1.3777     2.1171     1.9540 0.0000e+00
     61.000     9.8380   3.571811    32.7025       2014     1.3980     2.1104     1.9526 0.0000e+00
     62.000     9.7980   3.567566    32.6951       2042     1.4170     2.1035     1.9482 0.0000e+00
     63.000     9.6235   3.550697    32.6811       2069     1.4359     2.0959     1.9435 0.0000e+00
     64.000     9.5348   3.541853    32.6708       2098     1.4563     2.0867     1.9357 0.0000e+00
     65.000     9.4579   3.534369    32.6637       2129     1.4780     2.0787     1.9272 0.0000e+00
     66.000     9.4102   3.529609    32.6578       2156     1.4964     2.0708     1.9202 0.0000e+00
     67.000     9.3777   3.526349    32.6534       2179     1.5126     2.0646     1.9130 0.0000e+00
     68.000     9.3399   3.522666    32.6495       2203     1.5293     2.0607     1.9072 0.0000e+00
     69.000     9.2502   3.514082    32.6426       2232     1.5494     2.0578     1.9043 0.0000e+00
     70.000     9.1706   3.507293    32.6448       2269     1.5747     2.0509     1.8998 0.0000e+00
     71.000     9.1056   3.501351    32.6423       2304     1.5993     2.0450     1.8929 0.0000e+00
     72.000     8.9864   3.491821    32.6524       2330     1.6171     2.0423     1.8877 0.0000e+00
     73.000     8.9130   3.485980    32.6585       2350     1.6313     2.0398     1.8840 0.0000e+00
     74.000     8.8661   3.482424    32.6643       2368     1.6441     2.0365     1.8819 0.0000e+00
     75.000     8.8170   3.480056    32.6843       2391     1.6596     2.0322     1.8799 0.0000e+00
     76.000     8.7846   3.477468    32.6867       2437     1.6915     2.0248     1.8745 0.0000e+00
     77.000     8.7582   3.475695    32.6920       2485     1.7247     2.0236     1.8710 0.0000e+00
     78.000     8.7420   3.474820    32.6974       2504     1.7380     2.0249     1.8702 0.0000e+00
     79.000     8.7060   3.472450    32.7054       2520     1.7496     2.0250     1.8696 0.0000e+00
     80.000     8.6799   3.470456    32.7082       2537     1.7612     2.0238     1.8692 0.0000e+00
     81.000     8.6627   3.468960    32.7080       2558     1.7756     2.0211     1.8688 0.0000e+00
     82.000     8.6450   3.467435    32.7079       2600     1.8046     2.0198     1.8655 0.0000e+00
     83.000     8.5810   3.462414    32.7140       2651     1.8405     2.0198     1.8657 0.0000e+00
     84.000     8.5477   3.460236    32.7216       2671     1.8543     2.0184     1.8655 0.0000e+00
     85.000     8.4708   3.454608    32.7332       2688     1.8663     2.0173     1.8653 0.0000e+00
     86.000     8.1248   3.427461    32.7680       2707     1.8789     2.0160     1.8643 0.0000e+00
     87.000     8.0275   3.420632    32.7859       2734     1.8980     2.0060     1.8577 0.0000e+00
     88.000     8.0157   3.419608    32.7856       2775     1.9264     1.9992     1.8515 0.0000e+00
     89.000     7.9986   3.418633    32.7907       2806     1.9479     1.9965     1.8477 0.0000e+00
     90.000     7.9858   3.417847    32.7939       2831     1.9651     1.9934     1.8444 0.0000e+00
     91.000     7.9711   3.416873    32.7968       2859     1.9844     1.9892     1.8412 0.0000e+00
     92.000     7.9533   3.415671    32.8003       2888     2.0048     1.9831     1.8373 0.0000e+00
     93.000     7.9157   3.413203    32.8087       2914     2.0226     1.9794     1.8328 0.0000e+00
     94.000     7.8778   3.410479    32.8148       2936     2.0383     1.9773     1.8304 0.0000e+00
     95.000     7.8375   3.407488    32.8202       2961     2.0553     1.9733     1.8280 0.0000e+00
     96.000     7.8093   3.405350    32.8233       3003     2.0849     1.9655     1.8207 0.0000e+00
     97.000     7.7955   3.404285    32.8245       3042     2.1116     1.9604     1.8160 0.0000e+00
     98.000     7.7841   3.403561    32.8270       3060     2.1241     1.9591     1.8144 0.0000e+00
     99.000     7.7686   3.402561    32.8304       3077     2.1358     1.9581     1.8126 0.0000e+00
    100.000     7.7605   3.402068    32.8323       3097     2.1502     1.9567     1.8110 0.0000e+00
    101.000     7.7505   3.401487    32.8350       3141     2.1807     1.9564     1.8094 0.0000e+00
    102.000     7.7414   3.401053    32.8384       3180     2.2076     1.9565     1.8082 0.0000e+00
    103.000     7.7418   3.401109    32.8381       3201     2.2220     1.9570     1.8065 0.0000e+00
    104.000     7.7411   3.401107    32.8384       3220     2.2356     1.9570     1.8054 0.0000e+00
    105.000     7.7326   3.400768    32.8423       3243     2.2514     1.9568     1.8043 0.0000e+00
    106.000     7.7038   3.399123    32.8513       3275     2.2736     1.9561     1.8028 0.0000e+00
    107.000     7.6971   3.398745    32.8531       3313     2.3001     1.9547     1.8015 0.0000e+00
    108.000     7.6813   3.397948    32.8589       3342     2.3204     1.9531     1.8018 0.0000e+00
    109.000     7.6590   3.396870    32.8679       3366     2.3369     1.9506     1.8011 0.0000e+00
    110.000     7.6436   3.396184    32.8746       3390     2.3533     1.9487     1.8006 0.0000e+00
    111.000     7.6408   3.396096    32.8759       3416     2.3717     1.9480     1.7997 0.0000e+00
    112.000     7.6369   3.395873    32.8767       3446     2.3924     1.9467     1.7986 0.0000e+00
    113.000     7.6097   3.394274    32.8847       3480     2.4157     1.9444     1.7965 0.0000e+00
    114.000     7.5721   3.392181    32.8972       3511     2.4374     1.9428     1.7949 0.0000e+00
    115.000     7.5173   3.389179    32.9164       3536     2.4549     1.9411     1.7938 0.0000e+00
    116.000     7.4666   3.386776    32.9380       3559     2.4710     1.9394     1.7921 0.0000e+00
    117.000     7.4555   3.386252    32.9424       3584     2.4881     1.9376     1.7889 0.0000e+00
    118.000     7.4570   3.386709    32.9455       3614     2.5092     1.9343     1.7856 0.0000e+00
    119.000     7.5574   3.398850    32.9807       3651     2.5344     1.9315     1.7827 0.0000e+00
    120.000     7.5931   3.403189    32.9930       3681     2.5557     1.9327     1.7815 0.0000e+00
    121.000     7.5380   3.397814    32.9869       3706     2.5730     1.9306     1.7809 0.0000e+00
    122.000     7.4913   3.394141    32.9912       3733     2.5913     1.9249     1.7769 0.0000e+00
    123.000     7.5920   3.406463    33.0279       3760     2.6101     1.9215     1.7730 0.0000e+00
    124.000     7.6526   3.413652    33.0473       3783     2.6267     1.9226     1.7736 0.0000e+00
    125.000     7.6574   3.414912    33.0558       3814     2.6476     1.9232     1.7737 0.0000e+00
    126.000     7.5820   3.408554    33.0585       3853     2.6752     1.9215     1.7724 0.0000e+00
    127.000     7.4353   3.395267    33.0543       3881     2.6948     1.9189     1.7704 0.0000e+00
    128.000     7.3573   3.388833    33.0585       3903     2.7100     1.9165     1.7683 0.0000e+00
    129.000     7.2665   3.382694    33.0782       3926     2.7258     1.9169     1.7686 0.0000e+00
    130.000     7.2934   3.388389    33.1138       3954     2.7448     1.9199     1.7707 0.0000e+00
    131.000     7.2980   3.389351    33.1194       3990     2.7700     1.9178     1.7737 0.0000e+00
    132.000     7.2991   3.390310    33.1282       4026     2.7951     1.9041     1.7641 0.0000e+00
    133.000     7.2987   3.390933    33.1349       4051     2.8125     1.8961     1.7550 0.0000e+00
    134.000     7.2962   3.391729    33.1454       4073     2.8279     1.8904     1.7487 0.0000e+00
    135.000     7.2942   3.392146    33.1514       4098     2.8450     1.8877     1.7442 0.0000e+00
    136.000     7.2929   3.392438    33.1553       4127     2.8652     1.8846     1.7402 0.0000e+00
    137.000     7.2922   3.393026    33.1619       4168     2.8939     1.8791     1.7368 0.0000e+00
    138.000     7.2921   3.393188    33.1633       4210     2.9229     1.8752     1.7342 0.0000e+00
    139.000     7.2923   3.394709    33.1791       4230     2.9366     1.8738     1.7326 0.0000e+00
    140.000     7.2929   3.395957    33.1916       4245     2.9476     1.8733     1.7314 0.0000e+00
    141.000     7.2922   3.396847    33.2014       4262     2.9588     1.8726     1.7310 0.0000e+00
    142.000     7.2896   3.397970    33.2157       4294     2.9811     1.8720     1.7288 0.0000e+00
    143.000     7.2871   3.398797    33.2265       4355     3.0234     1.8677     1.7263 0.0000e+00
    144.000     7.2857   3.399160    33.2314       4377     3.0390     1.8649     1.7254 0.0000e+00
    145.000     7.2688   3.399820    33.2543       4397     3.0525     1.8628     1.7245 0.0000e+00
    146.000     7.2215   3.398809    33.2883       4418     3.0676     1.8611     1.7226 0.0000e+00
    147.000     7.2005   3.398379    33.3033       4449     3.0888     1.8546     1.7185 0.0000e+00
    148.000     7.1909   3.399616    33.3256       4480     3.1102     1.8477     1.7122 0.0000e+00
    149.000     7.1927   3.400658    33.3347       4505     3.1275     1.8434     1.7075 0.0000e+00
    150.000     7.2050   3.403333    33.3515       4537     3.1500     1.8400     1.7027 0.0000e+00
    151.000     7.2224   3.407753    33.3823       4575     3.1765     1.8343     1.6982 0.0000e+00
    152.000     7.2667   3.417296    33.4428       4601     3.1944     1.8312     1.6951 0.0000e+00
    153.000     7.2848   3.420796    33.4628       4622     3.2090     1.8266     1.6913 0.0000e+00
    154.000     7.2965   3.423380    33.4791       4645     3.2251     1.8147     1.6836 0.0000e+00
    155.000     7.3160   3.427271    33.5020       4685     3.2530     1.7859     1.6595 0.0000e+00
    156.000     7.3281   3.429776    33.5171       4729     3.2833     1.7575     1.6318 0.0000e+00
    157.000     7.3339   3.430917    33.5234       4750     3.2978     1.7468     1.6217 0.0000e+00
    158.000     7.3367   3.431507    33.5266       4769     3.3108     1.7386     1.6136 0.0000e+00
    159.000     7.3436   3.432906    33.5346       4797     3.3303     1.7285     1.6021 0.0000e+00
    160.000     7.3431   3.432860    33.5341       4847     3.3650     1.7128     1.5861 0.0000e+00
    161.000     7.3498   3.433961    33.5391       4872     3.3829     1.7074     1.5799 0.0000e+00
    162.000     7.3497   3.434182    33.5411       4892     3.3966     1.7049     1.5773 0.0000e+00
