HB2407/CTD173.cnv
* Sea-Bird SBE 9 Data File:
* FileName = C:\cruise\data\CTD173.hex
* Software Version Seasave V 7.26.7.121
* Temperature SN = 4591
* Conductivity SN = 6006
* Number of Bytes Per Scan = 37
* Number of Voltage Words = 4
* Number of Scans Averaged by the Deck Unit = 1
* NMEA Latitude = 42 27.45 N
* NMEA Longitude = 068 58.42 W
* NMEA UTC (Time) = Oct 20 2024 18:22:16
* NMEA baud rate = 4800
** Ship: Bigelow HB2407
** Program:  Fall Bottom Trawl Survey
** Chief Scientist: John Galbraith
# nquan = 9
# nvalues = 433                         
# units = specified
# name 0 = depSM: Depth [salt water, m]
# name 1 = t090C: Temperature [ITS-90, deg C]
# name 2 = c0S/m: Conductivity [S/m]
# name 3 = sal00: Salinity, Practical [PSU]
# name 4 = scan: Scan Count
# name 5 = timeM: Time, Elapsed [minutes]
# name 6 = sbeox0V: Oxygen raw, SBE 43 [V]
# name 7 = sbeox1V: Oxygen raw, SBE 43, 2 [V]
# name 8 = flag: flag
# span 0 =      4.000,    220.000       
# span 1 =     6.5256,    14.7462       
# span 2 =   3.255351,   3.920524       
# span 3 =    31.7670,    34.1512       
# span 4 =        290,      15629       
# span 5 =     0.2005,    10.8528       
# span 6 =     1.6998,     2.6281       
# span 7 =     1.5748,     2.4254       
# span 8 = 0.0000e+00, 0.0000e+00       
# interval = meters: 1                  
# start_time = Oct 20 2024 18:22:16 [NMEA time, header]
# bad_flag = -9.990e-29
*END*
[from data line 161]
    165.000     7.7078   3.500509    33.9092       5223     3.6267     1.7078     1.5791 0.0000e+00
    166.000     7.7221   3.502802    33.9195       5254     3.6477     1.7074     1.5776 0.0000e+00
    167.000     7.7304   3.504255    33.9266       5282     3.6673     1.7070     1.5765 0.0000e+00
    168.000     7.7338   3.504865    33.9293       5308     3.6853     1.7055     1.5765 0.0000e+00
    169.000     7.7371   3.505432    33.9318       5336     3.7051     1.7036     1.5761 0.0000e+00
    170.000     7.7379   3.505615    33.9325       5375     3.7317     1.7030     1.5749 0.0000e+00
    171.000     7.7419   3.506410    33.9367       5414     3.7588     1.7034     1.5748 0.0000e+00
    172.000     7.7512   3.508078    33.9451       5444     3.7796     1.7032     1.5758 0.0000e+00
    173.000     7.7669   3.510923    33.9598       5471     3.7984     1.7032     1.5765 0.0000e+00
    174.000     7.7759   3.512510    33.9678       5497     3.8168     1.7034     1.5771 0.0000e+00
    175.000     7.7941   3.515733    33.9842       5525     3.8359     1.7031     1.5771 0.0000e+00
    176.000     7.8023   3.517173    33.9912       5555     3.8566     1.7042     1.5778 0.0000e+00
    177.000     7.8033   3.517437    33.9925       5588     3.8795     1.7063     1.5798 0.0000e+00
    178.000     7.8056   3.517941    33.9952       5623     3.9039     1.7078     1.5814 0.0000e+00
    179.000     7.8062   3.518127    33.9962       5655     3.9265     1.7090     1.5810 0.0000e+00
    180.000     7.8096   3.518811    33.9997       5682     3.9451     1.7079     1.5808 0.0000e+00
    181.000     7.8144   3.519676    34.0039       5709     3.9639     1.7075     1.5824 0.0000e+00
    182.000     7.8198   3.520636    34.0085       5742     3.9866     1.7085     1.5825 0.0000e+00
    183.000     7.8261   3.521811    34.0145       5776     4.0105     1.7100     1.5818 0.0000e+00
    184.000     7.8292   3.522399    34.0173       5809     4.0337     1.7102     1.5823 0.0000e+00
    185.000     7.8328   3.523078    34.0206       5840     4.0549     1.7104     1.5825 0.0000e+00
    186.000     7.8343   3.523359    34.0217       5866     4.0731     1.7112     1.5828 0.0000e+00
    187.000     7.8355   3.523581    34.0224       5893     4.0915     1.7118     1.5827 0.0000e+00
    188.000     7.8402   3.524426    34.0265       5928     4.1162     1.7116     1.5830 0.0000e+00
    189.000     7.8506   3.526246    34.0354       5969     4.1444     1.7112     1.5826 0.0000e+00
    190.000     7.8585   3.527589    34.0416       5999     4.1651     1.7117     1.5840 0.0000e+00
    191.000     7.8600   3.527893    34.0429       6022     4.1810     1.7123     1.5848 0.0000e+00
    192.000     7.8635   3.528492    34.0454       6044     4.1963     1.7133     1.5854 0.0000e+00
    193.000     7.8681   3.529511    34.0515       6071     4.2152     1.7150     1.5852 0.0000e+00
    194.000     7.8710   3.530058    34.0540       6113     4.2443     1.7150     1.5858 0.0000e+00
    195.000     7.8721   3.530288    34.0549       6156     4.2741     1.7151     1.5875 0.0000e+00
    196.000     7.8733   3.530547    34.0561       6183     4.2933     1.7149     1.5871 0.0000e+00
    197.000     7.8743   3.530774    34.0570       6206     4.3087     1.7151     1.5866 0.0000e+00
    198.000     7.8753   3.530974    34.0578       6228     4.3244     1.7145     1.5860 0.0000e+00
    199.000     7.8761   3.531158    34.0584       6260     4.3464     1.7150     1.5854 0.0000e+00
    200.000     7.8774   3.531414    34.0595       6303     4.3762     1.7138     1.5862 0.0000e+00
    201.000     7.8781   3.531609    34.0603       6332     4.3966     1.7132     1.5871 0.0000e+00
    202.000     7.8788   3.531771    34.0609       6356     4.4132     1.7138     1.5873 0.0000e+00
    203.000     7.8792   3.531867    34.0611       6384     4.4324     1.7133     1.5875 0.0000e+00
    204.000     7.8799   3.532035    34.0617       6416     4.4550     1.7130     1.5863 0.0000e+00
    205.000     7.8807   3.532236    34.0626       6447     4.4767     1.7138     1.5866 0.0000e+00
    206.000     7.8814   3.532371    34.0629       6478     4.4982     1.7153     1.5872 0.0000e+00
    207.000     7.8833   3.532723    34.0644       6511     4.5211     1.7143     1.5869 0.0000e+00
    208.000     7.8860   3.533222    34.0666       6540     4.5407     1.7135     1.5856 0.0000e+00
    209.000     7.8903   3.534009    34.0704       6564     4.5575     1.7133     1.5842 0.0000e+00
    210.000     7.8925   3.534451    34.0726       6595     4.5795     1.7145     1.5829 0.0000e+00
    211.000     7.8946   3.534948    34.0753       6643     4.6128     1.7163     1.5851 0.0000e+00
    212.000     7.8979   3.535777    34.0805       6671     4.6323     1.7166     1.5859 0.0000e+00
    213.000     7.9129   3.538461    34.0942       6691     4.6455     1.7166     1.5863 0.0000e+00
    214.000     7.9279   3.541151    34.1079       6710     4.6592     1.7163     1.5861 0.0000e+00
    215.000     7.9417   3.543530    34.1195       6735     4.6765     1.7145     1.5855 0.0000e+00
    216.000     7.9543   3.545653    34.1295       6775     4.7042     1.7158     1.5862 0.0000e+00
    217.000     7.9700   3.548484    34.1440       6819     4.7348     1.7176     1.5896 0.0000e+00
    218.000     7.9754   3.549411    34.1482       6846     4.7531     1.7186     1.5916 0.0000e+00
    219.000     7.9769   3.549728    34.1496       6868     4.7689     1.7195     1.5930 0.0000e+00
    220.000     7.9782   3.550039    34.1512       6892     4.7858     1.7204     1.5949 0.0000e+00
    219.000     7.9763   3.549681    34.1497       7025     4.8777     1.7214     1.5927 0.0000e+00
    218.000     7.9759   3.549595    34.1496       7634     5.3004     1.7219     1.5945 0.0000e+00
    217.000     7.9645   3.547588    34.1397       8487     5.8932     1.7219     1.5945 0.0000e+00
    216.000     7.9527   3.545461    34.1289       8676     6.0240     1.7212     1.5938 0.0000e+00
    215.000     7.9452   3.544270    34.1239       8688     6.0324     1.7206     1.5934 0.0000e+00
    214.000     7.9351   3.542531    34.1157       8712     6.0490     1.7202     1.5934 0.0000e+00
    213.000     7.9260   3.540927    34.1079       8733     6.0641     1.7213     1.5924 0.0000e+00
    212.000     7.9172   3.539313    34.0996       8756     6.0798     1.7214     1.5919 0.0000e+00
    211.000     7.9065   3.537319    34.0892       8783     6.0985     1.7196     1.5919 0.0000e+00
    210.000     7.8999   3.535935    34.0812       8817     6.1221     1.7164     1.5907 0.0000e+00
    209.000     7.8950   3.534935    34.0758       8849     6.1442     1.7142     1.5889 0.0000e+00
    208.000     7.8923   3.534309    34.0722       8874     6.1619     1.7137     1.5878 0.0000e+00
    207.000     7.8901   3.533907    34.0705       8897     6.1776     1.7134     1.5883 0.0000e+00
    206.000     7.8876   3.533458    34.0685       8920     6.1938     1.7140     1.5884 0.0000e+00
    205.000     7.8853   3.533005    34.0665       8947     6.2125     1.7143     1.5882 0.0000e+00
    204.000     7.8838   3.532699    34.0651       8975     6.2318     1.7145     1.5883 0.0000e+00
    203.000     7.8822   3.532364    34.0635       9000     6.2495     1.7151     1.5887 0.0000e+00
    202.000     7.8806   3.532069    34.0624       9025     6.2669     1.7155     1.5885 0.0000e+00
    201.000     7.8796   3.531862    34.0616       9054     6.2865     1.7149     1.5882 0.0000e+00
    200.000     7.8791   3.531689    34.0607       9085     6.3080     1.7143     1.5879 0.0000e+00
    199.000     7.8768   3.531278    34.0590       9112     6.3270     1.7133     1.5883 0.0000e+00
    198.000     7.8758   3.531040    34.0580       9133     6.3420     1.7130     1.5872 0.0000e+00
    197.000     7.8745   3.530819    34.0573       9156     6.3573     1.7129     1.5873 0.0000e+00
    196.000     7.8672   3.529496    34.0507       9183     6.3765     1.7135     1.5872 0.0000e+00
    195.000     7.8652   3.529068    34.0485       9218     6.4009     1.7139     1.5868 0.0000e+00
    194.000     7.8518   3.526861    34.0384       9249     6.4225     1.7150     1.5871 0.0000e+00
    193.000     7.8441   3.525371    34.0304       9275     6.4404     1.7149     1.5877 0.0000e+00
    192.000     7.8406   3.524707    34.0272       9300     6.4575     1.7141     1.5876 0.0000e+00
    191.000     7.8386   3.524356    34.0258       9325     6.4750     1.7142     1.5863 0.0000e+00
    190.000     7.8380   3.524174    34.0249       9354     6.4954     1.7138     1.5852 0.0000e+00
    189.000     7.8358   3.523789    34.0234       9386     6.5173     1.7129     1.5833 0.0000e+00
    188.000     7.8302   3.522860    34.0193       9416     6.5381     1.7109     1.5822 0.0000e+00
    187.000     7.8219   3.521374    34.0119       9443     6.5571     1.7094     1.5819 0.0000e+00
    186.000     7.8197   3.520856    34.0090       9468     6.5743     1.7094     1.5824 0.0000e+00
    185.000     7.8176   3.520484    34.0076       9492     6.5912     1.7105     1.5824 0.0000e+00
    184.000     7.8150   3.520001    34.0053       9517     6.6085     1.7106     1.5819 0.0000e+00
    183.000     7.8129   3.519576    34.0033       9547     6.6294     1.7106     1.5809 0.0000e+00
    182.000     7.8099   3.519000    34.0005       9580     6.6523     1.7099     1.5802 0.0000e+00
    181.000     7.8047   3.518020    33.9955       9610     6.6730     1.7085     1.5799 0.0000e+00
    180.000     7.7982   3.516865    33.9900       9638     6.6925     1.7079     1.5799 0.0000e+00
    179.000     7.7876   3.514966    33.9804       9663     6.7094     1.7063     1.5805 0.0000e+00
    178.000     7.7794   3.513487    33.9729       9687     6.7265     1.7060     1.5812 0.0000e+00
    177.000     7.7655   3.510928    33.9593       9718     6.7477     1.7063     1.5804 0.0000e+00
    176.000     7.7548   3.509089    33.9506       9753     6.7721     1.7049     1.5794 0.0000e+00
    175.000     7.7385   3.506171    33.9354       9781     6.7915     1.7045     1.5790 0.0000e+00
    174.000     7.7367   3.505766    33.9334       9808     6.8101     1.7034     1.5799 0.0000e+00
    173.000     7.7349   3.505453    33.9322       9833     6.8275     1.7032     1.5790 0.0000e+00
    172.000     7.7270   3.504104    33.9258       9857     6.8447     1.7030     1.5776 0.0000e+00
    171.000     7.7109   3.501492    33.9138       9884     6.8634     1.7018     1.5772 0.0000e+00
    170.000     7.6967   3.498998    33.9013       9919     6.8874     1.6998     1.5774 0.0000e+00
    169.000     7.6731   3.495375    33.8857       9952     6.9105     1.7000     1.5774 0.0000e+00
    168.000     7.6637   3.493592    33.8761       9978     6.9288     1.7006     1.5776 0.0000e+00
    167.000     7.6591   3.492656    33.8710      10005     6.9470     1.7020     1.5762 0.0000e+00
    166.000     7.6547   3.491851    33.8671      10040     6.9715     1.7048     1.5765 0.0000e+00
    165.000     7.6475   3.490703    33.8622      10076     6.9968     1.7067     1.5776 0.0000e+00
    164.000     7.6312   3.487787    33.8470      10102     7.0143     1.7059     1.5787 0.0000e+00
    163.000     7.6254   3.486576    33.8401      10123     7.0295     1.7046     1.5788 0.0000e+00
    162.000     7.6017   3.482695    33.8218      10150     7.0476     1.7038     1.5788 0.0000e+00
    161.000     7.5788   3.478185    33.7957      10186     7.0731     1.7032     1.5790 0.0000e+00
    160.000     7.5602   3.474823    33.7780      10223     7.0983     1.7055     1.5808 0.0000e+00
    159.000     7.5555   3.473927    33.7734      10250     7.1173     1.7082     1.5827 0.0000e+00
    158.000     7.5546   3.473700    33.7723      10275     7.1347     1.7104     1.5845 0.0000e+00
    157.000     7.5536   3.473514    33.7717      10300     7.1523     1.7126     1.5869 0.0000e+00
    156.000     7.5528   3.473324    33.7709      10327     7.1711     1.7145     1.5882 0.0000e+00
    155.000     7.5508   3.473011    33.7699      10361     7.1948     1.7155     1.5896 0.0000e+00
    154.000     7.5356   3.470558    33.7587      10396     7.2188     1.7147     1.5906 0.0000e+00
    153.000     7.4999   3.464216    33.7253      10425     7.2387     1.7165     1.5901 0.0000e+00
    152.000     7.4862   3.461668    33.7115      10450     7.2564     1.7173     1.5897 0.0000e+00
    151.000     7.4740   3.459589    33.7013      10475     7.2736     1.7204     1.5913 0.0000e+00
    150.000     7.4587   3.456660    33.6849      10507     7.2956     1.7242     1.5939 0.0000e+00
    149.000     7.4459   3.454485    33.6743      10544     7.3213     1.7264     1.5970 0.0000e+00
    148.000     7.4316   3.451764    33.6592      10569     7.3388     1.7283     1.5989 0.0000e+00
    147.000     7.4274   3.450942    33.6548      10588     7.3524     1.7295     1.5999 0.0000e+00
    146.000     7.4136   3.448666    33.6440      10607     7.3655     1.7309     1.6018 0.0000e+00
    145.000     7.4014   3.446371    33.6314      10633     7.3836     1.7340     1.6035 0.0000e+00
    144.000     7.3931   3.444662    33.6215      10687     7.4206     1.7362     1.6070 0.0000e+00
    143.000     7.3803   3.442494    33.6108      10725     7.4473     1.7383     1.6096 0.0000e+00
    142.000     7.3749   3.441424    33.6049      10745     7.4611     1.7400     1.6105 0.0000e+00
    141.000     7.3697   3.440534    33.6008      10763     7.4738     1.7403     1.6104 0.0000e+00
    140.000     7.3613   3.439036    33.5931      10783     7.4877     1.7401     1.6113 0.0000e+00
    139.000     7.3429   3.435677    33.5750      10812     7.5078     1.7406     1.6131 0.0000e+00
    138.000     7.3315   3.433103    33.5586      10860     7.5407     1.7432     1.6150 0.0000e+00
    137.000     7.3174   3.430412    33.5435      10896     7.5660     1.7444     1.6164 0.0000e+00
    136.000     7.3168   3.430201    33.5423      10920     7.5827     1.7458     1.6172 0.0000e+00
    135.000     7.3155   3.429920    33.5409      10942     7.5978     1.7468     1.6179 0.0000e+00
    134.000     7.3140   3.429592    33.5393      10965     7.6140     1.7486     1.6177 0.0000e+00
    133.000     7.3119   3.429166    33.5372      10995     7.6348     1.7488     1.6191 0.0000e+00
    132.000     7.3026   3.427521    33.5289      11032     7.6606     1.7482     1.6203 0.0000e+00
    131.000     7.2764   3.422591    33.5011      11067     7.6846     1.7489     1.6209 0.0000e+00
    130.000     7.2694   3.421091    33.4921      11096     7.7046     1.7504     1.6212 0.0000e+00
    129.000     7.2601   3.419472    33.4840      11124     7.7240     1.7523     1.6224 0.0000e+00
    128.000     7.2365   3.415166    33.4604      11152     7.7438     1.7552     1.6250 0.0000e+00
    127.000     7.2115   3.410386    33.4331      11183     7.7652     1.7611     1.6280 0.0000e+00
    126.000     7.1884   3.405816    33.4061      11213     7.7860     1.7673     1.6312 0.0000e+00
    125.000     7.1771   3.403702    33.3945      11240     7.8048     1.7731     1.6348 0.0000e+00
    124.000     7.1685   3.401982    33.3846      11268     7.8240     1.7786     1.6414 0.0000e+00
    123.000     7.1630   3.400856    33.3781      11302     7.8477     1.7855     1.6496 0.0000e+00
    122.000     7.1551   3.399261    33.3688      11340     7.8746     1.7915     1.6568 0.0000e+00
    121.000     7.1303   3.394781    33.3444      11371     7.8959     1.7938     1.6613 0.0000e+00
    120.000     7.1056   3.390245    33.3192      11398     7.9149     1.7980     1.6643 0.0000e+00
    119.000     7.0880   3.387259    33.3042      11424     7.9326     1.8028     1.6673 0.0000e+00
    118.000     7.0739   3.384961    33.2931      11450     7.9509     1.8084     1.6721 0.0000e+00
    117.000     7.0522   3.381261    33.2742      11482     7.9728     1.8157     1.6783 0.0000e+00
