HB2407/CTD187.cnv
* Sea-Bird SBE 9 Data File:
* FileName = C:\cruise\data\CTD187.hex
* Software Version Seasave V 7.26.7.121
* Temperature SN = 4591
* Conductivity SN = 6006
* Number of Bytes Per Scan = 37
* Number of Voltage Words = 4
* Number of Scans Averaged by the Deck Unit = 1
* NMEA Latitude = 42 18.79 N
* NMEA Longitude = 065 47.88 W
* NMEA UTC (Time) = Nov 01 2024 01:39:07
* NMEA baud rate = 4800
** Ship: Bigelow HB2407
** Program:  Fall Bottom Trawl Survey
** Chief Scientist: John Galbraith
# nquan = 9
# nvalues = 406                         
# units = specified
# name 0 = depSM: Depth [salt water, m]
# name 1 = t090C: Temperature [ITS-90, deg C]
# name 2 = c0S/m: Conductivity [S/m]
# name 3 = sal00: Salinity, Practical [PSU]
# name 4 = scan: Scan Count
# name 5 = timeM: Time, Elapsed [minutes]
# name 6 = sbeox0V: Oxygen raw, SBE 43 [V]
# name 7 = sbeox1V: Oxygen raw, SBE 43, 2 [V]
# name 8 = flag: flag
# span 0 =      2.000,    205.000       
# span 1 =     6.1081,    15.0765       
# span 2 =   3.267879,   4.104106       
# span 3 =    31.6912,    34.7747       
# span 4 =       -207,      14255       
# span 5 =    -0.1441,     9.8988       
# span 6 =     1.9850,     2.5894       
# span 7 =     1.8539,     2.4272       
# span 8 = 0.0000e+00, 0.0000e+00       
# interval = meters: 1                  
# start_time = Nov 01 2024 01:39:07 [NMEA time, header]
# bad_flag = -9.990e-29
*END*
      3.000    12.6919   3.720149    31.6916       -207    -0.1441     2.5883     2.4272 0.0000e+00
      4.000    12.6917   3.720154    31.6915        509     0.3530     2.5840     2.4222 0.0000e+00
      5.000    12.6912   3.720128    31.6912        445     0.3080     2.5894     2.4234 0.0000e+00
      6.000    12.6917   3.720225    31.6913        476     0.3299     2.5865     2.4206 0.0000e+00
      7.000    12.6925   3.720359    31.6916        516     0.3579     2.5844     2.4211 0.0000e+00
      8.000    12.6944   3.721046    31.6960        559     0.3872     2.5836     2.4187 0.0000e+00
      9.000    12.6952   3.721308    31.6974        589     0.4082     2.5874     2.4169 0.0000e+00
     10.000    12.6878   3.722641    31.7159        619     0.4295     2.5876     2.4212 0.0000e+00
     11.000    12.6811   3.723507    31.7294        675     0.4681     2.5798     2.4200 0.0000e+00
     12.000    12.6782   3.723774    31.7339        807     0.5597     2.5837     2.4167 0.0000e+00
     13.000    12.6591   3.723450    31.7465        913     0.6333     2.5784     2.4155 0.0000e+00
     14.000    12.6726   3.724372    31.7435        946     0.6565     2.5794     2.4145 0.0000e+00
     15.000    12.6685   3.724100    31.7440        971     0.6736     2.5765     2.4134 0.0000e+00
     16.000    12.6571   3.723280    31.7454       1001     0.6942     2.5742     2.4093 0.0000e+00
     17.000    12.6279   3.721120    31.7491       1044     0.7242     2.5746     2.4057 0.0000e+00
     18.000    12.5993   3.718854    31.7513       1071     0.7432     2.5748     2.4072 0.0000e+00
     19.000    12.5901   3.718125    31.7517       1089     0.7555     2.5766     2.4078 0.0000e+00
     20.000    12.5463   3.714839    31.7571       1107     0.7678     2.5767     2.4059 0.0000e+00
     21.000    12.4606   3.715108    31.8317       1132     0.7853     2.5753     2.4025 0.0000e+00
     22.000    12.4787   3.726983    31.9291       1173     0.8142     2.5683     2.4022 0.0000e+00
     23.000    12.6446   3.750173    32.0084       1205     0.8362     2.5625     2.4005 0.0000e+00
     24.000    12.8607   3.778416    32.0920       1228     0.8521     2.5640     2.4008 0.0000e+00
     25.000    13.3724   3.843164    32.2662       1252     0.8689     2.5644     2.3996 0.0000e+00
     26.000    13.8248   3.901323    32.4245       1283     0.8906     2.5750     2.4026 0.0000e+00
     27.000    14.5554   4.010400    32.8090       1315     0.9124     2.5766     2.4034 0.0000e+00
     28.000    14.8699   4.059233    32.9873       1339     0.9293     2.5830     2.4052 0.0000e+00
     29.000    14.9249   4.068602    33.0251       1363     0.9457     2.5815     2.4019 0.0000e+00
     30.000    15.0765   4.092824    33.1154       1392     0.9661     2.5674     2.3922 0.0000e+00
     31.000    15.0426   4.104106    33.2455       1425     0.9891     2.5554     2.3873 0.0000e+00
     32.000    13.2722   3.920747    33.0763       1450     1.0063     2.5375     2.3806 0.0000e+00
     33.000    11.0918   3.707510    32.9453       1473     1.0223     2.4776     2.3500 0.0000e+00
     34.000    10.7689   3.674598    32.9083       1500     1.0411     2.4023     2.2952 0.0000e+00
     35.000    10.5281   3.649405    32.8733       1532     1.0635     2.3872     2.2777 0.0000e+00
     36.000    10.4033   3.636001    32.8510       1563     1.0846     2.3898     2.2700 0.0000e+00
     37.000    10.2932   3.624419    32.8335       1590     1.1034     2.3905     2.2618 0.0000e+00
     38.000     9.9381   3.590704    32.8139       1619     1.1234     2.3873     2.2548 0.0000e+00
     39.000     9.7135   3.568893    32.7958       1649     1.1443     2.3795     2.2423 0.0000e+00
     40.000     9.4870   3.547758    32.7857       1674     1.1616     2.3694     2.2327 0.0000e+00
     41.000     9.2317   3.524892    32.7837       1697     1.1776     2.3583     2.2220 0.0000e+00
     42.000     8.9718   3.500882    32.7735       1724     1.1966     2.3469     2.2097 0.0000e+00
     43.000     8.6312   3.470846    32.7742       1761     1.2222     2.3287     2.1946 0.0000e+00
     44.000     8.4128   3.450861    32.7665       1797     1.2475     2.3128     2.1811 0.0000e+00
     45.000     8.3870   3.447844    32.7583       1825     1.2669     2.3051     2.1717 0.0000e+00
     46.000     8.2460   3.435123    32.7546       1851     1.2849     2.3031     2.1647 0.0000e+00
     47.000     8.0626   3.418580    32.7499       1878     1.3031     2.2974     2.1581 0.0000e+00
     48.000     7.5841   3.373487    32.7155       1904     1.3217     2.2880     2.1493 0.0000e+00
     49.000     7.1876   3.339065    32.7176       1934     1.3420     2.2673     2.1347 0.0000e+00
     50.000     7.1621   3.336374    32.7120       1969     1.3664     2.2442     2.1164 0.0000e+00
     51.000     7.1092   3.332147    32.7157       2004     1.3908     2.2308     2.1010 0.0000e+00
     52.000     7.0700   3.330814    32.7379       2031     1.4101     2.2252     2.0913 0.0000e+00
     53.000     7.0570   3.331665    32.7591       2055     1.4267     2.2246     2.0852 0.0000e+00
     54.000     6.9353   3.322922    32.7789       2081     1.4445     2.2227     2.0819 0.0000e+00
     55.000     6.8723   3.317685    32.7812       2114     1.4676     2.2205     2.0780 0.0000e+00
     56.000     6.7446   3.304832    32.7615       2151     1.4931     2.2184     2.0753 0.0000e+00
     57.000     6.7448   3.304591    32.7582       2180     1.5132     2.2160     2.0722 0.0000e+00
     58.000     6.6929   3.299298    32.7491       2206     1.5310     2.2134     2.0702 0.0000e+00
     59.000     6.7028   3.300852    32.7563       2233     1.5503     2.2100     2.0671 0.0000e+00
     60.000     6.7300   3.304044    32.7649       2264     1.5715     2.2083     2.0637 0.0000e+00
     61.000     6.7399   3.305331    32.7691       2296     1.5934     2.2061     2.0625 0.0000e+00
     62.000     6.6857   3.301426    32.7775       2327     1.6151     2.2050     2.0628 0.0000e+00
     63.000     6.6709   3.300415    32.7800       2358     1.6366     2.2051     2.0606 0.0000e+00
     64.000     6.6966   3.304972    32.8051       2389     1.6584     2.2045     2.0601 0.0000e+00
     65.000     6.7220   3.308953    32.8242       2416     1.6771     2.2038     2.0605 0.0000e+00
     66.000     6.7284   3.310091    32.8301       2443     1.6960     2.2047     2.0603 0.0000e+00
     67.000     6.7249   3.311076    32.8437       2478     1.7200     2.2030     2.0614 0.0000e+00
     68.000     6.6555   3.307265    32.8678       2513     1.7442     2.2015     2.0603 0.0000e+00
     69.000     6.6505   3.306834    32.8674       2539     1.7628     2.1981     2.0598 0.0000e+00
     70.000     6.6128   3.303612    32.8675       2565     1.7809     2.1983     2.0590 0.0000e+00
     71.000     6.5822   3.300991    32.8675       2597     1.8028     2.1966     2.0577 0.0000e+00
     72.000     6.5662   3.299562    32.8667       2637     1.8305     2.1931     2.0569 0.0000e+00
     73.000     6.5635   3.299291    32.8658       2667     1.8516     2.1956     2.0556 0.0000e+00
     74.000     6.5258   3.296187    32.8672       2692     1.8687     2.1978     2.0547 0.0000e+00
     75.000     6.4936   3.293596    32.8691       2719     1.8878     2.1978     2.0532 0.0000e+00
     76.000     6.4617   3.290931    32.8698       2757     1.9137     2.1962     2.0524 0.0000e+00
     77.000     6.4571   3.290480    32.8688       2792     1.9378     2.1949     2.0520 0.0000e+00
     78.000     6.4168   3.287591    32.8751       2817     1.9555     2.1937     2.0521 0.0000e+00
     79.000     6.3979   3.286129    32.8766       2842     1.9732     2.1933     2.0513 0.0000e+00
     80.000     6.3995   3.286231    32.8757       2877     1.9975     2.1942     2.0494 0.0000e+00
     81.000     6.3965   3.285906    32.8745       2915     2.0233     2.1935     2.0486 0.0000e+00
     82.000     6.3843   3.284817    32.8737       2942     2.0426     2.1939     2.0471 0.0000e+00
     83.000     6.3350   3.280078    32.8681       2968     2.0606     2.1912     2.0467 0.0000e+00
     84.000     6.2790   3.275268    32.8682       2997     2.0807     2.1874     2.0456 0.0000e+00
     85.000     6.2853   3.276797    32.8787       3031     2.1041     2.1863     2.0444 0.0000e+00
     86.000     6.2463   3.273589    32.8801       3068     2.1296     2.1881     2.0453 0.0000e+00
     87.000     6.1804   3.267879    32.8797       3098     2.1505     2.1871     2.0434 0.0000e+00
     88.000     6.1823   3.269780    32.8986       3122     2.1671     2.1863     2.0414 0.0000e+00
     89.000     6.1509   3.270166    32.9328       3147     2.1844     2.1851     2.0411 0.0000e+00
     90.000     6.1350   3.269791    32.9436       3185     2.2114     2.1836     2.0403 0.0000e+00
     91.000     6.1378   3.270273    32.9457       3224     2.2383     2.1832     2.0378 0.0000e+00
     92.000     6.1403   3.271195    32.9531       3248     2.2545     2.1833     2.0376 0.0000e+00
     93.000     6.1294   3.271970    32.9719       3271     2.2709     2.1829     2.0364 0.0000e+00
     94.000     6.1226   3.271861    32.9768       3303     2.2928     2.1791     2.0353 0.0000e+00
     95.000     6.1292   3.272889    32.9813       3341     2.3197     2.1778     2.0342 0.0000e+00
     96.000     6.1274   3.273937    32.9944       3370     2.3393     2.1768     2.0344 0.0000e+00
     97.000     6.1246   3.273876    32.9959       3396     2.3579     2.1765     2.0346 0.0000e+00
     98.000     6.1182   3.273356    32.9958       3430     2.3812     2.1775     2.0338 0.0000e+00
     99.000     6.1143   3.273073    32.9959       3463     2.4039     2.1787     2.0333 0.0000e+00
    100.000     6.1106   3.272830    32.9963       3488     2.4216     2.1787     2.0341 0.0000e+00
    101.000     6.1081   3.272751    32.9974       3513     2.4389     2.1780     2.0338 0.0000e+00
    102.000     6.1100   3.273566    33.0041       3542     2.4588     2.1749     2.0330 0.0000e+00
    103.000     6.1309   3.277395    33.0261       3575     2.4819     2.1745     2.0329 0.0000e+00
    104.000     6.1457   3.280379    33.0445       3614     2.5087     2.1767     2.0329 0.0000e+00
    105.000     6.1531   3.281971    33.0546       3643     2.5294     2.1776     2.0334 0.0000e+00
    106.000     6.1557   3.282713    33.0599       3666     2.5450     2.1777     2.0329 0.0000e+00
    107.000     6.1574   3.282999    33.0610       3690     2.5618     2.1769     2.0323 0.0000e+00
    108.000     6.1584   3.283193    33.0617       3725     2.5864     2.1756     2.0296 0.0000e+00
    109.000     6.1572   3.283279    33.0633       3766     2.6149     2.1757     2.0274 0.0000e+00
    110.000     6.1483   3.283047    33.0689       3792     2.6329     2.1757     2.0290 0.0000e+00
    111.000     6.1440   3.282848    33.0703       3813     2.6473     2.1752     2.0298 0.0000e+00
    112.000     6.1426   3.282886    33.0716       3837     2.6642     2.1732     2.0276 0.0000e+00
    113.000     6.1444   3.283104    33.0718       3880     2.6938     2.1695     2.0259 0.0000e+00
    114.000     6.1459   3.283473    33.0740       3916     2.7186     2.1661     2.0252 0.0000e+00
    115.000     6.1469   3.284232    33.0810       3939     2.7345     2.1658     2.0246 0.0000e+00
    116.000     6.1468   3.284593    33.0846       3961     2.7498     2.1647     2.0242 0.0000e+00
    117.000     6.1442   3.284769    33.0887       3988     2.7690     2.1645     2.0231 0.0000e+00
    118.000     6.1415   3.285200    33.0956       4026     2.7948     2.1652     2.0227 0.0000e+00
    119.000     6.1449   3.286013    33.1009       4062     2.8205     2.1650     2.0219 0.0000e+00
    120.000     6.1626   3.290238    33.1302       4093     2.8417     2.1637     2.0219 0.0000e+00
    121.000     6.2125   3.299164    33.1807       4119     2.8597     2.1624     2.0227 0.0000e+00
    122.000     6.2265   3.301636    33.1942       4145     2.8778     2.1628     2.0230 0.0000e+00
    123.000     6.2320   3.302764    33.2009       4175     2.8984     2.1606     2.0210 0.0000e+00
    124.000     6.2378   3.303955    33.2081       4210     2.9227     2.1570     2.0172 0.0000e+00
    125.000     6.2385   3.304556    33.2135       4244     2.9465     2.1550     2.0143 0.0000e+00
    126.000     6.2594   3.307977    33.2308       4272     2.9659     2.1548     2.0127 0.0000e+00
    127.000     6.2787   3.311350    33.2490       4299     2.9845     2.1550     2.0124 0.0000e+00
    128.000     6.3133   3.316625    33.2735       4330     3.0063     2.1540     2.0123 0.0000e+00
    129.000     6.3802   3.327613    33.3299       4365     3.0306     2.1545     2.0122 0.0000e+00
    130.000     6.4403   3.336228    33.3662       4395     3.0512     2.1548     2.0121 0.0000e+00
    131.000     6.5045   3.344585    33.3957       4423     3.0705     2.1532     2.0111 0.0000e+00
    132.000     6.5549   3.351667    33.4244       4454     3.0920     2.1519     2.0106 0.0000e+00
    133.000     6.6225   3.361960    33.4717       4487     3.1154     2.1501     2.0085 0.0000e+00
    134.000     6.6670   3.369392    33.5098       4517     3.1363     2.1490     2.0071 0.0000e+00
    135.000     6.6926   3.373183    33.5261       4545     3.1554     2.1471     2.0058 0.0000e+00
    136.000     6.7453   3.380308    33.5526       4575     3.1764     2.1461     2.0040 0.0000e+00
    137.000     6.7546   3.381957    33.5612       4610     3.2005     2.1442     2.0026 0.0000e+00
    138.000     6.7573   3.383049    33.5701       4640     3.2218     2.1404     2.0003 0.0000e+00
    139.000     6.7763   3.387403    33.5989       4666     3.2393     2.1376     1.9988 0.0000e+00
    140.000     6.8627   3.400016    33.6527       4691     3.2567     2.1369     1.9994 0.0000e+00
    141.000     6.9692   3.414341    33.7052       4725     3.2807     2.1407     2.0004 0.0000e+00
    142.000     7.0177   3.420941    33.7296       4769     3.3110     2.1387     1.9978 0.0000e+00
    143.000     7.0454   3.424803    33.7442       4796     3.3297     2.1348     1.9941 0.0000e+00
    144.000     7.0938   3.431331    33.7678       4819     3.3460     2.1312     1.9917 0.0000e+00
    145.000     7.1146   3.434453    33.7811       4846     3.3645     2.1298     1.9887 0.0000e+00
    146.000     7.1308   3.437087    33.7935       4879     3.3878     2.1254     1.9872 0.0000e+00
    147.000     7.1321   3.437486    33.7961       4915     3.4127     2.1225     1.9857 0.0000e+00
    148.000     7.1281   3.437203    33.7965       4946     3.4340     2.1221     1.9833 0.0000e+00
    149.000     7.1214   3.436856    33.7987       4975     3.4538     2.1197     1.9821 0.0000e+00
    150.000     7.1080   3.435747    33.7993       5003     3.4739     2.1172     1.9799 0.0000e+00
    151.000     7.1445   3.440960    33.8200       5032     3.4936     2.1164     1.9778 0.0000e+00
    152.000     7.2007   3.447675    33.8377       5062     3.5146     2.1167     1.9775 0.0000e+00
    153.000     7.2065   3.448517    33.8407       5097     3.5387     2.1164     1.9778 0.0000e+00
    154.000     7.2054   3.448601    33.8422       5130     3.5618     2.1156     1.9764 0.0000e+00
    155.000     7.2012   3.448455    33.8443       5158     3.5813     2.1129     1.9749 0.0000e+00
    156.000     7.1940   3.448298    33.8492       5187     3.6016     2.1093     1.9723 0.0000e+00
    157.000     7.2089   3.450378    33.8567       5218     3.6230     2.1079     1.9699 0.0000e+00
    158.000     7.2172   3.451577    33.8612       5247     3.6428     2.1083     1.9690 0.0000e+00
    159.000     7.1906   3.449215    33.8610       5276     3.6632     2.1091     1.9697 0.0000e+00
    160.000     7.1849   3.450658    33.8818       5311     3.6877     2.1069     1.9694 0.0000e+00
    161.000     7.2410   3.459397    33.9216       5346     3.7121     2.1058     1.9703 0.0000e+00
    162.000     7.3255   3.471496    33.9700       5372     3.7299     2.1069     1.9704 0.0000e+00
