HB2407/CTD103.cnv
* Sea-Bird SBE 9 Data File:
* FileName = C:\cruise\data\CTD103.hex
* Software Version Seasave V 7.26.7.121
* Temperature SN = 4591
* Conductivity SN = 6006
* Number of Bytes Per Scan = 37
* Number of Voltage Words = 4
* Number of Scans Averaged by the Deck Unit = 1
* NMEA Latitude = 40 21.82 N
* NMEA Longitude = 071 24.86 W
* NMEA UTC (Time) = Oct 05 2024 03:44:43
* NMEA baud rate = 4800
** Ship: Bigelow HB2407
** Program:  Fall Bottom Trawl Survey
** Chief Scientist: John Galbraith
# nquan = 9
# nvalues = 138                         
# units = specified
# name 0 = depSM: Depth [salt water, m]
# name 1 = t090C: Temperature [ITS-90, deg C]
# name 2 = c0S/m: Conductivity [S/m]
# name 3 = sal00: Salinity, Practical [PSU]
# name 4 = scan: Scan Count
# name 5 = timeM: Time, Elapsed [minutes]
# name 6 = sbeox0V: Oxygen raw, SBE 43 [V]
# name 7 = sbeox1V: Oxygen raw, SBE 43, 2 [V]
# name 8 = flag: flag
# span 0 =      2.000,     71.000       
# span 1 =    12.7950,    23.4201       
# span 2 =   3.874964,   5.158902       
# span 3 =    32.7707,    40.4240       
# span 4 =        357,       4653       
# span 5 =     0.2472,     3.2303       
# span 6 =     2.0607,     2.5500       
# span 7 =     1.8972,     2.3647       
# span 8 = 0.0000e+00, 0.0000e+00       
# interval = meters: 1                  
# start_time = Oct 05 2024 03:44:43 [NMEA time, header]
# bad_flag = -9.990e-29
*END*
      3.000    23.3875   5.154183    35.1124        357     0.2472     2.5420     2.3597 0.0000e+00
      4.000    23.3853   5.153867    35.1114        673     0.4669     2.5356     2.3619 0.0000e+00
      5.000    23.4063   5.156162    35.1120        691     0.4788     2.5369     2.3624 0.0000e+00
      6.000    23.4201   5.158132    35.1157        733     0.5086     2.5409     2.3604 0.0000e+00
      7.000    23.3964   5.154889    35.1094        781     0.5416     2.5398     2.3585 0.0000e+00
      8.000    23.4149   5.157137    35.1116        806     0.5592     2.5396     2.3602 0.0000e+00
      9.000    23.3908   5.154287    35.1086        827     0.5739     2.5466     2.3602 0.0000e+00
     10.000    23.3941   5.154807    35.1096        851     0.5899     2.5457     2.3630 0.0000e+00
     11.000    23.3726   5.151344    35.0998        883     0.6128     2.5419     2.3641 0.0000e+00
     12.000    23.3741   5.151350    35.0983        923     0.6405     2.5375     2.3562 0.0000e+00
     13.000    23.3951   5.154916    35.1086        951     0.6600     2.5319     2.3531 0.0000e+00
     14.000    23.3976   5.155404    35.1101        974     0.6760     2.5267     2.3570 0.0000e+00
     15.000    23.3677   5.150579    35.0965        996     0.6912     2.5270     2.3621 0.0000e+00
     16.000    23.3762   5.152018    35.1005       1021     0.7086     2.5320     2.3616 0.0000e+00
     17.000    23.3574   5.148846    35.0908       1058     0.7337     2.5342     2.3586 0.0000e+00
     18.000    23.4001   5.155419    35.1069       1097     0.7612     2.5320     2.3603 0.0000e+00
     19.000    23.4085   5.156819    35.1105       1124     0.7795     2.5337     2.3622 0.0000e+00
     20.000    23.4135   5.157601    35.1122       1144     0.7938     2.5391     2.3644 0.0000e+00
     21.000    23.4170   5.158136    35.1132       1163     0.8071     2.5425     2.3642 0.0000e+00
     22.000    23.4103   5.157419    35.1127       1184     0.8215     2.5397     2.3626 0.0000e+00
     23.000    23.3945   5.154951    35.1061       1210     0.8394     2.5342     2.3597 0.0000e+00
     24.000    23.4047   5.156441    35.1090       1245     0.8636     2.5366     2.3580 0.0000e+00
     25.000    23.4056   5.156716    35.1100       1282     0.8894     2.5389     2.3601 0.0000e+00
     26.000    23.4059   5.156799    35.1102       1311     0.9095     2.5408     2.3631 0.0000e+00
     27.000    23.4070   5.157011    35.1105       1333     0.9253     2.5364     2.3635 0.0000e+00
     28.000    23.4078   5.157202    35.1110       1355     0.9400     2.5287     2.3621 0.0000e+00
     29.000    23.4079   5.157212    35.1107       1378     0.9560     2.5335     2.3623 0.0000e+00
     30.000    23.4088   5.157408    35.1111       1406     0.9754     2.5323     2.3628 0.0000e+00
     31.000    23.4068   5.157067    35.1098       1436     0.9967     2.5277     2.3647 0.0000e+00
     32.000    23.4105   5.157616    35.1107       1463     1.0152     2.5304     2.3617 0.0000e+00
     33.000    23.4130   5.158071    35.1119       1487     1.0316     2.5301     2.3578 0.0000e+00
     34.000    23.4175   5.158837    35.1138       1514     1.0507     2.5300     2.3556 0.0000e+00
     35.000    23.4162   5.158681    35.1133       1551     1.0765     2.5394     2.3589 0.0000e+00
     36.000    23.4173   5.158902    35.1138       1582     1.0978     2.5424     2.3607 0.0000e+00
     37.000    23.3773   5.154879    35.1145       1602     1.1119     2.5418     2.3563 0.0000e+00
     38.000    21.6089   4.938331    34.8411       1621     1.1247     2.5405     2.3513 0.0000e+00
     39.000    18.4214   4.531054    34.1212       1642     1.1396     2.4979     2.3362 0.0000e+00
     40.000    17.8120   4.431222    33.7884       1673     1.1614     2.3655     2.2509 0.0000e+00
     41.000    17.7802   4.421461    33.7316       1711     1.1872     2.3134     2.2021 0.0000e+00
     42.000    17.7739   4.418775    33.7136       1739     1.2073     2.3224     2.1946 0.0000e+00
     43.000    17.7956   4.420373    33.7089       1763     1.2239     2.3264     2.1903 0.0000e+00
     44.000    17.5148   4.393993    33.7150       1786     1.2398     2.3278     2.1829 0.0000e+00
     45.000    16.4314   4.256635    33.4268       1812     1.2577     2.3243     2.1765 0.0000e+00
     46.000    16.3762   4.247490    33.3925       1841     1.2777     2.2965     2.1518 0.0000e+00
     47.000    14.7583   4.069040    33.1619       1869     1.2973     2.2843     2.1405 0.0000e+00
     48.000    14.3198   4.013659    33.0311       1896     1.3161     2.2468     2.1121 0.0000e+00
     49.000    13.2846   3.907339    32.9335       1923     1.3349     2.2241     2.0897 0.0000e+00
     50.000    13.1375   3.889335    32.8912       1950     1.3532     2.1984     2.0728 0.0000e+00
     51.000    13.0016   3.878235    32.9039       1974     1.3705     2.1991     2.0644 0.0000e+00
     52.000    12.9921   3.878211    32.9115       1999     1.3875     2.2118     2.0649 0.0000e+00
     53.000    13.0279   3.881769    32.9136       2026     1.4065     2.2214     2.0706 0.0000e+00
     54.000    13.1584   3.897590    32.9489       2060     1.4300     2.2314     2.0732 0.0000e+00
     55.000    13.1095   3.911178    33.1195       2094     1.4532     2.2399     2.0763 0.0000e+00
     56.000    12.9511   3.898214    33.1350       2118     1.4702     2.2387     2.0756 0.0000e+00
     57.000    12.7950   3.885365    33.1495       2138     1.4840     2.2231     2.0653 0.0000e+00
     58.000    12.8853   3.895495    33.1660       2158     1.4977     2.2033     2.0477 0.0000e+00
     59.000    12.8986   3.898780    33.1851       2182     1.5144     2.1851     2.0312 0.0000e+00
     60.000    12.9064   3.899503    33.1847       2216     1.5382     2.1707     2.0163 0.0000e+00
     61.000    12.9203   3.900794    33.1844       2250     1.5616     2.1623     2.0081 0.0000e+00
     62.000    12.9637   3.905750    33.1928       2273     1.5781     2.1577     2.0037 0.0000e+00
     63.000    12.9887   3.910595    33.2164       2296     1.5937     2.1543     2.0021 0.0000e+00
     64.000    12.9705   3.908546    33.2126       2324     1.6134     2.1533     1.9983 0.0000e+00
     65.000    12.9642   3.907556    33.2083       2359     1.6374     2.1472     1.9917 0.0000e+00
     66.000    12.9590   3.906896    33.2062       2387     1.6570     2.1460     1.9894 0.0000e+00
     67.000    12.9415   3.904772    33.2010       2410     1.6732     2.1429     1.9881 0.0000e+00
     68.000    12.9376   3.904196    33.1985       2432     1.6883     2.1401     1.9879 0.0000e+00
     69.000    12.8845   3.900347    33.2082       2456     1.7047     2.1384     1.9855 0.0000e+00
     70.000    12.8787   3.910835    33.3124       2483     1.7236     2.1378     1.9809 0.0000e+00
     71.000    13.0452   3.959781    33.6295       2521     1.7500     2.1345     1.9807 0.0000e+00
     70.000    12.9781   3.934505    33.4494       2883     2.0014     2.0607     1.8972 0.0000e+00
     69.000    12.9168   3.922731    33.3923       2896     2.0103     2.0678     1.9133 0.0000e+00
     68.000    12.8834   3.909141    33.2931       2915     2.0234     2.0692     1.9136 0.0000e+00
     67.000    12.8982   3.902283    33.2155       2939     2.0402     2.0839     1.9196 0.0000e+00
     66.000    12.9264   3.903600    33.2035       2967     2.0599     2.1026     1.9334 0.0000e+00
     65.000    12.9194   3.905095    33.2243       2997     2.0808     2.1152     1.9506 0.0000e+00
     64.000    12.9433   3.904466    33.1978       3027     2.1013     2.1247     1.9644 0.0000e+00
     63.000    12.9540   3.904791    33.1919       3056     2.1217     2.1319     1.9731 0.0000e+00
     62.000    12.9647   3.905531    33.1899       3085     2.1413     2.1378     1.9776 0.0000e+00
     61.000    12.9775   3.906641    33.1896       3109     2.1583     2.1407     1.9787 0.0000e+00
     60.000    12.9771   3.906396    33.1881       3130     2.1728     2.1409     1.9818 0.0000e+00
     59.000    12.9558   3.903387    33.1786       3149     2.1864     2.1413     1.9851 0.0000e+00
     58.000    12.9273   3.899237    33.1647       3170     2.2004     2.1416     1.9856 0.0000e+00
     57.000    12.9227   3.898088    33.1582       3193     2.2168     2.1398     1.9845 0.0000e+00
     56.000    12.9054   3.895859    33.1527       3226     2.2393     2.1429     1.9837 0.0000e+00
     55.000    12.8692   3.887698    33.1074       3264     2.2660     2.1493     1.9852 0.0000e+00
     54.000    13.0361   3.898760    33.0667       3293     2.2859     2.1514     1.9863 0.0000e+00
     53.000    13.0905   3.902176    33.0520       3314     2.3009     2.1535     1.9901 0.0000e+00
     52.000    13.0316   3.892133    33.0088       3334     2.3143     2.1579     1.9963 0.0000e+00
     51.000    13.0334   3.883201    32.9232       3354     2.3284     2.1614     2.0034 0.0000e+00
     50.000    13.0207   3.879229    32.8971       3381     2.3471     2.1760     2.0152 0.0000e+00
     49.000    13.0131   3.874964    32.8638       3417     2.3723     2.2050     2.0308 0.0000e+00
     48.000    13.0905   3.878493    32.8305       3445     2.3918     2.2201     2.0415 0.0000e+00
     47.000    13.2241   3.887331    32.7987       3466     2.4062     2.2272     2.0480 0.0000e+00
     46.000    13.5340   3.912776    32.7707       3485     2.4195     2.2333     2.0539 0.0000e+00
     45.000    14.2155   3.981889    32.8288       3506     2.4343     2.2463     2.0623 0.0000e+00
     44.000    15.0751   4.076286    32.9618       3537     2.4552     2.2733     2.0795 0.0000e+00
     43.000    15.5875   4.141129    33.1131       3575     2.4818     2.2685     2.0993 0.0000e+00
     42.000    16.4903   4.234590    33.1847       3602     2.5009     2.2789     2.1031 0.0000e+00
     41.000    16.8581   4.294880    33.4063       3623     2.5154     2.3134     2.1082 0.0000e+00
     40.000    17.0583   4.313207    33.3994       3643     2.5293     2.3317     2.1238 0.0000e+00
     39.000    17.4426   4.359582    33.4816       3665     2.5445     2.3349     2.1333 0.0000e+00
     38.000    17.7684   4.401397    33.5712       3692     2.5634     2.3406     2.1462 0.0000e+00
     37.000    17.8412   4.412910    33.6093       3725     2.5863     2.3528     2.1573 0.0000e+00
     36.000    17.0481   4.597624    40.4240       3755     2.6067     2.3971     2.1589 0.0000e+00
     35.000    21.2968   4.845807    34.3525       3779     2.6233     2.4510     2.1757 0.0000e+00
     34.000    21.0539   4.833246    34.4595       3802     2.6396     2.4908     2.2206 0.0000e+00
     33.000    21.1954   4.844989    34.4398       3827     2.6571     2.4708     2.2512 0.0000e+00
     32.000    21.6527   4.892684    34.4507       3853     2.6753     2.4992     2.2596 0.0000e+00
     31.000    22.2844   4.990567    34.7164       3879     2.6929     2.5175     2.2713 0.0000e+00
     30.000    22.9265   5.078921    34.8913       3904     2.7102     2.5318     2.2927 0.0000e+00
     29.000    22.9794   5.090908    34.9420       3930     2.7281     2.5277     2.3132 0.0000e+00
     28.000    23.0480   5.103421    34.9843       3956     2.7468     2.5236     2.3251 0.0000e+00
     27.000    23.1272   5.114535    35.0071       3984     2.7658     2.5304     2.3295 0.0000e+00
     26.000    23.1853   5.122802    35.0248       4011     2.7851     2.5344     2.3325 0.0000e+00
     25.000    23.2239   5.129031    35.0423       4040     2.8048     2.5251     2.3353 0.0000e+00
     24.000    23.2265   5.130159    35.0493       4067     2.8238     2.5199     2.3432 0.0000e+00
     23.000    23.2614   5.134382    35.0542       4091     2.8402     2.5290     2.3503 0.0000e+00
     22.000    23.3303   5.141846    35.0570       4112     2.8548     2.5358     2.3558 0.0000e+00
     21.000    23.3077   5.140901    35.0681       4134     2.8698     2.5354     2.3585 0.0000e+00
     20.000    23.2920   5.139893    35.0732       4159     2.8873     2.5378     2.3582 0.0000e+00
     19.000    23.3343   5.144356    35.0741       4190     2.9089     2.5347     2.3543 0.0000e+00
     18.000    23.3432   5.146155    35.0811       4223     2.9320     2.5303     2.3557 0.0000e+00
     17.000    23.3515   5.146838    35.0800       4250     2.9505     2.5311     2.3584 0.0000e+00
     16.000    23.3642   5.148732    35.0848       4271     2.9649     2.5362     2.3597 0.0000e+00
     15.000    23.3659   5.149081    35.0865       4290     2.9784     2.5375     2.3579 0.0000e+00
     14.000    23.3670   5.149246    35.0872       4312     2.9940     2.5361     2.3564 0.0000e+00
     13.000    23.3899   5.152033    35.0907       4345     3.0169     2.5382     2.3558 0.0000e+00
     12.000    23.3819   5.151622    35.0943       4380     3.0412     2.5476     2.3561 0.0000e+00
     11.000    23.3664   5.149392    35.0898       4404     3.0574     2.5413     2.3600 0.0000e+00
     10.000    23.3702   5.149841    35.0906       4424     3.0716     2.5352     2.3626 0.0000e+00
      9.000    23.3722   5.150239    35.0924       4446     3.0870     2.5339     2.3641 0.0000e+00
      8.000    23.3643   5.149502    35.0933       4474     3.1062     2.5382     2.3622 0.0000e+00
      7.000    23.3668   5.150005    35.0955       4506     3.1283     2.5401     2.3590 0.0000e+00
      6.000    23.3747   5.150580    35.0940       4534     3.1477     2.5440     2.3532 0.0000e+00
      5.000    23.3753   5.150895    35.0962       4557     3.1639     2.5415     2.3578 0.0000e+00
      4.000    23.3759   5.150994    35.0969       4579     3.1794     2.5424     2.3607 0.0000e+00
      3.000    23.3746   5.151096    35.0990       4602     3.1950     2.5500     2.3611 0.0000e+00
      2.000    23.3855   5.151859    35.0965       4653     3.2303     2.5424     2.3622 0.0000e+00
