HB2407/CTD134.cnv
* Sea-Bird SBE 9 Data File:
* FileName = C:\cruise\data\CTD134.hex
* Software Version Seasave V 7.26.7.121
* Temperature SN = 4591
* Conductivity SN = 6006
* Number of Bytes Per Scan = 37
* Number of Voltage Words = 4
* Number of Scans Averaged by the Deck Unit = 1
* NMEA Latitude = 40 58.69 N
* NMEA Longitude = 066 32.10 W
* NMEA UTC (Time) = Oct 11 2024 09:53:36
* NMEA baud rate = 4800
** Ship: Bigelow HB2407
** Program:  Fall Bottom Trawl Survey
** Chief Scientist: John Galbraith
# nquan = 9
# nvalues = 210                         
# units = specified
# name 0 = depSM: Depth [salt water, m]
# name 1 = t090C: Temperature [ITS-90, deg C]
# name 2 = c0S/m: Conductivity [S/m]
# name 3 = sal00: Salinity, Practical [PSU]
# name 4 = scan: Scan Count
# name 5 = timeM: Time, Elapsed [minutes]
# name 6 = sbeox0V: Oxygen raw, SBE 43 [V]
# name 7 = sbeox1V: Oxygen raw, SBE 43, 2 [V]
# name 8 = flag: flag
# span 0 =      2.000,    107.000       
# span 1 =     4.1089,    17.8302       
# span 2 =   3.113129,   4.255328       
# span 3 =    32.2450,    34.3003       
# span 4 =       -244,       6830       
# span 5 =    -0.1701,     4.7425       
# span 6 =     2.0855,     2.7981       
# span 7 =     1.9217,     2.5504       
# span 8 = 0.0000e+00, 0.0000e+00       
# interval = meters: 1                  
# start_time = Oct 11 2024 09:53:36 [NMEA time, header]
# bad_flag = -9.990e-29
*END*
      3.000    17.8181   4.253532    32.2862       -244    -0.1701     2.5673     2.3715 0.0000e+00
      4.000    17.8169   4.253534    32.2868        596     0.4134     2.5664     2.3705 0.0000e+00
      5.000    17.8181   4.253674    32.2867        735     0.5100     2.5638     2.3702 0.0000e+00
      6.000    17.8179   4.253697    32.2867        734     0.5090     2.5666     2.3709 0.0000e+00
      7.000    17.8200   4.253894    32.2863        761     0.5277     2.5629     2.3722 0.0000e+00
      8.000    17.8230   4.254199    32.2862        793     0.5503     2.5629     2.3694 0.0000e+00
      9.000    17.8217   4.254167    32.2866        823     0.5710     2.5641     2.3671 0.0000e+00
     10.000    17.8209   4.254118    32.2865        846     0.5870     2.5653     2.3654 0.0000e+00
     11.000    17.8202   4.254152    32.2869        868     0.6022     2.5667     2.3675 0.0000e+00
     12.000    17.8198   4.254210    32.2874        894     0.6202     2.5702     2.3676 0.0000e+00
     13.000    17.8202   4.254298    32.2874        924     0.6408     2.5681     2.3662 0.0000e+00
     14.000    17.8196   4.254255    32.2872        950     0.6592     2.5654     2.3657 0.0000e+00
     15.000    17.8253   4.254840    32.2873        975     0.6764     2.5591     2.3645 0.0000e+00
     16.000    17.8212   4.254548    32.2877       1010     0.7005     2.5600     2.3663 0.0000e+00
     17.000    17.8212   4.254534    32.2873       1047     0.7262     2.5646     2.3651 0.0000e+00
     18.000    17.8274   4.255111    32.2869       1069     0.7414     2.5619     2.3661 0.0000e+00
     19.000    17.8302   4.255328    32.2862       1087     0.7542     2.5640     2.3662 0.0000e+00
     20.000    17.8218   4.255105    32.2905       1106     0.7674     2.5612     2.3655 0.0000e+00
     21.000    17.8012   4.254176    32.2987       1130     0.7839     2.5597     2.3613 0.0000e+00
     22.000    17.7049   4.249802    32.3375       1166     0.8092     2.5625     2.3602 0.0000e+00
     23.000    17.5839   4.243583    32.3806       1204     0.8352     2.5714     2.3645 0.0000e+00
     24.000    17.1441   4.213739    32.4768       1228     0.8522     2.5719     2.3717 0.0000e+00
     25.000    16.7777   4.182873    32.5056       1249     0.8670     2.5634     2.3743 0.0000e+00
     26.000    16.4165   4.150798    32.5191       1274     0.8844     2.5644     2.3769 0.0000e+00
     27.000    16.0999   4.121808    32.5229       1316     0.9132     2.5962     2.3995 0.0000e+00
     28.000    15.6140   4.079348    32.5460       1352     0.9379     2.6159     2.4216 0.0000e+00
     29.000    14.9522   4.022046    32.5811       1369     0.9497     2.6179     2.4290 0.0000e+00
     30.000    14.5642   3.988082    32.5973       1383     0.9596     2.6153     2.4293 0.0000e+00
     31.000    14.1497   3.952249    32.6181       1397     0.9696     2.6095     2.4228 0.0000e+00
     32.000    13.3971   3.884931    32.6333       1417     0.9834     2.6088     2.4234 0.0000e+00
     33.000    12.1873   3.774536    32.6304       1469     1.0196     2.6197     2.4408 0.0000e+00
     34.000    10.6641   3.639874    32.6564       1511     1.0488     2.6417     2.4599 0.0000e+00
     35.000    10.0290   3.584596    32.6709       1530     1.0619     2.6347     2.4552 0.0000e+00
     36.000     9.4830   3.537798    32.6888       1548     1.0741     2.6310     2.4525 0.0000e+00
     37.000     8.9979   3.495523    32.6959       1569     1.0887     2.6274     2.4562 0.0000e+00
     38.000     8.1892   3.422580    32.6781       1605     1.1137     2.6148     2.4520 0.0000e+00
     39.000     7.8714   3.392314    32.6525       1650     1.1453     2.5871     2.4288 0.0000e+00
     40.000     7.3153   3.341813    32.6306       1673     1.1614     2.5834     2.4138 0.0000e+00
     41.000     6.6043   3.281766    32.6489       1691     1.1734     2.5736     2.4008 0.0000e+00
     42.000     6.4895   3.271115    32.6403       1707     1.1848     2.5484     2.3814 0.0000e+00
     43.000     6.2708   3.254645    32.6668       1725     1.1973     2.5208     2.3591 0.0000e+00
     44.000     6.1950   3.255937    32.7536       1749     1.2135     2.4829     2.3271 0.0000e+00
     45.000     6.1588   3.255556    32.7838       1790     1.2425     2.4264     2.2679 0.0000e+00
     46.000     5.9810   3.244367    32.8302       1829     1.2692     2.3782     2.2144 0.0000e+00
     47.000     5.9471   3.241395    32.8292       1853     1.2861     2.3523     2.1863 0.0000e+00
     48.000     5.9274   3.240367    32.8363       1876     1.3020     2.3360     2.1667 0.0000e+00
     49.000     5.9343   3.242349    32.8514       1905     1.3222     2.3231     2.1477 0.0000e+00
     50.000     5.9361   3.242725    32.8534       1937     1.3445     2.3174     2.1389 0.0000e+00
     51.000     5.9662   3.247212    32.8740       1960     1.3601     2.3153     2.1362 0.0000e+00
     52.000     5.9872   3.250491    32.8899       1979     1.3737     2.3134     2.1325 0.0000e+00
     53.000     6.0113   3.254924    32.9156       2001     1.3892     2.3134     2.1300 0.0000e+00
     54.000     6.0187   3.257600    32.9379       2031     1.4094     2.3086     2.1242 0.0000e+00
     55.000     6.0148   3.260360    32.9722       2065     1.4336     2.2947     2.1142 0.0000e+00
     56.000     6.0175   3.261927    32.9866       2097     1.4555     2.2834     2.1055 0.0000e+00
     57.000     6.1660   3.280952    33.0542       2121     1.4724     2.2758     2.0994 0.0000e+00
     58.000     6.3447   3.302460    33.1198       2143     1.4877     2.2720     2.0942 0.0000e+00
     59.000     6.3738   3.307068    33.1423       2169     1.5056     2.2695     2.0906 0.0000e+00
     60.000     6.7285   3.346899    33.2380       2205     1.5306     2.2495     2.0736 0.0000e+00
     61.000     6.8118   3.357163    33.2699       2241     1.5557     2.2356     2.0579 0.0000e+00
     62.000     6.8207   3.359654    33.2882       2265     1.5723     2.2182     2.0449 0.0000e+00
     63.000     6.8169   3.360459    33.3002       2287     1.5872     2.2038     2.0325 0.0000e+00
     64.000     6.8016   3.360593    33.3160       2308     1.6022     2.1923     2.0221 0.0000e+00
     65.000     5.9351   3.279105    33.2547       2330     1.6173     2.1827     2.0131 0.0000e+00
     66.000     4.8731   3.180506    33.1824       2352     1.6329     2.1586     1.9980 0.0000e+00
     67.000     4.2070   3.120569    33.1521       2381     1.6527     2.1274     1.9748 0.0000e+00
     68.000     4.1089   3.113129    33.1633       2424     1.6823     2.1588     1.9955 0.0000e+00
     69.000     4.1718   3.120517    33.1862       2458     1.7062     2.2210     2.0457 0.0000e+00
     70.000     4.2542   3.131969    33.2372       2482     1.7230     2.2519     2.0733 0.0000e+00
     71.000     4.2912   3.136162    33.2485       2507     1.7404     2.2737     2.0933 0.0000e+00
     72.000     4.3868   3.145672    33.2629       2536     1.7604     2.2881     2.1073 0.0000e+00
     73.000     4.6443   3.170871    33.2972       2563     1.7795     2.2949     2.1136 0.0000e+00
     74.000     4.7601   3.183058    33.3217       2588     1.7966     2.3025     2.1175 0.0000e+00
     75.000     4.9269   3.200174    33.3520       2613     1.8141     2.3047     2.1193 0.0000e+00
     76.000     5.1069   3.218812    33.3859       2639     1.8323     2.3047     2.1181 0.0000e+00
     77.000     5.2653   3.235674    33.4205       2666     1.8505     2.3035     2.1152 0.0000e+00
     78.000     5.4572   3.257481    33.4774       2693     1.8693     2.3003     2.1112 0.0000e+00
     79.000     5.8510   3.302164    33.5913       2723     1.8900     2.2961     2.1070 0.0000e+00
     80.000     6.1634   3.337121    33.6737       2755     1.9128     2.2946     2.1035 0.0000e+00
     81.000     6.2831   3.350157    33.7004       2789     1.9360     2.2830     2.0954 0.0000e+00
     82.000     6.3123   3.353931    33.7130       2818     1.9564     2.2635     2.0821 0.0000e+00
     83.000     6.4122   3.365380    33.7412       2845     1.9751     2.2485     2.0687 0.0000e+00
     84.000     6.4271   3.367538    33.7500       2873     1.9943     2.2397     2.0591 0.0000e+00
     85.000     6.4156   3.367086    33.7559       2897     2.0114     2.2317     2.0528 0.0000e+00
     86.000     6.4286   3.369598    33.7704       2917     2.0253     2.2257     2.0479 0.0000e+00
     87.000     6.4256   3.370360    33.7814       2936     2.0380     2.2212     2.0448 0.0000e+00
     88.000     6.5248   3.383092    33.8241       2973     2.0638     2.2204     2.0421 0.0000e+00
     89.000     6.6988   3.403623    33.8789       3034     2.1062     2.2271     2.0475 0.0000e+00
     90.000     6.9430   3.430973    33.9386       3056     2.1214     2.2316     2.0507 0.0000e+00
     91.000     7.0821   3.446669    33.9732       3078     2.1369     2.2378     2.0545 0.0000e+00
     92.000     7.1181   3.451056    33.9852       3103     2.1542     2.2396     2.0561 0.0000e+00
     93.000     7.1523   3.455211    33.9964       3128     2.1717     2.2328     2.0528 0.0000e+00
     94.000     7.1722   3.457642    34.0030       3149     2.1862     2.2265     2.0480 0.0000e+00
     95.000     7.2022   3.461152    34.0113       3168     2.1996     2.2214     2.0441 0.0000e+00
     96.000     7.2318   3.464670    34.0200       3190     2.2143     2.2158     2.0396 0.0000e+00
     97.000     7.2504   3.467032    34.0270       3231     2.2430     2.2075     2.0325 0.0000e+00
     98.000     7.2807   3.470861    34.0385       3289     2.2831     2.1971     2.0242 0.0000e+00
     99.000     7.3948   3.483823    34.0668       3315     2.3017     2.1931     2.0232 0.0000e+00
    100.000     7.6416   3.512172    34.1311       3338     2.3175     2.1918     2.0230 0.0000e+00
    101.000     7.8453   3.536523    34.1934       3363     2.3350     2.1915     2.0226 0.0000e+00
    102.000     7.9968   3.554556    34.2381       3396     2.3577     2.1848     2.0166 0.0000e+00
    103.000     8.0513   3.561330    34.2569       3427     2.3790     2.1660     1.9998 0.0000e+00
    104.000     8.0754   3.564467    34.2664       3454     2.3978     2.1461     1.9821 0.0000e+00
    105.000     8.1236   3.570577    34.2841       3488     2.4215     2.1267     1.9643 0.0000e+00
    106.000     8.1434   3.573243    34.2928       3538     2.4562     2.1077     1.9462 0.0000e+00
    107.000     8.1417   3.573846    34.3003       3634     2.5229     2.0860     1.9217 0.0000e+00
    106.000     8.1352   3.572964    34.2977       3669     2.5470     2.0906     1.9253 0.0000e+00
    105.000     8.1162   3.570629    34.2919       3804     2.6409     2.0855     1.9241 0.0000e+00
    104.000     8.1144   3.570456    34.2923       3860     2.6796     2.0865     1.9241 0.0000e+00
    103.000     8.1219   3.571367    34.2952       3872     2.6885     2.0868     1.9242 0.0000e+00
    102.000     8.1054   3.569674    34.2937       3886     2.6976     2.0881     1.9250 0.0000e+00
    101.000     8.0808   3.566592    34.2853       3900     2.7074     2.0882     1.9264 0.0000e+00
    100.000     8.0490   3.563285    34.2815       3919     2.7206     2.0880     1.9275 0.0000e+00
     99.000     7.7774   3.531220    34.2038       3962     2.7507     2.0860     1.9284 0.0000e+00
     98.000     7.3774   3.486028    34.1084       4005     2.7804     2.0898     1.9333 0.0000e+00
     97.000     7.2899   3.474508    34.0696       4027     2.7956     2.1046     1.9378 0.0000e+00
     96.000     7.2655   3.471137    34.0574       4051     2.8123     2.1206     1.9478 0.0000e+00
     95.000     7.2516   3.469006    34.0483       4084     2.8356     2.1462     1.9692 0.0000e+00
     94.000     7.2152   3.464854    34.0394       4118     2.8590     2.1642     1.9891 0.0000e+00
     93.000     7.1816   3.461000    34.0309       4140     2.8742     2.1697     1.9976 0.0000e+00
     92.000     7.1670   3.459151    34.0255       4158     2.8867     2.1727     2.0026 0.0000e+00
     91.000     7.1451   3.456753    34.0214       4175     2.8986     2.1765     2.0055 0.0000e+00
     90.000     7.0863   3.450320    34.0095       4195     2.9124     2.1805     2.0085 0.0000e+00
     89.000     6.8887   3.428027    33.9603       4227     2.9349     2.1837     2.0138 0.0000e+00
     88.000     6.6634   3.401881    33.8952       4273     2.9669     2.1862     2.0175 0.0000e+00
     87.000     6.4847   3.380851    33.8395       4297     2.9837     2.1914     2.0215 0.0000e+00
     86.000     6.4541   3.375447    33.8103       4315     2.9959     2.1950     2.0242 0.0000e+00
     85.000     6.4554   3.375042    33.8050       4333     3.0081     2.1974     2.0270 0.0000e+00
     84.000     6.4448   3.372812    33.7912       4356     3.0244     2.2012     2.0314 0.0000e+00
     83.000     6.4080   3.367870    33.7731       4399     3.0538     2.2042     2.0363 0.0000e+00
     82.000     6.3440   3.359811    33.7472       4438     3.0811     2.2039     2.0367 0.0000e+00
     81.000     6.2921   3.354287    33.7376       4464     3.0990     2.2029     2.0363 0.0000e+00
     80.000     6.1967   3.343724    33.7147       4484     3.1132     2.2019     2.0348 0.0000e+00
     79.000     6.0557   3.329534    33.6961       4502     3.1259     2.2001     2.0319 0.0000e+00
     78.000     5.8105   3.301974    33.6301       4522     3.1395     2.1963     2.0303 0.0000e+00
     77.000     5.5121   3.266916    33.5305       4553     3.1614     2.1904     2.0293 0.0000e+00
     76.000     5.2599   3.238018    33.4532       4596     3.1907     2.2043     2.0324 0.0000e+00
     75.000     5.1360   3.222788    33.4031       4623     3.2100     2.2154     2.0409 0.0000e+00
     74.000     5.0680   3.215309    33.3856       4650     3.2286     2.2230     2.0504 0.0000e+00
     73.000     4.9450   3.203434    33.3725       4679     3.2489     2.2349     2.0587 0.0000e+00
     72.000     4.6346   3.171918    33.3196       4707     3.2680     2.2394     2.0641 0.0000e+00
     71.000     4.4560   3.153383    33.2838       4735     3.2872     2.2381     2.0667 0.0000e+00
     70.000     4.3325   3.139223    33.2432       4762     3.3065     2.2445     2.0705 0.0000e+00
     69.000     4.2043   3.123149    33.1844       4788     3.3241     2.2554     2.0770 0.0000e+00
     68.000     4.1463   3.114018    33.1360       4813     3.3414     2.2640     2.0841 0.0000e+00
     67.000     4.1978   3.116089    33.1090       4845     3.3637     2.2770     2.0937 0.0000e+00
     66.000     4.7534   3.157198    33.0325       4882     3.3897     2.3029     2.1071 0.0000e+00
     65.000     6.3276   3.302696    33.1357       4910     3.4090     2.3257     2.1204 0.0000e+00
     64.000     6.6616   3.340379    33.2291       4932     3.4245     2.3509     2.1458 0.0000e+00
     63.000     6.7520   3.349884    33.2467       4959     3.4430     2.3398     2.1551 0.0000e+00
     62.000     6.7797   3.352621    33.2505       4994     3.4671     2.2767     2.1126 0.0000e+00
     61.000     6.7450   3.347916    33.2328       5031     3.4929     2.2204     2.0608 0.0000e+00
     60.000     6.4905   3.320260    33.1747       5059     3.5127     2.1965     2.0337 0.0000e+00
     59.000     6.4423   3.312383    33.1348       5083     3.5289     2.1799     2.0173 0.0000e+00
     58.000     6.4325   3.310761    33.1267       5105     3.5441     2.1733     2.0083 0.0000e+00
     57.000     6.2913   3.294670    33.0855       5128     3.5607     2.1745     2.0070 0.0000e+00
     56.000     6.1560   3.275699    33.0060       5156     3.5802     2.1736     2.0092 0.0000e+00
     55.000     6.0925   3.266676    32.9673       5192     3.6048     2.1811     2.0116 0.0000e+00
     54.000     6.0597   3.259897    32.9238       5230     3.6315     2.2049     2.0246 0.0000e+00
     53.000     6.0041   3.250534    32.8734       5264     3.6547     2.2205     2.0381 0.0000e+00
     52.000     5.9947   3.247864    32.8531       5288     3.6714     2.2285     2.0474 0.0000e+00
