HB2407/CTD138.cnv
* Sea-Bird SBE 9 Data File:
* FileName = C:\cruise\data\CTD138.hex
* Software Version Seasave V 7.26.7.121
* Temperature SN = 4591
* Conductivity SN = 6006
* Number of Bytes Per Scan = 37
* Number of Voltage Words = 4
* Number of Scans Averaged by the Deck Unit = 1
* NMEA Latitude = 41 08.24 N
* NMEA Longitude = 067 18.69 W
* NMEA UTC (Time) = Oct 12 2024 09:00:36
* NMEA baud rate = 4800
** Ship: Bigelow HB2407
** Program:  Fall Bottom Trawl Survey
** Chief Scientist: John Galbraith
# nquan = 9
# nvalues = 100                         
# units = specified
# name 0 = depSM: Depth [salt water, m]
# name 1 = t090C: Temperature [ITS-90, deg C]
# name 2 = c0S/m: Conductivity [S/m]
# name 3 = sal00: Salinity, Practical [PSU]
# name 4 = scan: Scan Count
# name 5 = timeM: Time, Elapsed [minutes]
# name 6 = sbeox0V: Oxygen raw, SBE 43 [V]
# name 7 = sbeox1V: Oxygen raw, SBE 43, 2 [V]
# name 8 = flag: flag
# span 0 =      2.000,     52.000       
# span 1 =    11.2625,    14.0609       
# span 2 =   3.653976,   3.880688       
# span 3 =    32.0230,    32.2780       
# span 4 =       -158,       5012       
# span 5 =    -0.1104,     3.4799       
# span 6 =     2.2990,     2.5386       
# span 7 =     2.1232,     2.3429       
# span 8 = 0.0000e+00, 0.0000e+00       
# interval = meters: 1                  
# start_time = Oct 12 2024 09:00:36 [NMEA time, header]
# bad_flag = -9.990e-29
*END*
      3.000    14.0495   3.879376    32.0427       -158    -0.1104     2.5355     2.3411 0.0000e+00
      4.000    14.0536   3.879738    32.0424        241     0.1665     2.5339     2.3404 0.0000e+00
      5.000    14.0568   3.880039    32.0420        576     0.3990     2.5313     2.3427 0.0000e+00
      6.000    14.0585   3.880222    32.0419        641     0.4448     2.5323     2.3417 0.0000e+00
      7.000    14.0579   3.880220    32.0420        696     0.4825     2.5377     2.3413 0.0000e+00
      8.000    14.0582   3.880292    32.0420        724     0.5019     2.5364     2.3401 0.0000e+00
      9.000    14.0584   3.880367    32.0421        742     0.5148     2.5331     2.3402 0.0000e+00
     10.000    14.0596   3.880505    32.0421        762     0.5281     2.5316     2.3382 0.0000e+00
     11.000    14.0609   3.880650    32.0419        789     0.5471     2.5335     2.3388 0.0000e+00
     12.000    14.0608   3.880688    32.0420        830     0.5759     2.5317     2.3400 0.0000e+00
     13.000    14.0364   3.878835    32.0448        859     0.5960     2.5323     2.3408 0.0000e+00
     14.000    14.0396   3.879075    32.0439        879     0.6101     2.5322     2.3393 0.0000e+00
     15.000    14.0208   3.877713    32.0467        900     0.6242     2.5290     2.3394 0.0000e+00
     16.000    13.9819   3.874655    32.0505        927     0.6427     2.5306     2.3372 0.0000e+00
     17.000    13.9628   3.873106    32.0518        961     0.6669     2.5322     2.3332 0.0000e+00
     18.000    13.9696   3.873677    32.0510        986     0.6838     2.5306     2.3344 0.0000e+00
     19.000    13.9655   3.873405    32.0515       1004     0.6965     2.5282     2.3346 0.0000e+00
     20.000    13.9575   3.872769    32.0519       1025     0.7109     2.5249     2.3351 0.0000e+00
     21.000    13.9649   3.873385    32.0511       1068     0.7408     2.5238     2.3377 0.0000e+00
     22.000    13.9506   3.872274    32.0524       1110     0.7703     2.5299     2.3378 0.0000e+00
     23.000    13.9004   3.868437    32.0585       1130     0.7839     2.5292     2.3349 0.0000e+00
     24.000    13.8722   3.866289    32.0617       1147     0.7958     2.5284     2.3324 0.0000e+00
     25.000    13.8196   3.862038    32.0660       1166     0.8089     2.5261     2.3305 0.0000e+00
     26.000    13.6344   3.847164    32.0828       1193     0.8276     2.5243     2.3305 0.0000e+00
     27.000    13.3946   3.827776    32.1033       1240     0.8606     2.5082     2.3237 0.0000e+00
     28.000    13.1872   3.811115    32.1219       1273     0.8830     2.4918     2.3116 0.0000e+00
     29.000    13.0699   3.801889    32.1341       1289     0.8947     2.4831     2.3046 0.0000e+00
     30.000    12.9699   3.793851    32.1428       1305     0.9054     2.4730     2.2951 0.0000e+00
     31.000    12.8716   3.785792    32.1498       1321     0.9167     2.4628     2.2842 0.0000e+00
     32.000    12.7259   3.773702    32.1589       1349     0.9358     2.4405     2.2675 0.0000e+00
     33.000    12.5805   3.761481    32.1665       1407     0.9764     2.4054     2.2364 0.0000e+00
     34.000    12.2144   3.731922    32.1974       1439     0.9989     2.4003     2.2231 0.0000e+00
     35.000    11.6713   3.689953    32.2611       1464     1.0160     2.3827     2.2142 0.0000e+00
     36.000    11.4718   3.673848    32.2775       1485     1.0307     2.3580     2.1999 0.0000e+00
     37.000    11.4187   3.669211    32.2780       1505     1.0443     2.3422     2.1855 0.0000e+00
     38.000    11.3820   3.665966    32.2779       1525     1.0583     2.3329     2.1734 0.0000e+00
     39.000    11.3558   3.663467    32.2758       1551     1.0763     2.3230     2.1618 0.0000e+00
     40.000    11.3484   3.662383    32.2713       1589     1.1027     2.3167     2.1493 0.0000e+00
     41.000    11.3293   3.660520    32.2693       1625     1.1278     2.3140     2.1404 0.0000e+00
     42.000    11.3219   3.659855    32.2689       1647     1.1434     2.3115     2.1376 0.0000e+00
     43.000    11.3246   3.660003    32.2675       1666     1.1560     2.3123     2.1369 0.0000e+00
     44.000    11.3178   3.659382    32.2670       1684     1.1690     2.3109     2.1368 0.0000e+00
     45.000    11.3053   3.658232    32.2662       1727     1.1986     2.3114     2.1358 0.0000e+00
     46.000    11.2950   3.657244    32.2651       1792     1.2438     2.3113     2.1337 0.0000e+00
     47.000    11.2901   3.656814    32.2647       1814     1.2587     2.3116     2.1333 0.0000e+00
     48.000    11.2746   3.655609    32.2661       1836     1.2740     2.3111     2.1322 0.0000e+00
     49.000    11.2659   3.654864    32.2659       1867     1.2958     2.3089     2.1295 0.0000e+00
     50.000    11.2653   3.654726    32.2647       1910     1.3257     2.3070     2.1294 0.0000e+00
     51.000    11.2679   3.654673    32.2614       2089     1.4503     2.3049     2.1269 0.0000e+00
     52.000    11.2625   3.653976    32.2589       2359     1.6377     2.2990     2.1240 0.0000e+00
     51.000    11.2652   3.654232    32.2595       2321     1.6112     2.3003     2.1232 0.0000e+00
     50.000    11.2662   3.654202    32.2588       2394     1.6618     2.3029     2.1271 0.0000e+00
     49.000    11.2737   3.654687    32.2573       2496     1.7326     2.3068     2.1282 0.0000e+00
     48.000    11.2768   3.654876    32.2569       2536     1.7601     2.3073     2.1262 0.0000e+00
     47.000    11.2833   3.655288    32.2557       2589     1.7975     2.3074     2.1284 0.0000e+00
     46.000    11.2793   3.654967    32.2564       2634     1.8286     2.3045     2.1292 0.0000e+00
     45.000    11.2813   3.655025    32.2556       2666     1.8508     2.3062     2.1287 0.0000e+00
     44.000    11.2858   3.655306    32.2549       2689     1.8669     2.3073     2.1290 0.0000e+00
     43.000    11.2898   3.655563    32.2543       2711     1.8818     2.3067     2.1285 0.0000e+00
     42.000    11.2970   3.656040    32.2532       2734     1.8982     2.3041     2.1281 0.0000e+00
     41.000    11.3008   3.656357    32.2534       2771     1.9238     2.3015     2.1293 0.0000e+00
     40.000    11.3037   3.656480    32.2525       2813     1.9527     2.3034     2.1294 0.0000e+00
     39.000    11.3359   3.658747    32.2470       2840     1.9713     2.3089     2.1298 0.0000e+00
     38.000    11.3518   3.660073    32.2466       2866     1.9895     2.3136     2.1325 0.0000e+00
     37.000    11.3551   3.660347    32.2468       2894     2.0088     2.3131     2.1326 0.0000e+00
     36.000    11.3792   3.661942    32.2417       2921     2.0275     2.3094     2.1329 0.0000e+00
     35.000    11.4146   3.664620    32.2375       2946     2.0454     2.3079     2.1336 0.0000e+00
     34.000    11.5489   3.674154    32.2141       2977     2.0670     2.3096     2.1344 0.0000e+00
     33.000    11.8380   3.695586    32.1721       3016     2.0939     2.3248     2.1380 0.0000e+00
     32.000    12.6274   3.757043    32.0847       3047     2.1155     2.3414     2.1462 0.0000e+00
     31.000    12.7729   3.771393    32.0974       3069     2.1303     2.3627     2.1612 0.0000e+00
     30.000    12.8420   3.777665    32.0985       3087     2.1430     2.3822     2.1766 0.0000e+00
     29.000    12.9564   3.786745    32.0876       3111     2.1595     2.4011     2.1939 0.0000e+00
     28.000    13.1447   3.802921    32.0809       3165     2.1970     2.4288     2.2219 0.0000e+00
     27.000    13.5701   3.834971    32.0230       3203     2.2235     2.4402     2.2356 0.0000e+00
     26.000    13.7403   3.850677    32.0267       3222     2.2371     2.4518     2.2474 0.0000e+00
     25.000    13.7873   3.855197    32.0297       3241     2.2497     2.4694     2.2610 0.0000e+00
     24.000    13.8233   3.858705    32.0325       3263     2.2655     2.4916     2.2779 0.0000e+00
     23.000    13.8725   3.863205    32.0334       3306     2.2948     2.5147     2.3068 0.0000e+00
     22.000    13.9270   3.867886    32.0315       3355     2.3293     2.5253     2.3266 0.0000e+00
     21.000    13.9474   3.869884    32.0334       3387     2.3511     2.5270     2.3263 0.0000e+00
     20.000    13.9543   3.870665    32.0352       3409     2.3669     2.5287     2.3240 0.0000e+00
     19.000    13.9655   3.871662    32.0354       3433     2.3835     2.5297     2.3235 0.0000e+00
     18.000    13.9844   3.874218    32.0437       4192     2.9106     2.5243     2.3300 0.0000e+00
     17.000    13.9952   3.875443    32.0464       4530     3.1451     2.5272     2.3341 0.0000e+00
     16.000    13.9940   3.875278    32.0462       4520     3.1382     2.5287     2.3329 0.0000e+00
     15.000    13.9951   3.875311    32.0459       4540     3.1521     2.5289     2.3348 0.0000e+00
     14.000    14.0118   3.876585    32.0442       4584     3.1824     2.5322     2.3336 0.0000e+00
     13.000    14.0197   3.877136    32.0431       4637     3.2194     2.5309     2.3336 0.0000e+00
     12.000    14.0236   3.877484    32.0434       4659     3.2348     2.5295     2.3319 0.0000e+00
     11.000    14.0191   3.877086    32.0439       4684     3.2523     2.5279     2.3341 0.0000e+00
     10.000    14.0266   3.877658    32.0433       4739     3.2905     2.5290     2.3378 0.0000e+00
      9.000    14.0281   3.877688    32.0427       4779     3.3180     2.5343     2.3355 0.0000e+00
      8.000    14.0341   3.878168    32.0426       4804     3.3354     2.5295     2.3369 0.0000e+00
      7.000    14.0342   3.878164    32.0428       4834     3.3565     2.5276     2.3378 0.0000e+00
      6.000    14.0338   3.878102    32.0430       4873     3.3835     2.5291     2.3381 0.0000e+00
      5.000    14.0378   3.878371    32.0425       4943     3.4320     2.5323     2.3392 0.0000e+00
      4.000    14.0389   3.878442    32.0426       4973     3.4528     2.5373     2.3394 0.0000e+00
      3.000    14.0388   3.878389    32.0426       4986     3.4617     2.5386     2.3403 0.0000e+00
      2.000    14.0387   3.878374    32.0429       5012     3.4799     2.5365     2.3429 0.0000e+00
