HB2407/CTD110.cnv
* Sea-Bird SBE 9 Data File:
* FileName = C:\cruise\data\CTD110.hex
* Software Version Seasave V 7.26.7.121
* Temperature SN = 4591
* Conductivity SN = 6006
* Number of Bytes Per Scan = 37
* Number of Voltage Words = 4
* Number of Scans Averaged by the Deck Unit = 1
* NMEA Latitude = 39 30.67 N
* NMEA Longitude = 072 12.92 W
* NMEA UTC (Time) = Oct 07 2024 01:08:37
* NMEA baud rate = 4800
** Ship: Bigelow HB2407
** Program:  Fall Bottom Trawl Survey
** Chief Scientist: John Galbraith
# nquan = 9
# nvalues = 383                         
# units = specified
# name 0 = depSM: Depth [salt water, m]
# name 1 = t090C: Temperature [ITS-90, deg C]
# name 2 = c0S/m: Conductivity [S/m]
# name 3 = sal00: Salinity, Practical [PSU]
# name 4 = scan: Scan Count
# name 5 = timeM: Time, Elapsed [minutes]
# name 6 = sbeox0V: Oxygen raw, SBE 43 [V]
# name 7 = sbeox1V: Oxygen raw, SBE 43, 2 [V]
# name 8 = flag: flag
# span 0 =      1.000,    193.000       
# span 1 =    14.2403,    25.2682       
# span 2 =   4.316682,   5.397868       
# span 3 =    35.0461,    36.3079       
# span 4 =        127,      12117       
# span 5 =     0.0874,     8.4138       
# span 6 =     1.7436,     2.5933       
# span 7 =     1.6157,     2.4028       
# span 8 = 0.0000e+00, 0.0000e+00       
# interval = meters: 1                  
# start_time = Oct 07 2024 01:08:37 [NMEA time, header]
# bad_flag = -9.990e-29
*END*
      3.000    25.2563   5.394104    35.4441        127     0.0874     2.5412     2.3673 0.0000e+00
      4.000    25.2511   5.393306    35.4419        276     0.1909     2.5474     2.3626 0.0000e+00
      5.000    25.2574   5.393872    35.4409        293     0.2031     2.5451     2.3652 0.0000e+00
      6.000    25.2595   5.394128    35.4408        319     0.2207     2.5498     2.3678 0.0000e+00
      7.000    25.2634   5.394628    35.4411        356     0.2463     2.5448     2.3664 0.0000e+00
      8.000    25.2608   5.394550    35.4422        389     0.2696     2.5442     2.3673 0.0000e+00
      9.000    25.2557   5.394069    35.4423        413     0.2860     2.5464     2.3691 0.0000e+00
     10.000    25.2636   5.394879    35.4419        434     0.3006     2.5482     2.3680 0.0000e+00
     11.000    25.2601   5.394671    35.4427        455     0.3150     2.5407     2.3682 0.0000e+00
     12.000    25.2595   5.394612    35.4424        476     0.3300     2.5405     2.3700 0.0000e+00
     13.000    25.2597   5.394673    35.4424        501     0.3469     2.5475     2.3712 0.0000e+00
     14.000    25.2609   5.394851    35.4425        530     0.3674     2.5523     2.3690 0.0000e+00
     15.000    25.2569   5.394486    35.4426        594     0.4116     2.5491     2.3682 0.0000e+00
     16.000    25.2592   5.394776    35.4426        692     0.4797     2.5493     2.3670 0.0000e+00
     17.000    25.2575   5.394656    35.4427        748     0.5184     2.5452     2.3627 0.0000e+00
     18.000    25.2638   5.395317    35.4424        779     0.5401     2.5436     2.3608 0.0000e+00
     19.000    25.2641   5.395460    35.4428        811     0.5628     2.5421     2.3554 0.0000e+00
     20.000    25.2639   5.395474    35.4428        849     0.5888     2.5437     2.3596 0.0000e+00
     21.000    25.2639   5.395559    35.4431        885     0.6136     2.5404     2.3642 0.0000e+00
     22.000    25.2630   5.395503    35.4430        920     0.6381     2.5417     2.3635 0.0000e+00
     23.000    25.2682   5.396128    35.4433        953     0.6615     2.5471     2.3673 0.0000e+00
     24.000    25.2678   5.396186    35.4437        978     0.6783     2.5492     2.3645 0.0000e+00
     25.000    25.2670   5.396065    35.4431        996     0.6909     2.5449     2.3650 0.0000e+00
     26.000    25.2413   5.393773    35.4460       1012     0.7019     2.5445     2.3669 0.0000e+00
     27.000    25.2080   5.390377    35.4466       1027     0.7122     2.5398     2.3675 0.0000e+00
     28.000    25.2459   5.396774    35.4639       1043     0.7234     2.5354     2.3632 0.0000e+00
     29.000    25.2293   5.397868    35.4847       1062     0.7371     2.5353     2.3560 0.0000e+00
     30.000    25.1215   5.385526    35.4774       1094     0.7590     2.5353     2.3550 0.0000e+00
     31.000    24.0121   5.256954    35.3891       1166     0.8092     2.5436     2.3601 0.0000e+00
     32.000    22.7077   5.126502    35.4351       1203     0.8345     2.5256     2.3721 0.0000e+00
     33.000    20.9154   4.937801    35.4099       1223     0.8489     2.5308     2.3795 0.0000e+00
     34.000    19.7771   4.802256    35.2599       1242     0.8619     2.5171     2.3787 0.0000e+00
     35.000    19.4593   4.763134    35.2042       1261     0.8748     2.4743     2.3553 0.0000e+00
     36.000    19.4067   4.754583    35.1773       1280     0.8880     2.4450     2.3322 0.0000e+00
     37.000    19.0738   4.716656    35.1424       1300     0.9021     2.4322     2.3137 0.0000e+00
     38.000    18.9328   4.697589    35.1020       1323     0.9178     2.4281     2.2994 0.0000e+00
     39.000    19.1244   4.726896    35.1843       1350     0.9366     2.4222     2.2823 0.0000e+00
     40.000    19.4641   4.787168    35.3978       1381     0.9583     2.4287     2.2754 0.0000e+00
     41.000    19.4717   4.803224    35.5242       1411     0.9790     2.4113     2.2542 0.0000e+00
     42.000    19.5288   4.820313    35.6170       1437     0.9976     2.3727     2.2197 0.0000e+00
     43.000    19.4066   4.810144    35.6364       1466     1.0177     2.3309     2.1801 0.0000e+00
     44.000    19.2283   4.787591    35.6008       1503     1.0433     2.2762     2.1306 0.0000e+00
     45.000    19.2138   4.785688    35.5970       1540     1.0688     2.2502     2.1004 0.0000e+00
     46.000    19.4256   4.816115    35.6686       1567     1.0872     2.2442     2.0873 0.0000e+00
     47.000    19.6774   4.856727    35.7900       1589     1.1027     2.2411     2.0788 0.0000e+00
     48.000    19.8106   4.876961    35.8429       1610     1.1176     2.2351     2.0752 0.0000e+00
     49.000    19.9258   4.894718    35.8905       1632     1.1330     2.2245     2.0629 0.0000e+00
     50.000    19.9762   4.902925    35.9146       1655     1.1485     2.2143     2.0514 0.0000e+00
     51.000    20.0399   4.912811    35.9411       1677     1.1640     2.2019     2.0422 0.0000e+00
     52.000    20.1131   4.926294    35.9889       1700     1.1801     2.1886     2.0333 0.0000e+00
     53.000    20.1956   4.941156    36.0399       1728     1.1993     2.1771     2.0245 0.0000e+00
     54.000    20.2288   4.949495    36.0795       1767     1.2261     2.1608     2.0061 0.0000e+00
     55.000    20.0950   4.936681    36.0886       1806     1.2534     2.1404     1.9863 0.0000e+00
     56.000    19.3760   4.845380    35.9512       1834     1.2727     2.1194     1.9708 0.0000e+00
     57.000    18.8000   4.772968    35.8424       1859     1.2901     2.0967     1.9526 0.0000e+00
     58.000    18.2660   4.705073    35.7310       1885     1.3085     2.0887     1.9466 0.0000e+00
     59.000    17.8768   4.654256    35.6360       1912     1.3273     2.0893     1.9505 0.0000e+00
     60.000    17.5204   4.611208    35.5768       1936     1.3440     2.0954     1.9565 0.0000e+00
     61.000    17.4158   4.597184    35.5469       1959     1.3594     2.1024     1.9614 0.0000e+00
     62.000    17.7280   4.643857    35.6750       1981     1.3750     2.1085     1.9646 0.0000e+00
     63.000    18.0448   4.700132    35.8808       2006     1.3921     2.1193     1.9689 0.0000e+00
     64.000    17.9019   4.683402    35.8625       2034     1.4117     2.1092     1.9617 0.0000e+00
     65.000    17.5920   4.646878    35.8205       2066     1.4339     2.0693     1.9290 0.0000e+00
     66.000    17.3587   4.620477    35.7975       2102     1.4591     2.0390     1.8997 0.0000e+00
     67.000    17.1969   4.602315    35.7825       2138     1.4841     2.0261     1.8857 0.0000e+00
     68.000    17.1422   4.596910    35.7835       2169     1.5053     2.0228     1.8809 0.0000e+00
     69.000    17.1385   4.597077    35.7878       2196     1.5242     2.0218     1.8780 0.0000e+00
     70.000    17.2458   4.613067    35.8316       2221     1.5415     2.0218     1.8750 0.0000e+00
     71.000    16.9989   4.585468    35.8096       2243     1.5569     2.0236     1.8728 0.0000e+00
     72.000    16.7455   4.554333    35.7618       2262     1.5699     2.0150     1.8686 0.0000e+00
     73.000    16.7479   4.555506    35.7696       2279     1.5820     2.0011     1.8614 0.0000e+00
     74.000    16.9476   4.584279    35.8436       2297     1.5944     1.9954     1.8547 0.0000e+00
     75.000    17.1051   4.614712    35.9693       2319     1.6097     1.9967     1.8564 0.0000e+00
     76.000    17.1403   4.621937    36.0006       2356     1.6352     1.9808     1.8438 0.0000e+00
     77.000    17.1708   4.627321    36.0200       2410     1.6726     1.9359     1.7998 0.0000e+00
     78.000    17.1986   4.631787    36.0337       2446     1.6980     1.9168     1.7849 0.0000e+00
     79.000    17.2550   4.640724    36.0609       2475     1.7184     1.9140     1.7779 0.0000e+00
     80.000    17.2595   4.641866    36.0665       2506     1.7395     1.9052     1.7709 0.0000e+00
     81.000    17.2625   4.642657    36.0703       2531     1.7572     1.8982     1.7598 0.0000e+00
     82.000    17.2679   4.643506    36.0725       2551     1.7705     1.8928     1.7545 0.0000e+00
     83.000    17.2929   4.647550    36.0850       2567     1.7817     1.8883     1.7521 0.0000e+00
     84.000    17.3291   4.653459    36.1037       2582     1.7925     1.8875     1.7497 0.0000e+00
     85.000    17.3617   4.659114    36.1234       2599     1.8040     1.8824     1.7494 0.0000e+00
     86.000    17.3941   4.664529    36.1412       2620     1.8191     1.8737     1.7458 0.0000e+00
     87.000    17.4883   4.680151    36.1923       2660     1.8467     1.8624     1.7329 0.0000e+00
     88.000    17.5673   4.693665    36.2385       2706     1.8784     1.8498     1.7179 0.0000e+00
     89.000    17.3539   4.668385    36.2095       2738     1.9009     1.8336     1.7055 0.0000e+00
     90.000    17.3237   4.666887    36.2231       2772     1.9245     1.8201     1.6935 0.0000e+00
     91.000    17.3605   4.673123    36.2440       2806     1.9483     1.8136     1.6862 0.0000e+00
     92.000    17.3906   4.677424    36.2541       2833     1.9664     1.8079     1.6806 0.0000e+00
     93.000    17.4216   4.682428    36.2694       2853     1.9805     1.8006     1.6763 0.0000e+00
     94.000    17.3408   4.676950    36.2939       2871     1.9931     1.7963     1.6717 0.0000e+00
     95.000    17.2872   4.672487    36.3027       2890     2.0065     1.7889     1.6661 0.0000e+00
     96.000    17.2597   4.670297    36.3079       2913     2.0222     1.7733     1.6525 0.0000e+00
     97.000    17.2384   4.667875    36.3056       2941     2.0417     1.7630     1.6377 0.0000e+00
     98.000    17.1433   4.656655    36.2927       2973     2.0640     1.7606     1.6356 0.0000e+00
     99.000    17.0305   4.643232    36.2765       3012     2.0908     1.7545     1.6293 0.0000e+00
    100.000    16.9781   4.637270    36.2710       3052     2.1189     1.7480     1.6237 0.0000e+00
    101.000    16.9396   4.633618    36.2733       3084     2.1408     1.7522     1.6250 0.0000e+00
    102.000    16.8667   4.625054    36.2634       3109     2.1585     1.7607     1.6310 0.0000e+00
    103.000    16.8675   4.624993    36.2618       3131     2.1737     1.7707     1.6382 0.0000e+00
    104.000    16.8327   4.620421    36.2526       3151     2.1878     1.7826     1.6482 0.0000e+00
    105.000    16.7999   4.616057    36.2434       3172     2.2020     1.7914     1.6570 0.0000e+00
    106.000    16.7644   4.611233    36.2326       3194     2.2176     1.7960     1.6640 0.0000e+00
    107.000    16.7416   4.608062    36.2248       3223     2.2374     1.7989     1.6715 0.0000e+00
    108.000    16.6273   4.593407    36.1983       3259     2.2622     1.8044     1.6762 0.0000e+00
    109.000    16.1128   4.529567    36.0974       3297     2.2889     1.8077     1.6780 0.0000e+00
    110.000    15.8201   4.494150    36.0461       3330     2.3118     1.8024     1.6757 0.0000e+00
    111.000    15.7497   4.485465    36.0319       3357     2.3305     1.8030     1.6740 0.0000e+00
    112.000    15.7009   4.480084    36.0275       3381     2.3471     1.8022     1.6761 0.0000e+00
    113.000    15.6342   4.472408    36.0188       3405     2.3637     1.8020     1.6780 0.0000e+00
    114.000    15.4766   4.453390    35.9906       3431     2.3819     1.8053     1.6817 0.0000e+00
    115.000    15.2908   4.431055    35.9577       3458     2.4006     1.8058     1.6810 0.0000e+00
    116.000    15.1338   4.412239    35.9300       3483     2.4181     1.8038     1.6814 0.0000e+00
    117.000    15.1024   4.408521    35.9245       3508     2.4354     1.8028     1.6806 0.0000e+00
    118.000    15.0579   4.403510    35.9192       3538     2.4562     1.8090     1.6820 0.0000e+00
    119.000    15.0390   4.402369    35.9258       3576     2.4827     1.8162     1.6836 0.0000e+00
    120.000    15.0339   4.401964    35.9264       3611     2.5066     1.8177     1.6841 0.0000e+00
    121.000    15.0318   4.401758    35.9259       3637     2.5247     1.8187     1.6850 0.0000e+00
    122.000    15.0283   4.401233    35.9239       3658     2.5397     1.8181     1.6865 0.0000e+00
    123.000    15.0215   4.400350    35.9217       3678     2.5537     1.8169     1.6893 0.0000e+00
    124.000    15.0211   4.400218    35.9205       3701     2.5694     1.8178     1.6900 0.0000e+00
    125.000    15.0255   4.400659    35.9201       3731     2.5905     1.8186     1.6932 0.0000e+00
    126.000    15.0243   4.400467    35.9190       3769     2.6164     1.8213     1.6948 0.0000e+00
    127.000    15.0192   4.399788    35.9170       3800     2.6380     1.8237     1.6940 0.0000e+00
    128.000    15.0144   4.399155    35.9153       3826     2.6561     1.8225     1.6941 0.0000e+00
    129.000    15.0078   4.398319    35.9133       3850     2.6727     1.8211     1.6942 0.0000e+00
    130.000    15.0094   4.398491    35.9129       3873     2.6892     1.8203     1.6916 0.0000e+00
    131.000    15.0110   4.398720    35.9131       3898     2.7063     1.8224     1.6901 0.0000e+00
    132.000    15.0126   4.398876    35.9127       3928     2.7270     1.8217     1.6898 0.0000e+00
    133.000    15.0146   4.399129    35.9127       3970     2.7563     1.8231     1.6899 0.0000e+00
    134.000    14.9777   4.394615    35.9050       4006     2.7813     1.8244     1.6905 0.0000e+00
    135.000    14.9408   4.390173    35.8979       4029     2.7974     1.8238     1.6906 0.0000e+00
    136.000    14.9512   4.391143    35.8968       4049     2.8112     1.8235     1.6884 0.0000e+00
    137.000    14.9759   4.394225    35.9018       4069     2.8252     1.8217     1.6891 0.0000e+00
    138.000    14.9228   4.388170    35.8948       4091     2.8403     1.8204     1.6908 0.0000e+00
    139.000    14.8785   4.382646    35.8845       4115     2.8571     1.8200     1.6915 0.0000e+00
    140.000    14.8784   4.382598    35.8837       4140     2.8746     1.8194     1.6886 0.0000e+00
    141.000    14.8785   4.382551    35.8828       4168     2.8940     1.8190     1.6876 0.0000e+00
    142.000    14.8691   4.381416    35.8806       4204     2.9189     1.8187     1.6884 0.0000e+00
    143.000    14.8651   4.380885    35.8790       4248     2.9491     1.8168     1.6875 0.0000e+00
    144.000    14.8479   4.379060    35.8777       4285     2.9751     1.8183     1.6864 0.0000e+00
    145.000    14.8336   4.377590    35.8770       4312     2.9934     1.8191     1.6873 0.0000e+00
    146.000    14.8217   4.376497    35.8775       4332     3.0075     1.8188     1.6863 0.0000e+00
    147.000    14.8002   4.374551    35.8790       4350     3.0201     1.8175     1.6860 0.0000e+00
    148.000    14.7833   4.373048    35.8803       4369     3.0335     1.8164     1.6852 0.0000e+00
    149.000    14.7586   4.370799    35.8820       4392     3.0495     1.8121     1.6817 0.0000e+00
    150.000    14.7562   4.370484    35.8810       4423     3.0708     1.8084     1.6796 0.0000e+00
    151.000    14.7388   4.369027    35.8832       4457     3.0946     1.8065     1.6774 0.0000e+00
    152.000    14.7313   4.368357    35.8835       4488     3.1158     1.8046     1.6764 0.0000e+00
    153.000    14.7286   4.368146    35.8837       4516     3.1353     1.8036     1.6732 0.0000e+00
    154.000    14.6797   4.364055    35.8907       4544     3.1547     1.8001     1.6707 0.0000e+00
    155.000    14.6481   4.361252    35.8937       4570     3.1729     1.7974     1.6682 0.0000e+00
    156.000    14.6256   4.359342    35.8964       4594     3.1899     1.7926     1.6658 0.0000e+00
    157.000    14.6129   4.358112    35.8964       4620     3.2078     1.7855     1.6618 0.0000e+00
    158.000    14.5836   4.355256    35.8967       4649     3.2278     1.7829     1.6569 0.0000e+00
    159.000    14.5713   4.353864    35.8949       4681     3.2497     1.7809     1.6525 0.0000e+00
    160.000    14.5626   4.352907    35.8936       4710     3.2702     1.7770     1.6495 0.0000e+00
    161.000    14.5586   4.352439    35.8926       4736     3.2884     1.7757     1.6458 0.0000e+00
    162.000    14.5554   4.352068    35.8917       4761     3.3056     1.7743     1.6448 0.0000e+00
