HB2407/CTD164.cnv
* Sea-Bird SBE 9 Data File:
* FileName = C:\cruise\data\CTD164.hex
* Software Version Seasave V 7.26.7.121
* Temperature SN = 4591
* Conductivity SN = 6006
* Number of Bytes Per Scan = 37
* Number of Voltage Words = 4
* Number of Scans Averaged by the Deck Unit = 1
* NMEA Latitude = 42 35.01 N
* NMEA Longitude = 068 34.31 W
* NMEA UTC (Time) = Oct 18 2024 20:41:03
* NMEA baud rate = 4800
** Ship: Bigelow HB2407
** Program:  Fall Bottom Trawl Survey
** Chief Scientist: John Galbraith
# nquan = 9
# nvalues = 400                         
# units = specified
# name 0 = depSM: Depth [salt water, m]
# name 1 = t090C: Temperature [ITS-90, deg C]
# name 2 = c0S/m: Conductivity [S/m]
# name 3 = sal00: Salinity, Practical [PSU]
# name 4 = scan: Scan Count
# name 5 = timeM: Time, Elapsed [minutes]
# name 6 = sbeox0V: Oxygen raw, SBE 43 [V]
# name 7 = sbeox1V: Oxygen raw, SBE 43, 2 [V]
# name 8 = flag: flag
# span 0 =      1.000,    201.000       
# span 1 =     6.4317,    14.3349       
# span 2 =   3.251236,   3.898816       
# span 3 =    31.9341,    34.3482       
# span 4 =         -0,      12555       
# span 5 =    -0.0011,     8.7179       
# span 6 =     1.7699,     2.5419       
# span 7 =     1.6392,     2.3466       
# span 8 = 0.0000e+00, 0.0000e+00       
# interval = meters: 1                  
# start_time = Oct 18 2024 20:41:03 [NMEA time, header]
# bad_flag = -9.990e-29
*END*
      2.000    14.3251   3.896806    31.9744         -0    -0.0011     2.5332     2.3401 0.0000e+00
      3.000    14.3249   3.896861    31.9746         23     0.0153     2.5365     2.3438 0.0000e+00
      4.000    14.3249   3.896906    31.9746        128     0.0880     2.5366     2.3454 0.0000e+00
      5.000    14.3253   3.896999    31.9748        279     0.1930     2.5405     2.3428 0.0000e+00
      6.000    14.3253   3.897045    31.9749        324     0.2243     2.5419     2.3426 0.0000e+00
      7.000    14.3267   3.897226    31.9750        341     0.2362     2.5393     2.3432 0.0000e+00
      8.000    14.3268   3.897284    31.9750        356     0.2468     2.5377     2.3442 0.0000e+00
      9.000    14.3278   3.897408    31.9749        371     0.2571     2.5373     2.3428 0.0000e+00
     10.000    14.3272   3.897401    31.9750        406     0.2811     2.5352     2.3412 0.0000e+00
     11.000    14.3287   3.897566    31.9749        498     0.3450     2.5349     2.3454 0.0000e+00
     12.000    14.3316   3.897858    31.9748        510     0.3533     2.5349     2.3414 0.0000e+00
     13.000    14.3295   3.897697    31.9746        585     0.4054     2.5340     2.3393 0.0000e+00
     14.000    14.3282   3.897639    31.9748        665     0.4610     2.5330     2.3419 0.0000e+00
     15.000    14.3287   3.897724    31.9748        686     0.4758     2.5312     2.3401 0.0000e+00
     16.000    14.3299   3.897878    31.9748        717     0.4971     2.5313     2.3386 0.0000e+00
     17.000    14.3320   3.898119    31.9749        759     0.5264     2.5306     2.3425 0.0000e+00
     18.000    14.3327   3.898219    31.9748        788     0.5464     2.5293     2.3447 0.0000e+00
     19.000    14.3328   3.898288    31.9750        808     0.5605     2.5298     2.3445 0.0000e+00
     20.000    14.3333   3.898359    31.9748        828     0.5741     2.5309     2.3441 0.0000e+00
     21.000    14.3346   3.898489    31.9745        852     0.5912     2.5327     2.3428 0.0000e+00
     22.000    14.3349   3.898561    31.9746        887     0.6151     2.5310     2.3396 0.0000e+00
     23.000    14.3345   3.898588    31.9748        928     0.6437     2.5296     2.3391 0.0000e+00
     24.000    14.3347   3.898646    31.9748        961     0.6667     2.5290     2.3375 0.0000e+00
     25.000    14.3346   3.898694    31.9749        982     0.6815     2.5288     2.3378 0.0000e+00
     26.000    14.3347   3.898764    31.9751       1000     0.6935     2.5277     2.3370 0.0000e+00
     27.000    14.3347   3.898785    31.9749       1016     0.7048     2.5270     2.3365 0.0000e+00
     28.000    14.3332   3.898741    31.9754       1034     0.7176     2.5248     2.3381 0.0000e+00
     29.000    14.3338   3.898816    31.9752       1070     0.7424     2.5266     2.3373 0.0000e+00
     30.000    14.3305   3.898673    31.9761       1132     0.7852     2.5283     2.3370 0.0000e+00
     31.000    14.3292   3.898635    31.9765       1154     0.8005     2.5291     2.3369 0.0000e+00
     32.000    14.3287   3.898634    31.9765       1172     0.8130     2.5291     2.3371 0.0000e+00
     33.000    14.3283   3.898643    31.9766       1188     0.8245     2.5279     2.3368 0.0000e+00
     34.000    14.1482   3.884145    31.9926       1205     0.8361     2.5287     2.3354 0.0000e+00
     35.000    13.8849   3.862935    32.0159       1224     0.8492     2.5266     2.3329 0.0000e+00
     36.000    13.7400   3.851175    32.0277       1268     0.8798     2.4919     2.3115 0.0000e+00
     37.000    13.2884   3.816528    32.0837       1339     0.9290     2.4540     2.2777 0.0000e+00
     38.000    12.7638   3.773604    32.1233       1355     0.9402     2.4484     2.2708 0.0000e+00
     39.000    12.4882   3.751068    32.1437       1369     0.9498     2.4353     2.2617 0.0000e+00
     40.000    12.3082   3.736174    32.1552       1381     0.9584     2.4212     2.2511 0.0000e+00
     41.000    12.1382   3.722211    32.1668       1393     0.9670     2.4045     2.2398 0.0000e+00
     42.000    12.0209   3.711952    32.1686       1408     0.9769     2.3819     2.2245 0.0000e+00
     43.000    11.9799   3.707130    32.1570       1463     1.0152     2.3359     2.1754 0.0000e+00
     44.000    11.7380   3.687066    32.1714       1534     1.0647     2.3150     2.1431 0.0000e+00
     45.000    11.1355   3.641195    32.2473       1548     1.0742     2.3110     2.1415 0.0000e+00
     46.000    10.8090   3.615247    32.2773       1561     1.0834     2.3023     2.1370 0.0000e+00
     47.000    10.5930   3.596367    32.2798       1574     1.0925     2.2886     2.1283 0.0000e+00
     48.000    10.5736   3.594095    32.2738       1589     1.1031     2.2722     2.1153 0.0000e+00
     49.000    10.5485   3.590927    32.2639       1610     1.1174     2.2572     2.1029 0.0000e+00
     50.000    10.5242   3.587573    32.2515       1656     1.1493     2.2457     2.0870 0.0000e+00
     51.000    10.4963   3.584077    32.2409       1722     1.1952     2.2384     2.0734 0.0000e+00
     52.000    10.4385   3.578812    32.2389       1740     1.2077     2.2378     2.0708 0.0000e+00
     53.000    10.3414   3.570639    32.2426       1757     1.2191     2.2367     2.0688 0.0000e+00
     54.000    10.0728   3.549223    32.2654       1773     1.2308     2.2344     2.0680 0.0000e+00
     55.000     9.5394   3.504553    32.2885       1794     1.2449     2.2242     2.0639 0.0000e+00
     56.000     9.0645   3.467417    32.3351       1821     1.2639     2.2029     2.0508 0.0000e+00
     57.000     8.9533   3.459357    32.3522       1862     1.2921     2.1794     2.0321 0.0000e+00
     58.000     8.9116   3.456023    32.3550       1900     1.3191     2.1770     2.0229 0.0000e+00
     59.000     8.9054   3.456180    32.3619       1925     1.3360     2.1758     2.0178 0.0000e+00
     60.000     8.7866   3.448209    32.3868       1944     1.3493     2.1760     2.0142 0.0000e+00
     61.000     8.3242   3.409372    32.4031       1963     1.3623     2.1760     2.0119 0.0000e+00
     62.000     7.9888   3.380149    32.4027       1993     1.3831     2.1593     2.0021 0.0000e+00
     63.000     7.7345   3.356512    32.3861       2067     1.4347     2.1279     1.9814 0.0000e+00
     64.000     7.6797   3.350937    32.3768       2084     1.4465     2.1299     1.9809 0.0000e+00
     65.000     7.6361   3.346825    32.3728       2098     1.4562     2.1302     1.9789 0.0000e+00
     66.000     7.5986   3.343217    32.3685       2111     1.4651     2.1292     1.9769 0.0000e+00
     67.000     7.5587   3.339444    32.3646       2123     1.4739     2.1278     1.9749 0.0000e+00
     68.000     7.4946   3.333471    32.3596       2138     1.4841     2.1272     1.9741 0.0000e+00
     69.000     7.3438   3.319310    32.3471       2191     1.5206     2.1275     1.9714 0.0000e+00
     70.000     6.9881   3.287578    32.3353       2268     1.5741     2.1342     1.9730 0.0000e+00
     71.000     6.8680   3.278768    32.3515       2286     1.5869     2.1325     1.9713 0.0000e+00
     72.000     6.8704   3.280199    32.3644       2302     1.5982     2.1300     1.9688 0.0000e+00
     73.000     6.8393   3.278491    32.3745       2317     1.6081     2.1288     1.9673 0.0000e+00
     74.000     6.7552   3.272117    32.3835       2331     1.6182     2.1291     1.9685 0.0000e+00
     75.000     6.6066   3.259940    32.3897       2347     1.6294     2.1288     1.9697 0.0000e+00
     76.000     6.5111   3.255174    32.4271       2367     1.6429     2.1246     1.9690 0.0000e+00
     77.000     6.4978   3.254876    32.4361       2393     1.6608     2.1185     1.9641 0.0000e+00
     78.000     6.4944   3.254931    32.4394       2464     1.7106     2.1116     1.9566 0.0000e+00
     79.000     6.4751   3.254539    32.4529       2522     1.7507     2.1090     1.9515 0.0000e+00
     80.000     6.4786   3.255384    32.4584       2539     1.7622     2.1095     1.9498 0.0000e+00
     81.000     6.4787   3.255730    32.4617       2552     1.7716     2.1097     1.9487 0.0000e+00
     82.000     6.4777   3.255956    32.4646       2565     1.7803     2.1095     1.9485 0.0000e+00
     83.000     6.4717   3.255718    32.4672       2578     1.7893     2.1079     1.9478 0.0000e+00
     84.000     6.4652   3.255478    32.4703       2592     1.7995     2.1058     1.9473 0.0000e+00
     85.000     6.4649   3.255533    32.4707       2615     1.8151     2.1022     1.9451 0.0000e+00
     86.000     6.4709   3.255990    32.4696       2680     1.8603     2.0962     1.9391 0.0000e+00
     87.000     6.4892   3.258690    32.4815       2717     1.8859     2.0954     1.9379 0.0000e+00
     88.000     6.5012   3.261487    32.5005       2742     1.9032     2.0960     1.9369 0.0000e+00
     89.000     6.4825   3.261691    32.5201       2770     1.9226     2.0948     1.9343 0.0000e+00
     90.000     6.4766   3.263218    32.5421       2799     1.9428     2.0884     1.9297 0.0000e+00
     91.000     6.4877   3.264425    32.5444       2825     1.9611     2.0828     1.9254 0.0000e+00
     92.000     6.4902   3.264774    32.5454       2848     1.9769     2.0804     1.9225 0.0000e+00
     93.000     6.4834   3.264550    32.5489       2868     1.9911     2.0774     1.9196 0.0000e+00
     94.000     6.4615   3.263741    32.5603       2887     2.0042     2.0751     1.9174 0.0000e+00
     95.000     6.4317   3.263619    32.5869       2906     2.0176     2.0733     1.9154 0.0000e+00
     96.000     6.4475   3.266942    32.6081       2929     2.0333     2.0704     1.9123 0.0000e+00
     97.000     6.4635   3.270119    32.6275       2990     2.0760     2.0620     1.9044 0.0000e+00
     98.000     6.4779   3.275611    32.6740       3042     2.1117     2.0517     1.8967 0.0000e+00
     99.000     6.4869   3.277775    32.6889       3058     2.1232     2.0496     1.8951 0.0000e+00
    100.000     6.4916   3.279035    32.6977       3074     2.1342     2.0469     1.8931 0.0000e+00
    101.000     6.5000   3.280414    32.7045       3090     2.1448     2.0433     1.8901 0.0000e+00
    102.000     6.5165   3.283100    32.7179       3106     2.1562     2.0393     1.8864 0.0000e+00
    103.000     6.5457   3.288677    32.7511       3125     2.1695     2.0340     1.8826 0.0000e+00
    104.000     6.5624   3.291287    32.7634       3152     2.1881     2.0286     1.8774 0.0000e+00
    105.000     6.5786   3.293696    32.7740       3197     2.2195     2.0191     1.8665 0.0000e+00
    106.000     6.5958   3.296677    32.7899       3240     2.2494     2.0090     1.8570 0.0000e+00
    107.000     6.6217   3.302155    32.8250       3265     2.2668     2.0036     1.8533 0.0000e+00
    108.000     6.6401   3.305368    32.8423       3288     2.2824     2.0004     1.8504 0.0000e+00
    109.000     6.6589   3.309352    32.8677       3312     2.2990     1.9962     1.8456 0.0000e+00
    110.000     6.6748   3.312755    32.8894       3336     2.3159     1.9898     1.8398 0.0000e+00
    111.000     6.6844   3.314753    32.9017       3359     2.3321     1.9830     1.8336 0.0000e+00
    112.000     6.6924   3.316189    32.9093       3384     2.3493     1.9754     1.8259 0.0000e+00
    113.000     6.6990   3.317447    32.9164       3412     2.3685     1.9681     1.8174 0.0000e+00
    114.000     6.7042   3.318433    32.9218       3440     2.3883     1.9605     1.8103 0.0000e+00
    115.000     6.7206   3.321359    32.9377       3469     2.4084     1.9552     1.8043 0.0000e+00
    116.000     6.7346   3.323418    32.9464       3502     2.4312     1.9506     1.8006 0.0000e+00
    117.000     6.7394   3.324533    32.9536       3533     2.4529     1.9456     1.7969 0.0000e+00
    118.000     6.7393   3.325297    32.9616       3556     2.4688     1.9430     1.7939 0.0000e+00
    119.000     6.7397   3.325823    32.9665       3575     2.4821     1.9404     1.7923 0.0000e+00
    120.000     6.7423   3.326576    32.9718       3595     2.4955     1.9381     1.7903 0.0000e+00
    121.000     6.7455   3.327342    32.9767       3620     2.5133     1.9331     1.7879 0.0000e+00
    122.000     6.7474   3.327830    32.9798       3662     2.5423     1.9249     1.7845 0.0000e+00
    123.000     6.7767   3.333259    33.0108       3698     2.5672     1.9211     1.7814 0.0000e+00
    124.000     6.8222   3.340736    33.0487       3719     2.5820     1.9202     1.7790 0.0000e+00
    125.000     6.8392   3.343337    33.0603       3738     2.5951     1.9198     1.7775 0.0000e+00
    126.000     6.8553   3.346130    33.0750       3759     2.6096     1.9174     1.7742 0.0000e+00
    127.000     6.8723   3.349142    33.0912       3790     2.6311     1.9087     1.7669 0.0000e+00
    128.000     6.8836   3.351227    33.1027       3828     2.6579     1.8999     1.7592 0.0000e+00
    129.000     6.8908   3.352619    33.1105       3854     2.6754     1.8956     1.7544 0.0000e+00
    130.000     6.9011   3.354456    33.1203       3873     2.6889     1.8924     1.7508 0.0000e+00
    131.000     6.9097   3.356038    33.1289       3891     2.7014     1.8895     1.7480 0.0000e+00
    132.000     6.9168   3.357376    33.1361       3910     2.7148     1.8851     1.7452 0.0000e+00
    133.000     6.9280   3.359526    33.1484       3948     2.7407     1.8777     1.7389 0.0000e+00
    134.000     6.9328   3.360495    33.1540       4021     2.7920     1.8675     1.7268 0.0000e+00
    135.000     6.9344   3.360830    33.1556       4039     2.8039     1.8662     1.7257 0.0000e+00
    136.000     6.9367   3.361280    33.1578       4053     2.8138     1.8653     1.7245 0.0000e+00
    137.000     6.9400   3.361911    33.1610       4066     2.8229     1.8644     1.7233 0.0000e+00
    138.000     6.9443   3.362703    33.1651       4079     2.8321     1.8626     1.7217 0.0000e+00
    139.000     6.9503   3.363825    33.1712       4094     2.8422     1.8609     1.7211 0.0000e+00
    140.000     6.9586   3.365356    33.1794       4111     2.8545     1.8594     1.7199 0.0000e+00
    141.000     6.9680   3.367055    33.1885       4155     2.8847     1.8561     1.7175 0.0000e+00
    142.000     6.9781   3.368925    33.1987       4230     2.9367     1.8523     1.7124 0.0000e+00
    143.000     6.9905   3.371078    33.2098       4253     2.9529     1.8519     1.7105 0.0000e+00
    144.000     7.0110   3.374545    33.2275       4271     2.9653     1.8509     1.7093 0.0000e+00
    145.000     7.0512   3.381242    33.2614       4288     2.9769     1.8502     1.7084 0.0000e+00
    146.000     7.1070   3.391064    33.3142       4306     2.9895     1.8479     1.7073 0.0000e+00
    147.000     7.1206   3.393379    33.3260       4327     3.0044     1.8451     1.7051 0.0000e+00
    148.000     7.1625   3.399388    33.3505       4350     3.0201     1.8391     1.7011 0.0000e+00
    149.000     7.2163   3.405798    33.3679       4370     3.0343     1.8320     1.6955 0.0000e+00
    150.000     7.3444   3.422671    33.4271       4390     3.0482     1.8272     1.6905 0.0000e+00
    151.000     7.4439   3.434691    33.4609       4452     3.0908     1.8285     1.6889 0.0000e+00
    152.000     7.4782   3.439374    33.4780       4507     3.1293     1.8311     1.6935 0.0000e+00
    153.000     7.4944   3.441882    33.4891       4524     3.1408     1.8312     1.6943 0.0000e+00
    154.000     7.5003   3.442968    33.4946       4537     3.1502     1.8326     1.6950 0.0000e+00
    155.000     7.5046   3.443669    33.4976       4550     3.1593     1.8341     1.6954 0.0000e+00
    156.000     7.5059   3.443900    33.4984       4565     3.1692     1.8361     1.6964 0.0000e+00
    157.000     7.5155   3.445409    33.5049       4582     3.1809     1.8366     1.6984 0.0000e+00
    158.000     7.5191   3.449329    33.5433       4604     3.1967     1.8373     1.6999 0.0000e+00
    159.000     7.5394   3.452796    33.5607       4656     3.2325     1.8329     1.6969 0.0000e+00
    160.000     7.5690   3.457209    33.5792       4715     3.2733     1.8247     1.6906 0.0000e+00
    161.000     7.5802   3.458820    33.5853       4735     3.2878     1.8258     1.6906 0.0000e+00
