HB2407/CTD186.cnv
* Sea-Bird SBE 9 Data File:
* FileName = C:\cruise\data\CTD186.hex
* Software Version Seasave V 7.26.7.121
* Temperature SN = 4591
* Conductivity SN = 6006
* Number of Bytes Per Scan = 37
* Number of Voltage Words = 4
* Number of Scans Averaged by the Deck Unit = 1
* NMEA Latitude = 42 00.44 N
* NMEA Longitude = 065 51.89 W
* NMEA UTC (Time) = Oct 31 2024 20:00:31
* NMEA baud rate = 4800
** Ship: Bigelow HB2407
** Program:  Fall Bottom Trawl Survey
** Chief Scientist: John Galbraith
# nquan = 9
# nvalues = 375                         
# units = specified
# name 0 = depSM: Depth [salt water, m]
# name 1 = t090C: Temperature [ITS-90, deg C]
# name 2 = c0S/m: Conductivity [S/m]
# name 3 = sal00: Salinity, Practical [PSU]
# name 4 = scan: Scan Count
# name 5 = timeM: Time, Elapsed [minutes]
# name 6 = sbeox0V: Oxygen raw, SBE 43 [V]
# name 7 = sbeox1V: Oxygen raw, SBE 43, 2 [V]
# name 8 = flag: flag
# span 0 =      1.000,    189.000       
# span 1 =     6.7762,    13.9206       
# span 2 =   3.355761,   3.846348       
# span 3 =    31.6874,    34.6759       
# span 4 =        222,      12216       
# span 5 =     0.1537,     8.4827       
# span 6 =     1.9843,     2.5711       
# span 7 =     1.8553,     2.4050       
# span 8 = 0.0000e+00, 0.0000e+00       
# interval = meters: 1                  
# start_time = Oct 31 2024 20:00:31 [NMEA time, header]
# bad_flag = -9.990e-29
*END*
[from data line 321]
     54.000    10.1530   3.581874    32.5234       9968     6.9216     2.4380     2.2757 0.0000e+00
     53.000    10.1512   3.581400    32.5206      10005     6.9469     2.4369     2.2760 0.0000e+00
     52.000    10.1524   3.579605    32.5019      10028     6.9634     2.4351     2.2761 0.0000e+00
     51.000    10.1568   3.578713    32.4894      10049     6.9777     2.4369     2.2752 0.0000e+00
     50.000    10.1649   3.577680    32.4721      10070     6.9925     2.4366     2.2759 0.0000e+00
     49.000    10.1792   3.576764    32.4505      10096     7.0105     2.4378     2.2767 0.0000e+00
     48.000    10.2350   3.576678    32.4002      10130     7.0341     2.4413     2.2757 0.0000e+00
     47.000    10.4561   3.586484    32.3024      10161     7.0552     2.4400     2.2770 0.0000e+00
     46.000    10.7083   3.601526    32.2298      10183     7.0710     2.4506     2.2812 0.0000e+00
     45.000    10.8141   3.608892    32.2102      10205     7.0860     2.4662     2.2872 0.0000e+00
     44.000    10.9855   3.618813    32.1584      10234     7.1065     2.4751     2.2936 0.0000e+00
     43.000    11.2512   3.635438    32.0906      10273     7.1333     2.4788     2.3017 0.0000e+00
     42.000    11.5142   3.647390    31.9799      10304     7.1551     2.4803     2.3093 0.0000e+00
     41.000    11.6485   3.656525    31.9534      10336     7.1767     2.4917     2.3162 0.0000e+00
     40.000    11.6717   3.657760    31.9457      10369     7.2000     2.4947     2.3237 0.0000e+00
     39.000    11.7065   3.659262    31.9309      10395     7.2178     2.4932     2.3263 0.0000e+00
     38.000    11.7477   3.661798    31.9204      10416     7.2328     2.4933     2.3275 0.0000e+00
     37.000    11.7818   3.664356    31.9164      10439     7.2489     2.4964     2.3295 0.0000e+00
     36.000    11.9326   3.673497    31.8760      10472     7.2716     2.5003     2.3326 0.0000e+00
     35.000    11.9840   3.676974    31.8660      10509     7.2971     2.5005     2.3355 0.0000e+00
     34.000    12.1659   3.687204    31.8097      10534     7.3143     2.5053     2.3388 0.0000e+00
     33.000    12.1762   3.688053    31.8095      10555     7.3289     2.5114     2.3418 0.0000e+00
     32.000    12.1757   3.687618    31.8061      10576     7.3437     2.5157     2.3447 0.0000e+00
     31.000    12.1875   3.687085    31.7914      10602     7.3617     2.5144     2.3482 0.0000e+00
     30.000    12.1801   3.684615    31.7744      10635     7.3846     2.5127     2.3497 0.0000e+00
     29.000    12.1880   3.682456    31.7474      10665     7.4053     2.5140     2.3494 0.0000e+00
     28.000    12.3067   3.689378    31.7136      10689     7.4220     2.5153     2.3498 0.0000e+00
     27.000    12.4533   3.702786    31.7180      10712     7.4383     2.5237     2.3520 0.0000e+00
     26.000    12.5678   3.712943    31.7185      10738     7.4561     2.5310     2.3534 0.0000e+00
     25.000    12.7664   3.729426    31.7081      10767     7.4764     2.5306     2.3573 0.0000e+00
     24.000    12.9190   3.743006    31.7087      10798     7.4977     2.5312     2.3632 0.0000e+00
     23.000    13.2089   3.766491    31.6874      10823     7.5154     2.5347     2.3654 0.0000e+00
     22.000    13.4445   3.791341    31.7238      10845     7.5306     2.5481     2.3692 0.0000e+00
     21.000    13.5638   3.804678    31.7490      10868     7.5469     2.5594     2.3756 0.0000e+00
     20.000    13.6706   3.815972    31.7655      10901     7.5697     2.5592     2.3768 0.0000e+00
     19.000    13.6935   3.819263    31.7775      10943     7.5986     2.5579     2.3854 0.0000e+00
     18.000    13.7680   3.826824    31.7860      10968     7.6163     2.5565     2.3873 0.0000e+00
     17.000    13.8064   3.831754    31.8002      10989     7.6303     2.5552     2.3889 0.0000e+00
     16.000    13.8213   3.833515    31.8045      11010     7.6454     2.5586     2.3918 0.0000e+00
     15.000    13.8557   3.837331    31.8116      11044     7.6689     2.5609     2.3918 0.0000e+00
     14.000    13.8635   3.838323    31.8147      11083     7.6957     2.5656     2.3950 0.0000e+00
     13.000    13.8658   3.838774    31.8173      11108     7.7135     2.5675     2.3956 0.0000e+00
     12.000    13.8701   3.839351    31.8195      11132     7.7295     2.5635     2.3962 0.0000e+00
     11.000    13.8708   3.839425    31.8200      11159     7.7487     2.5633     2.3997 0.0000e+00
     10.000    13.8724   3.839697    31.8215      11193     7.7726     2.5641     2.3969 0.0000e+00
      9.000    13.8801   3.840395    31.8220      11222     7.7922     2.5632     2.3965 0.0000e+00
      8.000    13.8881   3.841469    31.8257      11245     7.8082     2.5651     2.4010 0.0000e+00
      7.000    13.8961   3.842402    31.8280      11292     7.8411     2.5685     2.4000 0.0000e+00
      6.000    13.9037   3.844041    31.8373      11951     8.2984     2.5709     2.4020 0.0000e+00
      5.000    13.9037   3.843950    31.8368      12047     8.3655     2.5680     2.4024 0.0000e+00
      4.000    13.9040   3.843926    31.8367      12079     8.3875     2.5660     2.4030 0.0000e+00
      3.000    13.9047   3.843978    31.8370      12143     8.4317     2.5666     2.4009 0.0000e+00
      2.000    13.9046   3.843944    31.8372      12184     8.4601     2.5693     2.4050 0.0000e+00
      1.000    13.9071   3.844116    31.8371      12216     8.4827     2.5711     2.3972 0.0000e+00
