HB2407/CTD136.cnv
* Sea-Bird SBE 9 Data File:
* FileName = C:\cruise\data\CTD136.hex
* Software Version Seasave V 7.26.7.121
* Temperature SN = 4591
* Conductivity SN = 6006
* Number of Bytes Per Scan = 37
* Number of Voltage Words = 4
* Number of Scans Averaged by the Deck Unit = 1
* NMEA Latitude = 41 10.02 N
* NMEA Longitude = 066 42.66 W
* NMEA UTC (Time) = Oct 11 2024 21:51:24
* NMEA baud rate = 4800
** Ship: Bigelow HB2407
** Program:  Fall Bottom Trawl Survey
** Chief Scientist: John Galbraith
# nquan = 9
# nvalues = 148                         
# units = specified
# name 0 = depSM: Depth [salt water, m]
# name 1 = t090C: Temperature [ITS-90, deg C]
# name 2 = c0S/m: Conductivity [S/m]
# name 3 = sal00: Salinity, Practical [PSU]
# name 4 = scan: Scan Count
# name 5 = timeM: Time, Elapsed [minutes]
# name 6 = sbeox0V: Oxygen raw, SBE 43 [V]
# name 7 = sbeox1V: Oxygen raw, SBE 43, 2 [V]
# name 8 = flag: flag
# span 0 =      1.000,     76.000       
# span 1 =     8.9508,    15.7471       
# span 2 =   3.471627,   4.013046       
# span 3 =    31.8107,    32.5114       
# span 4 =        131,       5285       
# span 5 =     0.0904,     3.6693       
# span 6 =     2.1952,     2.6031       
# span 7 =     2.0281,     2.4031       
# span 8 = 0.0000e+00, 0.0000e+00       
# interval = meters: 1                  
# start_time = Oct 11 2024 21:51:24 [NMEA time, header]
# bad_flag = -9.990e-29
*END*
      4.000    15.7416   4.011767    31.8512        131     0.0904     2.5985     2.3995 0.0000e+00
      5.000    15.7414   4.011766    31.8509        268     0.1854     2.5981     2.4031 0.0000e+00
      6.000    15.7426   4.011832    31.8502        277     0.1918     2.5959     2.4028 0.0000e+00
      7.000    15.7439   4.012012    31.8504        293     0.2030     2.5914     2.4026 0.0000e+00
      8.000    15.7441   4.012072    31.8504        339     0.2345     2.5942     2.3998 0.0000e+00
      9.000    15.7438   4.012164    31.8511        382     0.2645     2.6016     2.4028 0.0000e+00
     10.000    15.7459   4.012610    31.8529        403     0.2795     2.6031     2.4022 0.0000e+00
     11.000    15.7460   4.012623    31.8526        420     0.2911     2.6025     2.3999 0.0000e+00
     12.000    15.7423   4.012187    31.8514        437     0.3029     2.5992     2.3980 0.0000e+00
     13.000    15.7427   4.012268    31.8513        457     0.3167     2.5994     2.3980 0.0000e+00
     14.000    15.7471   4.012931    31.8533        501     0.3474     2.5970     2.3953 0.0000e+00
     15.000    15.7469   4.012967    31.8534        557     0.3862     2.6010     2.3982 0.0000e+00
     16.000    15.7445   4.012965    31.8550        574     0.3976     2.5973     2.3969 0.0000e+00
     17.000    15.7454   4.013037    31.8545        588     0.4074     2.5987     2.3963 0.0000e+00
     18.000    15.7460   4.012915    31.8526        602     0.4171     2.5973     2.3955 0.0000e+00
     19.000    15.7463   4.012921    31.8520        618     0.4287     2.5951     2.3948 0.0000e+00
     20.000    15.7461   4.012985    31.8524        666     0.4617     2.5949     2.3942 0.0000e+00
     21.000    15.7440   4.012993    31.8537        714     0.4951     2.5985     2.3972 0.0000e+00
     22.000    15.7425   4.012981    31.8545        729     0.5058     2.6011     2.3971 0.0000e+00
     23.000    15.7405   4.013046    31.8563        744     0.5161     2.5962     2.3971 0.0000e+00
     24.000    15.7306   4.012690    31.8608        762     0.5283     2.5876     2.3957 0.0000e+00
     25.000    15.7292   4.012586    31.8606        795     0.5517     2.5821     2.3909 0.0000e+00
     26.000    15.7163   4.011847    31.8641        835     0.5788     2.5846     2.3878 0.0000e+00
     27.000    15.7225   4.012284    31.8626        856     0.5936     2.5858     2.3893 0.0000e+00
     28.000    15.7160   4.011733    31.8626        875     0.6071     2.5875     2.3906 0.0000e+00
     29.000    15.6939   4.010103    31.8656        903     0.6263     2.5866     2.3913 0.0000e+00
     30.000    15.6988   4.010511    31.8649        947     0.6572     2.5845     2.3890 0.0000e+00
     31.000    15.5916   4.002330    31.8786        976     0.6773     2.5838     2.3881 0.0000e+00
     32.000    15.4572   3.991823    31.8935        995     0.6905     2.5814     2.3859 0.0000e+00
     33.000    15.0062   3.956772    31.9463       1013     0.7027     2.5763     2.3826 0.0000e+00
     34.000    14.6761   3.929274    31.9682       1034     0.7172     2.5532     2.3702 0.0000e+00
     35.000    14.1781   3.886270    31.9869       1080     0.7496     2.4766     2.3143 0.0000e+00
     36.000    13.7950   3.854761    32.0149       1119     0.7767     2.4376     2.2719 0.0000e+00
     37.000    13.5953   3.838304    32.0289       1137     0.7888     2.4270     2.2580 0.0000e+00
     38.000    13.4054   3.822717    32.0426       1154     0.8008     2.4167     2.2475 0.0000e+00
     39.000    12.8206   3.767992    32.0210       1175     0.8152     2.4053     2.2362 0.0000e+00
     40.000    11.9730   3.687448    31.9740       1206     0.8365     2.3785     2.2169 0.0000e+00
     41.000    11.2289   3.626522    32.0233       1239     0.8601     2.3805     2.2167 0.0000e+00
     42.000    10.8199   3.595239    32.0710       1270     0.8813     2.4067     2.2386 0.0000e+00
     43.000    10.3046   3.563050    32.2035       1299     0.9013     2.4199     2.2520 0.0000e+00
     44.000    10.0404   3.547770    32.2840       1324     0.9189     2.4128     2.2506 0.0000e+00
     45.000     9.7959   3.533374    32.3565       1349     0.9360     2.3990     2.2415 0.0000e+00
     46.000     9.6537   3.526361    32.4126       1378     0.9561     2.3710     2.2168 0.0000e+00
     47.000     9.4850   3.517287    32.4717       1412     0.9798     2.3312     2.1803 0.0000e+00
     48.000     9.3693   3.508191    32.4827       1439     0.9988     2.2933     2.1455 0.0000e+00
     49.000     9.3080   3.503300    32.4876       1459     1.0127     2.2664     2.1174 0.0000e+00
     50.000     9.1776   3.493256    32.5023       1480     1.0270     2.2455     2.0931 0.0000e+00
     51.000     9.0507   3.483003    32.5114       1510     1.0481     2.2232     2.0672 0.0000e+00
     52.000     9.0177   3.479803    32.5079       1546     1.0727     2.2111     2.0489 0.0000e+00
     53.000     9.0091   3.478817    32.5051       1568     1.0879     2.2092     2.0446 0.0000e+00
     54.000     9.0061   3.478391    32.5030       1585     1.0998     2.2068     2.0412 0.0000e+00
     55.000     9.0001   3.477715    32.5010       1602     1.1116     2.2033     2.0378 0.0000e+00
     56.000     8.9999   3.477438    32.4979       1628     1.1301     2.2009     2.0365 0.0000e+00
     57.000     9.0041   3.477075    32.4898       1710     1.1872     2.2039     2.0343 0.0000e+00
     58.000     8.9980   3.476561    32.4895       1725     1.1971     2.2016     2.0321 0.0000e+00
     59.000     8.9974   3.476415    32.4881       1740     1.2074     2.1997     2.0304 0.0000e+00
     60.000     8.9970   3.476320    32.4870       1753     1.2168     2.1979     2.0293 0.0000e+00
     61.000     8.9975   3.476311    32.4861       1768     1.2269     2.1977     2.0291 0.0000e+00
     62.000     8.9962   3.476201    32.4856       1785     1.2391     2.1991     2.0302 0.0000e+00
     63.000     8.9956   3.476009    32.4838       1825     1.2665     2.1994     2.0314 0.0000e+00
     64.000     8.9949   3.475737    32.4811       1891     1.3126     2.2004     2.0311 0.0000e+00
     65.000     8.9937   3.475597    32.4804       1913     1.3278     2.1993     2.0303 0.0000e+00
     66.000     8.9930   3.475549    32.4800       1931     1.3399     2.2000     2.0303 0.0000e+00
     67.000     8.9902   3.475347    32.4801       1946     1.3509     2.1997     2.0300 0.0000e+00
     68.000     8.9795   3.474487    32.4805       1962     1.3617     2.1996     2.0292 0.0000e+00
     69.000     8.9667   3.473468    32.4811       1980     1.3744     2.2002     2.0282 0.0000e+00
     70.000     8.9627   3.473042    32.4798       2023     1.4044     2.2000     2.0286 0.0000e+00
     71.000     8.9618   3.472836    32.4781       2092     1.4524     2.1964     2.0319 0.0000e+00
     72.000     8.9583   3.472596    32.4784       2108     1.4633     2.1974     2.0317 0.0000e+00
     73.000     8.9551   3.472388    32.4787       2122     1.4726     2.1980     2.0317 0.0000e+00
     74.000     8.9541   3.472345    32.4787       2134     1.4815     2.1991     2.0317 0.0000e+00
     75.000     8.9508   3.472131    32.4790       2148     1.4909     2.1990     2.0315 0.0000e+00
     76.000     8.9557   3.472393    32.4769       2184     1.5161     2.1973     2.0311 0.0000e+00
     75.000     8.9587   3.472613    32.4769       2206     1.5312     2.1968     2.0300 0.0000e+00
     74.000     8.9514   3.471627    32.4737       2632     1.8273     2.1989     2.0286 0.0000e+00
     73.000     8.9550   3.471657    32.4712       2961     2.0556     2.1978     2.0296 0.0000e+00
     72.000     8.9551   3.471627    32.4712       2974     2.0643     2.1987     2.0291 0.0000e+00
     71.000     8.9567   3.471674    32.4707       2993     2.0776     2.1981     2.0281 0.0000e+00
     70.000     8.9582   3.471752    32.4706       3014     2.0926     2.1972     2.0291 0.0000e+00
     69.000     8.9589   3.471765    32.4705       3042     2.1117     2.1967     2.0292 0.0000e+00
     68.000     8.9603   3.471808    32.4702       3077     2.1360     2.1961     2.0304 0.0000e+00
     67.000     8.9649   3.472059    32.4690       3110     2.1590     2.1963     2.0316 0.0000e+00
     66.000     8.9816   3.473240    32.4665       3136     2.1773     2.1972     2.0308 0.0000e+00
     65.000     8.9809   3.473229    32.4675       3159     2.1930     2.1996     2.0306 0.0000e+00
     64.000     8.9853   3.473504    32.4667       3180     2.2078     2.2006     2.0305 0.0000e+00
     63.000     8.9919   3.474030    32.4666       3204     2.2241     2.1994     2.0304 0.0000e+00
     62.000     8.9937   3.474196    32.4671       3232     2.2440     2.2006     2.0302 0.0000e+00
     61.000     8.9939   3.474177    32.4672       3261     2.2642     2.1994     2.0314 0.0000e+00
     60.000     8.9963   3.474371    32.4675       3286     2.2810     2.1974     2.0301 0.0000e+00
     59.000     8.9964   3.474364    32.4678       3308     2.2968     2.1960     2.0298 0.0000e+00
     58.000     8.9963   3.474327    32.4679       3332     2.3133     2.1952     2.0295 0.0000e+00
     57.000     8.9965   3.474310    32.4680       3358     2.3309     2.1952     2.0295 0.0000e+00
     56.000     8.9972   3.474310    32.4678       3383     2.3488     2.1957     2.0305 0.0000e+00
     55.000     9.0001   3.474477    32.4674       3407     2.3651     2.1962     2.0299 0.0000e+00
     54.000     9.0055   3.474827    32.4666       3430     2.3815     2.1972     2.0293 0.0000e+00
     53.000     9.0171   3.475631    32.4647       3464     2.4048     2.2000     2.0295 0.0000e+00
     52.000     9.0275   3.476382    32.4635       3503     2.4322     2.2006     2.0300 0.0000e+00
     51.000     9.0599   3.478546    32.4569       3525     2.4473     2.1994     2.0312 0.0000e+00
     50.000     9.0910   3.480940    32.4537       3542     2.4592     2.2001     2.0317 0.0000e+00
     49.000     9.1641   3.485874    32.4387       3559     2.4708     2.2012     2.0317 0.0000e+00
     48.000     9.2286   3.491087    32.4344       3579     2.4847     2.2034     2.0316 0.0000e+00
     47.000     9.3162   3.497583    32.4222       3612     2.5075     2.2063     2.0305 0.0000e+00
     46.000     9.3605   3.501126    32.4190       3649     2.5333     2.2063     2.0326 0.0000e+00
     45.000     9.5788   3.512656    32.3405       3674     2.5505     2.2079     2.0338 0.0000e+00
     44.000     9.7148   3.519327    32.2867       3695     2.5652     2.2140     2.0353 0.0000e+00
     43.000     9.8337   3.526101    32.2496       3716     2.5800     2.2276     2.0414 0.0000e+00
     42.000     9.9835   3.533591    32.1922       3741     2.5970     2.2529     2.0561 0.0000e+00
     41.000    10.3882   3.556559    32.0656       3770     2.6173     2.2905     2.0831 0.0000e+00
     40.000    11.0163   3.597625    31.9242       3795     2.6348     2.3311     2.1124 0.0000e+00
     39.000    11.7684   3.654779    31.8342       3816     2.6496     2.3756     2.1430 0.0000e+00
     38.000    12.0634   3.684651    31.8709       3839     2.6655     2.4313     2.1836 0.0000e+00
     37.000    12.9084   3.761026    31.8822       3871     2.6876     2.4788     2.2354 0.0000e+00
     36.000    13.1058   3.780504    31.9000       3901     2.7085     2.4670     2.2686 0.0000e+00
     35.000    13.6619   3.829009    31.8878       3921     2.7224     2.4633     2.2670 0.0000e+00
     34.000    13.8255   3.845246    31.9023       3940     2.7356     2.4627     2.2642 0.0000e+00
     33.000    14.1818   3.875231    31.8833       3964     2.7520     2.4587     2.2591 0.0000e+00
     32.000    14.5469   3.906988    31.8729       3999     2.7764     2.4584     2.2491 0.0000e+00
     31.000    15.1115   3.951142    31.8107       4031     2.7985     2.4551     2.2493 0.0000e+00
     30.000    15.3718   3.975033    31.8137       4053     2.8142     2.4681     2.2551 0.0000e+00
     29.000    15.4857   3.985834    31.8183       4074     2.8286     2.4931     2.2685 0.0000e+00
     28.000    15.5663   3.992854    31.8160       4095     2.8432     2.5163     2.2894 0.0000e+00
     27.000    15.6470   4.000157    31.8160       4119     2.8596     2.5375     2.3120 0.0000e+00
     26.000    15.6813   4.003421    31.8177       4146     2.8783     2.5590     2.3367 0.0000e+00
     25.000    15.6922   4.004973    31.8230       4175     2.8989     2.5745     2.3565 0.0000e+00
     24.000    15.7071   4.006761    31.8272       4212     2.9243     2.5821     2.3713 0.0000e+00
     23.000    15.7181   4.007394    31.8243       4241     2.9447     2.5805     2.3814 0.0000e+00
     22.000    15.7216   4.007900    31.8264       4263     2.9599     2.5824     2.3849 0.0000e+00
     21.000    15.7236   4.008183    31.8277       4282     2.9732     2.5875     2.3847 0.0000e+00
     20.000    15.7348   4.009236    31.8283       4304     2.9880     2.5913     2.3867 0.0000e+00
     19.000    15.7292   4.008967    31.8308       4337     3.0111     2.5934     2.3923 0.0000e+00
     18.000    15.7312   4.009480    31.8341       4391     3.0485     2.5901     2.3967 0.0000e+00
     17.000    15.7339   4.009900    31.8360       4420     3.0690     2.5925     2.3949 0.0000e+00
     16.000    15.7343   4.009944    31.8364       4441     3.0836     2.5923     2.3956 0.0000e+00
     15.000    15.7392   4.010394    31.8368       4466     3.1010     2.5937     2.3941 0.0000e+00
     14.000    15.7373   4.010345    31.8383       4505     3.1279     2.5949     2.3960 0.0000e+00
     13.000    15.7386   4.010577    31.8397       4555     3.1625     2.5992     2.3995 0.0000e+00
     12.000    15.7410   4.010878    31.8408       4609     3.1997     2.5959     2.4002 0.0000e+00
     11.000    15.7404   4.010847    31.8414       4633     3.2168     2.5944     2.3998 0.0000e+00
     10.000    15.7405   4.010914    31.8422       4652     3.2299     2.5954     2.3980 0.0000e+00
      9.000    15.7407   4.010953    31.8428       4680     3.2491     2.5984     2.3985 0.0000e+00
      8.000    15.7389   4.010942    31.8445       4753     3.3002     2.5951     2.4010 0.0000e+00
      7.000    15.7407   4.011080    31.8447       4779     3.3181     2.6003     2.3989 0.0000e+00
      6.000    15.7416   4.011194    31.8453       4812     3.3411     2.5986     2.3957 0.0000e+00
      5.000    15.7414   4.011180    31.8458       4848     3.3661     2.5920     2.3969 0.0000e+00
      4.000    15.7400   4.011051    31.8461       4871     3.3823     2.5923     2.3991 0.0000e+00
      3.000    15.7360   4.010826    31.8477       5026     3.4893     2.5997     2.4025 0.0000e+00
      2.000    15.7359   4.010933    31.8491       5236     3.6352     2.6008     2.4012 0.0000e+00
      1.000    15.7354   4.010863    31.8492       5285     3.6693     2.5939     2.4006 0.0000e+00
