HB2407/CTD129.cnv
* Sea-Bird SBE 9 Data File:
* FileName = C:\cruise\data\CTD129.hex
* Software Version Seasave V 7.26.7.121
* Temperature SN = 4591
* Conductivity SN = 6006
* Number of Bytes Per Scan = 37
* Number of Voltage Words = 4
* Number of Scans Averaged by the Deck Unit = 1
* NMEA Latitude = 40 21.05 N
* NMEA Longitude = 067 44.65 W
* NMEA UTC (Time) = Oct 10 2024 07:56:49
* NMEA baud rate = 4800
** Ship: Bigelow HB2407
** Program:  Fall Bottom Trawl Survey
** Chief Scientist: John Galbraith
# nquan = 9
# nvalues = 415                         
# units = specified
# name 0 = depSM: Depth [salt water, m]
# name 1 = t090C: Temperature [ITS-90, deg C]
# name 2 = c0S/m: Conductivity [S/m]
# name 3 = sal00: Salinity, Practical [PSU]
# name 4 = scan: Scan Count
# name 5 = timeM: Time, Elapsed [minutes]
# name 6 = sbeox0V: Oxygen raw, SBE 43 [V]
# name 7 = sbeox1V: Oxygen raw, SBE 43, 2 [V]
# name 8 = flag: flag
# span 0 =      3.000,    210.000       
# span 1 =     6.4391,    17.8832       
# span 2 =   3.321480,   4.324158       
# span 3 =    32.2102,    34.7761       
# span 4 =        338,      12200       
# span 5 =     0.2343,     8.4717       
# span 6 =     1.9185,     2.7122       
# span 7 =     1.7725,     2.4623       
# span 8 = 0.0000e+00, 0.0000e+00       
# interval = meters: 1                  
# start_time = Oct 10 2024 07:56:49 [NMEA time, header]
# bad_flag = -9.990e-29
*END*
      3.000    17.7531   4.241881    32.2389        338     0.2343     2.5823     2.3862 0.0000e+00
      4.000    17.7660   4.242961    32.2374        628     0.4353     2.5822     2.3797 0.0000e+00
      5.000    17.7578   4.242352    32.2384        654     0.4535     2.5802     2.3825 0.0000e+00
      6.000    17.7642   4.242845    32.2372        686     0.4760     2.5798     2.3859 0.0000e+00
      7.000    17.7697   4.243399    32.2372        730     0.5062     2.5818     2.3870 0.0000e+00
      8.000    17.7679   4.243224    32.2368        764     0.5297     2.5759     2.3816 0.0000e+00
      9.000    17.7692   4.243389    32.2368        792     0.5492     2.5789     2.3821 0.0000e+00
     10.000    17.7694   4.243594    32.2380        825     0.5720     2.5805     2.3839 0.0000e+00
     11.000    17.7699   4.243711    32.2382        857     0.5947     2.5756     2.3851 0.0000e+00
     12.000    17.7700   4.243775    32.2383        882     0.6122     2.5791     2.3845 0.0000e+00
     13.000    17.7691   4.243883    32.2396        903     0.6265     2.5819     2.3836 0.0000e+00
     14.000    17.7730   4.244367    32.2403        923     0.6401     2.5824     2.3832 0.0000e+00
     15.000    17.8184   4.254324    32.2884        945     0.6553     2.5769     2.3833 0.0000e+00
     16.000    17.8519   4.266385    32.3637        971     0.6739     2.5785     2.3857 0.0000e+00
     17.000    17.8832   4.281942    32.4703       1013     0.7025     2.5879     2.3890 0.0000e+00
     18.000    17.8682   4.287381    32.5279       1053     0.7304     2.5958     2.3919 0.0000e+00
     19.000    17.8458   4.292241    32.5867       1076     0.7465     2.5969     2.3932 0.0000e+00
     20.000    17.5177   4.273122    32.6867       1094     0.7590     2.5986     2.3933 0.0000e+00
     21.000    17.3602   4.264988    32.7438       1111     0.7705     2.5959     2.3952 0.0000e+00
     22.000    17.3789   4.286305    32.9113       1128     0.7825     2.5907     2.3940 0.0000e+00
     23.000    17.2812   4.292576    33.0442       1148     0.7968     2.5968     2.3990 0.0000e+00
     24.000    17.3892   4.317720    33.1717       1180     0.8185     2.6105     2.4165 0.0000e+00
     25.000    17.4181   4.323381    33.1963       1227     0.8516     2.6329     2.4346 0.0000e+00
     26.000    17.4221   4.324158    33.1993       1265     0.8777     2.6337     2.4398 0.0000e+00
     27.000    17.4085   4.323056    33.2006       1294     0.8983     2.6342     2.4411 0.0000e+00
     28.000    17.3780   4.321045    33.2080       1319     0.9155     2.6359     2.4381 0.0000e+00
     29.000    16.8187   4.269338    33.2212       1338     0.9284     2.6345     2.4358 0.0000e+00
     30.000    15.1208   4.097000    33.1142       1354     0.9393     2.6304     2.4343 0.0000e+00
     31.000    13.8906   3.959217    32.9029       1368     0.9494     2.6079     2.4259 0.0000e+00
     32.000    13.3568   3.898457    32.7946       1384     0.9605     2.5606     2.3980 0.0000e+00
     33.000    12.6639   3.823524    32.6848       1406     0.9760     2.5287     2.3722 0.0000e+00
     34.000    11.2286   3.677174    32.5244       1465     1.0169     2.5176     2.3713 0.0000e+00
     35.000     9.8892   3.569311    32.6427       1506     1.0450     2.5101     2.3573 0.0000e+00
     36.000     8.7280   3.482426    32.8091       1529     1.0608     2.4895     2.3430 0.0000e+00
     37.000     8.5444   3.467542    32.8230       1552     1.0773     2.4394     2.3102 0.0000e+00
     38.000     8.5141   3.463349    32.8066       1579     1.0958     2.3915     2.2648 0.0000e+00
     39.000     8.4604   3.459582    32.8165       1603     1.1124     2.3652     2.2276 0.0000e+00
     40.000     8.3678   3.453697    32.8402       1623     1.1263     2.3510     2.2062 0.0000e+00
     41.000     8.3375   3.451034    32.8399       1643     1.1401     2.3401     2.1902 0.0000e+00
     42.000     8.2736   3.445625    32.8420       1666     1.1563     2.3321     2.1741 0.0000e+00
     43.000     8.2333   3.440908    32.8292       1699     1.1789     2.3245     2.1597 0.0000e+00
     44.000     8.2105   3.437968    32.8188       1733     1.2025     2.3222     2.1514 0.0000e+00
     45.000     8.1509   3.433194    32.8235       1756     1.2188     2.3243     2.1480 0.0000e+00
     46.000     8.0434   3.425410    32.8410       1777     1.2336     2.3221     2.1451 0.0000e+00
     47.000     7.9412   3.417675    32.8541       1804     1.2518     2.3166     2.1419 0.0000e+00
     48.000     7.8263   3.409485    32.8742       1844     1.2799     2.3141     2.1375 0.0000e+00
     49.000     7.7483   3.403684    32.8851       1880     1.3049     2.3122     2.1348 0.0000e+00
     50.000     7.6892   3.399594    32.8966       1903     1.3206     2.3101     2.1338 0.0000e+00
     51.000     7.6173   3.395078    32.9155       1922     1.3343     2.3052     2.1322 0.0000e+00
     52.000     7.4953   3.389281    32.9683       1943     1.3489     2.3010     2.1292 0.0000e+00
     53.000     7.3895   3.386097    33.0340       1967     1.3652     2.2976     2.1251 0.0000e+00
     54.000     7.3867   3.386072    33.0360       1993     1.3830     2.2928     2.1217 0.0000e+00
     55.000     7.3892   3.386430    33.0370       2017     1.4003     2.2911     2.1189 0.0000e+00
     56.000     7.3942   3.387285    33.0409       2040     1.4162     2.2899     2.1160 0.0000e+00
     57.000     7.3993   3.388191    33.0455       2063     1.4320     2.2882     2.1145 0.0000e+00
     58.000     7.4085   3.389983    33.0556       2090     1.4506     2.2866     2.1128 0.0000e+00
     59.000     7.4257   3.392753    33.0686       2138     1.4843     2.2857     2.1098 0.0000e+00
     60.000     7.4002   3.391703    33.0811       2187     1.5177     2.2835     2.1071 0.0000e+00
     61.000     7.3841   3.390802    33.0863       2206     1.5316     2.2816     2.1053 0.0000e+00
     62.000     7.3785   3.390437    33.0872       2223     1.5429     2.2794     2.1047 0.0000e+00
     63.000     7.3708   3.389986    33.0892       2238     1.5537     2.2769     2.1036 0.0000e+00
     64.000     7.3411   3.388251    33.0983       2255     1.5651     2.2744     2.1022 0.0000e+00
     65.000     7.2547   3.382755    33.1208       2274     1.5787     2.2713     2.1009 0.0000e+00
     66.000     7.2149   3.379304    33.1210       2300     1.5967     2.2673     2.0979 0.0000e+00
     67.000     7.1793   3.376328    33.1222       2332     1.6186     2.2659     2.0944 0.0000e+00
     68.000     7.1364   3.373218    33.1291       2365     1.6417     2.2656     2.0913 0.0000e+00
     69.000     7.0869   3.369783    33.1387       2400     1.6660     2.2631     2.0898 0.0000e+00
     70.000     7.0360   3.366284    33.1489       2431     1.6876     2.2616     2.0882 0.0000e+00
     71.000     7.0091   3.364296    33.1526       2455     1.7044     2.2584     2.0860 0.0000e+00
     72.000     6.9933   3.363157    33.1549       2478     1.7199     2.2567     2.0847 0.0000e+00
     73.000     6.9892   3.362690    33.1532       2503     1.7373     2.2564     2.0823 0.0000e+00
     74.000     6.9697   3.360994    33.1530       2533     1.7582     2.2564     2.0803 0.0000e+00
     75.000     6.9471   3.359230    33.1550       2560     1.7773     2.2554     2.0781 0.0000e+00
     76.000     6.9377   3.358440    33.1548       2583     1.7930     2.2542     2.0775 0.0000e+00
     77.000     6.9236   3.357557    33.1583       2604     1.8077     2.2527     2.0770 0.0000e+00
     78.000     6.9054   3.356393    33.1626       2627     1.8239     2.2514     2.0760 0.0000e+00
     79.000     6.8987   3.355843    33.1626       2658     1.8450     2.2504     2.0748 0.0000e+00
     80.000     6.8868   3.355056    33.1649       2692     1.8689     2.2497     2.0734 0.0000e+00
     81.000     6.8796   3.354519    33.1654       2721     1.8886     2.2485     2.0740 0.0000e+00
     82.000     6.8611   3.353394    33.1704       2744     1.9049     2.2482     2.0742 0.0000e+00
     83.000     6.8379   3.351739    33.1743       2767     1.9207     2.2462     2.0741 0.0000e+00
     84.000     6.8018   3.349208    33.1808       2790     1.9370     2.2449     2.0726 0.0000e+00
     85.000     6.7654   3.346667    33.1876       2815     1.9540     2.2428     2.0697 0.0000e+00
     86.000     6.7150   3.343529    33.2014       2842     1.9728     2.2422     2.0682 0.0000e+00
     87.000     6.6281   3.338000    33.2241       2877     1.9974     2.2396     2.0648 0.0000e+00
     88.000     6.5300   3.329436    33.2242       2915     2.0233     2.2350     2.0636 0.0000e+00
     89.000     6.4663   3.323596    33.2210       2941     2.0415     2.2311     2.0617 0.0000e+00
     90.000     6.4391   3.321480    33.2235       2962     2.0562     2.2296     2.0596 0.0000e+00
     91.000     6.8191   3.358336    33.2609       2980     2.0690     2.2297     2.0586 0.0000e+00
     92.000     7.5453   3.434180    33.3856       2999     2.0817     2.2342     2.0602 0.0000e+00
     93.000     7.7311   3.462635    33.5136       3019     2.0959     2.2537     2.0694 0.0000e+00
     94.000     7.6896   3.460533    33.5304       3049     2.1165     2.2604     2.0757 0.0000e+00
     95.000     7.6764   3.460712    33.5446       3093     2.1473     2.2209     2.0478 0.0000e+00
     96.000     7.7300   3.467811    33.5689       3125     2.1694     2.1968     2.0292 0.0000e+00
     97.000     7.8239   3.480408    33.6133       3147     2.1849     2.1881     2.0213 0.0000e+00
     98.000     7.8432   3.484182    33.6347       3169     2.2000     2.1847     2.0157 0.0000e+00
     99.000     7.8877   3.492429    33.6798       3192     2.2157     2.1809     2.0110 0.0000e+00
    100.000     7.9184   3.497359    33.7026       3216     2.2324     2.1748     2.0055 0.0000e+00
    101.000     7.9428   3.500734    33.7147       3241     2.2498     2.1682     1.9985 0.0000e+00
    102.000     7.9631   3.503725    33.7267       3269     2.2693     2.1607     1.9919 0.0000e+00
    103.000     7.9709   3.505614    33.7389       3299     2.2904     2.1547     1.9866 0.0000e+00
    104.000     7.9382   3.504559    33.7587       3329     2.3109     2.1499     1.9823 0.0000e+00
    105.000     7.8464   3.496642    33.7621       3358     2.3313     2.1459     1.9782 0.0000e+00
    106.000     7.8010   3.493203    33.7686       3385     2.3499     2.1410     1.9737 0.0000e+00
    107.000     7.8087   3.497148    33.8030       3407     2.3652     2.1384     1.9723 0.0000e+00
    108.000     7.7567   3.496474    33.8457       3426     2.3788     2.1381     1.9716 0.0000e+00
    109.000     7.7964   3.504806    33.8963       3447     2.3928     2.1362     1.9695 0.0000e+00
    110.000     7.8148   3.507878    33.9109       3474     2.4119     2.1360     1.9690 0.0000e+00
    111.000     7.8175   3.508925    33.9191       3522     2.4451     2.1365     1.9692 0.0000e+00
    112.000     7.8182   3.509377    33.9228       3559     2.4708     2.1367     1.9696 0.0000e+00
    113.000     7.8265   3.510319    33.9243       3579     2.4847     2.1348     1.9697 0.0000e+00
    114.000     7.8591   3.514926    33.9417       3596     2.4966     2.1338     1.9691 0.0000e+00
    115.000     7.8804   3.518334    33.9571       3613     2.5081     2.1342     1.9683 0.0000e+00
    116.000     7.9249   3.523568    33.9694       3631     2.5206     2.1351     1.9681 0.0000e+00
    117.000     7.9990   3.532084    33.9882       3653     2.5364     2.1362     1.9683 0.0000e+00
    118.000     8.0485   3.538274    34.0058       3690     2.5620     2.1371     1.9705 0.0000e+00
    119.000     8.1002   3.544599    34.0228       3734     2.5922     2.1363     1.9689 0.0000e+00
    120.000     8.1115   3.545999    34.0262       3761     2.6109     2.1361     1.9671 0.0000e+00
    121.000     8.1547   3.550485    34.0317       3783     2.6262     2.1340     1.9654 0.0000e+00
    122.000     8.2003   3.556004    34.0458       3806     2.6421     2.1315     1.9638 0.0000e+00
    123.000     8.3145   3.568074    34.0631       3832     2.6601     2.1287     1.9620 0.0000e+00
    124.000     8.5104   3.590390    34.1095       3858     2.6786     2.1259     1.9609 0.0000e+00
    125.000     8.6580   3.609511    34.1682       3883     2.6959     2.1261     1.9617 0.0000e+00
    126.000     8.6596   3.610915    34.1810       3908     2.7133     2.1326     1.9655 0.0000e+00
    127.000     8.7278   3.618756    34.1972       3935     2.7317     2.1376     1.9675 0.0000e+00
    128.000     8.9062   3.638365    34.2303       3962     2.7506     2.1379     1.9698 0.0000e+00
    129.000     9.1538   3.667810    34.2990       3987     2.7683     2.1409     1.9727 0.0000e+00
    130.000     9.1810   3.672859    34.3250       4013     2.7863     2.1457     1.9767 0.0000e+00
    131.000     9.1770   3.673513    34.3352       4042     2.8064     2.1449     1.9767 0.0000e+00
    132.000     9.1342   3.669596    34.3352       4073     2.8281     2.1391     1.9721 0.0000e+00
    133.000     9.0780   3.664491    34.3356       4101     2.8472     2.1327     1.9690 0.0000e+00
    134.000     8.8566   3.642955    34.3236       4126     2.8648     2.1293     1.9681 0.0000e+00
    135.000     8.5152   3.606374    34.2687       4152     2.8828     2.1238     1.9653 0.0000e+00
    136.000     8.4682   3.599981    34.2462       4177     2.8998     2.1137     1.9582 0.0000e+00
    137.000     8.4777   3.601027    34.2475       4199     2.9150     2.1033     1.9505 0.0000e+00
    138.000     8.4713   3.600752    34.2504       4220     2.9296     2.0909     1.9405 0.0000e+00
    139.000     8.4173   3.595627    34.2481       4244     2.9467     2.0778     1.9267 0.0000e+00
    140.000     8.4051   3.594254    34.2449       4281     2.9726     2.0608     1.9109 0.0000e+00
    141.000     8.4535   3.599329    34.2512       4323     3.0014     2.0513     1.9011 0.0000e+00
    142.000     8.5974   3.614840    34.2750       4349     3.0192     2.0498     1.8986 0.0000e+00
    143.000     8.8449   3.639686    34.2963       4370     3.0339     2.0505     1.8968 0.0000e+00
    144.000     9.0897   3.669294    34.3693       4390     3.0478     2.0555     1.8964 0.0000e+00
    145.000     9.1956   3.681724    34.3961       4410     3.0621     2.0659     1.9017 0.0000e+00
    146.000     9.2148   3.685879    34.4205       4432     3.0773     2.0776     1.9090 0.0000e+00
    147.000     9.1533   3.679675    34.4147       4457     3.0944     2.0883     1.9183 0.0000e+00
    148.000     9.1437   3.678626    34.4125       4486     3.1145     2.0907     1.9247 0.0000e+00
    149.000     9.3101   3.697436    34.4472       4521     3.1386     2.0877     1.9278 0.0000e+00
    150.000     9.3623   3.704755    34.4724       4557     3.1642     2.0917     1.9303 0.0000e+00
    151.000     9.3536   3.704053    34.4730       4586     3.1840     2.0952     1.9307 0.0000e+00
    152.000     9.3278   3.701606    34.4720       4608     3.1991     2.0968     1.9315 0.0000e+00
    153.000     9.1849   3.689234    34.4809       4627     3.2123     2.0954     1.9314 0.0000e+00
    154.000     8.7538   3.644650    34.4315       4645     3.2252     2.0925     1.9310 0.0000e+00
    155.000     8.6796   3.633991    34.3910       4667     3.2404     2.0808     1.9264 0.0000e+00
    156.000     8.6777   3.632829    34.3801       4704     3.2662     2.0623     1.9148 0.0000e+00
    157.000     8.8957   3.656565    34.4176       4755     3.3016     2.0491     1.9018 0.0000e+00
    158.000     8.9509   3.663862    34.4401       4781     3.3197     2.0509     1.9009 0.0000e+00
    159.000     9.0071   3.672276    34.4732       4800     3.3327     2.0535     1.9016 0.0000e+00
    160.000     8.8001   3.653942    34.4814       4817     3.3444     2.0571     1.9035 0.0000e+00
    161.000     8.6634   3.638012    34.4463       4834     3.3560     2.0596     1.9057 0.0000e+00
    162.000     8.9000   3.663203    34.4806       4851     3.3682     2.0582     1.9050 0.0000e+00
