HB2407/CTD178.cnv
* Sea-Bird SBE 9 Data File:
* FileName = C:\cruise\data\CTD178.hex
* Software Version Seasave V 7.26.7.121
* Temperature SN = 4591
* Conductivity SN = 6006
* Number of Bytes Per Scan = 37
* Number of Voltage Words = 4
* Number of Scans Averaged by the Deck Unit = 1
* NMEA Latitude = 42 02.58 N
* NMEA Longitude = 067 15.91 W
* NMEA UTC (Time) = Oct 29 2024 20:11:46
* NMEA baud rate = 4800
** Ship: Bigelow HB2407
** Program:  Fall Bottom Trawl Survey
** Chief Scientist: John Galbraith
# nquan = 9
# nvalues = 78                          
# units = specified
# name 0 = depSM: Depth [salt water, m]
# name 1 = t090C: Temperature [ITS-90, deg C]
# name 2 = c0S/m: Conductivity [S/m]
# name 3 = sal00: Salinity, Practical [PSU]
# name 4 = scan: Scan Count
# name 5 = timeM: Time, Elapsed [minutes]
# name 6 = sbeox0V: Oxygen raw, SBE 43 [V]
# name 7 = sbeox1V: Oxygen raw, SBE 43, 2 [V]
# name 8 = flag: flag
# span 0 =      3.000,     42.000       
# span 1 =    12.8167,    13.7908       
# span 2 =   3.779385,   3.855405       
# span 3 =    32.0301,    32.1330       
# span 4 =        168,       2858       
# span 5 =     0.1158,     1.9840       
# span 6 =     2.3980,     2.6119       
# span 7 =     2.2469,     2.4540       
# span 8 = 0.0000e+00, 0.0000e+00       
# interval = meters: 1                  
# start_time = Oct 29 2024 20:11:46 [NMEA time, header]
# bad_flag = -9.990e-29
*END*
      4.000    13.7749   3.853882    32.0361        168     0.1158     2.6108     2.4494 0.0000e+00
      5.000    13.7834   3.854704    32.0362        295     0.2043     2.6079     2.4540 0.0000e+00
      6.000    13.7908   3.855361    32.0357        336     0.2328     2.6069     2.4505 0.0000e+00
      7.000    13.7901   3.855405    32.0364        367     0.2541     2.6110     2.4478 0.0000e+00
      8.000    13.7786   3.854671    32.0388        393     0.2721     2.6118     2.4465 0.0000e+00
      9.000    13.7343   3.850493    32.0367        420     0.2907     2.6119     2.4476 0.0000e+00
     10.000    13.7624   3.853105    32.0370        446     0.3091     2.6119     2.4499 0.0000e+00
     11.000    13.7549   3.852585    32.0381        472     0.3271     2.6076     2.4467 0.0000e+00
     12.000    13.7022   3.848330    32.0423        500     0.3464     2.6004     2.4439 0.0000e+00
     13.000    13.6682   3.845371    32.0429        528     0.3660     2.5951     2.4394 0.0000e+00
     14.000    13.6571   3.844484    32.0436        555     0.3850     2.5844     2.4313 0.0000e+00
     15.000    13.6418   3.843213    32.0442        581     0.4024     2.5731     2.4209 0.0000e+00
     16.000    13.6193   3.841295    32.0449        606     0.4205     2.5590     2.4102 0.0000e+00
     17.000    13.6021   3.839726    32.0443        633     0.4388     2.5481     2.3979 0.0000e+00
     18.000    13.5908   3.838794    32.0447        659     0.4567     2.5389     2.3860 0.0000e+00
     19.000    13.5798   3.837860    32.0449        684     0.4743     2.5333     2.3778 0.0000e+00
     20.000    13.5748   3.837415    32.0445        712     0.4935     2.5255     2.3695 0.0000e+00
     21.000    13.5723   3.837220    32.0444        742     0.5144     2.5213     2.3654 0.0000e+00
     22.000    13.5695   3.837056    32.0449        769     0.5335     2.5190     2.3631 0.0000e+00
     23.000    13.5651   3.836798    32.0458        795     0.5513     2.5136     2.3592 0.0000e+00
     24.000    13.5414   3.835051    32.0490        822     0.5699     2.5151     2.3583 0.0000e+00
     25.000    13.4678   3.829992    32.0633        849     0.5891     2.5120     2.3576 0.0000e+00
     26.000    13.3367   3.820263    32.0822        875     0.6070     2.5032     2.3520 0.0000e+00
     27.000    13.2380   3.812694    32.0942        899     0.6237     2.4937     2.3431 0.0000e+00
     28.000    13.2005   3.809684    32.0972        923     0.6405     2.4794     2.3325 0.0000e+00
     29.000    13.1426   3.804990    32.1017        950     0.6590     2.4631     2.3211 0.0000e+00
     30.000    13.1112   3.802579    32.1053        981     0.6805     2.4479     2.3060 0.0000e+00
     31.000    13.0265   3.796274    32.1172       1012     0.7020     2.4403     2.2937 0.0000e+00
     32.000    12.9303   3.788912    32.1290       1038     0.7202     2.4330     2.2878 0.0000e+00
     33.000    12.8938   3.785725    32.1294       1062     0.7367     2.4246     2.2824 0.0000e+00
     34.000    12.8628   3.783354    32.1330       1086     0.7538     2.4188     2.2750 0.0000e+00
     35.000    12.8555   3.782579    32.1314       1112     0.7718     2.4134     2.2694 0.0000e+00
     36.000    12.8534   3.782346    32.1307       1138     0.7898     2.4107     2.2638 0.0000e+00
     37.000    12.8526   3.782199    32.1295       1165     0.8081     2.4044     2.2598 0.0000e+00
     38.000    12.8445   3.781617    32.1305       1193     0.8281     2.4027     2.2561 0.0000e+00
     39.000    12.8402   3.781248    32.1303       1223     0.8487     2.4039     2.2564 0.0000e+00
     40.000    12.8276   3.780349    32.1321       1251     0.8679     2.4037     2.2548 0.0000e+00
     41.000    12.8167   3.779481    32.1328       1276     0.8858     2.4002     2.2518 0.0000e+00
     42.000    12.8229   3.779651    32.1287       1567     1.0874     2.3981     2.2483 0.0000e+00
     41.000    12.8210   3.779385    32.1282       1754     1.2174     2.3980     2.2469 0.0000e+00
     40.000    12.8295   3.779952    32.1267       1784     1.2384     2.3989     2.2495 0.0000e+00
     39.000    12.8328   3.780169    32.1263       1813     1.2586     2.3988     2.2500 0.0000e+00
     38.000    12.8395   3.780641    32.1255       1840     1.2773     2.3985     2.2492 0.0000e+00
     37.000    12.8440   3.780897    32.1245       1865     1.2945     2.3998     2.2511 0.0000e+00
     36.000    12.8443   3.780917    32.1249       1888     1.3103     2.4026     2.2538 0.0000e+00
     35.000    12.8495   3.781187    32.1234       1910     1.3257     2.4029     2.2535 0.0000e+00
     34.000    12.8531   3.781465    32.1234       1934     1.3423     2.4037     2.2538 0.0000e+00
     33.000    12.8660   3.782311    32.1208       1960     1.3606     2.4046     2.2540 0.0000e+00
     32.000    12.8825   3.783572    32.1192       1988     1.3799     2.4063     2.2543 0.0000e+00
     31.000    12.8939   3.784421    32.1179       2016     1.3995     2.4091     2.2561 0.0000e+00
     30.000    12.9481   3.787998    32.1061       2044     1.4185     2.4098     2.2567 0.0000e+00
     29.000    13.0185   3.793491    32.0986       2070     1.4366     2.4105     2.2578 0.0000e+00
     28.000    13.0402   3.795282    32.0975       2095     1.4541     2.4129     2.2615 0.0000e+00
     27.000    13.0349   3.795417    32.1037       2120     1.4716     2.4172     2.2659 0.0000e+00
     26.000    13.1104   3.800111    32.0843       2146     1.4893     2.4198     2.2656 0.0000e+00
     25.000    13.1898   3.806197    32.0748       2172     1.5075     2.4254     2.2687 0.0000e+00
     24.000    13.3283   3.815607    32.0466       2198     1.5255     2.4310     2.2740 0.0000e+00
     23.000    13.3436   3.817424    32.0511       2223     1.5430     2.4348     2.2815 0.0000e+00
     22.000    13.4850   3.828098    32.0323       2248     1.5601     2.4422     2.2916 0.0000e+00
     21.000    13.4480   3.826438    32.0483       2273     1.5776     2.4521     2.2996 0.0000e+00
     20.000    13.4859   3.828910    32.0399       2300     1.5963     2.4631     2.3093 0.0000e+00
     19.000    13.5137   3.831387    32.0401       2328     1.6157     2.4746     2.3170 0.0000e+00
     18.000    13.5419   3.833336    32.0349       2355     1.6347     2.4831     2.3226 0.0000e+00
     17.000    13.5561   3.834718    32.0363       2381     1.6526     2.4884     2.3332 0.0000e+00
     16.000    13.5758   3.836389    32.0357       2405     1.6696     2.4942     2.3396 0.0000e+00
     15.000    13.5862   3.837201    32.0349       2429     1.6864     2.5017     2.3433 0.0000e+00
     14.000    13.5927   3.837880    32.0362       2455     1.7039     2.5065     2.3443 0.0000e+00
     13.000    13.6099   3.839268    32.0350       2481     1.7225     2.5125     2.3450 0.0000e+00
     12.000    13.6247   3.840604    32.0355       2509     1.7414     2.5161     2.3520 0.0000e+00
     11.000    13.6459   3.842257    32.0335       2535     1.7594     2.5214     2.3582 0.0000e+00
     10.000    13.6575   3.843334    32.0342       2560     1.7769     2.5281     2.3653 0.0000e+00
      9.000    13.6630   3.843860    32.0349       2586     1.7952     2.5355     2.3735 0.0000e+00
      8.000    13.6656   3.843921    32.0336       2613     1.8138     2.5385     2.3819 0.0000e+00
      7.000    13.6838   3.845142    32.0301       2638     1.8316     2.5410     2.3845 0.0000e+00
      6.000    13.6858   3.845633    32.0333       2664     1.8495     2.5477     2.3907 0.0000e+00
      5.000    13.6876   3.845844    32.0342       2701     1.8749     2.5577     2.4021 0.0000e+00
      4.000    13.6887   3.845925    32.0344       2736     1.8991     2.5682     2.4123 0.0000e+00
      3.000    13.7535   3.851474    32.0321       2858     1.9840     2.5924     2.4291 0.0000e+00
