HB2407/CTD111.cnv
* Sea-Bird SBE 9 Data File:
* FileName = C:\cruise\data\CTD111.hex
* Software Version Seasave V 7.26.7.121
* Temperature SN = 4591
* Conductivity SN = 6006
* Number of Bytes Per Scan = 37
* Number of Voltage Words = 4
* Number of Scans Averaged by the Deck Unit = 1
* NMEA Latitude = 39 48.65 N
* NMEA Longitude = 071 48.19 W
* NMEA UTC (Time) = Oct 07 2024 04:59:00
* NMEA baud rate = 4800
** Ship: Bigelow HB2407
** Program:  Fall Bottom Trawl Survey
** Chief Scientist: John Galbraith
# nquan = 9
# nvalues = 466                         
# units = specified
# name 0 = depSM: Depth [salt water, m]
# name 1 = t090C: Temperature [ITS-90, deg C]
# name 2 = c0S/m: Conductivity [S/m]
# name 3 = sal00: Salinity, Practical [PSU]
# name 4 = scan: Scan Count
# name 5 = timeM: Time, Elapsed [minutes]
# name 6 = sbeox0V: Oxygen raw, SBE 43 [V]
# name 7 = sbeox1V: Oxygen raw, SBE 43, 2 [V]
# name 8 = flag: flag
# span 0 =      2.000,    235.000       
# span 1 =    13.5940,    25.5673       
# span 2 =   4.244545,   5.449496       
# span 3 =    34.5483,    36.4401       
# span 4 =        360,      13295       
# span 5 =     0.2495,     9.2322       
# span 6 =     1.6700,     2.6082       
# span 7 =     1.5492,     2.4119       
# span 8 = 0.0000e+00, 0.0000e+00       
# interval = meters: 1                  
# start_time = Oct 07 2024 04:59:00 [NMEA time, header]
# bad_flag = -9.990e-29
*END*
[from data line 321]
    146.000    16.7370   4.609757    36.2284       9522     6.6119     1.8505     1.7301 0.0000e+00
    145.000    16.7472   4.610995    36.2305       9544     6.6272     1.8389     1.7212 0.0000e+00
    144.000    16.7690   4.613562    36.2337       9569     6.6442     1.8202     1.7066 0.0000e+00
    143.000    16.7586   4.612558    36.2347       9598     6.6647     1.8010     1.6844 0.0000e+00
    142.000    16.7789   4.615188    36.2399       9628     6.6854     1.7941     1.6695 0.0000e+00
    141.000    16.7937   4.616421    36.2378       9655     6.7043     1.7923     1.6651 0.0000e+00
    140.000    16.8100   4.618615    36.2428       9682     6.7231     1.7918     1.6625 0.0000e+00
    139.000    16.8294   4.620930    36.2460       9710     6.7423     1.7926     1.6629 0.0000e+00
    138.000    16.8595   4.624320    36.2490       9737     6.7610     1.7933     1.6620 0.0000e+00
    137.000    16.9241   4.632252    36.2609       9763     6.7791     1.7967     1.6606 0.0000e+00
    136.000    16.9566   4.637634    36.2792       9790     6.7979     1.7997     1.6628 0.0000e+00
    135.000    17.0362   4.646129    36.2824       9816     6.8160     1.8126     1.6697 0.0000e+00
    134.000    17.1382   4.658914    36.3028       9839     6.8319     1.8308     1.6774 0.0000e+00
    133.000    17.2474   4.672407    36.3227       9860     6.8465     1.8474     1.6850 0.0000e+00
    132.000    17.2533   4.674199    36.3335       9881     6.8614     1.8688     1.6981 0.0000e+00
    131.000    17.2659   4.676353    36.3413       9906     6.8788     1.8895     1.7222 0.0000e+00
    130.000    17.2452   4.673637    36.3367       9937     6.8999     1.9102     1.7515 0.0000e+00
    129.000    17.2778   4.678761    36.3524       9967     6.9211     1.9265     1.7653 0.0000e+00
    128.000    17.3510   4.686315    36.3528       9993     6.9390     1.9328     1.7709 0.0000e+00
    127.000    17.3650   4.688813    36.3624      10017     6.9553     1.9371     1.7782 0.0000e+00
    126.000    17.3755   4.689948    36.3632      10042     6.9730     1.9442     1.7892 0.0000e+00
    125.000    17.3641   4.689135    36.3668      10074     6.9949     1.9543     1.8040 0.0000e+00
    124.000    17.3837   4.690967    36.3655      10104     7.0162     1.9581     1.8123 0.0000e+00
    123.000    17.3989   4.692831    36.3684      10129     7.0332     1.9616     1.8157 0.0000e+00
    122.000    17.4045   4.693408    36.3688      10151     7.0488     1.9627     1.8159 0.0000e+00
    121.000    17.4174   4.695144    36.3728      10175     7.0655     1.9579     1.8177 0.0000e+00
    120.000    17.4259   4.695585    36.3693      10204     7.0852     1.9508     1.8144 0.0000e+00
    119.000    17.4515   4.697740    36.3654      10231     7.1043     1.9420     1.8080 0.0000e+00
    118.000    17.5071   4.702345    36.3560      10253     7.1192     1.9339     1.8033 0.0000e+00
    117.000    17.4884   4.701656    36.3672      10271     7.1323     1.9236     1.7971 0.0000e+00
    116.000    17.5106   4.703702    36.3654      10291     7.1461     1.9027     1.7807 0.0000e+00
    115.000    17.5676   4.709399    36.3640      10319     7.1652     1.8800     1.7548 0.0000e+00
    114.000    17.6253   4.715531    36.3659      10361     7.1941     1.8500     1.7317 0.0000e+00
    113.000    17.6415   4.717453    36.3684      10392     7.2162     1.8369     1.7145 0.0000e+00
    112.000    17.7127   4.725645    36.3758      10415     7.2319     1.8228     1.7049 0.0000e+00
    111.000    17.7505   4.729683    36.3774      10436     7.2466     1.8141     1.6988 0.0000e+00
    110.000    17.7835   4.733880    36.3844      10460     7.2633     1.8028     1.6903 0.0000e+00
    109.000    17.7851   4.734306    36.3871      10488     7.2827     1.7931     1.6764 0.0000e+00
    108.000    17.8000   4.735433    36.3838      10516     7.3017     1.7880     1.6659 0.0000e+00
    107.000    17.8210   4.737678    36.3848      10540     7.3189     1.7882     1.6620 0.0000e+00
    106.000    17.8304   4.739013    36.3884      10564     7.3357     1.7916     1.6607 0.0000e+00
    105.000    17.8860   4.745486    36.3949      10589     7.3529     1.7937     1.6599 0.0000e+00
    104.000    17.9291   4.750229    36.3976      10614     7.3700     1.7900     1.6592 0.0000e+00
    103.000    17.9375   4.751818    36.4042      10639     7.3874     1.7881     1.6610 0.0000e+00
    102.000    17.9472   4.752924    36.4054      10666     7.4064     1.7896     1.6595 0.0000e+00
    101.000    17.9532   4.753890    36.4088      10695     7.4266     1.7856     1.6572 0.0000e+00
    100.000    17.9647   4.754826    36.4069      10723     7.4458     1.7866     1.6581 0.0000e+00
     99.000    18.0095   4.759804    36.4101      10748     7.4633     1.7890     1.6582 0.0000e+00
     98.000    18.0233   4.760686    36.4057      10772     7.4799     1.7934     1.6590 0.0000e+00
     97.000    18.0361   4.760079    36.3896      10796     7.4968     1.7985     1.6607 0.0000e+00
     96.000    18.0556   4.761164    36.3818      10824     7.5159     1.8062     1.6655 0.0000e+00
     95.000    18.0588   4.760260    36.3717      10855     7.5375     1.8147     1.6725 0.0000e+00
     94.000    18.0841   4.760063    36.3478      10885     7.5580     1.8201     1.6787 0.0000e+00
     93.000    18.1673   4.767082    36.3344      10910     7.5754     1.8276     1.6850 0.0000e+00
     92.000    18.2701   4.779644    36.3510      10932     7.5913     1.8408     1.6936 0.0000e+00
     91.000    18.2794   4.781053    36.3551      10955     7.6070     1.8522     1.7044 0.0000e+00
     90.000    18.2998   4.784163    36.3640      10978     7.6233     1.8613     1.7139 0.0000e+00
     89.000    18.4170   4.796562    36.3662      11001     7.6391     1.8673     1.7170 0.0000e+00
     88.000    18.4880   4.805834    36.3826      11023     7.6543     1.8713     1.7193 0.0000e+00
     87.000    18.5090   4.808687    36.3887      11047     7.6708     1.8732     1.7243 0.0000e+00
     86.000    18.5196   4.810188    36.3925      11081     7.6943     1.8764     1.7308 0.0000e+00
     85.000    18.5204   4.810353    36.3936      11118     7.7204     1.8763     1.7351 0.0000e+00
     84.000    18.5360   4.811651    36.3911      11145     7.7387     1.8767     1.7371 0.0000e+00
     83.000    18.5414   4.812440    36.3935      11167     7.7542     1.8771     1.7391 0.0000e+00
     82.000    18.5417   4.812391    36.3932      11190     7.7698     1.8791     1.7388 0.0000e+00
     81.000    18.3873   4.791757    36.3546      11215     7.7876     1.8772     1.7411 0.0000e+00
     80.000    18.1280   4.755699    36.2768      11241     7.8058     1.8770     1.7405 0.0000e+00
     79.000    17.3286   4.636865    35.9615      11265     7.8225     1.8856     1.7428 0.0000e+00
     78.000    17.0719   4.591937    35.7985      11289     7.8388     1.9078     1.7494 0.0000e+00
     77.000    16.9287   4.571941    35.7511      11315     7.8569     1.9460     1.7703 0.0000e+00
     76.000    16.8258   4.556933    35.7113      11346     7.8783     1.9782     1.8110 0.0000e+00
     75.000    16.4130   4.490549    35.4936      11375     7.8988     2.0133     1.8408 0.0000e+00
     74.000    16.3027   4.472132    35.4290      11400     7.9157     2.0357     1.8536 0.0000e+00
     73.000    16.2838   4.468448    35.4135      11421     7.9309     2.0542     1.8717 0.0000e+00
     72.000    16.2196   4.454929    35.3509      11444     7.9462     2.0797     1.8954 0.0000e+00
     71.000    16.2122   4.450619    35.3195      11468     7.9631     2.1075     1.9191 0.0000e+00
     70.000    16.3077   4.460136    35.3196      11497     7.9833     2.1259     1.9379 0.0000e+00
     69.000    16.4642   4.473933    35.3036      11529     8.0059     2.1291     1.9558 0.0000e+00
     68.000    16.4956   4.476964    35.3030      11560     8.0268     2.1294     1.9655 0.0000e+00
     67.000    16.4962   4.473770    35.2746      11584     8.0438     2.1300     1.9698 0.0000e+00
     66.000    16.4119   4.461773    35.2435      11605     8.0585     2.1283     1.9719 0.0000e+00
     65.000    16.1431   4.418711    35.0992      11626     8.0732     2.1393     1.9750 0.0000e+00
     64.000    16.0482   4.395583    34.9776      11652     8.0911     2.1545     1.9772 0.0000e+00
     63.000    16.0342   4.392662    34.9644      11685     8.1138     2.1766     1.9997 0.0000e+00
     62.000    16.0271   4.387139    34.9219      11713     8.1335     2.2069     2.0241 0.0000e+00
     61.000    16.1070   4.390104    34.8783      11736     8.1491     2.2245     2.0353 0.0000e+00
     60.000    16.1630   4.395888    34.8810      11758     8.1645     2.2419     2.0469 0.0000e+00
     59.000    16.4252   4.423556    34.8966      11784     8.1826     2.2612     2.0644 0.0000e+00
     58.000    16.8698   4.474953    34.9606      11815     8.2043     2.2837     2.0796 0.0000e+00
     57.000    17.1016   4.498837    34.9683      11845     8.2248     2.2819     2.0990 0.0000e+00
     56.000    17.5447   4.546501    34.9982      11869     8.2417     2.2810     2.1080 0.0000e+00
     55.000    17.7439   4.568488    35.0161      11891     8.2572     2.2974     2.1151 0.0000e+00
     54.000    18.2972   4.631976    35.0837      11913     8.2725     2.3161     2.1184 0.0000e+00
     53.000    18.7774   4.693681    35.1955      11936     8.2885     2.3288     2.1277 0.0000e+00
     52.000    18.9584   4.722659    35.2852      11963     8.3066     2.3330     2.1383 0.0000e+00
     51.000    19.2450   4.759497    35.3497      11993     8.3277     2.3202     2.1407 0.0000e+00
     50.000    20.4707   4.902828    35.4943      12021     8.3474     2.3093     2.1377 0.0000e+00
     49.000    20.7745   4.959116    35.6970      12045     8.3641     2.3247     2.1453 0.0000e+00
     48.000    20.6948   4.953713    35.7206      12070     8.3810     2.3233     2.1458 0.0000e+00
     47.000    20.8438   4.967683    35.7086      12099     8.4015     2.3093     2.1277 0.0000e+00
     46.000    21.0752   5.001229    35.7854      12134     8.4256     2.3060     2.1191 0.0000e+00
     45.000    21.5493   5.049479    35.7759      12163     8.4455     2.3067     2.1225 0.0000e+00
     44.000    21.7359   5.073892    35.8153      12185     8.4611     2.3102     2.1280 0.0000e+00
     43.000    21.7876   5.072189    35.7592      12205     8.4751     2.3257     2.1374 0.0000e+00
     42.000    22.1040   5.091847    35.6536      12225     8.4889     2.3574     2.1475 0.0000e+00
     41.000    22.6197   5.151379    35.6973      12246     8.5033     2.4154     2.1593 0.0000e+00
     40.000    22.9817   5.184989    35.6634      12271     8.5205     2.4699     2.1940 0.0000e+00
     39.000    23.0747   5.198882    35.6957      12302     8.5426     2.4962     2.2516 0.0000e+00
     38.000    23.1006   5.190749    35.6121      12336     8.5657     2.4991     2.2920 0.0000e+00
     37.000    23.1452   5.180498    35.4974      12361     8.5832     2.5037     2.3143 0.0000e+00
     36.000    23.2484   5.188534    35.4764      12382     8.5981     2.5389     2.3236 0.0000e+00
     35.000    23.5003   5.217150    35.4936      12406     8.6148     2.5665     2.3433 0.0000e+00
     34.000    23.8577   5.265551    35.5767      12440     8.6380     2.5723     2.3762 0.0000e+00
     33.000    23.8309   5.254009    35.5107      12473     8.6614     2.5622     2.3871 0.0000e+00
     32.000    24.1238   5.262292    35.3406      12496     8.6769     2.5743     2.3794 0.0000e+00
     31.000    24.6276   5.326530    35.4258      12515     8.6900     2.5956     2.3772 0.0000e+00
     30.000    24.7688   5.355341    35.5303      12534     8.7032     2.6082     2.3961 0.0000e+00
     29.000    24.9193   5.369952    35.5209      12558     8.7199     2.5963     2.4071 0.0000e+00
     28.000    25.0968   5.395299    35.5700      12594     8.7449     2.5783     2.3980 0.0000e+00
     27.000    25.1735   5.403114    35.5680      12627     8.7682     2.5649     2.3931 0.0000e+00
     26.000    25.3649   5.428757    35.6078      12650     8.7841     2.5676     2.3848 0.0000e+00
     25.000    25.4257   5.436186    35.6153      12670     8.7981     2.5698     2.3834 0.0000e+00
     24.000    25.5458   5.449357    35.6185      12691     8.8128     2.5667     2.3790 0.0000e+00
     23.000    25.5368   5.449496    35.6270      12716     8.8296     2.5620     2.3730 0.0000e+00
     22.000    25.5289   5.443059    35.5861      12744     8.8492     2.5498     2.3763 0.0000e+00
     21.000    25.2787   5.403870    35.4928      12774     8.8702     2.5404     2.3727 0.0000e+00
     20.000    24.8816   5.329674    35.2534      12802     8.8895     2.5408     2.3620 0.0000e+00
     19.000    24.7996   5.311379    35.1816      12828     8.9073     2.5385     2.3536 0.0000e+00
     18.000    24.7617   5.303956    35.1562      12853     8.9249     2.5371     2.3551 0.0000e+00
     17.000    24.7277   5.297331    35.1337      12879     8.9431     2.5405     2.3594 0.0000e+00
     16.000    24.7068   5.293325    35.1204      12906     8.9621     2.5393     2.3600 0.0000e+00
     15.000    24.6875   5.289509    35.1073      12934     8.9810     2.5384     2.3551 0.0000e+00
     14.000    24.6712   5.286338    35.0967      12959     8.9987     2.5423     2.3531 0.0000e+00
     13.000    24.6651   5.285018    35.0919      12982     9.0148     2.5390     2.3556 0.0000e+00
     12.000    24.6523   5.282136    35.0807      13004     9.0301     2.5415     2.3561 0.0000e+00
     11.000    24.6396   5.279540    35.0715      13028     9.0462     2.5483     2.3542 0.0000e+00
     10.000    24.6166   5.274655    35.0533      13055     9.0652     2.5481     2.3575 0.0000e+00
      9.000    24.5827   5.268249    35.0321      13087     9.0874     2.5433     2.3622 0.0000e+00
      8.000    24.0784   5.185204    34.8021      13118     9.1087     2.5362     2.3650 0.0000e+00
      7.000    23.8799   5.150543    34.6954      13143     9.1266     2.5261     2.3565 0.0000e+00
      6.000    23.8119   5.138587    34.6582      13167     9.1428     2.5247     2.3536 0.0000e+00
      5.000    23.7912   5.132595    34.6292      13190     9.1592     2.5282     2.3562 0.0000e+00
      4.000    23.6931   5.116993    34.5876      13218     9.1786     2.5425     2.3536 0.0000e+00
      3.000    23.6626   5.110331    34.5612      13256     9.2050     2.5465     2.3584 0.0000e+00
      2.000    23.6420   5.106895    34.5516      13295     9.2322     2.5482     2.3646 0.0000e+00
