HB2407/CTD170.cnv
* Sea-Bird SBE 9 Data File:
* FileName = C:\cruise\data\CTD170.hex
* Software Version Seasave V 7.26.7.121
* Temperature SN = 4591
* Conductivity SN = 6006
* Number of Bytes Per Scan = 37
* Number of Voltage Words = 4
* Number of Scans Averaged by the Deck Unit = 1
* NMEA Latitude = 43 05.07 N
* NMEA Longitude = 068 54.42 W
* NMEA UTC (Time) = Oct 20 2024 07:19:47
* NMEA baud rate = 4800
** Ship: Bigelow HB2407
** Program:  Fall Bottom Trawl Survey
** Chief Scientist: John Galbraith
# nquan = 9
# nvalues = 346                         
# units = specified
# name 0 = depSM: Depth [salt water, m]
# name 1 = t090C: Temperature [ITS-90, deg C]
# name 2 = c0S/m: Conductivity [S/m]
# name 3 = sal00: Salinity, Practical [PSU]
# name 4 = scan: Scan Count
# name 5 = timeM: Time, Elapsed [minutes]
# name 6 = sbeox0V: Oxygen raw, SBE 43 [V]
# name 7 = sbeox1V: Oxygen raw, SBE 43, 2 [V]
# name 8 = flag: flag
# span 0 =      2.000,    175.000       
# span 1 =     7.6547,    13.2393       
# span 2 =   3.435761,   3.818286       
# span 3 =    31.8071,    33.9036       
# span 4 =        408,      10837       
# span 5 =     0.2823,     7.5251       
# span 6 =     1.7929,     2.5765       
# span 7 =     1.6589,     2.8551       
# span 8 = 0.0000e+00, 0.0000e+00       
# interval = meters: 1                  
# start_time = Oct 20 2024 07:19:47 [NMEA time, header]
# bad_flag = -9.990e-29
*END*
      3.000    13.2391   3.818286    32.1553        408     0.2823     2.5116     2.8262 0.0000e+00
      4.000    13.2393   3.817470    32.1471        690     0.4785     2.5094     2.8551 0.0000e+00
      5.000    13.2393   3.817466    32.1467        707     0.4906     2.5108     2.7954 0.0000e+00
      6.000    13.2354   3.817529    32.1501        734     0.5090     2.5103     2.6330 0.0000e+00
      7.000    13.2012   3.817242    32.1760        765     0.5303     2.5087     2.4669 0.0000e+00
      8.000    13.1903   3.816080    32.1739        795     0.5511     2.5103     2.3625 0.0000e+00
      9.000    13.1876   3.815458    32.1700        826     0.5728     2.5134     2.2973 0.0000e+00
     10.000    13.1815   3.815114    32.1715        854     0.5926     2.5155     2.2571 0.0000e+00
     11.000    13.1893   3.814882    32.1623        878     0.6091     2.5145     2.2312 0.0000e+00
     12.000    13.1764   3.815071    32.1746        900     0.6241     2.5113     2.2127 0.0000e+00
     13.000    13.1365   3.814176    32.1996        924     0.6409     2.5112     2.1981 0.0000e+00
     14.000    13.1317   3.811359    32.1768        953     0.6611     2.5156     2.1853 0.0000e+00
     15.000    13.0630   3.806420    32.1882        985     0.6835     2.5163     2.2018 0.0000e+00
     16.000    12.9774   3.799148    32.1920       1015     0.7044     2.5101     2.2436 0.0000e+00
     17.000    12.8639   3.790997    32.2112       1044     0.7241     2.5120     2.2654 0.0000e+00
     18.000    12.6992   3.777941    32.2276       1072     0.7439     2.5160     2.2817 0.0000e+00
     19.000    12.5545   3.766670    32.2438       1098     0.7616     2.5224     2.2934 0.0000e+00
     20.000    12.4728   3.760052    32.2503       1119     0.7767     2.5262     2.3044 0.0000e+00
     21.000    12.3093   3.746714    32.2629       1141     0.7918     2.5282     2.3182 0.0000e+00
     22.000    12.1457   3.732868    32.2706       1173     0.8140     2.5319     2.3258 0.0000e+00
     23.000    11.9905   3.721821    32.2980       1213     0.8417     2.5390     2.3282 0.0000e+00
     24.000    11.9349   3.718796    32.3165       1243     0.8622     2.5358     2.3359 0.0000e+00
     25.000    11.9188   3.718251    32.3247       1270     0.8810     2.5315     2.3380 0.0000e+00
     26.000    11.9090   3.718065    32.3310       1296     0.8990     2.5238     2.3331 0.0000e+00
     27.000    11.8950   3.717682    32.3391       1319     0.9150     2.5150     2.3287 0.0000e+00
     28.000    11.8808   3.717404    32.3483       1341     0.9304     2.5118     2.3238 0.0000e+00
     29.000    11.8674   3.717166    32.3572       1366     0.9479     2.5103     2.3173 0.0000e+00
     30.000    11.8493   3.716713    32.3682       1399     0.9710     2.5029     2.3110 0.0000e+00
     31.000    11.8366   3.716282    32.3746       1441     0.9998     2.4957     2.3003 0.0000e+00
     32.000    11.8245   3.715830    32.3804       1473     1.0225     2.4900     2.2901 0.0000e+00
     33.000    11.8017   3.715109    32.3929       1495     1.0376     2.4842     2.2857 0.0000e+00
     34.000    11.7867   3.714618    32.4007       1514     1.0509     2.4797     2.2829 0.0000e+00
     35.000    11.7563   3.713296    32.4139       1535     1.0653     2.4736     2.2792 0.0000e+00
     36.000    11.6864   3.709211    32.4348       1561     1.0836     2.4652     2.2731 0.0000e+00
     37.000    11.6090   3.703758    32.4490       1601     1.1109     2.4471     2.2623 0.0000e+00
     38.000    11.5062   3.696305    32.4659       1638     1.1370     2.4254     2.2457 0.0000e+00
     39.000    11.3472   3.684533    32.4899       1664     1.1548     2.4100     2.2325 0.0000e+00
     40.000    11.1703   3.671003    32.5125       1686     1.1699     2.3949     2.2227 0.0000e+00
     41.000    10.8951   3.650056    32.5486       1707     1.1846     2.3762     2.2085 0.0000e+00
     42.000    10.4519   3.617488    32.6188       1731     1.2012     2.3454     2.1880 0.0000e+00
     43.000    10.3214   3.607605    32.6362       1761     1.2225     2.2996     2.1531 0.0000e+00
     44.000    10.2843   3.604507    32.6380       1799     1.2489     2.2528     2.1050 0.0000e+00
     45.000    10.2465   3.601565    32.6419       1831     1.2709     2.2319     2.0761 0.0000e+00
     46.000    10.2367   3.600773    32.6423       1855     1.2875     2.2246     2.0633 0.0000e+00
     47.000    10.2135   3.598845    32.6433       1876     1.3023     2.2194     2.0547 0.0000e+00
     48.000    10.1257   3.591514    32.6479       1900     1.3186     2.2121     2.0478 0.0000e+00
     49.000    10.0678   3.586732    32.6513       1931     1.3401     2.2028     2.0407 0.0000e+00
     50.000    10.0559   3.585726    32.6515       1971     1.3680     2.1928     2.0323 0.0000e+00
     51.000    10.0360   3.583992    32.6514       2003     1.3905     2.1877     2.0259 0.0000e+00
     52.000    10.0254   3.583369    32.6543       2026     1.4066     2.1854     2.0226 0.0000e+00
     53.000     9.9533   3.577631    32.6608       2047     1.4210     2.1852     2.0187 0.0000e+00
     54.000     9.8014   3.566062    32.6803       2069     1.4364     2.1835     2.0161 0.0000e+00
     55.000     9.6131   3.552330    32.7108       2097     1.4553     2.1739     2.0112 0.0000e+00
     56.000     9.4541   3.540875    32.7379       2134     1.4815     2.1560     1.9998 0.0000e+00
     57.000     9.2819   3.530419    32.7875       2172     1.5073     2.1421     1.9873 0.0000e+00
     58.000     9.0774   3.518873    32.8558       2197     1.5249     2.1346     1.9784 0.0000e+00
     59.000     8.9944   3.516484    32.9072       2217     1.5392     2.1271     1.9710 0.0000e+00
     60.000     8.8115   3.505169    32.9584       2238     1.5533     2.1188     1.9644 0.0000e+00
     61.000     8.6499   3.492841    32.9793       2262     1.5700     2.1062     1.9542 0.0000e+00
     62.000     8.5194   3.480662    32.9728       2293     1.5917     2.0860     1.9375 0.0000e+00
     63.000     8.4975   3.478343    32.9684       2332     1.6189     2.0612     1.9128 0.0000e+00
     64.000     8.4511   3.474255    32.9682       2364     1.6411     2.0455     1.8957 0.0000e+00
     65.000     8.3801   3.469701    32.9861       2388     1.6575     2.0367     1.8875 0.0000e+00
     66.000     8.3754   3.469371    32.9866       2410     1.6727     2.0291     1.8813 0.0000e+00
     67.000     8.3718   3.468941    32.9849       2434     1.6894     2.0230     1.8752 0.0000e+00
     68.000     8.3627   3.468000    32.9830       2463     1.7101     2.0161     1.8687 0.0000e+00
     69.000     8.3597   3.467621    32.9814       2495     1.7322     2.0142     1.8618 0.0000e+00
     70.000     8.3608   3.467593    32.9796       2523     1.7511     2.0130     1.8585 0.0000e+00
     71.000     8.3641   3.467797    32.9782       2546     1.7675     2.0104     1.8581 0.0000e+00
     72.000     8.3554   3.467099    32.9785       2570     1.7842     2.0079     1.8570 0.0000e+00
     73.000     8.3478   3.466848    32.9826       2601     1.8053     2.0049     1.8567 0.0000e+00
     74.000     8.3502   3.467176    32.9832       2638     1.8312     2.0035     1.8560 0.0000e+00
     75.000     8.3396   3.466540    32.9860       2666     1.8504     2.0035     1.8552 0.0000e+00
     76.000     8.3356   3.466254    32.9862       2687     1.8656     2.0029     1.8531 0.0000e+00
     77.000     8.3227   3.465290    32.9877       2710     1.8814     2.0030     1.8509 0.0000e+00
     78.000     8.3020   3.464057    32.9936       2738     1.9010     2.0016     1.8487 0.0000e+00
     79.000     8.2806   3.462735    32.9992       2771     1.9237     1.9968     1.8458 0.0000e+00
     80.000     8.2569   3.461118    33.0039       2803     1.9457     1.9944     1.8435 0.0000e+00
     81.000     8.2328   3.459889    33.0130       2831     1.9655     1.9937     1.8409 0.0000e+00
     82.000     8.2103   3.458359    33.0175       2857     1.9832     1.9929     1.8395 0.0000e+00
     83.000     8.1965   3.457592    33.0219       2882     2.0004     1.9894     1.8378 0.0000e+00
     84.000     8.1932   3.458568    33.0349       2908     2.0189     1.9874     1.8361 0.0000e+00
     85.000     8.1867   3.461296    33.0695       2936     2.0383     1.9856     1.8360 0.0000e+00
     86.000     8.1038   3.456397    33.0951       2963     2.0571     1.9805     1.8342 0.0000e+00
     87.000     7.9698   3.447588    33.1275       2989     2.0750     1.9751     1.8307 0.0000e+00
     88.000     7.8996   3.443306    33.1478       3017     2.0947     1.9656     1.8230 0.0000e+00
     89.000     7.8722   3.441445    33.1534       3051     2.1178     1.9521     1.8123 0.0000e+00
     90.000     7.8574   3.440482    33.1567       3082     2.1396     1.9424     1.8032 0.0000e+00
     91.000     7.8033   3.437263    33.1732       3111     2.1596     1.9381     1.7964 0.0000e+00
     92.000     7.7976   3.437003    33.1754       3137     2.1779     1.9326     1.7918 0.0000e+00
     93.000     7.7979   3.437084    33.1754       3161     2.1945     1.9286     1.7882 0.0000e+00
     94.000     7.8008   3.437654    33.1783       3186     2.2115     1.9257     1.7841 0.0000e+00
     95.000     7.8141   3.439807    33.1883       3214     2.2314     1.9240     1.7808 0.0000e+00
     96.000     7.8118   3.440222    33.1944       3244     2.2523     1.9224     1.7776 0.0000e+00
     97.000     7.8037   3.439623    33.1952       3270     2.2701     1.9213     1.7746 0.0000e+00
     98.000     7.8031   3.439702    33.1961       3296     2.2881     1.9164     1.7710 0.0000e+00
     99.000     7.7993   3.439752    33.1999       3325     2.3085     1.9134     1.7679 0.0000e+00
    100.000     7.7737   3.437704    33.2018       3357     2.3304     1.9116     1.7670 0.0000e+00
    101.000     7.7599   3.437218    33.2092       3388     2.3523     1.9066     1.7656 0.0000e+00
    102.000     7.7640   3.438406    33.2176       3416     2.3713     1.9030     1.7637 0.0000e+00
    103.000     7.7599   3.438842    33.2257       3440     2.3879     1.9023     1.7613 0.0000e+00
    104.000     7.7450   3.438181    33.2323       3464     2.4047     1.9008     1.7594 0.0000e+00
    105.000     7.7326   3.437813    33.2398       3493     2.4247     1.8964     1.7545 0.0000e+00
    106.000     7.7263   3.438030    33.2476       3524     2.4467     1.8903     1.7504 0.0000e+00
    107.000     7.7216   3.438387    33.2554       3553     2.4667     1.8846     1.7478 0.0000e+00
    108.000     7.7218   3.438404    33.2549       3580     2.4855     1.8813     1.7455 0.0000e+00
    109.000     7.7216   3.438437    33.2550       3606     2.5035     1.8795     1.7434 0.0000e+00
    110.000     7.7206   3.438511    33.2563       3631     2.5208     1.8779     1.7411 0.0000e+00
    111.000     7.7197   3.438598    33.2577       3657     2.5390     1.8773     1.7395 0.0000e+00
    112.000     7.7171   3.438560    33.2592       3689     2.5614     1.8750     1.7386 0.0000e+00
    113.000     7.7164   3.438853    33.2625       3726     2.5867     1.8752     1.7364 0.0000e+00
    114.000     7.7156   3.438985    33.2643       3753     2.6057     1.8750     1.7349 0.0000e+00
    115.000     7.7131   3.439165    33.2681       3776     2.6214     1.8736     1.7327 0.0000e+00
    116.000     7.7099   3.439404    33.2732       3798     2.6365     1.8725     1.7314 0.0000e+00
    117.000     7.7091   3.439457    33.2741       3822     2.6538     1.8717     1.7307 0.0000e+00
    118.000     7.7080   3.439476    33.2749       3854     2.6759     1.8689     1.7295 0.0000e+00
    119.000     7.7066   3.439523    33.2763       3893     2.7028     1.8673     1.7272 0.0000e+00
    120.000     7.7027   3.439722    33.2817       3923     2.7238     1.8668     1.7267 0.0000e+00
    121.000     7.6885   3.439553    33.2929       3946     2.7397     1.8655     1.7264 0.0000e+00
    122.000     7.6737   3.439475    33.3058       3968     2.7546     1.8634     1.7268 0.0000e+00
    123.000     7.6717   3.439451    33.3070       3991     2.7711     1.8619     1.7265 0.0000e+00
    124.000     7.6702   3.439370    33.3070       4020     2.7907     1.8600     1.7245 0.0000e+00
    125.000     7.6682   3.439286    33.3075       4053     2.8138     1.8563     1.7200 0.0000e+00
    126.000     7.6667   3.439375    33.3095       4085     2.8362     1.8532     1.7157 0.0000e+00
    127.000     7.6650   3.439764    33.3149       4116     2.8578     1.8531     1.7141 0.0000e+00
    128.000     7.6626   3.441071    33.3307       4143     2.8765     1.8519     1.7120 0.0000e+00
    129.000     7.6614   3.441948    33.3408       4166     2.8921     1.8498     1.7107 0.0000e+00
    130.000     7.6613   3.442586    33.3473       4188     2.9078     1.8492     1.7093 0.0000e+00
    131.000     7.6590   3.443533    33.3592       4217     2.9277     1.8474     1.7086 0.0000e+00
    132.000     7.6561   3.444239    33.3691       4254     2.9538     1.8439     1.7070 0.0000e+00
    133.000     7.6561   3.444469    33.3711       4284     2.9745     1.8403     1.7043 0.0000e+00
    134.000     7.6547   3.446084    33.3894       4307     2.9902     1.8381     1.7025 0.0000e+00
    135.000     7.6557   3.447129    33.3991       4330     3.0061     1.8368     1.7007 0.0000e+00
    136.000     7.6624   3.450869    33.4325       4358     3.0258     1.8338     1.6977 0.0000e+00
    137.000     7.6635   3.451548    33.4382       4391     3.0485     1.8298     1.6939 0.0000e+00
    138.000     7.6636   3.451598    33.4382       4423     3.0705     1.8262     1.6922 0.0000e+00
    139.000     7.6634   3.451726    33.4394       4450     3.0898     1.8257     1.6911 0.0000e+00
    140.000     7.6633   3.452012    33.4421       4476     3.1076     1.8257     1.6893 0.0000e+00
    141.000     7.6649   3.453061    33.4514       4501     3.1252     1.8255     1.6884 0.0000e+00
    142.000     7.6705   3.455127    33.4677       4530     3.1449     1.8244     1.6884 0.0000e+00
    143.000     7.6750   3.456595    33.4787       4564     3.1685     1.8244     1.6861 0.0000e+00
    144.000     7.6792   3.457741    33.4865       4597     3.1917     1.8234     1.6843 0.0000e+00
    145.000     7.6850   3.459324    33.4975       4624     3.2103     1.8225     1.6839 0.0000e+00
    146.000     7.6979   3.462929    33.5234       4646     3.2260     1.8219     1.6835 0.0000e+00
    147.000     7.7175   3.467768    33.5561       4668     3.2410     1.8211     1.6826 0.0000e+00
    148.000     7.7219   3.469229    33.5671       4690     3.2564     1.8200     1.6816 0.0000e+00
    149.000     7.7219   3.470485    33.5801       4720     3.2773     1.8185     1.6806 0.0000e+00
    150.000     7.7241   3.472075    33.5946       4773     3.3142     1.8137     1.6787 0.0000e+00
    151.000     7.7355   3.475699    33.6221       4804     3.3357     1.8131     1.6773 0.0000e+00
    152.000     7.7568   3.481877    33.6675       4825     3.3497     1.8120     1.6763 0.0000e+00
    153.000     7.7777   3.486289    33.6942       4844     3.3629     1.8113     1.6750 0.0000e+00
    154.000     7.7872   3.488321    33.7064       4865     3.3777     1.8117     1.6738 0.0000e+00
    155.000     7.7957   3.489952    33.7153       4893     3.3970     1.8106     1.6718 0.0000e+00
    156.000     7.8016   3.490418    33.7141       4936     3.4273     1.8091     1.6712 0.0000e+00
    157.000     7.8053   3.491283    33.7193       4973     3.4527     1.8068     1.6713 0.0000e+00
    158.000     7.8093   3.491860    33.7211       4997     3.4691     1.8073     1.6703 0.0000e+00
    159.000     7.8133   3.492699    33.7258       5017     3.4836     1.8086     1.6701 0.0000e+00
    160.000     7.8180   3.493874    33.7334       5041     3.5002     1.8097     1.6701 0.0000e+00
    161.000     7.8264   3.496156    33.7493       5072     3.5218     1.8096     1.6713 0.0000e+00
    162.000     7.8461   3.502954    33.8027       5109     3.5470     1.8098     1.6725 0.0000e+00
