HB2407/CTD145.cnv
* Sea-Bird SBE 9 Data File:
* FileName = C:\cruise\data\CTD145.hex
* Software Version Seasave V 7.26.7.121
* Temperature SN = 4591
* Conductivity SN = 6006
* Number of Bytes Per Scan = 37
* Number of Voltage Words = 4
* Number of Scans Averaged by the Deck Unit = 1
* NMEA Latitude = 41 08.08 N
* NMEA Longitude = 069 13.64 W
* NMEA UTC (Time) = Oct 14 2024 07:07:04
* NMEA baud rate = 4800
** Ship: Bigelow HB2407
** Program:  Fall Bottom Trawl Survey
** Chief Scientist: John Galbraith
# nquan = 9
# nvalues = 95                          
# units = specified
# name 0 = depSM: Depth [salt water, m]
# name 1 = t090C: Temperature [ITS-90, deg C]
# name 2 = c0S/m: Conductivity [S/m]
# name 3 = sal00: Salinity, Practical [PSU]
# name 4 = scan: Scan Count
# name 5 = timeM: Time, Elapsed [minutes]
# name 6 = sbeox0V: Oxygen raw, SBE 43 [V]
# name 7 = sbeox1V: Oxygen raw, SBE 43, 2 [V]
# name 8 = flag: flag
# span 0 =      3.000,     50.000       
# span 1 =     9.6066,    15.8514       
# span 2 =   3.517373,   3.998846       
# span 3 =    31.5963,    32.3775       
# span 4 =        388,       3756       
# span 5 =     0.2685,     2.6076       
# span 6 =     2.0946,     2.5539       
# span 7 =     1.9325,     2.3626       
# span 8 = 0.0000e+00, 0.0000e+00       
# interval = meters: 1                  
# start_time = Oct 14 2024 07:07:04 [NMEA time, header]
# bad_flag = -9.990e-29
*END*
      3.000    15.8509   3.998549    31.6470        388     0.2685     2.5506     2.3601 0.0000e+00
      4.000    15.8503   3.998613    31.6477        742     0.5149     2.5505     2.3599 0.0000e+00
      5.000    15.8506   3.998688    31.6477        806     0.5593     2.5508     2.3618 0.0000e+00
      6.000    15.8507   3.998743    31.6478        827     0.5738     2.5528     2.3626 0.0000e+00
      7.000    15.8514   3.998846    31.6478        845     0.5862     2.5538     2.3620 0.0000e+00
      8.000    15.8487   3.998676    31.6481        863     0.5986     2.5515     2.3594 0.0000e+00
      9.000    15.8488   3.998715    31.6479        887     0.6155     2.5506     2.3590 0.0000e+00
     10.000    15.8433   3.998282    31.6481        942     0.6537     2.5521     2.3559 0.0000e+00
     11.000    15.8436   3.998363    31.6483        975     0.6761     2.5539     2.3571 0.0000e+00
     12.000    15.8308   3.997372    31.6494        991     0.6873     2.5513     2.3578 0.0000e+00
     13.000    15.8118   3.995855    31.6508       1007     0.6985     2.5497     2.3538 0.0000e+00
     14.000    15.7298   3.989606    31.6608       1027     0.7123     2.5504     2.3525 0.0000e+00
     15.000    15.2457   3.956196    31.7534       1057     0.7336     2.5378     2.3498 0.0000e+00
     16.000    13.8359   3.856325    32.0030       1104     0.7662     2.4735     2.3108 0.0000e+00
     17.000    13.4796   3.828918    32.0465       1136     0.7883     2.3943     2.2547 0.0000e+00
     18.000    13.2070   3.809338    32.0926       1157     0.8029     2.3579     2.2152 0.0000e+00
     19.000    12.9079   3.788900    32.1531       1175     0.8153     2.3337     2.1876 0.0000e+00
     20.000    12.8382   3.782945    32.1557       1192     0.8269     2.3093     2.1657 0.0000e+00
     21.000    12.7033   3.771922    32.1658       1211     0.8399     2.2891     2.1463 0.0000e+00
     22.000    12.1536   3.727594    32.2130       1263     0.8761     2.2641     2.1101 0.0000e+00
     23.000    11.4621   3.672319    32.2764       1318     0.9145     2.2449     2.0878 0.0000e+00
     24.000    11.2482   3.655679    32.2999       1333     0.9247     2.2359     2.0843 0.0000e+00
     25.000    10.9924   3.635010    32.3205       1346     0.9340     2.2268     2.0793 0.0000e+00
     26.000    10.7547   3.615860    32.3399       1359     0.9431     2.2149     2.0727 0.0000e+00
     27.000    10.5289   3.597282    32.3543       1375     0.9539     2.1997     2.0610 0.0000e+00
     28.000    10.3551   3.580942    32.3447       1439     0.9987     2.1604     2.0167 0.0000e+00
     29.000    10.0814   3.559116    32.3686       1481     1.0279     2.1516     2.0007 0.0000e+00
     30.000     9.9685   3.550045    32.3775       1496     1.0383     2.1468     1.9961 0.0000e+00
     31.000     9.9452   3.547886    32.3760       1510     1.0478     2.1422     1.9912 0.0000e+00
     32.000     9.9232   3.545950    32.3756       1526     1.0587     2.1381     1.9854 0.0000e+00
     33.000     9.9223   3.545074    32.3672       1562     1.0839     2.1316     1.9750 0.0000e+00
     34.000     9.8978   3.542627    32.3639       1613     1.1198     2.1264     1.9660 0.0000e+00
     35.000     9.7957   3.534395    32.3715       1635     1.1347     2.1239     1.9639 0.0000e+00
     36.000     9.7482   3.530807    32.3772       1656     1.1492     2.1198     1.9611 0.0000e+00
     37.000     9.7494   3.530602    32.3736       1681     1.1663     2.1165     1.9583 0.0000e+00
     38.000     9.7281   3.528631    32.3722       1708     1.1852     2.1156     1.9551 0.0000e+00
     39.000     9.6986   3.526233    32.3738       1732     1.2018     2.1132     1.9523 0.0000e+00
     40.000     9.6904   3.525446    32.3728       1754     1.2173     2.1110     1.9497 0.0000e+00
     41.000     9.6918   3.525299    32.3695       1793     1.2443     2.1089     1.9470 0.0000e+00
     42.000     9.6948   3.525256    32.3660       1851     1.2846     2.1058     1.9439 0.0000e+00
     43.000     9.6905   3.524884    32.3656       1870     1.2979     2.1061     1.9441 0.0000e+00
     44.000     9.6793   3.523993    32.3662       1887     1.3099     2.1063     1.9440 0.0000e+00
     45.000     9.6549   3.522077    32.3681       1908     1.3240     2.1060     1.9430 0.0000e+00
     46.000     9.6397   3.520657    32.3669       1958     1.3591     2.1031     1.9402 0.0000e+00
     47.000     9.6249   3.519265    32.3656       2022     1.4033     2.1008     1.9387 0.0000e+00
     48.000     9.6183   3.518765    32.3660       2045     1.4191     2.1006     1.9377 0.0000e+00
     49.000     9.6066   3.517834    32.3666       2068     1.4356     2.0984     1.9378 0.0000e+00
     50.000     9.6114   3.517685    32.3602       2276     1.5800     2.0953     1.9369 0.0000e+00
     49.000     9.6083   3.517637    32.3630       2257     1.5664     2.0978     1.9356 0.0000e+00
     48.000     9.6072   3.517373    32.3617       2288     1.5885     2.0976     1.9340 0.0000e+00
     47.000     9.6167   3.517974    32.3598       2379     1.6516     2.0951     1.9325 0.0000e+00
     46.000     9.6323   3.518868    32.3553       2404     1.6687     2.0946     1.9325 0.0000e+00
     45.000     9.6521   3.520520    32.3548       2419     1.6793     2.0948     1.9327 0.0000e+00
     44.000     9.6562   3.520877    32.3552       2435     1.6903     2.0959     1.9332 0.0000e+00
     43.000     9.6597   3.521120    32.3549       2454     1.7032     2.0976     1.9340 0.0000e+00
     42.000     9.6867   3.523179    32.3521       2501     1.7359     2.1001     1.9350 0.0000e+00
     41.000     9.7230   3.525802    32.3466       2558     1.7755     2.1024     1.9365 0.0000e+00
     40.000     9.7261   3.526294    32.3493       2574     1.7871     2.1039     1.9378 0.0000e+00
     39.000     9.7172   3.525560    32.3503       2588     1.7967     2.1047     1.9389 0.0000e+00
     38.000     9.7158   3.525346    32.3498       2602     1.8062     2.1046     1.9399 0.0000e+00
     37.000     9.7268   3.526124    32.3483       2618     1.8174     2.1052     1.9416 0.0000e+00
     36.000     9.7586   3.528558    32.3449       2655     1.8431     2.1072     1.9437 0.0000e+00
     35.000     9.7909   3.531009    32.3413       2712     1.8823     2.1093     1.9448 0.0000e+00
     34.000     9.8042   3.532016    32.3401       2733     1.8973     2.1070     1.9449 0.0000e+00
     33.000     9.8165   3.533024    32.3398       2751     1.9098     2.1079     1.9455 0.0000e+00
     32.000     9.8065   3.532287    32.3416       2769     1.9220     2.1100     1.9471 0.0000e+00
     31.000     9.8161   3.532878    32.3394       2788     1.9356     2.1099     1.9477 0.0000e+00
     30.000     9.8478   3.535150    32.3346       2813     1.9526     2.1115     1.9475 0.0000e+00
     29.000     9.8847   3.537997    32.3309       2848     1.9768     2.1148     1.9499 0.0000e+00
     28.000    10.0873   3.551799    32.2899       2888     2.0051     2.1182     1.9551 0.0000e+00
     27.000    10.4195   3.578222    32.2607       2917     2.0252     2.1247     1.9565 0.0000e+00
     26.000    10.5135   3.586339    32.2590       2936     2.0384     2.1335     1.9614 0.0000e+00
     25.000    10.6460   3.596390    32.2426       2953     2.0503     2.1415     1.9672 0.0000e+00
     24.000    10.8466   3.612484    32.2262       2972     2.0632     2.1511     1.9745 0.0000e+00
     23.000    11.2771   3.646715    32.1870       3004     2.0858     2.1703     1.9884 0.0000e+00
     22.000    12.0316   3.705148    32.1021       3058     2.1230     2.2075     2.0154 0.0000e+00
     21.000    12.6146   3.751203    32.0445       3078     2.1367     2.2221     2.0285 0.0000e+00
     20.000    12.7018   3.760730    32.0612       3094     2.1478     2.2375     2.0424 0.0000e+00
     19.000    12.7531   3.765632    32.0645       3109     2.1585     2.2502     2.0563 0.0000e+00
     18.000    12.9103   3.776979    32.0389       3128     2.1716     2.2619     2.0688 0.0000e+00
     17.000    13.8635   3.846487    31.8887       3198     2.2199     2.2969     2.1009 0.0000e+00
     16.000    14.3230   3.876764    31.7877       3229     2.2419     2.3145     2.1184 0.0000e+00
     15.000    14.8848   3.917023    31.6943       3245     2.2526     2.3266     2.1289 0.0000e+00
     14.000    15.2393   3.943578    31.6459       3259     2.2625     2.3478     2.1412 0.0000e+00
     13.000    15.5104   3.963165    31.6028       3275     2.2737     2.3838     2.1617 0.0000e+00
     12.000    15.7121   3.980617    31.5963       3311     2.2983     2.4584     2.2222 0.0000e+00
     11.000    15.7936   3.989478    31.6099       3382     2.3483     2.5324     2.3198 0.0000e+00
     10.000    15.8212   3.991939    31.6098       3401     2.3612     2.5284     2.3248 0.0000e+00
      9.000    15.8188   3.992142    31.6139       3417     2.3724     2.5335     2.3306 0.0000e+00
      8.000    15.8202   3.992454    31.6160       3432     2.3829     2.5359     2.3326 0.0000e+00
      7.000    15.8271   3.993215    31.6175       3449     2.3943     2.5356     2.3371 0.0000e+00
      6.000    15.8357   3.994384    31.6213       3492     2.4243     2.5434     2.3457 0.0000e+00
      5.000    15.8292   3.994449    31.6274       3560     2.4718     2.5440     2.3521 0.0000e+00
      4.000    15.8344   3.995004    31.6285       3585     2.4886     2.5447     2.3509 0.0000e+00
      3.000    15.8456   3.996704    31.6350       3756     2.6076     2.5519     2.3551 0.0000e+00
