HB2407/CTD197.cnv
* Sea-Bird SBE 9 Data File:
* FileName = C:\cruise\data\CTD197.hex
* Software Version Seasave V 7.26.7.121
* Temperature SN = 4591
* Conductivity SN = 6006
* Number of Bytes Per Scan = 37
* Number of Voltage Words = 4
* Number of Scans Averaged by the Deck Unit = 1
* NMEA Latitude = 43 24.14 N
* NMEA Longitude = 067 07.46 W
* NMEA UTC (Time) = Nov 03 2024 02:46:33
* NMEA baud rate = 4800
** Ship: Bigelow HB2407
** Program:  Fall Bottom Trawl Survey
** Chief Scientist: John Galbraith
# nquan = 9
# nvalues = 438                         
# units = specified
# name 0 = depSM: Depth [salt water, m]
# name 1 = t090C: Temperature [ITS-90, deg C]
# name 2 = c0S/m: Conductivity [S/m]
# name 3 = sal00: Salinity, Practical [PSU]
# name 4 = scan: Scan Count
# name 5 = timeM: Time, Elapsed [minutes]
# name 6 = sbeox0V: Oxygen raw, SBE 43 [V]
# name 7 = sbeox1V: Oxygen raw, SBE 43, 2 [V]
# name 8 = flag: flag
# span 0 =      2.000,    221.000       
# span 1 =     7.7826,    11.9714       
# span 2 =   3.436743,   3.715139       
# span 3 =    32.2388,    34.2544       
# span 4 =        153,      14088       
# span 5 =     0.1055,     9.7827       
# span 6 =     1.8238,     2.5395       
# span 7 =     1.7073,     2.3698       
# span 8 = 0.0000e+00, 0.0000e+00       
# interval = meters: 1                  
# start_time = Nov 03 2024 02:46:33 [NMEA time, header]
# bad_flag = -9.990e-29
*END*
[from data line 321]
    118.000     7.9270   3.508143    33.8011      10019     6.9572     1.8839     1.7595 0.0000e+00
    117.000     7.9187   3.506460    33.7916      10041     6.9723     1.8852     1.7595 0.0000e+00
    116.000     7.9052   3.503865    33.7773      10062     6.9868     1.8847     1.7601 0.0000e+00
    115.000     7.8915   3.500833    33.7586      10088     7.0048     1.8843     1.7609 0.0000e+00
    114.000     7.8727   3.496459    33.7303      10127     7.0317     1.8849     1.7628 0.0000e+00
    113.000     7.8601   3.492884    33.7046      10160     7.0548     1.8873     1.7632 0.0000e+00
    112.000     7.8377   3.486961    33.6631      10183     7.0712     1.8889     1.7646 0.0000e+00
    111.000     7.8291   3.484659    33.6473      10206     7.0868     1.8910     1.7666 0.0000e+00
    110.000     7.8233   3.482926    33.6348      10235     7.1068     1.8940     1.7696 0.0000e+00
    109.000     7.8146   3.480624    33.6189      10273     7.1335     1.8976     1.7733 0.0000e+00
    108.000     7.8100   3.479331    33.6099      10302     7.1534     1.9003     1.7761 0.0000e+00
    107.000     7.8051   3.477647    33.5970      10323     7.1684     1.9010     1.7792 0.0000e+00
    106.000     7.8032   3.476959    33.5919      10347     7.1849     1.9021     1.7801 0.0000e+00
    105.000     7.8009   3.475310    33.5769      10381     7.2084     1.9052     1.7821 0.0000e+00
    104.000     7.8028   3.474956    33.5717      10414     7.2309     1.9092     1.7854 0.0000e+00
    103.000     7.8062   3.473470    33.5530      10435     7.2457     1.9110     1.7871 0.0000e+00
    102.000     7.8063   3.472187    33.5396      10457     7.2613     1.9122     1.7885 0.0000e+00
    101.000     7.8035   3.469523    33.5142      10496     7.2883     1.9172     1.7917 0.0000e+00
    100.000     7.8027   3.468380    33.5032      10533     7.3136     1.9239     1.7956 0.0000e+00
     99.000     7.8005   3.464967    33.4692      10554     7.3282     1.9277     1.7978 0.0000e+00
     98.000     7.7993   3.463077    33.4505      10575     7.3430     1.9304     1.8003 0.0000e+00
     97.000     7.7969   3.461000    33.4310      10604     7.3631     1.9339     1.8046 0.0000e+00
     96.000     7.7961   3.460019    33.4217      10638     7.3866     1.9360     1.8105 0.0000e+00
     95.000     7.7917   3.457387    33.3982      10664     7.4047     1.9387     1.8131 0.0000e+00
     94.000     7.7877   3.455460    33.3818      10687     7.4208     1.9411     1.8149 0.0000e+00
     93.000     7.7867   3.454522    33.3731      10713     7.4389     1.9442     1.8170 0.0000e+00
     92.000     7.7860   3.453300    33.3612      10746     7.4620     1.9484     1.8223 0.0000e+00
     91.000     7.7859   3.452222    33.3502      10779     7.4846     1.9519     1.8260 0.0000e+00
     90.000     7.7854   3.451141    33.3395      10805     7.5031     1.9545     1.8284 0.0000e+00
     89.000     7.7864   3.449585    33.3223      10831     7.5211     1.9566     1.8307 0.0000e+00
     88.000     7.7879   3.447758    33.3018      10861     7.5415     1.9616     1.8324 0.0000e+00
     87.000     7.7880   3.447243    33.2966      10890     7.5620     1.9668     1.8345 0.0000e+00
     86.000     7.7901   3.446102    33.2828      10915     7.5790     1.9687     1.8362 0.0000e+00
     85.000     7.7945   3.444337    33.2602      10937     7.5948     1.9691     1.8376 0.0000e+00
     84.000     7.7980   3.442690    33.2397      10963     7.6122     1.9692     1.8392 0.0000e+00
     83.000     7.8015   3.440828    33.2169      10990     7.6316     1.9727     1.8428 0.0000e+00
     82.000     7.8040   3.439487    33.2006      11021     7.6530     1.9754     1.8465 0.0000e+00
     81.000     7.8114   3.438224    33.1805      11053     7.6750     1.9795     1.8505 0.0000e+00
     80.000     7.8159   3.437841    33.1726      11078     7.6925     1.9824     1.8522 0.0000e+00
     79.000     7.8169   3.437779    33.1715      11100     7.7075     1.9846     1.8549 0.0000e+00
     78.000     7.8180   3.437655    33.1695      11123     7.7233     1.9872     1.8584 0.0000e+00
     77.000     7.8197   3.437286    33.1644      11152     7.7435     1.9899     1.8626 0.0000e+00
     76.000     7.8222   3.437046    33.1600      11183     7.7654     1.9923     1.8650 0.0000e+00
     75.000     7.8323   3.436743    33.1475      11209     7.7833     1.9949     1.8658 0.0000e+00
     74.000     7.8465   3.436967    33.1370      11233     7.8000     1.9981     1.8669 0.0000e+00
     73.000     7.8983   3.438963    33.1097      11262     7.8204     2.0027     1.8687 0.0000e+00
     72.000     7.9666   3.442000    33.0780      11294     7.8425     2.0087     1.8717 0.0000e+00
     71.000     8.0323   3.445815    33.0570      11320     7.8604     2.0122     1.8747 0.0000e+00
     70.000     8.0830   3.449531    33.0492      11344     7.8773     2.0161     1.8791 0.0000e+00
     69.000     8.1168   3.452112    33.0453      11374     7.8977     2.0224     1.8866 0.0000e+00
     68.000     8.1405   3.453766    33.0410      11407     7.9207     2.0286     1.8937 0.0000e+00
     67.000     8.1861   3.457171    33.0347      11433     7.9390     2.0335     1.8983 0.0000e+00
     66.000     8.2183   3.459793    33.0326      11457     7.9557     2.0385     1.9023 0.0000e+00
     65.000     8.2271   3.460078    33.0279      11483     7.9737     2.0419     1.9060 0.0000e+00
     64.000     8.2379   3.459813    33.0154      11511     7.9934     2.0443     1.9085 0.0000e+00
     63.000     8.2401   3.457642    32.9908      11540     8.0131     2.0446     1.9119 0.0000e+00
     62.000     8.2471   3.456961    32.9774      11570     8.0338     2.0458     1.9151 0.0000e+00
     61.000     8.2636   3.456831    32.9611      11599     8.0540     2.0507     1.9182 0.0000e+00
     60.000     8.2797   3.456948    32.9476      11627     8.0733     2.0554     1.9202 0.0000e+00
     59.000     8.2983   3.457247    32.9339      11656     8.0936     2.0595     1.9229 0.0000e+00
     58.000     8.3304   3.458411    32.9166      11682     8.1119     2.0622     1.9241 0.0000e+00
     57.000     8.3587   3.459905    32.9064      11706     8.1283     2.0644     1.9267 0.0000e+00
     56.000     8.3817   3.461318    32.9003      11732     8.1465     2.0697     1.9290 0.0000e+00
     55.000     8.4186   3.463529    32.8897      11763     8.1678     2.0745     1.9332 0.0000e+00
     54.000     8.5090   3.468887    32.8622      11791     8.1873     2.0792     1.9370 0.0000e+00
     53.000     8.6350   3.477200    32.8328      11816     8.2047     2.0860     1.9406 0.0000e+00
     52.000     8.7110   3.482785    32.8213      11843     8.2235     2.0942     1.9451 0.0000e+00
     51.000     8.8162   3.489944    32.7991      11875     8.2460     2.1060     1.9538 0.0000e+00
     50.000     9.1168   3.509707    32.7281      11905     8.2670     2.1191     1.9631 0.0000e+00
     49.000     9.4059   3.529246    32.6655      11929     8.2835     2.1333     1.9727 0.0000e+00
     48.000     9.6553   3.547154    32.6226      11952     8.2992     2.1529     1.9838 0.0000e+00
     47.000     9.6775   3.550154    32.6336      11978     8.3173     2.1742     1.9993 0.0000e+00
     46.000     9.8462   3.562728    32.6093      12010     8.3396     2.1903     2.0180 0.0000e+00
     45.000     9.9877   3.571229    32.5683      12038     8.3593     2.2012     2.0341 0.0000e+00
     44.000    10.0738   3.578081    32.5606      12062     8.3754     2.2094     2.0461 0.0000e+00
     43.000    10.1140   3.581259    32.5570      12086     8.3922     2.2195     2.0583 0.0000e+00
     42.000    10.1253   3.582537    32.5603      12117     8.4137     2.2292     2.0720 0.0000e+00
     41.000    10.1370   3.583528    32.5602      12149     8.4364     2.2365     2.0811 0.0000e+00
     40.000    10.2444   3.590337    32.5329      12177     8.4554     2.2405     2.0853 0.0000e+00
     39.000    10.3277   3.595740    32.5131      12202     8.4731     2.2485     2.0909 0.0000e+00
     38.000    10.3859   3.600908    32.5134      12229     8.4917     2.2563     2.0962 0.0000e+00
     37.000    10.4995   3.607273    32.4761      12256     8.5104     2.2680     2.1026 0.0000e+00
     36.000    10.7038   3.620983    32.4317      12280     8.5270     2.2819     2.1100 0.0000e+00
     35.000    10.8527   3.632240    32.4121      12303     8.5429     2.3012     2.1181 0.0000e+00
     34.000    11.0593   3.646983    32.3760      12331     8.5628     2.3255     2.1315 0.0000e+00
     33.000    10.9927   3.644322    32.4089      12366     8.5867     2.3496     2.1528 0.0000e+00
     32.000    11.2856   3.661830    32.3242      12393     8.6057     2.3642     2.1672 0.0000e+00
     31.000    11.4792   3.677035    32.3042      12418     8.6228     2.3804     2.1796 0.0000e+00
     30.000    11.4395   3.675259    32.3219      12445     8.6414     2.3977     2.1962 0.0000e+00
     29.000    11.4553   3.676633    32.3220      12473     8.6611     2.4133     2.2192 0.0000e+00
     28.000    11.6841   3.691424    32.2672      12501     8.6805     2.4280     2.2369 0.0000e+00
     27.000    11.7593   3.698149    32.2676      12527     8.6985     2.4473     2.2505 0.0000e+00
     26.000    11.8185   3.702071    32.2547      12551     8.7154     2.4677     2.2678 0.0000e+00
     25.000    11.8269   3.703559    32.2622      12577     8.7335     2.4830     2.2908 0.0000e+00
     24.000    11.8265   3.703590    32.2633      12607     8.7543     2.4966     2.3120 0.0000e+00
     23.000    11.8674   3.705969    32.2513      12635     8.7737     2.5045     2.3250 0.0000e+00
     22.000    11.9100   3.709072    32.2449      12660     8.7907     2.5077     2.3305 0.0000e+00
     21.000    11.9278   3.710374    32.2424      12686     8.8087     2.5152     2.3368 0.0000e+00
     20.000    11.9341   3.710817    32.2417      12714     8.8286     2.5189     2.3424 0.0000e+00
     19.000    11.9423   3.711475    32.2413      12743     8.8485     2.5220     2.3461 0.0000e+00
     18.000    11.9498   3.712232    32.2426      12771     8.8678     2.5232     2.3497 0.0000e+00
     17.000    11.9466   3.711881    32.2424      12797     8.8864     2.5225     2.3548 0.0000e+00
     16.000    11.9587   3.712554    32.2388      12823     8.9041     2.5248     2.3566 0.0000e+00
     15.000    11.9608   3.712735    32.2392      12849     8.9222     2.5247     2.3593 0.0000e+00
     14.000    11.9620   3.712858    32.2397      12877     8.9419     2.5237     2.3618 0.0000e+00
     13.000    11.9695   3.713421    32.2391      12906     8.9618     2.5248     2.3622 0.0000e+00
     12.000    11.9686   3.713370    32.2398      12932     8.9800     2.5251     2.3599 0.0000e+00
     11.000    11.9658   3.713176    32.2408      12956     8.9965     2.5268     2.3604 0.0000e+00
     10.000    11.9666   3.713267    32.2414      12980     9.0135     2.5260     2.3616 0.0000e+00
      9.000    11.9704   3.713585    32.2416      13014     9.0370     2.5253     2.3616 0.0000e+00
      8.000    11.9660   3.713184    32.2420      13044     9.0580     2.5249     2.3655 0.0000e+00
      7.000    11.9714   3.713754    32.2432      13161     9.1388     2.5275     2.3661 0.0000e+00
      6.000    11.9640   3.713450    32.2471      13839     9.6099     2.5351     2.3658 0.0000e+00
      5.000    11.9645   3.713437    32.2470      13900     9.6519     2.5366     2.3665 0.0000e+00
      4.000    11.9647   3.713457    32.2473      13983     9.7098     2.5336     2.3666 0.0000e+00
      3.000    11.9654   3.713455    32.2472      14029     9.7420     2.5369     2.3662 0.0000e+00
      2.000    11.9642   3.713323    32.2473      14088     9.7827     2.5271     2.3673 0.0000e+00
