HB2407/CTD130.cnv
* Sea-Bird SBE 9 Data File:
* FileName = C:\cruise\data\CTD130.hex
* Software Version Seasave V 7.26.7.121
* Temperature SN = 4591
* Conductivity SN = 6006
* Number of Bytes Per Scan = 37
* Number of Voltage Words = 4
* Number of Scans Averaged by the Deck Unit = 1
* NMEA Latitude = 40 29.44 N
* NMEA Longitude = 067 20.55 W
* NMEA UTC (Time) = Oct 10 2024 15:34:01
* NMEA baud rate = 4800
** Ship: Bigelow HB2407
** Program:  Fall Bottom Trawl Survey
** Chief Scientist: John Galbraith
# nquan = 9
# nvalues = 307                         
# units = specified
# name 0 = depSM: Depth [salt water, m]
# name 1 = t090C: Temperature [ITS-90, deg C]
# name 2 = c0S/m: Conductivity [S/m]
# name 3 = sal00: Salinity, Practical [PSU]
# name 4 = scan: Scan Count
# name 5 = timeM: Time, Elapsed [minutes]
# name 6 = sbeox0V: Oxygen raw, SBE 43 [V]
# name 7 = sbeox1V: Oxygen raw, SBE 43, 2 [V]
# name 8 = flag: flag
# span 0 =      1.000,    155.000       
# span 1 =     6.0051,    18.6931       
# span 2 =   3.253276,   4.501867       
# span 3 =    32.2230,    34.0497       
# span 4 =        246,      10888       
# span 5 =     0.1701,     7.5607       
# span 6 =     2.0985,     2.7116       
# span 7 =     1.9371,     2.4757       
# span 8 = 0.0000e+00, 0.0000e+00       
# interval = meters: 1                  
# start_time = Oct 10 2024 15:34:01 [NMEA time, header]
# bad_flag = -9.990e-29
*END*
[from data line 161]
    146.000     7.3307   3.471109    33.9685       6015     4.1764     2.1129     1.9489 0.0000e+00
    145.000     7.3195   3.469683    33.9645       6033     4.1891     2.1148     1.9487 0.0000e+00
    144.000     7.2981   3.467033    33.9571       6056     4.2049     2.1150     1.9490 0.0000e+00
    143.000     7.2784   3.464403    33.9483       6077     4.2193     2.1136     1.9491 0.0000e+00
    142.000     7.2648   3.462577    33.9423       6098     4.2342     2.1133     1.9489 0.0000e+00
    141.000     7.2453   3.460106    33.9349       6122     4.2509     2.1139     1.9502 0.0000e+00
    140.000     7.2201   3.456485    33.9207       6149     4.2691     2.1167     1.9525 0.0000e+00
    139.000     7.1868   3.452268    33.9078       6176     4.2884     2.1190     1.9537 0.0000e+00
    138.000     7.1666   3.449489    33.8978       6203     4.3070     2.1194     1.9542 0.0000e+00
    137.000     7.1489   3.447233    33.8911       6228     4.3242     2.1213     1.9555 0.0000e+00
    136.000     7.0970   3.441113    33.8756       6253     4.3415     2.1231     1.9569 0.0000e+00
    135.000     7.0198   3.431537    33.8470       6280     4.3601     2.1229     1.9578 0.0000e+00
    134.000     6.9516   3.423542    33.8268       6304     4.3774     2.1226     1.9597 0.0000e+00
    133.000     6.8905   3.416096    33.8056       6326     4.3925     2.1228     1.9606 0.0000e+00
    132.000     6.8663   3.412886    33.7946       6349     4.4081     2.1264     1.9623 0.0000e+00
    131.000     6.8317   3.408631    33.7823       6378     4.4287     2.1333     1.9659 0.0000e+00
    130.000     6.8102   3.405821    33.7730       6414     4.4536     2.1387     1.9713 0.0000e+00
    129.000     6.7777   3.401980    33.7632       6443     4.4737     2.1418     1.9746 0.0000e+00
    128.000     6.7705   3.400941    33.7593       6466     4.4898     2.1441     1.9761 0.0000e+00
    127.000     6.7607   3.399745    33.7562       6486     4.5037     2.1458     1.9781 0.0000e+00
    126.000     6.7522   3.398658    33.7531       6505     4.5165     2.1472     1.9790 0.0000e+00
    125.000     6.7336   3.396631    33.7496       6523     4.5293     2.1481     1.9804 0.0000e+00
    124.000     6.6991   3.392119    33.7342       6544     4.5435     2.1492     1.9809 0.0000e+00
    123.000     6.6822   3.389621    33.7237       6568     4.5601     2.1502     1.9806 0.0000e+00
    122.000     6.6525   3.385688    33.7100       6597     4.5805     2.1516     1.9823 0.0000e+00
    121.000     6.6055   3.380020    33.6940       6642     4.6117     2.1521     1.9859 0.0000e+00
    120.000     6.4864   3.365223    33.6479       6687     4.6432     2.1572     1.9882 0.0000e+00
    119.000     6.4680   3.361071    33.6203       6711     4.6599     2.1601     1.9889 0.0000e+00
    118.000     6.4790   3.361266    33.6121       6732     4.6744     2.1614     1.9896 0.0000e+00
    117.000     6.4846   3.361014    33.6043       6753     4.6888     2.1637     1.9918 0.0000e+00
    116.000     6.4831   3.360087    33.5960       6774     4.7032     2.1660     1.9953 0.0000e+00
    115.000     6.4810   3.359045    33.5871       6793     4.7169     2.1688     1.9982 0.0000e+00
    114.000     6.4874   3.359022    33.5810       6814     4.7311     2.1714     1.9999 0.0000e+00
    113.000     6.4954   3.358967    33.5730       6838     4.7481     2.1729     2.0020 0.0000e+00
    112.000     6.5103   3.359045    33.5598       6869     4.7695     2.1751     2.0039 0.0000e+00
    111.000     6.5192   3.358813    33.5489       6901     4.7916     2.1775     2.0039 0.0000e+00
    110.000     6.5304   3.358632    33.5364       6933     4.8141     2.1774     2.0052 0.0000e+00
    109.000     6.5440   3.359240    33.5303       6975     4.8430     2.1780     2.0064 0.0000e+00
    108.000     6.5794   3.361596    33.5222       7014     4.8701     2.1789     2.0060 0.0000e+00
    107.000     6.5983   3.363154    33.5214       7045     4.8915     2.1805     2.0063 0.0000e+00
    106.000     6.5990   3.363247    33.5222       7069     4.9083     2.1810     2.0065 0.0000e+00
    105.000     6.6002   3.363286    33.5220       7093     4.9251     2.1809     2.0062 0.0000e+00
    104.000     6.6022   3.363225    33.5198       7126     4.9477     2.1803     2.0061 0.0000e+00
    103.000     6.6059   3.363118    33.5155       7161     4.9721     2.1792     2.0064 0.0000e+00
    102.000     6.6111   3.363088    33.5106       7187     4.9903     2.1796     2.0062 0.0000e+00
    101.000     6.6116   3.362900    33.5085       7210     5.0065     2.1806     2.0062 0.0000e+00
    100.000     6.6073   3.361904    33.5023       7234     5.0228     2.1813     2.0065 0.0000e+00
     99.000     6.6009   3.360156    33.4896       7260     5.0409     2.1809     2.0075 0.0000e+00
     98.000     6.5957   3.358947    33.4818       7290     5.0617     2.1809     2.0084 0.0000e+00
     97.000     6.5917   3.358063    33.4764       7321     5.0831     2.1790     2.0086 0.0000e+00
     96.000     6.5892   3.357441    33.4725       7349     5.1030     2.1804     2.0083 0.0000e+00
     95.000     6.5862   3.356306    33.4634       7380     5.1242     2.1814     2.0085 0.0000e+00
     94.000     6.5877   3.354033    33.4373       7410     5.1454     2.1812     2.0097 0.0000e+00
     93.000     6.5940   3.352402    33.4136       7436     5.1633     2.1825     2.0101 0.0000e+00
     92.000     6.6145   3.351988    33.3895       7460     5.1797     2.1833     2.0098 0.0000e+00
     91.000     6.6304   3.352083    33.3754       7485     5.1969     2.1832     2.0101 0.0000e+00
     90.000     6.6593   3.352555    33.3530       7512     5.2158     2.1816     2.0121 0.0000e+00
     89.000     6.6832   3.352899    33.3340       7540     5.2355     2.1793     2.0133 0.0000e+00
     88.000     6.6878   3.351955    33.3196       7567     5.2541     2.1806     2.0126 0.0000e+00
     87.000     6.7008   3.351303    33.3003       7591     5.2711     2.1815     2.0116 0.0000e+00
     86.000     6.7285   3.352037    33.2820       7618     5.2895     2.1814     2.0100 0.0000e+00
     85.000     6.7388   3.351019    33.2612       7647     5.3101     2.1809     2.0093 0.0000e+00
     84.000     6.7356   3.349817    33.2516       7674     5.3285     2.1817     2.0096 0.0000e+00
     83.000     6.6978   3.345556    33.2418       7700     5.3464     2.1838     2.0109 0.0000e+00
     82.000     6.6443   3.338425    33.2156       7742     5.3758     2.1851     2.0126 0.0000e+00
     81.000     6.6051   3.334476    33.2104       7782     5.4036     2.1876     2.0145 0.0000e+00
     80.000     6.5628   3.329363    33.1955       7802     5.4172     2.1880     2.0166 0.0000e+00
     79.000     6.5063   3.322639    33.1765       7820     5.4297     2.1887     2.0181 0.0000e+00
     78.000     6.4389   3.314427    33.1514       7839     5.4432     2.1881     2.0190 0.0000e+00
     77.000     6.3242   3.299824    33.1010       7866     5.4615     2.1882     2.0189 0.0000e+00
     76.000     6.2366   3.287141    33.0455       7903     5.4876     2.1944     2.0189 0.0000e+00
     75.000     6.1526   3.276843    33.0127       7937     5.5108     2.2046     2.0251 0.0000e+00
     74.000     6.1110   3.270185    32.9792       7978     5.5393     2.2130     2.0339 0.0000e+00
     73.000     6.1181   3.268712    32.9563       8022     5.5704     2.2269     2.0457 0.0000e+00
     72.000     6.0910   3.264094    32.9316       8049     5.5887     2.2372     2.0542 0.0000e+00
     71.000     6.0645   3.260399    32.9164       8072     5.6047     2.2440     2.0614 0.0000e+00
     70.000     6.0370   3.255017    32.8833       8099     5.6237     2.2528     2.0697 0.0000e+00
     69.000     6.0838   3.256172    32.8514       8135     5.6487     2.2661     2.0803 0.0000e+00
     68.000     6.1877   3.262037    32.8169       8169     5.6723     2.2831     2.0933 0.0000e+00
     67.000     6.2761   3.266256    32.7791       8195     5.6904     2.2956     2.1040 0.0000e+00
     66.000     6.3281   3.269323    32.7636       8218     5.7061     2.3056     2.1132 0.0000e+00
     65.000     6.4667   3.279642    32.7454       8241     5.7222     2.3160     2.1216 0.0000e+00
     64.000     6.6587   3.294663    32.7279       8268     5.7411     2.3308     2.1312 0.0000e+00
     63.000     6.7454   3.302787    32.7349       8300     5.7634     2.3416     2.1417 0.0000e+00
     62.000     6.8045   3.307887    32.7351       8337     5.7888     2.3445     2.1495 0.0000e+00
     61.000     6.8795   3.313775    32.7286       8367     5.8100     2.3435     2.1522 0.0000e+00
     60.000     6.9098   3.316637    32.7316       8389     5.8247     2.3433     2.1555 0.0000e+00
     59.000     6.9380   3.319030    32.7314       8408     5.8384     2.3434     2.1584 0.0000e+00
     58.000     7.0053   3.324027    32.7224       8431     5.8541     2.3431     2.1590 0.0000e+00
     57.000     7.1593   3.335226    32.6988       8458     5.8732     2.3451     2.1590 0.0000e+00
     56.000     7.2988   3.345528    32.6792       8487     5.8933     2.3481     2.1588 0.0000e+00
     55.000     7.3940   3.352851    32.6691       8515     5.9125     2.3501     2.1601 0.0000e+00
     54.000     7.4474   3.356685    32.6607       8547     5.9347     2.3581     2.1653 0.0000e+00
     53.000     7.4802   3.359006    32.6553       8583     5.9597     2.3675     2.1724 0.0000e+00
     52.000     7.5405   3.363327    32.6456       8609     5.9775     2.3746     2.1786 0.0000e+00
     51.000     7.5802   3.366177    32.6395       8629     5.9917     2.3790     2.1844 0.0000e+00
     50.000     7.6293   3.369633    32.6310       8649     6.0052     2.3826     2.1881 0.0000e+00
     49.000     7.7027   3.373935    32.6090       8671     6.0207     2.3905     2.1924 0.0000e+00
     48.000     7.9566   3.387496    32.5175       8699     6.0402     2.4066     2.2011 0.0000e+00
     47.000     8.5127   3.422558    32.3752       8730     6.0620     2.4327     2.2142 0.0000e+00
     46.000     9.2588   3.489737    32.3937       8759     6.0818     2.4559     2.2324 0.0000e+00
     45.000     9.4860   3.513031    32.4280       8785     6.0999     2.4812     2.2580 0.0000e+00
     44.000     9.8849   3.553344    32.4798       8814     6.1201     2.5092     2.2770 0.0000e+00
     43.000    10.3945   3.604728    32.5416       8845     6.1416     2.5364     2.2940 0.0000e+00
     42.000    11.1153   3.681702    32.6657       8871     6.1599     2.5465     2.3085 0.0000e+00
     41.000    11.8012   3.748047    32.7092       8899     6.1789     2.5737     2.3298 0.0000e+00
     40.000    12.3311   3.806097    32.8053       8930     6.2009     2.6116     2.3569 0.0000e+00
     39.000    14.1209   3.979951    32.8937       8961     6.2222     2.6553     2.3800 0.0000e+00
     38.000    14.9389   4.074922    33.0670       8986     6.2399     2.6857     2.4163 0.0000e+00
     37.000    15.2838   4.114707    33.1345       9012     6.2578     2.7116     2.4503 0.0000e+00
     36.000    15.5629   4.149106    33.2078       9046     6.2811     2.7104     2.4637 0.0000e+00
     35.000    15.7041   4.167297    33.2515       9085     6.3082     2.6877     2.4631 0.0000e+00
     34.000    16.1127   4.210913    33.2955       9119     6.3318     2.6809     2.4586 0.0000e+00
     33.000    16.2947   4.233277    33.3407       9145     6.3499     2.6876     2.4623 0.0000e+00
     32.000    16.4172   4.246585    33.3555       9169     6.3664     2.6922     2.4654 0.0000e+00
     31.000    16.7968   4.287016    33.3928       9193     6.3831     2.6950     2.4674 0.0000e+00
     30.000    17.1058   4.320908    33.4305       9216     6.3994     2.6981     2.4685 0.0000e+00
     29.000    17.4538   4.354216    33.4301       9239     6.4152     2.6932     2.4728 0.0000e+00
     28.000    17.7853   4.392054    33.4812       9264     6.4325     2.6903     2.4757 0.0000e+00
     27.000    18.0697   4.426329    33.5395       9296     6.4548     2.6873     2.4713 0.0000e+00
     26.000    18.3839   4.459335    33.5615       9328     6.4768     2.6725     2.4582 0.0000e+00
     25.000    18.5798   4.483596    33.6060       9353     6.4943     2.6591     2.4530 0.0000e+00
     24.000    18.5518   4.481314    33.6100       9378     6.5119     2.6557     2.4486 0.0000e+00
     23.000    18.0841   4.415737    33.4393       9408     6.5328     2.6350     2.4372 0.0000e+00
     22.000    17.5813   4.334469    33.1590       9437     6.5529     2.6094     2.4219 0.0000e+00
     21.000    17.8042   4.334620    32.9793       9462     6.5699     2.6163     2.4151 0.0000e+00
     20.000    17.8366   4.304901    32.7012       9488     6.5885     2.6249     2.4258 0.0000e+00
     19.000    17.7579   4.271603    32.4816       9518     6.6090     2.6283     2.4313 0.0000e+00
     18.000    17.7511   4.249238    32.2976       9546     6.6286     2.6173     2.4228 0.0000e+00
     17.000    17.7614   4.244911    32.2530       9577     6.6502     2.6100     2.4068 0.0000e+00
     16.000    17.7656   4.244088    32.2430       9612     6.6741     2.6039     2.3959 0.0000e+00
     15.000    17.7711   4.243579    32.2347       9643     6.6958     2.5931     2.3901 0.0000e+00
     14.000    17.7745   4.243022    32.2277       9671     6.7156     2.5888     2.3865 0.0000e+00
     13.000    17.7753   4.242957    32.2268       9699     6.7344     2.5869     2.3841 0.0000e+00
     12.000    17.7741   4.242823    32.2270       9726     6.7531     2.5866     2.3818 0.0000e+00
     11.000    17.7737   4.242556    32.2254       9752     6.7718     2.5865     2.3855 0.0000e+00
     10.000    17.7700   4.242100    32.2248       9780     6.7912     2.5882     2.3863 0.0000e+00
      9.000    17.7713   4.242028    32.2236       9808     6.8101     2.5892     2.3864 0.0000e+00
      8.000    17.7714   4.241943    32.2231       9833     6.8280     2.5870     2.3897 0.0000e+00
      7.000    17.7725   4.241991    32.2230       9860     6.8463     2.5879     2.3912 0.0000e+00
      6.000    17.7732   4.242391    32.2262      10431     7.2429     2.5892     2.3866 0.0000e+00
      5.000    17.7736   4.242578    32.2278      10596     7.3573     2.5916     2.3852 0.0000e+00
      4.000    17.7722   4.242335    32.2272      10642     7.3895     2.5945     2.3835 0.0000e+00
      3.000    17.7709   4.242181    32.2273      10745     7.4614     2.5869     2.3892 0.0000e+00
      2.000    17.7693   4.242024    32.2276      10830     7.5204     2.5916     2.3899 0.0000e+00
      1.000    17.7698   4.242024    32.2276      10888     7.5607     2.5925     2.3900 0.0000e+00
