HB2407/CTD120.cnv
* Sea-Bird SBE 9 Data File:
* FileName = C:\cruise\data\CTD120.hex
* Software Version Seasave V 7.26.7.121
* Temperature SN = 4591
* Conductivity SN = 6006
* Number of Bytes Per Scan = 37
* Number of Voltage Words = 4
* Number of Scans Averaged by the Deck Unit = 1
* NMEA Latitude = 40 10.08 N
* NMEA Longitude = 070 19.89 W
* NMEA UTC (Time) = Oct 08 2024 12:31:59
* NMEA baud rate = 4800
** Ship: Bigelow HB2407
** Program:  Fall Bottom Trawl Survey
** Chief Scientist: John Galbraith
# nquan = 9
# nvalues = 214                         
# units = specified
# name 0 = depSM: Depth [salt water, m]
# name 1 = t090C: Temperature [ITS-90, deg C]
# name 2 = c0S/m: Conductivity [S/m]
# name 3 = sal00: Salinity, Practical [PSU]
# name 4 = scan: Scan Count
# name 5 = timeM: Time, Elapsed [minutes]
# name 6 = sbeox0V: Oxygen raw, SBE 43 [V]
# name 7 = sbeox1V: Oxygen raw, SBE 43, 2 [V]
# name 8 = flag: flag
# span 0 =      2.000,    109.000       
# span 1 =    12.0201,    17.9816       
# span 2 =   3.767933,   4.412010       
# span 3 =    32.1171,    35.5512       
# span 4 =       -274,       7293       
# span 5 =    -0.1912,     5.0636       
# span 6 =     1.8094,     2.6048       
# span 7 =     1.6793,     2.4148       
# span 8 = 0.0000e+00, 0.0000e+00       
# interval = meters: 1                  
# start_time = Oct 08 2024 12:31:59 [NMEA time, header]
# bad_flag = -9.990e-29
*END*
      3.000    17.9008   4.242152    32.1245       -274    -0.1912     2.5961     2.4047 0.0000e+00
      4.000    17.9050   4.242633    32.1249        663     0.4597     2.5924     2.4017 0.0000e+00
      5.000    17.9048   4.242694    32.1253        990     0.6871     2.5883     2.4090 0.0000e+00
      6.000    17.9070   4.242899    32.1250        997     0.6913     2.5890     2.4055 0.0000e+00
      7.000    17.9072   4.243018    32.1254       1019     0.7071     2.5902     2.4046 0.0000e+00
      8.000    17.9067   4.242996    32.1253       1052     0.7299     2.5875     2.4046 0.0000e+00
      9.000    17.9056   4.242950    32.1254       1090     0.7563     2.5868     2.4017 0.0000e+00
     10.000    17.9038   4.242767    32.1249       1122     0.7787     2.5879     2.3999 0.0000e+00
     11.000    17.9042   4.242845    32.1249       1147     0.7960     2.5913     2.4001 0.0000e+00
     12.000    17.9040   4.242881    32.1250       1168     0.8105     2.5950     2.3981 0.0000e+00
     13.000    17.9158   4.245133    32.1344       1188     0.8243     2.5920     2.3994 0.0000e+00
     14.000    17.9198   4.245955    32.1379       1209     0.8387     2.5858     2.4017 0.0000e+00
     15.000    17.9594   4.254364    32.1774       1233     0.8555     2.5888     2.4001 0.0000e+00
     16.000    17.9816   4.262817    32.2309       1263     0.8761     2.5961     2.3970 0.0000e+00
     17.000    17.9579   4.266357    32.2792       1306     0.9064     2.6037     2.4039 0.0000e+00
     18.000    17.8841   4.265192    32.3274       1349     0.9363     2.6025     2.4115 0.0000e+00
     19.000    17.8050   4.261924    32.3620       1368     0.9495     2.5998     2.4139 0.0000e+00
     20.000    17.7058   4.256117    32.3912       1383     0.9597     2.6018     2.4140 0.0000e+00
     21.000    17.4804   4.235491    32.3948       1397     0.9697     2.6048     2.4148 0.0000e+00
     22.000    17.3531   4.222795    32.3876       1415     0.9820     2.6011     2.4145 0.0000e+00
     23.000    17.3203   4.219601    32.3861       1445     1.0031     2.5750     2.4002 0.0000e+00
     24.000    17.3041   4.217691    32.3824       1489     1.0335     2.5186     2.3530 0.0000e+00
     25.000    17.3248   4.220656    32.3909       1519     1.0544     2.4996     2.3268 0.0000e+00
     26.000    17.2703   4.215097    32.3864       1547     1.0739     2.4950     2.3164 0.0000e+00
     27.000    17.2261   4.210230    32.3798       1574     1.0926     2.4877     2.3078 0.0000e+00
     28.000    17.1785   4.204585    32.3691       1598     1.1087     2.4738     2.2995 0.0000e+00
     29.000    17.0988   4.195944    32.3582       1619     1.1239     2.4626     2.2913 0.0000e+00
     30.000    16.9427   4.179389    32.3404       1644     1.1412     2.4554     2.2838 0.0000e+00
     31.000    16.8643   4.172588    32.3444       1677     1.1637     2.4472     2.2751 0.0000e+00
     32.000    16.8746   4.175126    32.3576       1709     1.1862     2.4389     2.2643 0.0000e+00
     33.000    16.8963   4.181295    32.3931       1735     1.2043     2.4329     2.2588 0.0000e+00
     34.000    16.6698   4.155859    32.3547       1758     1.2202     2.4308     2.2573 0.0000e+00
     35.000    16.2260   4.104971    32.2692       1780     1.2352     2.4258     2.2542 0.0000e+00
     36.000    15.9237   4.071036    32.2157       1804     1.2518     2.4045     2.2421 0.0000e+00
     37.000    15.7297   4.049040    32.1786       1833     1.2721     2.3798     2.2225 0.0000e+00
     38.000    15.6170   4.035995    32.1543       1871     1.2986     2.3613     2.2003 0.0000e+00
     39.000    15.5170   4.026357    32.1498       1914     1.3287     2.3488     2.1838 0.0000e+00
     40.000    15.4143   4.018244    32.1609       1939     1.3460     2.3422     2.1772 0.0000e+00
     41.000    15.6718   4.053345    32.2625       1956     1.3574     2.3357     2.1708 0.0000e+00
     42.000    15.7110   4.060430    32.2930       1970     1.3677     2.3311     2.1673 0.0000e+00
     43.000    15.8776   4.082748    32.3540       1985     1.3777     2.3284     2.1651 0.0000e+00
     44.000    16.0851   4.120906    32.5207       2001     1.3889     2.3252     2.1602 0.0000e+00
     45.000    16.5262   4.185745    32.7272       2023     1.4044     2.3327     2.1576 0.0000e+00
     46.000    16.9164   4.242316    32.9007       2096     1.4548     2.3903     2.2011 0.0000e+00
     47.000    16.5237   4.201341    32.8654       2139     1.4847     2.4067     2.2236 0.0000e+00
     48.000    16.3230   4.180287    32.8459       2154     1.4952     2.4015     2.2221 0.0000e+00
     49.000    16.0665   4.152932    32.8165       2170     1.5060     2.3954     2.2202 0.0000e+00
     50.000    15.6791   4.112294    32.7769       2186     1.5175     2.3830     2.2149 0.0000e+00
     51.000    14.3715   3.973200    32.6142       2207     1.5321     2.3649     2.2037 0.0000e+00
     52.000    15.3423   4.106084    32.9941       2236     1.5521     2.3124     2.1683 0.0000e+00
     53.000    16.9091   4.334330    33.7017       2269     1.5749     2.2981     2.1413 0.0000e+00
     54.000    13.8971   3.999621    33.2544       2295     1.5928     2.3261     2.1418 0.0000e+00
     55.000    12.9612   3.881385    32.9669       2317     1.6081     2.2807     2.1198 0.0000e+00
     56.000    12.8441   3.864395    32.9077       2339     1.6238     2.2249     2.0836 0.0000e+00
     57.000    12.7120   3.846808    32.8552       2368     1.6440     2.2190     2.0746 0.0000e+00
     58.000    12.2712   3.797393    32.7668       2403     1.6682     2.2252     2.0773 0.0000e+00
     59.000    12.0298   3.770061    32.7146       2432     1.6882     2.2165     2.0712 0.0000e+00
     60.000    12.0201   3.768502    32.7077       2460     1.7076     2.2128     2.0674 0.0000e+00
     61.000    12.1369   3.783880    32.7533       2493     1.7305     2.2197     2.0661 0.0000e+00
     62.000    12.1762   3.789858    32.7761       2522     1.7505     2.2307     2.0671 0.0000e+00
     63.000    12.2030   3.793646    32.7886       2543     1.7655     2.2333     2.0683 0.0000e+00
     64.000    12.3621   3.821086    32.9124       2564     1.7801     2.2318     2.0682 0.0000e+00
     65.000    12.4125   3.833220    32.9841       2588     1.7968     2.2357     2.0696 0.0000e+00
     66.000    12.2074   3.819165    33.0293       2615     1.8152     2.2350     2.0695 0.0000e+00
     67.000    12.1346   3.822729    33.1276       2639     1.8322     2.2286     2.0652 0.0000e+00
     68.000    12.1911   3.832303    33.1694       2664     1.8495     2.2248     2.0611 0.0000e+00
     69.000    12.3255   3.849249    33.2131       2692     1.8687     2.2246     2.0586 0.0000e+00
     70.000    12.7915   3.906890    33.3501       2721     1.8888     2.2271     2.0607 0.0000e+00
     71.000    13.9210   4.049955    33.7030       2747     1.9070     2.2400     2.0653 0.0000e+00
     72.000    13.9483   4.053788    33.7136       2770     1.9228     2.2684     2.0818 0.0000e+00
     73.000    15.1828   4.217898    34.1361       2795     1.9400     2.2716     2.0859 0.0000e+00
     74.000    15.0476   4.210520    34.1882       2832     1.9660     2.2829     2.0961 0.0000e+00
     75.000    14.4401   4.142232    34.0975       2881     1.9999     2.2396     2.0735 0.0000e+00
     76.000    14.1817   4.115212    34.0758       2908     2.0185     2.2167     2.0595 0.0000e+00
     77.000    14.1582   4.115716    34.1008       2927     2.0319     2.2101     2.0541 0.0000e+00
     78.000    14.1032   4.111430    34.1094       2945     2.0443     2.2114     2.0546 0.0000e+00
     79.000    14.4326   4.158493    34.2519       2965     2.0581     2.2154     2.0572 0.0000e+00
     80.000    15.0183   4.238586    34.4662       2987     2.0739     2.2243     2.0602 0.0000e+00
     81.000    15.9880   4.372657    34.8188       3010     2.0894     2.2328     2.0638 0.0000e+00
     82.000    16.0057   4.387206    34.9330       3029     2.1027     2.2412     2.0633 0.0000e+00
     83.000    15.1527   4.285951    34.7765       3047     2.1154     2.2382     2.0594 0.0000e+00
     84.000    14.6875   4.230404    34.6836       3092     2.1466     2.1917     2.0294 0.0000e+00
     85.000    14.4713   4.206506    34.6573       3175     2.2044     2.1855     2.0239 0.0000e+00
     86.000    14.3439   4.194843    34.6635       3191     2.2155     2.1869     2.0253 0.0000e+00
     87.000    14.3772   4.202671    34.7054       3207     2.2267     2.1846     2.0234 0.0000e+00
     88.000    14.3396   4.201572    34.7287       3223     2.2373     2.1783     2.0208 0.0000e+00
     89.000    14.3890   4.216025    34.8174       3238     2.2477     2.1694     2.0169 0.0000e+00
     90.000    14.4651   4.240448    34.9738       3254     2.2587     2.1593     2.0095 0.0000e+00
     91.000    14.3757   4.238657    35.0377       3272     2.2715     2.1503     2.0005 0.0000e+00
     92.000    14.3198   4.235777    35.0613       3296     2.2883     2.1248     1.9801 0.0000e+00
     93.000    14.2322   4.236075    35.1434       3330     2.3116     2.0724     1.9382 0.0000e+00
     94.000    14.0761   4.237470    35.2986       3378     2.3451     2.0038     1.8777 0.0000e+00
     95.000    13.9998   4.237627    35.3697       3433     2.3836     1.9201     1.7987 0.0000e+00
     96.000    13.9748   4.238017    35.3959       3458     2.4004     1.8972     1.7723 0.0000e+00
     97.000    13.9601   4.239068    35.4189       3476     2.4130     1.8839     1.7571 0.0000e+00
     98.000    13.9627   4.240964    35.4338       3492     2.4243     1.8727     1.7460 0.0000e+00
     99.000    13.9493   4.238400    35.4217       3508     2.4356     1.8626     1.7369 0.0000e+00
    100.000    13.9374   4.239594    35.4435       3526     2.4481     1.8532     1.7267 0.0000e+00
    101.000    13.9541   4.243562    35.4648       3549     2.4640     1.8438     1.7165 0.0000e+00
    102.000    13.9681   4.245859    35.4728       3585     2.4887     1.8323     1.7050 0.0000e+00
    103.000    14.0048   4.251004    35.4867       3634     2.5226     1.8211     1.6924 0.0000e+00
    104.000    14.0469   4.256517    35.4989       3681     2.5556     1.8168     1.6858 0.0000e+00
    105.000    14.0442   4.256305    35.4989       3730     2.5893     1.8146     1.6848 0.0000e+00
    106.000    14.0656   4.259220    35.5059       3758     2.6088     1.8161     1.6842 0.0000e+00
    107.000    14.1504   4.269942    35.5273       3780     2.6242     1.8163     1.6835 0.0000e+00
    108.000    14.1601   4.271269    35.5302       3807     2.6430     1.8180     1.6840 0.0000e+00
    109.000    14.2282   4.280308    35.5512       3894     2.7032     1.8210     1.6868 0.0000e+00
    108.000    14.1400   4.268921    35.5269       4107     2.8515     1.8180     1.6843 0.0000e+00
    107.000    14.1356   4.268299    35.5256       4201     2.9164     1.8155     1.6816 0.0000e+00
    106.000    14.1042   4.264592    35.5204       4233     2.9388     1.8141     1.6816 0.0000e+00
    105.000    14.0528   4.257902    35.5059       4253     2.9525     1.8139     1.6820 0.0000e+00
    104.000    14.0338   4.255057    35.4973       4274     2.9673     1.8135     1.6826 0.0000e+00
    103.000    13.9940   4.248427    35.4725       4317     2.9972     1.8125     1.6807 0.0000e+00
    102.000    13.9962   4.243809    35.4277       4362     3.0281     1.8094     1.6793 0.0000e+00
    101.000    14.0186   4.239566    35.3680       4379     3.0402     1.8109     1.6809 0.0000e+00
    100.000    14.0320   4.238423    35.3454       4392     3.0493     1.8146     1.6825 0.0000e+00
     99.000    14.0463   4.237469    35.3238       4404     3.0576     1.8197     1.6845 0.0000e+00
     98.000    14.0854   4.236578    35.2800       4416     3.0658     1.8280     1.6872 0.0000e+00
     97.000    14.1255   4.236101    35.2393       4429     3.0750     1.8386     1.6929 0.0000e+00
     96.000    14.2410   4.234682    35.1212       4445     3.0863     1.8529     1.7018 0.0000e+00
     95.000    14.3419   4.238495    35.0652       4474     3.1065     1.8921     1.7254 0.0000e+00
     94.000    14.4674   4.237651    34.9442       4551     3.1594     2.0084     1.8292 0.0000e+00
     93.000    14.3764   4.218380    34.8488       4589     3.1864     2.0507     1.8768 0.0000e+00
     92.000    14.3517   4.212819    34.8201       4607     3.1985     2.0602     1.8902 0.0000e+00
     91.000    14.3511   4.211396    34.8079       4621     3.2087     2.0664     1.8991 0.0000e+00
     90.000    14.3446   4.207435    34.7775       4636     3.2187     2.0713     1.9089 0.0000e+00
     89.000    14.3234   4.202979    34.7558       4653     3.2303     2.0776     1.9189 0.0000e+00
     88.000    14.3504   4.200681    34.7107       4678     3.2482     2.0879     1.9302 0.0000e+00
     87.000    14.3831   4.200527    34.6804       4713     3.2723     2.1076     1.9432 0.0000e+00
     86.000    14.4770   4.206087    34.6480       4737     3.2889     2.1233     1.9548 0.0000e+00
     85.000    14.5378   4.211832    34.6469       4756     3.3021     2.1350     1.9639 0.0000e+00
     84.000    14.5819   4.215860    34.6449       4776     3.3160     2.1497     1.9766 0.0000e+00
     83.000    14.9373   4.254591    34.6829       4807     3.3376     2.1711     1.9959 0.0000e+00
     82.000    15.5712   4.328270    34.7890       4861     3.3752     2.2016     2.0291 0.0000e+00
     81.000    16.2429   4.412010    34.9457       4888     3.3938     2.2043     2.0358 0.0000e+00
     80.000    16.1302   4.399778    34.9364       4908     3.4073     2.2069     2.0423 0.0000e+00
     79.000    15.6580   4.335678    34.7795       4929     3.4220     2.1920     2.0380 0.0000e+00
     78.000    15.0324   4.244828    34.5120       4961     3.4445     2.1652     2.0126 0.0000e+00
     77.000    14.4841   4.174379    34.3530       4991     3.4650     2.1622     2.0015 0.0000e+00
     76.000    14.2405   4.129484    34.1557       5009     3.4780     2.1600     2.0057 0.0000e+00
     75.000    14.2524   4.128378    34.1355       5026     3.4894     2.1633     2.0064 0.0000e+00
     74.000    14.2952   4.131307    34.1250       5043     3.5015     2.1760     2.0137 0.0000e+00
     73.000    14.7984   4.182788    34.1543       5067     3.5182     2.1999     2.0314 0.0000e+00
     72.000    15.2374   4.238036    34.2727       5113     3.5497     2.2383     2.0639 0.0000e+00
     71.000    14.2510   4.106837    33.9392       5151     3.5762     2.2307     2.0695 0.0000e+00
     70.000    13.9438   4.059299    33.7696       5179     3.5958     2.2061     2.0575 0.0000e+00
     69.000    13.4476   3.997522    33.6298       5208     3.6159     2.2014     2.0522 0.0000e+00
     68.000    12.8000   3.913587    33.4090       5232     3.6329     2.1908     2.0521 0.0000e+00
     67.000    12.6302   3.889391    33.3289       5255     3.6484     2.1861     2.0482 0.0000e+00
     66.000    12.4391   3.865938    33.2740       5282     3.6672     2.1930     2.0469 0.0000e+00
     65.000    12.3178   3.844263    33.1737       5313     3.6888     2.1986     2.0521 0.0000e+00
     64.000    12.3737   3.837457    33.0594       5336     3.7049     2.2081     2.0532 0.0000e+00
     63.000    12.4139   3.835395    33.0046       5355     3.7183     2.2165     2.0530 0.0000e+00
     62.000    12.3759   3.827017    32.9580       5375     3.7321     2.2226     2.0563 0.0000e+00
     61.000    12.2563   3.805125    32.8532       5404     3.7522     2.2243     2.0589 0.0000e+00
     60.000    12.1783   3.790833    32.7844       5446     3.7811     2.2232     2.0580 0.0000e+00
     59.000    12.0609   3.771347    32.6998       5481     3.8059     2.2211     2.0606 0.0000e+00
     58.000    12.0521   3.767933    32.6750       5516     3.8296     2.2215     2.0599 0.0000e+00
     57.000    12.2449   3.785634    32.6774       5546     3.8507     2.2232     2.0607 0.0000e+00
     56.000    12.5938   3.823292    32.7344       5568     3.8661     2.2295     2.0640 0.0000e+00
