HB2407/CTD128.cnv
* Sea-Bird SBE 9 Data File:
* FileName = C:\cruise\data\CTD128.hex
* Software Version Seasave V 7.26.7.121
* Temperature SN = 4591
* Conductivity SN = 6006
* Number of Bytes Per Scan = 37
* Number of Voltage Words = 4
* Number of Scans Averaged by the Deck Unit = 1
* NMEA Latitude = 40 18.72 N
* NMEA Longitude = 067 54.81 W
* NMEA UTC (Time) = Oct 10 2024 02:31:15
* NMEA baud rate = 4800
** Ship: Bigelow HB2407
** Program:  Fall Bottom Trawl Survey
** Chief Scientist: John Galbraith
# nquan = 9
# nvalues = 441                         
# units = specified
# name 0 = depSM: Depth [salt water, m]
# name 1 = t090C: Temperature [ITS-90, deg C]
# name 2 = c0S/m: Conductivity [S/m]
# name 3 = sal00: Salinity, Practical [PSU]
# name 4 = scan: Scan Count
# name 5 = timeM: Time, Elapsed [minutes]
# name 6 = sbeox0V: Oxygen raw, SBE 43 [V]
# name 7 = sbeox1V: Oxygen raw, SBE 43, 2 [V]
# name 8 = flag: flag
# span 0 =      1.000,    222.000       
# span 1 =     7.2419,    17.3122       
# span 2 =   3.405584,   4.198627       
# span 3 =    32.0099,    34.7323       
# span 4 =        198,      14072       
# span 5 =     0.1368,     9.7718       
# span 6 =     1.9158,     2.6782       
# span 7 =     1.7687,     2.4575       
# span 8 = 0.0000e+00, 0.0000e+00       
# interval = meters: 1                  
# start_time = Oct 10 2024 02:31:15 [NMEA time, header]
# bad_flag = -9.990e-29
*END*
[from data line 321]
    120.000     8.1783   3.577312    34.2953       9862     6.8479     2.0515     1.8918 0.0000e+00
    119.000     8.1768   3.576978    34.2937       9881     6.8611     2.0548     1.8941 0.0000e+00
    118.000     8.1492   3.572260    34.2708       9905     6.8779     2.0583     1.8982 0.0000e+00
    117.000     8.1412   3.570240    34.2575       9939     6.9016     2.0618     1.9023 0.0000e+00
    116.000     8.0905   3.563386    34.2343       9986     6.9338     2.0637     1.9038 0.0000e+00
    115.000     8.0813   3.559494    34.2022      10028     6.9633     2.0659     1.9040 0.0000e+00
    114.000     8.1071   3.560068    34.1836      10055     6.9818     2.0689     1.9056 0.0000e+00
    113.000     8.1173   3.560855    34.1825      10075     6.9956     2.0707     1.9070 0.0000e+00
    112.000     8.1273   3.561309    34.1781      10093     7.0080     2.0712     1.9084 0.0000e+00
    111.000     8.1306   3.561482    34.1773      10110     7.0203     2.0709     1.9104 0.0000e+00
    110.000     8.1338   3.561657    34.1765      10130     7.0337     2.0706     1.9117 0.0000e+00
    109.000     8.1338   3.561652    34.1769      10152     7.0495     2.0709     1.9115 0.0000e+00
    108.000     8.1341   3.561590    34.1764      10183     7.0705     2.0709     1.9118 0.0000e+00
    107.000     8.1421   3.562215    34.1758      10226     7.1010     2.0705     1.9106 0.0000e+00
    106.000     8.1480   3.562594    34.1745      10270     7.1315     2.0707     1.9099 0.0000e+00
    105.000     8.1550   3.563024    34.1728      10298     7.1505     2.0712     1.9111 0.0000e+00
    104.000     8.1543   3.562743    34.1710      10319     7.1653     2.0719     1.9115 0.0000e+00
    103.000     8.1665   3.563122    34.1636      10339     7.1790     2.0722     1.9120 0.0000e+00
    102.000     8.1835   3.563665    34.1534      10359     7.1931     2.0725     1.9109 0.0000e+00
    101.000     8.1836   3.562551    34.1418      10381     7.2081     2.0717     1.9108 0.0000e+00
    100.000     8.1778   3.560503    34.1261      10403     7.2233     2.0710     1.9110 0.0000e+00
     99.000     8.1475   3.556237    34.1106      10424     7.2385     2.0708     1.9124 0.0000e+00
     98.000     8.0316   3.541770    34.0693      10448     7.2550     2.0689     1.9127 0.0000e+00
     97.000     7.8711   3.520478    33.9977      10485     7.2805     2.0701     1.9126 0.0000e+00
     96.000     7.9406   3.522630    33.9538      10541     7.3192     2.0945     1.9220 0.0000e+00
     95.000     7.9425   3.516876    33.8907      10569     7.3392     2.0997     1.9308 0.0000e+00
     94.000     7.9955   3.519003    33.8627      10591     7.3542     2.1013     1.9324 0.0000e+00
     93.000     7.9764   3.513339    33.8210      10612     7.3690     2.1064     1.9365 0.0000e+00
     92.000     7.8475   3.491374    33.7106      10635     7.3846     2.1086     1.9417 0.0000e+00
     91.000     7.7005   3.474430    33.6709      10657     7.4003     2.1097     1.9432 0.0000e+00
     90.000     7.5967   3.456738    33.5811      10679     7.4156     2.1194     1.9471 0.0000e+00
     89.000     7.5165   3.445328    33.5357      10702     7.4311     2.1358     1.9556 0.0000e+00
     88.000     7.4938   3.441850    33.5206      10727     7.4489     2.1554     1.9687 0.0000e+00
     87.000     7.4404   3.433848    33.4860      10762     7.4728     2.1774     1.9919 0.0000e+00
     86.000     7.4364   3.433039    33.4815      10800     7.4991     2.1961     2.0137 0.0000e+00
     85.000     7.3201   3.417803    33.4291      10827     7.5184     2.2063     2.0269 0.0000e+00
     84.000     7.2956   3.412774    33.3986      10851     7.5347     2.2134     2.0337 0.0000e+00
     83.000     7.2838   3.410825    33.3892      10876     7.5522     2.2208     2.0384 0.0000e+00
     82.000     7.2835   3.410181    33.3831      10909     7.5748     2.2294     2.0472 0.0000e+00
     81.000     7.2858   3.409790    33.3770      10943     7.5988     2.2352     2.0567 0.0000e+00
     80.000     7.2916   3.409914    33.3733      10969     7.6168     2.2378     2.0607 0.0000e+00
     79.000     7.2998   3.410609    33.3734      10991     7.6318     2.2384     2.0625 0.0000e+00
     78.000     7.3032   3.410780    33.3725      11011     7.6461     2.2385     2.0636 0.0000e+00
     77.000     7.3244   3.412723    33.3736      11033     7.6609     2.2374     2.0637 0.0000e+00
     76.000     7.3507   3.414942    33.3728      11058     7.6782     2.2371     2.0648 0.0000e+00
     75.000     7.3784   3.417580    33.3752      11094     7.7032     2.2351     2.0656 0.0000e+00
     74.000     7.5048   3.423429    33.3175      11135     7.7317     2.2326     2.0646 0.0000e+00
     73.000     7.5049   3.420436    33.2856      11161     7.7500     2.2296     2.0636 0.0000e+00
     72.000     7.5229   3.417952    33.2420      11182     7.7644     2.2288     2.0616 0.0000e+00
     71.000     7.5249   3.416275    33.2224      11202     7.7787     2.2294     2.0598 0.0000e+00
     70.000     7.5293   3.415572    33.2111      11226     7.7955     2.2315     2.0591 0.0000e+00
     69.000     7.5228   3.414360    33.2047      11258     7.8176     2.2334     2.0595 0.0000e+00
     68.000     7.5583   3.413327    33.1601      11292     7.8409     2.2359     2.0606 0.0000e+00
     67.000     7.6261   3.414760    33.1114      11323     7.8623     2.2420     2.0607 0.0000e+00
     66.000     7.6891   3.417736    33.0840      11352     7.8828     2.2475     2.0627 0.0000e+00
     65.000     7.7151   3.418113    33.0638      11377     7.8999     2.2498     2.0669 0.0000e+00
     64.000     7.7517   3.418477    33.0335      11397     7.9142     2.2495     2.0699 0.0000e+00
     63.000     7.8036   3.419893    33.0000      11417     7.9281     2.2485     2.0711 0.0000e+00
     62.000     7.8656   3.422638    32.9713      11442     7.9451     2.2508     2.0717 0.0000e+00
     61.000     8.0194   3.430612    32.9120      11484     7.9741     2.2607     2.0764 0.0000e+00
     60.000     8.1143   3.435750    32.8779      11527     8.0039     2.2641     2.0823 0.0000e+00
     59.000     8.1742   3.438400    32.8505      11550     8.0198     2.2648     2.0850 0.0000e+00
     58.000     8.1990   3.439923    32.8438      11568     8.0327     2.2672     2.0877 0.0000e+00
     57.000     8.2163   3.441068    32.8402      11586     8.0449     2.2703     2.0904 0.0000e+00
     56.000     8.2220   3.441518    32.8402      11605     8.0583     2.2733     2.0926 0.0000e+00
     55.000     8.2263   3.441795    32.8396      11629     8.0751     2.2751     2.0943 0.0000e+00
     54.000     8.2469   3.443172    32.8354      11667     8.1017     2.2778     2.0977 0.0000e+00
     53.000     8.2851   3.445489    32.8246      11721     8.1389     2.2777     2.1007 0.0000e+00
     52.000     8.3125   3.446784    32.8132      11749     8.1582     2.2772     2.1005 0.0000e+00
     51.000     8.3201   3.447447    32.8136      11767     8.1711     2.2794     2.1018 0.0000e+00
     50.000     8.3536   3.449180    32.8011      11785     8.1831     2.2807     2.1043 0.0000e+00
     49.000     8.3917   3.451391    32.7894      11803     8.1959     2.2813     2.1051 0.0000e+00
     48.000     8.4597   3.454631    32.7608      11827     8.2123     2.2830     2.1072 0.0000e+00
     47.000     8.5000   3.457290    32.7518      11858     8.2339     2.2881     2.1085 0.0000e+00
     46.000     8.6963   3.466079    32.6629      11889     8.2555     2.2967     2.1099 0.0000e+00
     45.000     9.0840   3.489729    32.5534      11919     8.2764     2.3093     2.1176 0.0000e+00
     44.000     9.2205   3.499430    32.5296      11951     8.2984     2.3301     2.1317 0.0000e+00
     43.000     9.2978   3.506344    32.5310      11979     8.3180     2.3470     2.1471 0.0000e+00
     42.000     9.5492   3.518966    32.4331      12001     8.3335     2.3608     2.1593 0.0000e+00
     41.000    10.0766   3.554451    32.3205      12021     8.3475     2.3736     2.1666 0.0000e+00
     40.000    10.4644   3.586951    32.3027      12042     8.3617     2.3931     2.1787 0.0000e+00
     39.000    10.2919   3.578884    32.3756      12066     8.3788     2.4254     2.1987 0.0000e+00
     38.000    10.7014   3.608363    32.3073      12099     8.4015     2.4697     2.2221 0.0000e+00
     37.000    10.9009   3.621163    32.2592      12133     8.4249     2.5108     2.2502 0.0000e+00
     36.000    12.1154   3.709859    32.0695      12162     8.4448     2.5382     2.2691 0.0000e+00
     35.000    12.3100   3.728739    32.0845      12188     8.4632     2.5781     2.3014 0.0000e+00
     34.000    12.4330   3.740758    32.0948      12211     8.4792     2.5903     2.3295 0.0000e+00
     33.000    13.0078   3.783591    32.0127      12231     8.4934     2.5978     2.3493 0.0000e+00
     32.000    13.3769   3.816389    32.0099      12251     8.5072     2.6176     2.3660 0.0000e+00
     31.000    13.6966   3.846674    32.0241      12273     8.5222     2.6285     2.3847 0.0000e+00
     30.000    13.7615   3.854828    32.0460      12300     8.5407     2.6383     2.4051 0.0000e+00
     29.000    14.0706   3.882914    32.0476      12337     8.5665     2.6540     2.4196 0.0000e+00
     28.000    14.3509   3.909015    32.0546      12379     8.5957     2.6668     2.4349 0.0000e+00
     27.000    14.7592   3.944122    32.0369      12411     8.6184     2.6615     2.4411 0.0000e+00
     26.000    15.2225   3.988153    32.0540      12437     8.6359     2.6782     2.4477 0.0000e+00
     25.000    15.6254   4.026175    32.0651      12459     8.6516     2.6678     2.4558 0.0000e+00
     24.000    15.9393   4.056808    32.0820      12482     8.6676     2.6585     2.4559 0.0000e+00
     23.000    16.1437   4.075961    32.0858      12506     8.6841     2.6623     2.4575 0.0000e+00
     22.000    16.2718   4.089595    32.1024      12529     8.6999     2.6621     2.4535 0.0000e+00
     21.000    16.4018   4.102561    32.1114      12550     8.7144     2.6628     2.4472 0.0000e+00
     20.000    16.3973   4.105924    32.1448      12572     8.7299     2.6668     2.4415 0.0000e+00
     19.000    16.7526   4.138407    32.1420      12622     8.7644     2.6593     2.4326 0.0000e+00
     18.000    17.1358   4.177139    32.1709      12684     8.8078     2.6296     2.4389 0.0000e+00
     17.000    17.2356   4.186288    32.1703      12702     8.8204     2.6142     2.4304 0.0000e+00
     16.000    17.2477   4.188036    32.1760      12718     8.8314     2.6081     2.4238 0.0000e+00
     15.000    17.2687   4.190198    32.1782      12733     8.8417     2.6051     2.4193 0.0000e+00
     14.000    17.2640   4.190402    32.1841      12749     8.8530     2.6069     2.4130 0.0000e+00
     13.000    17.2646   4.190165    32.1819      12769     8.8666     2.6073     2.4105 0.0000e+00
     12.000    17.2855   4.192262    32.1836      12796     8.8856     2.6081     2.4086 0.0000e+00
     11.000    17.2944   4.193197    32.1849      12834     8.9120     2.6065     2.4101 0.0000e+00
     10.000    17.2873   4.192367    32.1838      12878     8.9424     2.6092     2.4104 0.0000e+00
      9.000    17.2785   4.191544    32.1841      12916     8.9687     2.6057     2.4099 0.0000e+00
      8.000    17.2827   4.191939    32.1845      12943     8.9876     2.6088     2.4107 0.0000e+00
      7.000    17.2939   4.193171    32.1865      12982     9.0143     2.6116     2.4084 0.0000e+00
      6.000    17.2981   4.194843    32.1978      13471     9.3544     2.6102     2.4050 0.0000e+00
      5.000    17.3028   4.195485    32.2000      13788     9.5745     2.6108     2.4094 0.0000e+00
      4.000    17.3033   4.195545    32.2004      13813     9.5916     2.6090     2.4067 0.0000e+00
      3.000    17.3014   4.195412    32.2011      13925     9.6692     2.6104     2.4125 0.0000e+00
      2.000    17.2929   4.194670    32.2019      14035     9.7459     2.6105     2.4131 0.0000e+00
      1.000    17.2947   4.194760    32.2017      14072     9.7718     2.6145     2.4118 0.0000e+00
