HB2407/CTD160.cnv
* Sea-Bird SBE 9 Data File:
* FileName = C:\cruise\data\CTD160.hex
* Software Version Seasave V 7.26.7.121
* Temperature SN = 4591
* Conductivity SN = 6006
* Number of Bytes Per Scan = 37
* Number of Voltage Words = 4
* Number of Scans Averaged by the Deck Unit = 1
* NMEA Latitude = 42 00.76 N
* NMEA Longitude = 067 46.13 W
* NMEA UTC (Time) = Oct 17 2024 21:45:01
* NMEA baud rate = 4800
** Ship: Bigelow HB2407
** Program:  Fall Bottom Trawl Survey
** Chief Scientist: John Galbraith
# nquan = 9
# nvalues = 195                         
# units = specified
# name 0 = depSM: Depth [salt water, m]
# name 1 = t090C: Temperature [ITS-90, deg C]
# name 2 = c0S/m: Conductivity [S/m]
# name 3 = sal00: Salinity, Practical [PSU]
# name 4 = scan: Scan Count
# name 5 = timeM: Time, Elapsed [minutes]
# name 6 = sbeox0V: Oxygen raw, SBE 43 [V]
# name 7 = sbeox1V: Oxygen raw, SBE 43, 2 [V]
# name 8 = flag: flag
# span 0 =      1.000,     99.000       
# span 1 =     7.4663,    14.4956       
# span 2 =   3.367397,   3.902841       
# span 3 =    31.8681,    32.7542       
# span 4 =        121,       7009       
# span 5 =     0.0836,     4.8666       
# span 6 =     2.0362,     2.5136       
# span 7 =     1.8804,     2.3236       
# span 8 = 0.0000e+00, 0.0000e+00       
# interval = meters: 1                  
# start_time = Oct 17 2024 21:45:01 [NMEA time, header]
# bad_flag = -9.990e-29
*END*
[from data line 161]
     34.000    13.3059   3.807480    31.9855       5394     3.7454     2.2805     2.1066 0.0000e+00
     33.000    13.3409   3.811318    31.9924       5422     3.7645     2.2915     2.1128 0.0000e+00
     32.000    13.3917   3.814580    31.9806       5450     3.7842     2.3022     2.1185 0.0000e+00
     31.000    13.4846   3.822081    31.9730       5476     3.8020     2.3119     2.1254 0.0000e+00
     30.000    13.5173   3.825017    31.9734       5501     3.8196     2.3236     2.1324 0.0000e+00
     29.000    13.5672   3.828962    31.9688       5529     3.8386     2.3354     2.1402 0.0000e+00
     28.000    13.6218   3.833473    31.9654       5559     3.8597     2.3468     2.1481 0.0000e+00
     27.000    13.6954   3.838946    31.9551       5588     3.8800     2.3576     2.1557 0.0000e+00
     26.000    13.8026   3.846676    31.9378       5613     3.8971     2.3625     2.1610 0.0000e+00
     25.000    13.7932   3.846856    31.9476       5636     3.9133     2.3682     2.1663 0.0000e+00
     24.000    13.8267   3.848846    31.9385       5662     3.9314     2.3727     2.1713 0.0000e+00
     23.000    13.8967   3.853905    31.9274       5696     3.9546     2.3807     2.1807 0.0000e+00
     22.000    14.0639   3.865088    31.8921       5726     3.9760     2.3896     2.1873 0.0000e+00
     21.000    14.2377   3.879476    31.8807       5751     3.9928     2.3966     2.1946 0.0000e+00
     20.000    14.2708   3.882319    31.8799       5774     4.0092     2.4112     2.2019 0.0000e+00
     19.000    14.3195   3.886554    31.8788       5799     4.0264     2.4324     2.2155 0.0000e+00
     18.000    14.4111   3.893678    31.8687       5827     4.0459     2.4556     2.2325 0.0000e+00
     17.000    14.4336   3.895847    31.8704       5857     4.0664     2.4670     2.2513 0.0000e+00
     16.000    14.4618   3.898108    31.8681       5884     4.0856     2.4755     2.2700 0.0000e+00
     15.000    14.4635   3.898433    31.8701       5913     4.1055     2.4839     2.2836 0.0000e+00
     14.000    14.4706   3.898944    31.8693       5943     4.1261     2.4882     2.2925 0.0000e+00
     13.000    14.4735   3.899334    31.8709       5969     4.1445     2.4925     2.2986 0.0000e+00
     12.000    14.4746   3.899511    31.8719       5994     4.1618     2.4978     2.3019 0.0000e+00
     11.000    14.4749   3.899577    31.8727       6021     4.1809     2.4979     2.3045 0.0000e+00
     10.000    14.4763   3.899718    31.8732       6051     4.2015     2.4998     2.3080 0.0000e+00
      9.000    14.4797   3.900034    31.8737       6079     4.2210     2.5004     2.3112 0.0000e+00
      8.000    14.4759   3.899749    31.8746       6107     4.2400     2.5029     2.3138 0.0000e+00
      7.000    14.4803   3.900074    31.8743       6132     4.2576     2.5040     2.3155 0.0000e+00
      6.000    14.4780   3.900431    31.8798       6820     4.7353     2.5079     2.3199 0.0000e+00
      5.000    14.4775   3.900372    31.8801       6862     4.7643     2.5074     2.3201 0.0000e+00
      4.000    14.4782   3.900395    31.8800       6911     4.7983     2.5043     2.3206 0.0000e+00
      3.000    14.4798   3.900490    31.8800       6943     4.8205     2.5069     2.3224 0.0000e+00
      2.000    14.4771   3.900228    31.8802       6973     4.8414     2.5136     2.3215 0.0000e+00
      1.000    14.4762   3.900123    31.8804       7009     4.8666     2.5113     2.3211 0.0000e+00
