HB2407/CTD191.cnv
* Sea-Bird SBE 9 Data File:
* FileName = C:\cruise\data\CTD191.hex
* Software Version Seasave V 7.26.7.121
* Temperature SN = 4591
* Conductivity SN = 6006
* Number of Bytes Per Scan = 37
* Number of Voltage Words = 4
* Number of Scans Averaged by the Deck Unit = 1
* NMEA Latitude = 42 27.71 N
* NMEA Longitude = 066 32.78 W
* NMEA UTC (Time) = Nov 01 2024 17:06:11
* NMEA baud rate = 4800
** Ship: Bigelow HB2407
** Program:  Fall Bottom Trawl Survey
** Chief Scientist: John Galbraith
# nquan = 9
# nvalues = 541                         
# units = specified
# name 0 = depSM: Depth [salt water, m]
# name 1 = t090C: Temperature [ITS-90, deg C]
# name 2 = c0S/m: Conductivity [S/m]
# name 3 = sal00: Salinity, Practical [PSU]
# name 4 = scan: Scan Count
# name 5 = timeM: Time, Elapsed [minutes]
# name 6 = sbeox0V: Oxygen raw, SBE 43 [V]
# name 7 = sbeox1V: Oxygen raw, SBE 43, 2 [V]
# name 8 = flag: flag
# span 0 =      1.000,    272.000       
# span 1 =     6.5991,    12.3647       
# span 2 =   3.374374,   3.731318       
# span 3 =    32.0630,    34.7696       
# span 4 =        209,      17545       
# span 5 =     0.1447,    12.1833       
# span 6 =     1.9337,     2.5688       
# span 7 =     1.8106,     2.4006       
# span 8 = 0.0000e+00, 0.0000e+00       
# interval = meters: 1                  
# start_time = Nov 01 2024 17:06:11 [NMEA time, header]
# bad_flag = -9.990e-29
*END*
[from data line 161]
    164.000     8.5411   3.630568    34.4855       5015     3.4817     2.0420     1.9092 0.0000e+00
    165.000     8.5149   3.628482    34.4885       5045     3.5025     2.0396     1.9083 0.0000e+00
    166.000     8.4532   3.623796    34.4987       5072     3.5215     2.0378     1.9081 0.0000e+00
    167.000     8.4139   3.623543    34.5340       5097     3.5392     2.0353     1.9073 0.0000e+00
    168.000     8.3968   3.624010    34.5553       5119     3.5543     2.0337     1.9061 0.0000e+00
    169.000     8.3449   3.621401    34.5780       5139     3.5684     2.0321     1.9041 0.0000e+00
    170.000     8.2988   3.618093    34.5876       5162     3.5842     2.0254     1.9001 0.0000e+00
    171.000     8.2371   3.613942    34.6036       5193     3.6053     2.0144     1.8917 0.0000e+00
    172.000     8.2127   3.612743    34.6144       5224     3.6273     2.0037     1.8800 0.0000e+00
    173.000     8.1895   3.611513    34.6237       5250     3.6453     1.9965     1.8723 0.0000e+00
    174.000     8.1448   3.608203    34.6318       5271     3.6599     1.9919     1.8674 0.0000e+00
    175.000     8.1250   3.606623    34.6341       5291     3.6735     1.9871     1.8633 0.0000e+00
    176.000     8.0826   3.603839    34.6456       5315     3.6903     1.9827     1.8584 0.0000e+00
    177.000     8.0151   3.599135    34.6616       5353     3.7168     1.9743     1.8518 0.0000e+00
    178.000     8.0018   3.598362    34.6660       5384     3.7381     1.9703     1.8457 0.0000e+00
    179.000     7.9980   3.598209    34.6676       5404     3.7523     1.9693     1.8432 0.0000e+00
    180.000     7.9868   3.598195    34.6781       5424     3.7656     1.9680     1.8414 0.0000e+00
    181.000     7.9822   3.598360    34.6839       5445     3.7808     1.9675     1.8406 0.0000e+00
    182.000     7.9782   3.598388    34.6876       5473     3.8003     1.9648     1.8378 0.0000e+00
    183.000     7.9696   3.598441    34.6962       5504     3.8216     1.9595     1.8339 0.0000e+00
    184.000     7.9612   3.598050    34.6999       5529     3.8388     1.9569     1.8312 0.0000e+00
    185.000     7.9597   3.598107    34.7015       5551     3.8545     1.9560     1.8298 0.0000e+00
    186.000     7.9637   3.598619    34.7025       5578     3.8731     1.9539     1.8282 0.0000e+00
    187.000     7.9664   3.599461    34.7084       5611     3.8960     1.9533     1.8266 0.0000e+00
    188.000     7.9136   3.595549    34.7183       5639     3.9155     1.9518     1.8251 0.0000e+00
    189.000     7.8973   3.595167    34.7299       5661     3.9307     1.9496     1.8237 0.0000e+00
    190.000     7.8628   3.593103    34.7415       5682     3.9452     1.9471     1.8225 0.0000e+00
    191.000     7.8528   3.592283    34.7422       5706     3.9617     1.9457     1.8209 0.0000e+00
    192.000     7.8396   3.591525    34.7466       5735     3.9822     1.9436     1.8174 0.0000e+00
    193.000     7.7971   3.588907    34.7602       5765     4.0025     1.9421     1.8151 0.0000e+00
    194.000     7.7846   3.587673    34.7588       5790     4.0200     1.9398     1.8131 0.0000e+00
    195.000     7.7691   3.586785    34.7642       5815     4.0377     1.9368     1.8124 0.0000e+00
    196.000     7.6962   3.580415    34.7677       5844     4.0574     1.9350     1.8119 0.0000e+00
    197.000     7.6786   3.579016    34.7696       5869     4.0749     1.9337     1.8111 0.0000e+00
    198.000     7.6661   3.577906    34.7696       5891     4.0902     1.9351     1.8106 0.0000e+00
    199.000     7.6660   3.577867    34.7687       5913     4.1059     1.9375     1.8114 0.0000e+00
    200.000     7.6557   3.577004    34.7692       5941     4.1248     1.9402     1.8134 0.0000e+00
    201.000     7.6519   3.576600    34.7681       5973     4.1469     1.9421     1.8133 0.0000e+00
    202.000     7.6522   3.576614    34.7675       6005     4.1692     1.9407     1.8140 0.0000e+00
    203.000     7.6446   3.576000    34.7679       6032     4.1882     1.9396     1.8143 0.0000e+00
    204.000     7.6421   3.575779    34.7675       6053     4.2025     1.9390     1.8139 0.0000e+00
    205.000     7.6430   3.575849    34.7669       6071     4.2151     1.9387     1.8145 0.0000e+00
    206.000     7.6445   3.575992    34.7664       6091     4.2290     1.9376     1.8155 0.0000e+00
    207.000     7.6462   3.576151    34.7660       6126     4.2532     1.9374     1.8149 0.0000e+00
    208.000     7.6445   3.576101    34.7667       6171     4.2847     1.9414     1.8143 0.0000e+00
    209.000     7.6037   3.572510    34.7680       6189     4.2975     1.9412     1.8156 0.0000e+00
    210.000     7.6059   3.572371    34.7639       6204     4.3079     1.9406     1.8169 0.0000e+00
    211.000     7.6121   3.573028    34.7643       6220     4.3186     1.9402     1.8168 0.0000e+00
    212.000     7.6021   3.572086    34.7636       6250     4.3395     1.9409     1.8163 0.0000e+00
    213.000     7.5978   3.571646    34.7626       6306     4.3787     1.9436     1.8170 0.0000e+00
    214.000     7.5931   3.571230    34.7623       6326     4.3924     1.9440     1.8180 0.0000e+00
    215.000     7.5923   3.571160    34.7618       6342     4.4036     1.9439     1.8188 0.0000e+00
    216.000     7.5922   3.571189    34.7618       6358     4.4146     1.9441     1.8190 0.0000e+00
    217.000     7.5931   3.571295    34.7616       6376     4.4270     1.9441     1.8191 0.0000e+00
    218.000     7.5936   3.571383    34.7615       6403     4.4455     1.9442     1.8194 0.0000e+00
    219.000     7.5942   3.571458    34.7613       6458     4.4842     1.9465     1.8191 0.0000e+00
    220.000     7.5947   3.571557    34.7613       6488     4.5049     1.9474     1.8184 0.0000e+00
    221.000     7.5948   3.571604    34.7612       6504     4.5160     1.9473     1.8183 0.0000e+00
    222.000     7.5957   3.571720    34.7611       6518     4.5259     1.9470     1.8183 0.0000e+00
    223.000     7.5973   3.571919    34.7611       6533     4.5360     1.9469     1.8191 0.0000e+00
    224.000     7.5981   3.572041    34.7612       6552     4.5493     1.9462     1.8199 0.0000e+00
    225.000     7.5983   3.572105    34.7611       6606     4.5868     1.9462     1.8193 0.0000e+00
    226.000     7.5968   3.572024    34.7613       6647     4.6150     1.9441     1.8200 0.0000e+00
    227.000     7.5965   3.572015    34.7610       6665     4.6278     1.9428     1.8192 0.0000e+00
    228.000     7.5967   3.572067    34.7609       6682     4.6397     1.9411     1.8182 0.0000e+00
    229.000     7.5968   3.572141    34.7611       6701     4.6527     1.9394     1.8179 0.0000e+00
    230.000     7.5969   3.572163    34.7607       6727     4.6708     1.9384     1.8179 0.0000e+00
    231.000     7.5984   3.572342    34.7607       6762     4.6952     1.9391     1.8176 0.0000e+00
    232.000     7.5982   3.572384    34.7609       6794     4.7175     1.9413     1.8166 0.0000e+00
    233.000     7.5979   3.572398    34.7608       6820     4.7356     1.9417     1.8166 0.0000e+00
    234.000     7.5978   3.572410    34.7605       6843     4.7515     1.9411     1.8158 0.0000e+00
    235.000     7.5981   3.572487    34.7606       6866     4.7673     1.9406     1.8168 0.0000e+00
    236.000     7.5948   3.572220    34.7606       6891     4.7849     1.9412     1.8177 0.0000e+00
    237.000     7.5944   3.572189    34.7601       6923     4.8070     1.9422     1.8171 0.0000e+00
    238.000     7.5957   3.572363    34.7601       6956     4.8300     1.9430     1.8169 0.0000e+00
    239.000     7.5961   3.572448    34.7603       6984     4.8494     1.9429     1.8174 0.0000e+00
    240.000     7.5955   3.572436    34.7602       7009     4.8669     1.9431     1.8169 0.0000e+00
    241.000     7.5955   3.572473    34.7601       7034     4.8839     1.9426     1.8165 0.0000e+00
    242.000     7.5961   3.572571    34.7601       7057     4.9001     1.9423     1.8166 0.0000e+00
    243.000     7.5959   3.572596    34.7601       7083     4.9180     1.9425     1.8168 0.0000e+00
    244.000     7.5963   3.572665    34.7600       7116     4.9409     1.9424     1.8159 0.0000e+00
    245.000     7.5965   3.572740    34.7601       7150     4.9645     1.9410     1.8155 0.0000e+00
    246.000     7.5961   3.572746    34.7600       7175     4.9820     1.9387     1.8154 0.0000e+00
    247.000     7.5980   3.572969    34.7600       7196     4.9966     1.9363     1.8153 0.0000e+00
    248.000     7.5988   3.573095    34.7601       7217     5.0110     1.9348     1.8145 0.0000e+00
    249.000     7.5993   3.573208    34.7604       7245     5.0304     1.9370     1.8143 0.0000e+00
    250.000     7.5999   3.573282    34.7601       7284     5.0574     1.9371     1.8143 0.0000e+00
    251.000     7.5984   3.573213    34.7603       7312     5.0769     1.9372     1.8144 0.0000e+00
    252.000     7.5995   3.573346    34.7602       7333     5.0919     1.9388     1.8141 0.0000e+00
    253.000     7.5999   3.573437    34.7602       7357     5.1082     1.9390     1.8134 0.0000e+00
    254.000     7.5989   3.573383    34.7602       7386     5.1286     1.9386     1.8124 0.0000e+00
    255.000     7.5983   3.573361    34.7601       7416     5.1492     1.9387     1.8117 0.0000e+00
    256.000     7.5987   3.573445    34.7601       7444     5.1685     1.9389     1.8119 0.0000e+00
    257.000     7.5963   3.573245    34.7599       7473     5.1886     1.9393     1.8127 0.0000e+00
    258.000     7.5939   3.573053    34.7597       7502     5.2091     1.9373     1.8125 0.0000e+00
    259.000     7.5931   3.573021    34.7596       7526     5.2256     1.9359     1.8121 0.0000e+00
    260.000     7.5922   3.572940    34.7592       7546     5.2396     1.9363     1.8121 0.0000e+00
    261.000     7.5930   3.573066    34.7593       7570     5.2560     1.9374     1.8110 0.0000e+00
    262.000     7.5927   3.573076    34.7592       7609     5.2836     1.9382     1.8116 0.0000e+00
    263.000     7.5891   3.572805    34.7593       7640     5.3046     1.9386     1.8121 0.0000e+00
    264.000     7.5881   3.572728    34.7590       7659     5.3178     1.9374     1.8129 0.0000e+00
    265.000     7.5878   3.572733    34.7588       7678     5.3311     1.9368     1.8132 0.0000e+00
    266.000     7.5881   3.572792    34.7587       7711     5.3541     1.9361     1.8133 0.0000e+00
    267.000     7.5881   3.572842    34.7587       7754     5.3838     1.9359     1.8131 0.0000e+00
    268.000     7.5882   3.572900    34.7588       7775     5.3984     1.9353     1.8144 0.0000e+00
    269.000     7.5886   3.572959    34.7586       7792     5.4106     1.9345     1.8137 0.0000e+00
    270.000     7.5890   3.573049    34.7587       7812     5.4240     1.9340     1.8134 0.0000e+00
    271.000     7.5894   3.573127    34.7586       7840     5.4435     1.9346     1.8129 0.0000e+00
    272.000     7.5900   3.573212    34.7584       8336     5.7880     1.9373     1.8116 0.0000e+00
    271.000     7.5903   3.573195    34.7584       8472     5.8826     1.9383     1.8131 0.0000e+00
    270.000     7.5898   3.573089    34.7582       8598     5.9700     1.9387     1.8110 0.0000e+00
    269.000     7.5898   3.573041    34.7583       8616     5.9827     1.9362     1.8107 0.0000e+00
    268.000     7.5897   3.572969    34.7581       8631     5.9929     1.9353     1.8111 0.0000e+00
    267.000     7.5893   3.572914    34.7584       8646     6.0036     1.9357     1.8110 0.0000e+00
    266.000     7.5886   3.572800    34.7583       8667     6.0180     1.9365     1.8118 0.0000e+00
    265.000     7.5882   3.572714    34.7583       8748     6.0745     1.9382     1.8121 0.0000e+00
    264.000     7.5886   3.572686    34.7580       8777     6.0943     1.9391     1.8129 0.0000e+00
    263.000     7.5886   3.572649    34.7582       8795     6.1067     1.9395     1.8131 0.0000e+00
    262.000     7.5890   3.572625    34.7580       8812     6.1190     1.9388     1.8127 0.0000e+00
    261.000     7.5893   3.572621    34.7581       8832     6.1325     1.9387     1.8117 0.0000e+00
    260.000     7.5897   3.572636    34.7584       8883     6.1680     1.9391     1.8106 0.0000e+00
    259.000     7.5900   3.572614    34.7583       8951     6.2152     1.9386     1.8122 0.0000e+00
    258.000     7.5895   3.572501    34.7581       8965     6.2252     1.9389     1.8122 0.0000e+00
    257.000     7.5890   3.572411    34.7582       8979     6.2349     1.9393     1.8120 0.0000e+00
    256.000     7.5894   3.572391    34.7580       8993     6.2443     1.9399     1.8121 0.0000e+00
    255.000     7.5900   3.572427    34.7582       9008     6.2551     1.9400     1.8131 0.0000e+00
    254.000     7.5894   3.572339    34.7584       9078     6.3032     1.9402     1.8135 0.0000e+00
    253.000     7.5895   3.572281    34.7582       9126     6.3365     1.9394     1.8136 0.0000e+00
    252.000     7.5890   3.572185    34.7581       9139     6.3458     1.9392     1.8144 0.0000e+00
    251.000     7.5892   3.572151    34.7581       9152     6.3552     1.9391     1.8145 0.0000e+00
    250.000     7.5887   3.572083    34.7583       9168     6.3661     1.9391     1.8140 0.0000e+00
    249.000     7.5881   3.571991    34.7583       9241     6.4164     1.9409     1.8150 0.0000e+00
    248.000     7.5898   3.572084    34.7581       9278     6.4423     1.9417     1.8145 0.0000e+00
    247.000     7.5907   3.572132    34.7583       9291     6.4512     1.9418     1.8148 0.0000e+00
    246.000     7.5902   3.572049    34.7584       9304     6.4602     1.9416     1.8158 0.0000e+00
    245.000     7.5902   3.572001    34.7584       9318     6.4703     1.9409     1.8166 0.0000e+00
    244.000     7.5914   3.572089    34.7586       9388     6.5188     1.9416     1.8184 0.0000e+00
    243.000     7.5947   3.572326    34.7584       9437     6.5531     1.9435     1.8162 0.0000e+00
    242.000     7.5979   3.572602    34.7586       9451     6.5625     1.9425     1.8159 0.0000e+00
    241.000     7.5992   3.572720    34.7591       9465     6.5723     1.9419     1.8167 0.0000e+00
    240.000     7.5995   3.572725    34.7593       9481     6.5830     1.9419     1.8170 0.0000e+00
    239.000     7.5988   3.572638    34.7595       9516     6.6077     1.9417     1.8158 0.0000e+00
    238.000     7.5979   3.572484    34.7593       9591     6.6594     1.9413     1.8166 0.0000e+00
    237.000     7.5978   3.572433    34.7593       9606     6.6700     1.9410     1.8169 0.0000e+00
    236.000     7.5970   3.572325    34.7595       9623     6.6819     1.9413     1.8171 0.0000e+00
    235.000     7.5967   3.572252    34.7594       9642     6.6950     1.9419     1.8173 0.0000e+00
    234.000     7.5966   3.572190    34.7594       9671     6.7155     1.9438     1.8170 0.0000e+00
    233.000     7.5962   3.572115    34.7595       9728     6.7547     1.9439     1.8170 0.0000e+00
    232.000     7.5965   3.572083    34.7593       9758     6.7755     1.9450     1.8168 0.0000e+00
    231.000     7.5965   3.572045    34.7593       9777     6.7886     1.9452     1.8158 0.0000e+00
    230.000     7.5966   3.572002    34.7593       9795     6.8013     1.9446     1.8159 0.0000e+00
    229.000     7.5927   3.571576    34.7591      10577     7.3445     1.9454     1.8193 0.0000e+00
    228.000     7.5925   3.571476    34.7587      10614     7.3705     1.9440     1.8197 0.0000e+00
    227.000     7.5935   3.571528    34.7588      10622     7.3755     1.9436     1.8196 0.0000e+00
    226.000     7.5947   3.571595    34.7588      10636     7.3855     1.9432     1.8193 0.0000e+00
    225.000     7.5939   3.571509    34.7592      10656     7.3994     1.9438     1.8192 0.0000e+00
    224.000     7.5951   3.571586    34.7592      10723     7.4455     1.9462     1.8195 0.0000e+00
    223.000     7.5969   3.571701    34.7592      10750     7.4645     1.9477     1.8206 0.0000e+00
    222.000     7.5967   3.571657    34.7594      10765     7.4752     1.9480     1.8210 0.0000e+00
