HB2407/CTD148.cnv
* Sea-Bird SBE 9 Data File:
* FileName = C:\cruise\data\CTD148.hex
* Software Version Seasave V 7.26.7.121
* Temperature SN = 4591
* Conductivity SN = 6006
* Number of Bytes Per Scan = 37
* Number of Voltage Words = 4
* Number of Scans Averaged by the Deck Unit = 1
* NMEA Latitude = 41 28.61 N
* NMEA Longitude = 069 25.03 W
* NMEA UTC (Time) = Oct 14 2024 18:05:23
* NMEA baud rate = 4800
** Ship: Bigelow HB2407
** Program:  Fall Bottom Trawl Survey
** Chief Scientist: John Galbraith
# nquan = 9
# nvalues = 91                          
# units = specified
# name 0 = depSM: Depth [salt water, m]
# name 1 = t090C: Temperature [ITS-90, deg C]
# name 2 = c0S/m: Conductivity [S/m]
# name 3 = sal00: Salinity, Practical [PSU]
# name 4 = scan: Scan Count
# name 5 = timeM: Time, Elapsed [minutes]
# name 6 = sbeox0V: Oxygen raw, SBE 43 [V]
# name 7 = sbeox1V: Oxygen raw, SBE 43, 2 [V]
# name 8 = flag: flag
# span 0 =      1.000,     47.000       
# span 1 =    10.0514,    15.6887       
# span 2 =   3.549263,   4.002388       
# span 3 =    31.7753,    32.2976       
# span 4 =        114,       4282       
# span 5 =     0.0784,     2.9728       
# span 6 =     2.0839,     2.5752       
# span 7 =     1.9254,     2.3780       
# span 8 = 0.0000e+00, 0.0000e+00       
# interval = meters: 1                  
# start_time = Oct 14 2024 18:05:23 [NMEA time, header]
# bad_flag = -9.990e-29
*END*
      3.000    15.6817   4.001546    31.8092        114     0.0784     2.5697     2.3729 0.0000e+00
      4.000    15.6808   4.001491    31.8092        238     0.1647     2.5744     2.3766 0.0000e+00
      5.000    15.6813   4.001599    31.8093        265     0.1834     2.5735     2.3764 0.0000e+00
      6.000    15.6860   4.002004    31.8088        287     0.1987     2.5723     2.3755 0.0000e+00
      7.000    15.6887   4.002364    31.8094        309     0.2140     2.5743     2.3757 0.0000e+00
      8.000    15.6886   4.002388    31.8093        337     0.2330     2.5714     2.3767 0.0000e+00
      9.000    15.6803   4.001759    31.8101        371     0.2572     2.5710     2.3780 0.0000e+00
     10.000    15.6781   4.001536    31.8095        402     0.2782     2.5689     2.3766 0.0000e+00
     11.000    15.6568   3.999728    31.8102        425     0.2945     2.5696     2.3756 0.0000e+00
     12.000    15.6277   3.997324    31.8120        448     0.3102     2.5715     2.3745 0.0000e+00
     13.000    15.6045   3.995281    31.8122        472     0.3271     2.5671     2.3748 0.0000e+00
     14.000    15.5928   3.995072    31.8195        502     0.3482     2.5649     2.3706 0.0000e+00
     15.000    15.3941   3.981577    31.8597        535     0.3711     2.5562     2.3628 0.0000e+00
     16.000    15.0960   3.961190    31.9192        561     0.3888     2.5423     2.3548 0.0000e+00
     17.000    14.8402   3.941620    31.9518        582     0.4034     2.5231     2.3418 0.0000e+00
     18.000    14.7026   3.929862    31.9579        604     0.4184     2.4984     2.3245 0.0000e+00
     19.000    14.5426   3.916051    31.9638        632     0.4384     2.4709     2.2993 0.0000e+00
     20.000    14.2315   3.890043    31.9829        667     0.4627     2.4452     2.2706 0.0000e+00
     21.000    13.8229   3.857499    32.0228        695     0.4822     2.4246     2.2540 0.0000e+00
     22.000    13.6498   3.843750    32.0397        719     0.4987     2.4023     2.2347 0.0000e+00
     23.000    13.5662   3.837486    32.0512        744     0.5160     2.3797     2.2131 0.0000e+00
     24.000    13.4733   3.830611    32.0648        773     0.5364     2.3624     2.1942 0.0000e+00
     25.000    13.1394   3.804113    32.0978        803     0.5567     2.3496     2.1821 0.0000e+00
     26.000    12.7040   3.768161    32.1273        828     0.5743     2.3342     2.1683 0.0000e+00
     27.000    11.8992   3.702164    32.1852        852     0.5912     2.3102     2.1473 0.0000e+00
     28.000    11.4636   3.667988    32.2306        880     0.6101     2.2674     2.1193 0.0000e+00
     29.000    11.0592   3.635093    32.2609        909     0.6307     2.2232     2.0860 0.0000e+00
     30.000    10.6934   3.605970    32.2940        937     0.6500     2.1927     2.0570 0.0000e+00
     31.000    10.5270   3.591618    32.2976        966     0.6699     2.1643     2.0294 0.0000e+00
     32.000    10.4104   3.581237    32.2968        996     0.6906     2.1435     2.0062 0.0000e+00
     33.000    10.4010   3.579802    32.2903       1021     0.7082     2.1342     1.9907 0.0000e+00
     34.000    10.4012   3.579422    32.2859       1041     0.7225     2.1285     1.9806 0.0000e+00
     35.000    10.3750   3.576832    32.2827       1062     0.7370     2.1213     1.9725 0.0000e+00
     36.000    10.3129   3.571213    32.2810       1103     0.7652     2.1145     1.9615 0.0000e+00
     37.000    10.2633   3.566881    32.2811       1158     0.8032     2.1090     1.9534 0.0000e+00
     38.000    10.1983   3.562061    32.2901       1178     0.8172     2.1064     1.9503 0.0000e+00
     39.000    10.1842   3.560820    32.2897       1197     0.8306     2.1041     1.9476 0.0000e+00
     40.000    10.1732   3.559854    32.2893       1218     0.8450     2.1004     1.9439 0.0000e+00
     41.000    10.1571   3.558508    32.2897       1247     0.8651     2.0963     1.9393 0.0000e+00
     42.000    10.1478   3.557559    32.2880       1288     0.8939     2.0951     1.9361 0.0000e+00
     43.000    10.1301   3.556282    32.2904       1321     0.9167     2.0933     1.9332 0.0000e+00
     44.000    10.1075   3.554702    32.2942       1347     0.9345     2.0912     1.9311 0.0000e+00
     45.000    10.0954   3.553795    32.2954       1373     0.9530     2.0892     1.9302 0.0000e+00
     46.000    10.1097   3.554042    32.2847       1663     1.1538     2.0854     1.9290 0.0000e+00
     47.000    10.0514   3.549263    32.2880       2258     1.5674     2.0856     1.9268 0.0000e+00
     46.000    10.1040   3.553115    32.2804       2015     1.3985     2.0839     1.9255 0.0000e+00
     45.000    10.1209   3.554199    32.2767       2107     1.4628     2.0885     1.9254 0.0000e+00
     44.000    10.1406   3.555322    32.2709       2180     1.5134     2.0900     1.9260 0.0000e+00
     43.000    10.1495   3.556017    32.2704       2219     1.5403     2.0889     1.9263 0.0000e+00
     42.000    10.1544   3.556277    32.2691       2281     1.5837     2.0868     1.9297 0.0000e+00
     41.000    10.1704   3.557318    32.2658       2372     1.6463     2.0899     1.9319 0.0000e+00
     40.000    10.1688   3.557203    32.2665       2402     1.6675     2.0887     1.9317 0.0000e+00
     39.000    10.1923   3.558822    32.2623       2800     1.9435     2.0908     1.9299 0.0000e+00
     38.000    10.1969   3.559028    32.2608       3018     2.0949     2.0884     1.9303 0.0000e+00
     37.000    10.2181   3.560451    32.2567       3040     2.1105     2.0909     1.9315 0.0000e+00
     36.000    10.2335   3.561541    32.2544       3069     2.1303     2.0936     1.9319 0.0000e+00
     35.000    10.2570   3.563104    32.2496       3093     2.1469     2.0926     1.9334 0.0000e+00
     34.000    10.2722   3.564395    32.2496       3115     2.1622     2.0935     1.9340 0.0000e+00
     33.000    10.2817   3.565073    32.2484       3136     2.1774     2.0963     1.9349 0.0000e+00
     32.000    10.3014   3.566490    32.2455       3159     2.1931     2.0992     1.9350 0.0000e+00
     31.000    10.3312   3.569019    32.2449       3182     2.2092     2.1000     1.9340 0.0000e+00
     30.000    10.3821   3.573033    32.2405       3208     2.2269     2.1005     1.9366 0.0000e+00
     29.000    10.5493   3.585524    32.2179       3239     2.2489     2.1055     1.9399 0.0000e+00
     28.000    10.7873   3.603984    32.1924       3275     2.2734     2.1157     1.9447 0.0000e+00
     27.000    11.2916   3.642290    32.1293       3303     2.2929     2.1256     1.9531 0.0000e+00
     26.000    11.7069   3.672089    32.0604       3325     2.3085     2.1437     1.9642 0.0000e+00
     25.000    12.1229   3.707876    32.0487       3345     2.3224     2.1671     1.9780 0.0000e+00
     24.000    12.6270   3.746745    31.9903       3364     2.3355     2.1967     1.9951 0.0000e+00
     23.000    12.9921   3.778702    31.9840       3383     2.3489     2.2276     2.0147 0.0000e+00
     22.000    13.2697   3.803781    31.9860       3407     2.3652     2.2626     2.0386 0.0000e+00
     21.000    13.5037   3.823523    31.9744       3446     2.3923     2.3035     2.0817 0.0000e+00
     20.000    13.7339   3.841153    31.9462       3487     2.4208     2.3289     2.1224 0.0000e+00
     19.000    14.1813   3.875080    31.8878       3510     2.4370     2.3404     2.1368 0.0000e+00
     18.000    14.3644   3.892020    31.8921       3530     2.4507     2.3572     2.1490 0.0000e+00
     17.000    14.5296   3.906355    31.8871       3550     2.4648     2.3811     2.1668 0.0000e+00
     16.000    14.7201   3.923212    31.8841       3575     2.4820     2.4086     2.1921 0.0000e+00
     15.000    14.9960   3.944115    31.8476       3606     2.5035     2.4363     2.2183 0.0000e+00
     14.000    15.2449   3.961900    31.8054       3637     2.5247     2.4559     2.2405 0.0000e+00
     13.000    15.4881   3.980621    31.7759       3663     2.5428     2.4722     2.2574 0.0000e+00
     12.000    15.5396   3.985178    31.7753       3688     2.5607     2.4961     2.2810 0.0000e+00
     11.000    15.5568   3.987326    31.7808       3715     2.5790     2.5168     2.3072 0.0000e+00
     10.000    15.5669   3.988110    31.7800       3740     2.5966     2.5271     2.3229 0.0000e+00
      9.000    15.5932   3.990509    31.7805       3765     2.6136     2.5340     2.3317 0.0000e+00
      8.000    15.6116   3.992173    31.7808       3791     2.6321     2.5437     2.3406 0.0000e+00
      7.000    15.6355   3.994883    31.7860       3821     2.6528     2.5535     2.3500 0.0000e+00
      6.000    15.6405   3.995257    31.7856       3850     2.6730     2.5551     2.3574 0.0000e+00
      5.000    15.6550   3.996895    31.7888       3876     2.6910     2.5614     2.3624 0.0000e+00
      4.000    15.6565   3.996988    31.7888       3901     2.7086     2.5655     2.3645 0.0000e+00
      3.000    15.6700   3.998508    31.7918       3938     2.7339     2.5666     2.3689 0.0000e+00
      2.000    15.6808   4.000026    31.7969       4144     2.8772     2.5723     2.3699 0.0000e+00
      1.000    15.6770   4.000198    31.8019       4282     2.9728     2.5752     2.3751 0.0000e+00
