HB2407/CTD176.cnv
* Sea-Bird SBE 9 Data File:
* FileName = C:\cruise\data\CTD176.hex
* Software Version Seasave V 7.26.7.121
* Temperature SN = 4591
* Conductivity SN = 6006
* Number of Bytes Per Scan = 37
* Number of Voltage Words = 4
* Number of Scans Averaged by the Deck Unit = 1
* NMEA Latitude = 42 20.44 N
* NMEA Longitude = 069 20.32 W
* NMEA UTC (Time) = Oct 21 2024 14:19:11
* NMEA baud rate = 4800
** Ship: Bigelow HB2407
** Program:  Fall Bottom Trawl Survey
** Chief Scientist: John Galbraith
# nquan = 9
# nvalues = 441                         
# units = specified
# name 0 = depSM: Depth [salt water, m]
# name 1 = t090C: Temperature [ITS-90, deg C]
# name 2 = c0S/m: Conductivity [S/m]
# name 3 = sal00: Salinity, Practical [PSU]
# name 4 = scan: Scan Count
# name 5 = timeM: Time, Elapsed [minutes]
# name 6 = sbeox0V: Oxygen raw, SBE 43 [V]
# name 7 = sbeox1V: Oxygen raw, SBE 43, 2 [V]
# name 8 = flag: flag
# span 0 =      3.000,    223.000       
# span 1 =     6.3922,    14.2927       
# span 2 =   3.252262,   3.887760       
# span 3 =    31.9079,    34.3138       
# span 4 =        337,      13066       
# span 5 =     0.2331,     9.0732       
# span 6 =     1.6230,     2.5568       
# span 7 =     1.5089,     2.3826       
# span 8 = 0.0000e+00, 0.0000e+00       
# interval = meters: 1                  
# start_time = Oct 21 2024 14:19:11 [NMEA time, header]
# bad_flag = -9.990e-29
*END*
[from data line 321]
    122.000     7.0032   3.373109    33.2299       9823     6.8211     1.7898     1.6662 0.0000e+00
    121.000     7.0065   3.372886    33.2248       9854     6.8426     1.7899     1.6643 0.0000e+00
    120.000     6.9895   3.370249    33.2129       9882     6.8616     1.7918     1.6640 0.0000e+00
    119.000     6.9691   3.366260    33.1893       9907     6.8791     1.7953     1.6656 0.0000e+00
    118.000     6.9685   3.365636    33.1836       9934     6.8980     1.7993     1.6668 0.0000e+00
    117.000     6.9652   3.364881    33.1790       9962     6.9173     1.8055     1.6702 0.0000e+00
    116.000     6.9560   3.362264    33.1597       9987     6.9344     1.8094     1.6751 0.0000e+00
    115.000     6.9465   3.360161    33.1463      10010     6.9507     1.8119     1.6797 0.0000e+00
    114.000     6.9416   3.358835    33.1369      10035     6.9680     1.8178     1.6846 0.0000e+00
    113.000     6.9393   3.357978    33.1303      10062     6.9867     1.8265     1.6899 0.0000e+00
    112.000     6.9403   3.357946    33.1295      10089     7.0057     1.8323     1.6961 0.0000e+00
    111.000     6.9289   3.355791    33.1174      10115     7.0236     1.8368     1.7024 0.0000e+00
    110.000     6.9168   3.353498    33.1044      10140     7.0411     1.8386     1.7064 0.0000e+00
    109.000     6.8918   3.348822    33.0777      10165     7.0583     1.8401     1.7086 0.0000e+00
    108.000     6.8656   3.344940    33.0608      10190     7.0760     1.8445     1.7107 0.0000e+00
    107.000     6.8471   3.341401    33.0402      10217     7.0942     1.8537     1.7137 0.0000e+00
    106.000     6.8026   3.334973    33.0129      10242     7.1121     1.8614     1.7187 0.0000e+00
    105.000     6.7564   3.327493    32.9757      10268     7.1298     1.8681     1.7251 0.0000e+00
    104.000     6.7303   3.323141    32.9534      10295     7.1483     1.8786     1.7331 0.0000e+00
    103.000     6.7128   3.319125    32.9264      10323     7.1680     1.8896     1.7413 0.0000e+00
    102.000     6.6716   3.312832    32.8972      10351     7.1873     1.8989     1.7508 0.0000e+00
    101.000     6.6673   3.308823    32.8576      10377     7.2058     1.9077     1.7607 0.0000e+00
    100.000     6.6705   3.308167    32.8478      10404     7.2243     1.9186     1.7688 0.0000e+00
     99.000     6.6615   3.304896    32.8209      10429     7.2417     1.9295     1.7756 0.0000e+00
     98.000     6.6519   3.302707    32.8065      10451     7.2570     1.9395     1.7834 0.0000e+00
     97.000     6.6373   3.300066    32.7919      10472     7.2718     1.9483     1.7905 0.0000e+00
     96.000     6.6098   3.295734    32.7709      10496     7.2881     1.9553     1.7993 0.0000e+00
     95.000     6.5960   3.292977    32.7543      10526     7.3091     1.9632     1.8100 0.0000e+00
     94.000     6.5987   3.293580    32.7587      10559     7.3318     1.9744     1.8217 0.0000e+00
     93.000     6.5606   3.288004    32.7342      10585     7.3497     1.9793     1.8308 0.0000e+00
     92.000     6.5599   3.286854    32.7227      10608     7.3657     1.9845     1.8360 0.0000e+00
     91.000     6.5558   3.286342    32.7214      10631     7.3822     1.9906     1.8393 0.0000e+00
     90.000     6.5461   3.284608    32.7120      10658     7.4004     1.9957     1.8435 0.0000e+00
     89.000     6.5423   3.283378    32.7026      10687     7.4208     1.9974     1.8488 0.0000e+00
     88.000     6.5157   3.279098    32.6813      10714     7.4395     1.9999     1.8530 0.0000e+00
     87.000     6.4973   3.274932    32.6532      10738     7.4561     2.0034     1.8558 0.0000e+00
     86.000     6.4869   3.272326    32.6348      10762     7.4729     2.0081     1.8589 0.0000e+00
     85.000     6.4892   3.272133    32.6310      10789     7.4919     2.0147     1.8639 0.0000e+00
     84.000     6.4821   3.271058    32.6264      10817     7.5112     2.0222     1.8706 0.0000e+00
     83.000     6.4654   3.267787    32.6067      10842     7.5283     2.0267     1.8755 0.0000e+00
     82.000     6.4415   3.263575    32.5834      10865     7.5442     2.0285     1.8782 0.0000e+00
     81.000     6.4373   3.262951    32.5809      10888     7.5604     2.0314     1.8814 0.0000e+00
     80.000     6.4303   3.259478    32.5497      10914     7.5782     2.0386     1.8873 0.0000e+00
     79.000     6.4335   3.258771    32.5393      10942     7.5982     2.0507     1.8943 0.0000e+00
     78.000     6.4535   3.257787    32.5098      10971     7.6183     2.0609     1.9013 0.0000e+00
     77.000     6.4562   3.255642    32.4841      11000     7.6379     2.0670     1.9077 0.0000e+00
     76.000     6.4495   3.253638    32.4687      11026     7.6561     2.0703     1.9125 0.0000e+00
     75.000     6.4692   3.253907    32.4535      11050     7.6726     2.0757     1.9183 0.0000e+00
     74.000     6.4994   3.256185    32.4504      11073     7.6888     2.0835     1.9246 0.0000e+00
     73.000     6.5371   3.258990    32.4461      11098     7.7061     2.0888     1.9307 0.0000e+00
     72.000     6.5354   3.259205    32.4505      11127     7.7261     2.0926     1.9362 0.0000e+00
     71.000     6.5407   3.258936    32.4430      11156     7.7465     2.0926     1.9410 0.0000e+00
     70.000     6.5454   3.258085    32.4297      11180     7.7632     2.0925     1.9435 0.0000e+00
     69.000     6.5628   3.258519    32.4184      11202     7.7783     2.0943     1.9450 0.0000e+00
     68.000     6.5770   3.259455    32.4157      11225     7.7943     2.0988     1.9471 0.0000e+00
     67.000     6.5988   3.260933    32.4119      11251     7.8127     2.1038     1.9487 0.0000e+00
     66.000     6.6200   3.262510    32.4096      11281     7.8335     2.1072     1.9516 0.0000e+00
     65.000     6.6959   3.266622    32.3835      11310     7.8536     2.1101     1.9546 0.0000e+00
     64.000     6.7588   3.271334    32.3764      11336     7.8717     2.1135     1.9560 0.0000e+00
     63.000     6.7927   3.273806    32.3720      11360     7.8884     2.1159     1.9589 0.0000e+00
     62.000     6.8040   3.274530    32.3697      11385     7.9054     2.1183     1.9622 0.0000e+00
     61.000     6.8465   3.277449    32.3621      11411     7.9236     2.1188     1.9642 0.0000e+00
     60.000     6.8801   3.279669    32.3552      11439     7.9429     2.1206     1.9645 0.0000e+00
     59.000     6.9312   3.283458    32.3490      11466     7.9618     2.1231     1.9662 0.0000e+00
     58.000     7.0476   3.291813    32.3312      11492     7.9799     2.1266     1.9681 0.0000e+00
     57.000     7.1524   3.301254    32.3361      11517     7.9971     2.1304     1.9700 0.0000e+00
     56.000     7.2557   3.310943    32.3451      11541     8.0142     2.1361     1.9730 0.0000e+00
     55.000     7.4272   3.325063    32.3380      11566     8.0313     2.1410     1.9764 0.0000e+00
     54.000     7.4735   3.329215    32.3400      11590     8.0479     2.1439     1.9788 0.0000e+00
     53.000     7.5837   3.340116    32.3551      11616     8.0659     2.1515     1.9813 0.0000e+00
     52.000     7.6992   3.347783    32.3305      11646     8.0867     2.1553     1.9845 0.0000e+00
     51.000     7.9446   3.371609    32.3579      11676     8.1077     2.1560     1.9872 0.0000e+00
     50.000     8.6500   3.433377    32.3613      11702     8.1255     2.1645     1.9910 0.0000e+00
     49.000     8.8345   3.455267    32.4216      11726     8.1423     2.1793     2.0009 0.0000e+00
     48.000     8.9574   3.465442    32.4157      11753     8.1613     2.1757     2.0084 0.0000e+00
     47.000     9.0801   3.478492    32.4396      11782     8.1815     2.1702     2.0100 0.0000e+00
     46.000     9.5650   3.519260    32.4199      11807     8.1987     2.1714     2.0103 0.0000e+00
     45.000     9.7177   3.537199    32.4658      11830     8.2144     2.1753     2.0125 0.0000e+00
     44.000     9.6473   3.534027    32.4975      11855     8.2320     2.1688     2.0146 0.0000e+00
     43.000     9.8109   3.546618    32.4786      11884     8.2523     2.1608     2.0086 0.0000e+00
     42.000     9.8315   3.551028    32.5054      11914     8.2731     2.1577     2.0026 0.0000e+00
     41.000    10.0531   3.566878    32.4672      11942     8.2925     2.1587     2.0011 0.0000e+00
     40.000    10.2227   3.584122    32.4896      11968     8.3104     2.1661     2.0027 0.0000e+00
     39.000    10.2939   3.589136    32.4768      11993     8.3274     2.1710     2.0064 0.0000e+00
     38.000    10.3640   3.596333    32.4870      12017     8.3447     2.1711     2.0076 0.0000e+00
     37.000    10.3965   3.599101    32.4861      12043     8.3628     2.1696     2.0087 0.0000e+00
     36.000    10.5184   3.609575    32.4827      12070     8.3814     2.1705     2.0076 0.0000e+00
     35.000    10.5259   3.611226    32.4930      12098     8.4004     2.1724     2.0077 0.0000e+00
     34.000    10.5345   3.611906    32.4925      12126     8.4200     2.1742     2.0104 0.0000e+00
     33.000    10.5952   3.616797    32.4878      12153     8.4391     2.1765     2.0133 0.0000e+00
     32.000    10.7506   3.628715    32.4689      12180     8.4577     2.1793     2.0154 0.0000e+00
     31.000    11.1775   3.660542    32.4070      12207     8.4763     2.1876     2.0168 0.0000e+00
     30.000    11.4982   3.687806    32.3933      12233     8.4944     2.2042     2.0247 0.0000e+00
     29.000    11.8488   3.713125    32.3343      12258     8.5116     2.2217     2.0373 0.0000e+00
     28.000    12.2591   3.743615    32.2736      12283     8.5292     2.2441     2.0530 0.0000e+00
     27.000    12.3682   3.754756    32.2870      12310     8.5482     2.2629     2.0733 0.0000e+00
     26.000    12.9101   3.792896    32.1862      12339     8.5682     2.2781     2.0965 0.0000e+00
     25.000    13.2675   3.815881    32.1001      12366     8.5871     2.2989     2.1241 0.0000e+00
     24.000    13.4749   3.831068    32.0677      12391     8.6041     2.3326     2.1546 0.0000e+00
     23.000    13.6233   3.839656    32.0236      12415     8.6209     2.3841     2.1872 0.0000e+00
     22.000    13.8309   3.853830    31.9819      12443     8.6402     2.4299     2.2264 0.0000e+00
     21.000    13.8534   3.855361    31.9777      12473     8.6613     2.4472     2.2660 0.0000e+00
     20.000    13.9692   3.862894    31.9512      12500     8.6799     2.4607     2.2916 0.0000e+00
     19.000    14.0037   3.866420    31.9554      12525     8.6974     2.4816     2.3093 0.0000e+00
     18.000    13.9628   3.864877    31.9756      12552     8.7156     2.5041     2.3267 0.0000e+00
     17.000    14.0281   3.867820    31.9488      12579     8.7347     2.5192     2.3398 0.0000e+00
     16.000    14.0375   3.868808    31.9505      12604     8.7523     2.5294     2.3478 0.0000e+00
     15.000    14.0630   3.870445    31.9448      12629     8.7692     2.5346     2.3509 0.0000e+00
     14.000    14.0841   3.871795    31.9401      12656     8.7882     2.5362     2.3530 0.0000e+00
     13.000    14.1058   3.873170    31.9351      12686     8.8088     2.5409     2.3527 0.0000e+00
     12.000    14.1476   3.875480    31.9221      12713     8.8275     2.5432     2.3576 0.0000e+00
     11.000    14.1924   3.878047    31.9089      12737     8.8443     2.5450     2.3589 0.0000e+00
     10.000    14.2091   3.879514    31.9090      12761     8.8611     2.5460     2.3590 0.0000e+00
      9.000    14.2044   3.879235    31.9107      12787     8.8795     2.5468     2.3640 0.0000e+00
      8.000    14.2179   3.880430    31.9109      12816     8.8997     2.5463     2.3684 0.0000e+00
      7.000    14.2287   3.881085    31.9083      12845     8.9193     2.5480     2.3660 0.0000e+00
      6.000    14.2484   3.882830    31.9084      12872     8.9380     2.5494     2.3647 0.0000e+00
      5.000    14.2673   3.884433    31.9079      12898     8.9565     2.5489     2.3666 0.0000e+00
      4.000    14.2653   3.884630    31.9117      12929     8.9775     2.5463     2.3692 0.0000e+00
      3.000    14.2927   3.887438    31.9151      13066     9.0732     2.5530     2.3723 0.0000e+00
