HB2407/CTD124.cnv
* Sea-Bird SBE 9 Data File:
* FileName = C:\cruise\data\CTD124.hex
* Software Version Seasave V 7.26.7.121
* Temperature SN = 4591
* Conductivity SN = 6006
* Number of Bytes Per Scan = 37
* Number of Voltage Words = 4
* Number of Scans Averaged by the Deck Unit = 1
* NMEA Latitude = 40 00.87 N
* NMEA Longitude = 069 07.43 W
* NMEA UTC (Time) = Oct 09 2024 00:05:31
* NMEA baud rate = 4800
** Ship: Bigelow HB2407
** Program:  Fall Bottom Trawl Survey
** Chief Scientist: John Galbraith
# nquan = 9
# nvalues = 511                         
# units = specified
# name 0 = depSM: Depth [salt water, m]
# name 1 = t090C: Temperature [ITS-90, deg C]
# name 2 = c0S/m: Conductivity [S/m]
# name 3 = sal00: Salinity, Practical [PSU]
# name 4 = scan: Scan Count
# name 5 = timeM: Time, Elapsed [minutes]
# name 6 = sbeox0V: Oxygen raw, SBE 43 [V]
# name 7 = sbeox1V: Oxygen raw, SBE 43, 2 [V]
# name 8 = flag: flag
# span 0 =      1.000,    257.000       
# span 1 =     7.9947,    17.3375       
# span 2 =   3.469597,   4.172288       
# span 3 =    31.8633,    35.1725       
# span 4 =       -144,      16212       
# span 5 =    -0.1008,    11.2576       
# span 6 =     1.7873,     2.6633       
# span 7 =     1.6557,     2.4599       
# span 8 = 0.0000e+00, 0.0000e+00       
# interval = meters: 1                  
# start_time = Oct 09 2024 00:05:31 [NMEA time, header]
# bad_flag = -9.990e-29
*END*
      3.000    17.3212   4.170642    31.9734       -144    -0.1008     2.6376     2.4276 0.0000e+00
      4.000    17.3302   4.171489    31.9732        173     0.1194     2.6321     2.4345 0.0000e+00
      5.000    17.3323   4.171698    31.9729        327     0.2266     2.6291     2.4319 0.0000e+00
      6.000    17.3346   4.171961    31.9730        349     0.2417     2.6271     2.4301 0.0000e+00
      7.000    17.3375   4.172288    31.9732        380     0.2632     2.6305     2.4300 0.0000e+00
      8.000    17.3326   4.171904    31.9734        410     0.2840     2.6266     2.4328 0.0000e+00
      9.000    17.3231   4.170953    31.9724        435     0.3014     2.6269     2.4316 0.0000e+00
     10.000    17.3239   4.171011    31.9719        459     0.3182     2.6314     2.4330 0.0000e+00
     11.000    17.3270   4.171355    31.9721        485     0.3362     2.6318     2.4325 0.0000e+00
     12.000    17.3211   4.170901    31.9725        587     0.4068     2.6299     2.4341 0.0000e+00
     13.000    17.3133   4.170172    31.9721        671     0.4649     2.6304     2.4332 0.0000e+00
     14.000    17.3074   4.169793    31.9731        710     0.4920     2.6280     2.4323 0.0000e+00
     15.000    17.2639   4.165530    31.9706        739     0.5126     2.6294     2.4310 0.0000e+00
     16.000    17.2172   4.161192    31.9700        767     0.5319     2.6272     2.4312 0.0000e+00
     17.000    17.1158   4.151389    31.9658        797     0.5526     2.6286     2.4292 0.0000e+00
     18.000    16.9217   4.133213    31.9629        822     0.5705     2.6305     2.4296 0.0000e+00
     19.000    16.8346   4.125185    31.9625        844     0.5857     2.6286     2.4291 0.0000e+00
     20.000    16.8018   4.122241    31.9628        865     0.6000     2.6258     2.4317 0.0000e+00
     21.000    16.5483   4.100121    31.9727        889     0.6167     2.6279     2.4352 0.0000e+00
     22.000    16.2027   4.067321    31.9628        926     0.6424     2.6304     2.4376 0.0000e+00
     23.000    15.9488   4.044485    31.9661        966     0.6701     2.6561     2.4547 0.0000e+00
     24.000    15.6932   4.022234    31.9755        992     0.6880     2.6590     2.4599 0.0000e+00
     25.000    15.4766   4.003121    31.9810       1018     0.7060     2.6458     2.4531 0.0000e+00
     26.000    15.2597   3.984498    31.9909       1047     0.7263     2.6454     2.4523 0.0000e+00
     27.000    15.0769   3.969341    32.0039       1073     0.7443     2.6266     2.4434 0.0000e+00
     28.000    14.9596   3.960099    32.0164       1092     0.7573     2.6014     2.4231 0.0000e+00
     29.000    14.7082   3.939683    32.0381       1107     0.7682     2.5747     2.4015 0.0000e+00
     30.000    14.6009   3.929867    32.0371       1123     0.7791     2.5415     2.3741 0.0000e+00
     31.000    14.5237   3.923113    32.0390       1143     0.7933     2.5057     2.3398 0.0000e+00
     32.000    14.3981   3.911859    32.0399       1188     0.8244     2.4534     2.2881 0.0000e+00
     33.000    14.3544   3.907498    32.0359       1248     0.8659     2.4071     2.2352 0.0000e+00
     34.000    14.3114   3.903816    32.0375       1286     0.8925     2.3961     2.2209 0.0000e+00
     35.000    14.2385   3.898480    32.0487       1304     0.9052     2.3945     2.2155 0.0000e+00
     36.000    14.0742   3.885668    32.0673       1318     0.9146     2.3899     2.2105 0.0000e+00
     37.000    13.8555   3.868820    32.0940       1330     0.9230     2.3831     2.2077 0.0000e+00
     38.000    13.7825   3.861278    32.0849       1342     0.9314     2.3761     2.2043 0.0000e+00
     39.000    13.7520   3.858230    32.0818       1357     0.9413     2.3669     2.1967 0.0000e+00
     40.000    13.7271   3.855808    32.0798       1376     0.9548     2.3552     2.1850 0.0000e+00
     41.000    13.6494   3.849095    32.0822       1416     0.9829     2.3529     2.1796 0.0000e+00
     42.000    13.2255   3.816955    32.1387       1475     1.0239     2.3620     2.1874 0.0000e+00
     43.000    12.7564   3.780646    32.1943       1530     1.0621     2.3689     2.1889 0.0000e+00
     44.000    12.4055   3.753690    32.2375       1551     1.0766     2.3755     2.1995 0.0000e+00
     45.000    12.0540   3.726109    32.2753       1567     1.0878     2.3760     2.2043 0.0000e+00
     46.000    11.8324   3.709445    32.3058       1582     1.0976     2.3739     2.2057 0.0000e+00
     47.000    11.5763   3.690071    32.3400       1597     1.1080     2.3689     2.2052 0.0000e+00
     48.000    11.3585   3.672660    32.3598       1612     1.1191     2.3619     2.1998 0.0000e+00
     49.000    11.2853   3.665794    32.3562       1632     1.1328     2.3539     2.1930 0.0000e+00
     50.000    11.2680   3.663473    32.3482       1660     1.1524     2.3520     2.1895 0.0000e+00
     51.000    11.2424   3.660538    32.3414       1707     1.1849     2.3606     2.1933 0.0000e+00
     52.000    11.1389   3.652404    32.3518       1747     1.2126     2.3696     2.1934 0.0000e+00
     53.000    10.9450   3.638003    32.3800       1774     1.2310     2.3693     2.1943 0.0000e+00
     54.000    10.7891   3.626166    32.3999       1798     1.2478     2.3627     2.1916 0.0000e+00
     55.000    10.7411   3.622094    32.4015       1822     1.2644     2.3618     2.1902 0.0000e+00
     56.000    10.5265   3.605674    32.4279       1849     1.2832     2.3711     2.1964 0.0000e+00
     57.000    10.1057   3.574525    32.4903       1887     1.3099     2.3752     2.2022 0.0000e+00
     58.000     9.9085   3.562802    32.5485       1921     1.3334     2.3696     2.1998 0.0000e+00
     59.000     9.8022   3.556633    32.5814       1939     1.3458     2.3639     2.1965 0.0000e+00
     60.000     9.7012   3.552244    32.6276       1954     1.3559     2.3553     2.1898 0.0000e+00
     61.000     9.6353   3.549608    32.6601       1968     1.3663     2.3433     2.1819 0.0000e+00
     62.000     9.6201   3.550440    32.6820       1987     1.3794     2.3263     2.1685 0.0000e+00
     63.000     9.6282   3.554710    32.7179       2036     1.4133     2.2856     2.1285 0.0000e+00
     64.000     9.6363   3.557825    32.7419       2086     1.4476     2.2549     2.0916 0.0000e+00
     65.000     9.6216   3.557673    32.7533       2105     1.4609     2.2482     2.0837 0.0000e+00
     66.000     9.6472   3.561851    32.7722       2122     1.4731     2.2395     2.0783 0.0000e+00
     67.000     9.6469   3.563550    32.7895       2140     1.4853     2.2340     2.0722 0.0000e+00
     68.000     9.6755   3.567829    32.8067       2161     1.4997     2.2275     2.0655 0.0000e+00
     69.000     9.6733   3.568107    32.8111       2192     1.5218     2.2176     2.0561 0.0000e+00
     70.000     9.6612   3.568045    32.8211       2247     1.5595     2.2026     2.0403 0.0000e+00
     71.000     9.5886   3.566273    32.8689       2287     1.5877     2.1984     2.0327 0.0000e+00
     72.000     9.5821   3.567375    32.8856       2308     1.6024     2.1943     2.0294 0.0000e+00
     73.000     9.5699   3.567697    32.8996       2326     1.6143     2.1929     2.0275 0.0000e+00
     74.000     9.5389   3.566615    32.9165       2341     1.6247     2.1924     2.0268 0.0000e+00
     75.000     9.3933   3.555921    32.9399       2355     1.6351     2.1907     2.0268 0.0000e+00
     76.000     9.3250   3.550794    32.9495       2371     1.6461     2.1880     2.0266 0.0000e+00
     77.000     9.4824   3.569345    32.9951       2391     1.6594     2.1846     2.0247 0.0000e+00
     78.000     9.4890   3.574349    33.0400       2423     1.6821     2.1934     2.0272 0.0000e+00
     79.000     9.9316   3.630957    33.2099       2482     1.7231     2.1982     2.0292 0.0000e+00
     80.000    10.3775   3.681283    33.3107       2517     1.7473     2.2142     2.0376 0.0000e+00
     81.000    10.3947   3.684073    33.3224       2541     1.7637     2.2106     2.0342 0.0000e+00
     82.000    10.4242   3.689732    33.3519       2569     1.7831     2.1949     2.0223 0.0000e+00
     83.000    10.7508   3.732450    33.4805       2603     1.8070     2.1818     2.0100 0.0000e+00
     84.000    11.0906   3.772120    33.5642       2629     1.8252     2.1811     2.0079 0.0000e+00
     85.000    11.1877   3.783762    33.5905       2648     1.8384     2.1833     2.0093 0.0000e+00
     86.000    11.4264   3.812625    33.6571       2665     1.8499     2.1831     2.0103 0.0000e+00
     87.000    11.4954   3.826558    33.7309       2682     1.8621     2.1832     2.0088 0.0000e+00
     88.000    11.7155   3.858418    33.8421       2703     1.8763     2.1823     2.0089 0.0000e+00
     89.000    11.7949   3.870379    33.8862       2728     1.8938     2.1808     2.0088 0.0000e+00
     90.000    11.8520   3.879668    33.9243       2766     1.9202     2.1802     2.0103 0.0000e+00
     91.000    12.0457   3.906121    34.0048       2815     1.9542     2.1808     2.0121 0.0000e+00
     92.000    11.9061   3.891515    33.9895       2843     1.9738     2.1799     2.0128 0.0000e+00
     93.000    11.5998   3.858100    33.9424       2866     1.9893     2.1733     2.0082 0.0000e+00
     94.000    11.2963   3.824110    33.8857       2890     2.0063     2.1634     2.0003 0.0000e+00
     95.000    10.6220   3.752146    33.7909       2919     2.0263     2.1493     1.9947 0.0000e+00
     96.000    10.5524   3.744845    33.7818       2947     2.0461     2.1381     1.9884 0.0000e+00
     97.000    10.2300   3.711011    33.7391       2972     2.0634     2.1432     1.9896 0.0000e+00
     98.000     9.3828   3.621423    33.6145       2996     2.0799     2.1414     1.9928 0.0000e+00
     99.000     8.5860   3.537790    33.4940       3019     2.0958     2.1265     1.9865 0.0000e+00
    100.000     8.2904   3.505799    33.4363       3042     2.1115     2.1140     1.9765 0.0000e+00
    101.000     8.1234   3.487826    33.4038       3066     2.1287     2.1179     1.9761 0.0000e+00
    102.000     8.1018   3.485830    33.4027       3097     2.1498     2.1374     1.9871 0.0000e+00
    103.000     8.1327   3.488729    33.4037       3135     2.1766     2.1583     2.0011 0.0000e+00
    104.000     8.2073   3.496924    33.4193       3181     2.2082     2.1720     2.0107 0.0000e+00
    105.000     8.2835   3.504936    33.4314       3207     2.2266     2.1775     2.0141 0.0000e+00
    106.000     8.2823   3.504768    33.4303       3226     2.2393     2.1799     2.0150 0.0000e+00
    107.000     8.2717   3.503757    33.4292       3242     2.2504     2.1803     2.0140 0.0000e+00
    108.000     8.2543   3.502075    33.4274       3258     2.2616     2.1794     2.0127 0.0000e+00
    109.000     8.2875   3.506665    33.4439       3277     2.2749     2.1766     2.0115 0.0000e+00
    110.000     8.6845   3.551908    33.5440       3306     2.2948     2.1769     2.0106 0.0000e+00
    111.000     8.9916   3.587697    33.6272       3349     2.3249     2.1869     2.0146 0.0000e+00
    112.000     9.3963   3.634739    33.7328       3391     2.3541     2.1857     2.0134 0.0000e+00
    113.000    10.1929   3.731512    33.9737       3432     2.3827     2.1848     2.0114 0.0000e+00
    114.000    10.6060   3.784078    34.1179       3464     2.4047     2.1845     2.0109 0.0000e+00
    115.000    11.0106   3.840237    34.3012       3486     2.4203     2.1679     1.9997 0.0000e+00
    116.000    11.0506   3.848376    34.3445       3504     2.4327     2.1541     1.9872 0.0000e+00
    117.000    11.0570   3.852987    34.3839       3521     2.4443     2.1355     1.9724 0.0000e+00
    118.000    11.0965   3.864690    34.4629       3538     2.4561     2.1075     1.9520 0.0000e+00
    119.000    11.1615   3.878532    34.5390       3556     2.4687     2.0786     1.9279 0.0000e+00
    120.000    11.3026   3.903054    34.6493       3577     2.4834     2.0526     1.9040 0.0000e+00
    121.000    11.4436   3.923640    34.7202       3609     2.5053     2.0212     1.8737 0.0000e+00
    122.000    11.5037   3.932145    34.7472       3662     2.5425     1.9754     1.8321 0.0000e+00
    123.000    11.5156   3.934069    34.7546       3711     2.5761     1.9544     1.8108 0.0000e+00
    124.000    11.5233   3.935243    34.7584       3740     2.5968     1.9496     1.8045 0.0000e+00
    125.000    11.5509   3.938902    34.7682       3762     2.6117     1.9467     1.8019 0.0000e+00
    126.000    11.5366   3.937258    34.7649       3783     2.6262     1.9457     1.8002 0.0000e+00
    127.000    11.5667   3.941383    34.7768       3806     2.6424     1.9432     1.7978 0.0000e+00
    128.000    11.6248   3.949191    34.7987       3831     2.6600     1.9426     1.7961 0.0000e+00
    129.000    11.6643   3.955059    34.8189       3854     2.6755     1.9423     1.7945 0.0000e+00
    130.000    11.6814   3.958077    34.8321       3874     2.6898     1.9415     1.7939 0.0000e+00
    131.000    11.6705   3.957378    34.8350       3896     2.7049     1.9410     1.7930 0.0000e+00
    132.000    11.6312   3.953920    34.8375       3930     2.7282     1.9364     1.7895 0.0000e+00
    133.000    11.6206   3.954682    34.8545       3973     2.7583     1.9305     1.7864 0.0000e+00
    134.000    11.5269   3.945008    34.8469       3998     2.7757     1.9284     1.7860 0.0000e+00
    135.000    11.4379   3.934932    34.8308       4020     2.7910     1.9241     1.7856 0.0000e+00
    136.000    11.2889   3.918144    34.8047       4050     2.8117     1.9215     1.7831 0.0000e+00
    137.000    11.2558   3.914693    34.8013       4086     2.8370     1.9211     1.7801 0.0000e+00
    138.000    11.1485   3.902467    34.7807       4115     2.8569     1.9220     1.7803 0.0000e+00
    139.000    11.1133   3.898610    34.7752       4141     2.8750     1.9198     1.7811 0.0000e+00
    140.000    11.1226   3.899561    34.7754       4166     2.8926     1.9213     1.7818 0.0000e+00
    141.000    11.0720   3.894058    34.7680       4192     2.9106     1.9244     1.7842 0.0000e+00
    142.000    11.0494   3.891578    34.7642       4217     2.9281     1.9255     1.7847 0.0000e+00
    143.000    11.0290   3.889555    34.7629       4243     2.9456     1.9261     1.7844 0.0000e+00
    144.000    10.9585   3.882577    34.7596       4269     2.9642     1.9267     1.7857 0.0000e+00
    145.000    10.9304   3.879977    34.7597       4301     2.9862     1.9265     1.7860 0.0000e+00
    146.000    10.9282   3.880520    34.7668       4336     3.0102     1.9267     1.7861 0.0000e+00
    147.000    10.9306   3.881125    34.7702       4363     3.0293     1.9285     1.7861 0.0000e+00
    148.000    10.9281   3.880973    34.7705       4385     3.0442     1.9299     1.7871 0.0000e+00
    149.000    10.9240   3.880618    34.7705       4402     3.0564     1.9296     1.7864 0.0000e+00
    150.000    10.9138   3.879613    34.7696       4418     3.0673     1.9296     1.7855 0.0000e+00
    151.000    10.9117   3.880320    34.7782       4435     3.0790     1.9294     1.7842 0.0000e+00
    152.000    10.9224   3.883745    34.8019       4508     3.1298     1.9287     1.7833 0.0000e+00
    153.000    10.9313   3.884955    34.8051       4566     3.1704     1.9250     1.7820 0.0000e+00
    154.000    10.9486   3.888164    34.8202       4584     3.1827     1.9233     1.7808 0.0000e+00
    155.000    10.9298   3.886933    34.8253       4601     3.1945     1.9223     1.7793 0.0000e+00
    156.000    10.9180   3.886199    34.8288       4617     3.2058     1.9218     1.7781 0.0000e+00
    157.000    10.9184   3.887342    34.8394       4633     3.2165     1.9211     1.7770 0.0000e+00
    158.000    10.9177   3.887595    34.8421       4648     3.2272     1.9188     1.7757 0.0000e+00
    159.000    10.9192   3.888723    34.8515       4664     3.2382     1.9162     1.7749 0.0000e+00
    160.000    10.9185   3.889847    34.8630       4680     3.2496     1.9144     1.7734 0.0000e+00
    161.000    10.9543   3.897317    34.9032       4700     3.2635     1.9129     1.7715 0.0000e+00
    162.000    10.9346   3.898563    34.9339       4788     3.3241     1.8982     1.7561 0.0000e+00
