HB2407/CTD135.cnv
* Sea-Bird SBE 9 Data File:
* FileName = C:\cruise\data\CTD135.hex
* Software Version Seasave V 7.26.7.121
* Temperature SN = 4591
* Conductivity SN = 6006
* Number of Bytes Per Scan = 37
* Number of Voltage Words = 4
* Number of Scans Averaged by the Deck Unit = 1
* NMEA Latitude = 41 05.54 N
* NMEA Longitude = 066 20.29 W
* NMEA UTC (Time) = Oct 11 2024 13:44:13
* NMEA baud rate = 4800
** Ship: Bigelow HB2407
** Program:  Fall Bottom Trawl Survey
** Chief Scientist: John Galbraith
# nquan = 9
# nvalues = 790                         
# units = specified
# name 0 = depSM: Depth [salt water, m]
# name 1 = t090C: Temperature [ITS-90, deg C]
# name 2 = c0S/m: Conductivity [S/m]
# name 3 = sal00: Salinity, Practical [PSU]
# name 4 = scan: Scan Count
# name 5 = timeM: Time, Elapsed [minutes]
# name 6 = sbeox0V: Oxygen raw, SBE 43 [V]
# name 7 = sbeox1V: Oxygen raw, SBE 43, 2 [V]
# name 8 = flag: flag
# span 0 =      3.000,    398.000       
# span 1 =     4.7424,    16.5828       
# span 2 =   3.131234,   4.112500       
# span 3 =    31.8966,    34.9197       
# span 4 =        -20,      23163       
# span 5 =    -0.0147,    16.0851       
# span 6 =     1.7894,     2.7222       
# span 7 =     1.6569,     2.4839       
# span 8 = 0.0000e+00, 0.0000e+00       
# interval = meters: 1                  
# start_time = Oct 11 2024 13:44:13 [NMEA time, header]
# bad_flag = -9.990e-29
*END*
      3.000    16.4394   4.080662    31.8968        -20    -0.0147     2.5924     2.3896 0.0000e+00
      4.000    16.4382   4.080576    31.8966        495     0.3433     2.5896     2.3957 0.0000e+00
      5.000    16.4405   4.081007    31.8982        875     0.6069     2.5912     2.3933 0.0000e+00
      6.000    16.4434   4.081352    31.8985        905     0.6279     2.5935     2.3864 0.0000e+00
      7.000    16.4434   4.081381    31.8984        969     0.6723     2.5919     2.3920 0.0000e+00
      8.000    16.4438   4.081503    31.8988       1016     0.7051     2.5869     2.3967 0.0000e+00
      9.000    16.4514   4.082278    31.8991       1039     0.7206     2.5843     2.3977 0.0000e+00
     10.000    16.4555   4.082762    31.8997       1069     0.7419     2.5841     2.3959 0.0000e+00
     11.000    16.4458   4.081754    31.8983       1116     0.7741     2.5885     2.3926 0.0000e+00
     12.000    16.4509   4.082310    31.8987       1156     0.8018     2.5884     2.3946 0.0000e+00
     13.000    16.4554   4.082967    31.9005       1184     0.8219     2.5899     2.3943 0.0000e+00
     14.000    16.4548   4.082928    31.9003       1215     0.8429     2.5901     2.3924 0.0000e+00
     15.000    16.4555   4.083020    31.9001       1240     0.8605     2.5890     2.3932 0.0000e+00
     16.000    16.4550   4.082972    31.8997       1264     0.8768     2.5879     2.3931 0.0000e+00
     17.000    16.4559   4.083114    31.8999       1311     0.9096     2.5886     2.3912 0.0000e+00
     18.000    16.4592   4.083654    31.9016       1353     0.9392     2.5860     2.3898 0.0000e+00
     19.000    16.4595   4.083742    31.9017       1370     0.9508     2.5855     2.3898 0.0000e+00
     20.000    16.4591   4.083728    31.9016       1385     0.9611     2.5857     2.3901 0.0000e+00
     21.000    16.4614   4.084092    31.9026       1401     0.9725     2.5829     2.3895 0.0000e+00
     22.000    16.4756   4.086229    31.9095       1428     0.9907     2.5805     2.3878 0.0000e+00
     23.000    16.4711   4.085574    31.9070       1471     1.0205     2.5837     2.3870 0.0000e+00
     24.000    16.4732   4.086016    31.9088       1502     1.0422     2.5814     2.3886 0.0000e+00
     25.000    16.4807   4.087230    31.9131       1524     1.0574     2.5797     2.3914 0.0000e+00
     26.000    16.4826   4.087563    31.9140       1558     1.0813     2.5819     2.3906 0.0000e+00
     27.000    16.4766   4.086711    31.9110       1604     1.1134     2.5851     2.3862 0.0000e+00
     28.000    16.4874   4.088362    31.9165       1624     1.1268     2.5847     2.3848 0.0000e+00
     29.000    16.4791   4.087148    31.9122       1639     1.1376     2.5861     2.3847 0.0000e+00
     30.000    16.4755   4.086646    31.9103       1656     1.1490     2.5874     2.3867 0.0000e+00
     31.000    16.5145   4.092683    31.9313       1677     1.1638     2.5834     2.3889 0.0000e+00
     32.000    16.5415   4.097836    31.9543       1730     1.2005     2.5823     2.3874 0.0000e+00
     33.000    16.5563   4.101585    31.9747       1777     1.2332     2.5849     2.3880 0.0000e+00
     34.000    16.5828   4.110039    32.0266       1794     1.2454     2.5814     2.3871 0.0000e+00
     35.000    16.4889   4.112500    32.1231       1809     1.2559     2.5792     2.3847 0.0000e+00
     36.000    14.9281   3.998095    32.3819       1825     1.2664     2.5807     2.3852 0.0000e+00
     37.000    14.2538   3.940547    32.4204       1849     1.2837     2.5470     2.3676 0.0000e+00
     38.000    14.0593   3.920823    32.4024       1922     1.3338     2.6087     2.4199 0.0000e+00
     39.000    14.0125   3.917984    32.4152       1942     1.3480     2.6268     2.4427 0.0000e+00
     40.000    14.0087   3.917251    32.4113       1960     1.3606     2.6373     2.4489 0.0000e+00
     41.000    13.9841   3.915030    32.4111       1978     1.3727     2.6457     2.4522 0.0000e+00
     42.000    13.9009   3.907444    32.4108       1996     1.3856     2.6509     2.4545 0.0000e+00
     43.000    13.4345   3.865348    32.4139       2018     1.4004     2.6530     2.4548 0.0000e+00
     44.000    12.6006   3.791517    32.4303       2049     1.4221     2.6336     2.4465 0.0000e+00
     45.000    11.7086   3.715073    32.4685       2129     1.4778     2.6174     2.4350 0.0000e+00
     46.000    10.9011   3.648741    32.5282       2151     1.4928     2.6073     2.4384 0.0000e+00
     47.000    10.5942   3.621492    32.5295       2165     1.5028     2.5948     2.4243 0.0000e+00
     48.000    10.2652   3.592910    32.5365       2178     1.5119     2.5881     2.4151 0.0000e+00
     49.000     9.4905   3.526510    32.5603       2192     1.5213     2.5824     2.4072 0.0000e+00
     50.000     9.1538   3.496813    32.5606       2208     1.5327     2.5639     2.3973 0.0000e+00
     51.000     8.8944   3.473404    32.5547       2243     1.5568     2.5446     2.3824 0.0000e+00
     52.000     8.7078   3.455710    32.5410       2301     1.5972     2.5527     2.3758 0.0000e+00
     53.000     8.2758   3.420998    32.5743       2322     1.6118     2.5613     2.3779 0.0000e+00
     54.000     7.9401   3.394264    32.6021       2343     1.6264     2.5553     2.3708 0.0000e+00
     55.000     7.2719   3.338730    32.6312       2372     1.6463     2.5362     2.3583 0.0000e+00
     56.000     6.3787   3.266199    32.6852       2407     1.6707     2.4983     2.3340 0.0000e+00
     57.000     5.7003   3.212799    32.7419       2432     1.6881     2.4712     2.3129 0.0000e+00
     58.000     5.2323   3.175123    32.7701       2453     1.7024     2.4519     2.2962 0.0000e+00
     59.000     4.8823   3.146167    32.7812       2474     1.7175     2.4305     2.2773 0.0000e+00
     60.000     4.7721   3.136162    32.7739       2502     1.7365     2.4162     2.2587 0.0000e+00
     61.000     4.7424   3.136668    32.8085       2539     1.7626     2.4113     2.2490 0.0000e+00
     62.000     5.2073   3.184533    32.8997       2573     1.7863     2.4201     2.2474 0.0000e+00
     63.000     5.9926   3.262846    33.0179       2597     1.8027     2.4392     2.2525 0.0000e+00
     64.000     6.1747   3.282014    33.0543       2618     1.8172     2.4598     2.2613 0.0000e+00
     65.000     6.2640   3.291425    33.0720       2639     1.8321     2.4517     2.2581 0.0000e+00
     66.000     6.2811   3.293811    33.0814       2665     1.8498     2.4080     2.2271 0.0000e+00
     67.000     6.2718   3.295520    33.1090       2701     1.8751     2.3358     2.1634 0.0000e+00
     68.000     6.2885   3.299702    33.1389       2754     1.9121     2.2649     2.0968 0.0000e+00
     69.000     6.3835   3.311962    33.1823       2781     1.9304     2.2455     2.0758 0.0000e+00
     70.000     6.4509   3.320522    33.2112       2796     1.9413     2.2366     2.0656 0.0000e+00
     71.000     6.3084   3.308224    33.2129       2811     1.9511     2.2310     2.0590 0.0000e+00
     72.000     6.1908   3.299706    33.2323       2827     1.9625     2.2237     2.0519 0.0000e+00
     73.000     6.3791   3.323437    33.3121       2865     1.9890     2.2042     2.0346 0.0000e+00
     74.000     6.6710   3.356792    33.3962       2918     2.0260     2.1933     2.0239 0.0000e+00
     75.000     6.7651   3.367742    33.4248       2940     2.0413     2.1891     2.0192 0.0000e+00
     76.000     6.7109   3.363151    33.4265       2963     2.0572     2.1817     2.0130 0.0000e+00
     77.000     6.6326   3.357394    33.4389       2988     2.0741     2.1662     2.0017 0.0000e+00
     78.000     6.7061   3.366123    33.4630       3010     2.0893     2.1536     1.9910 0.0000e+00
     79.000     6.8524   3.385098    33.5287       3029     2.1028     2.1490     1.9841 0.0000e+00
     80.000     6.7875   3.381025    33.5468       3055     2.1209     2.1498     1.9795 0.0000e+00
     81.000     6.8002   3.385471    33.5829       3134     2.1757     2.1430     1.9728 0.0000e+00
     82.000     6.8822   3.395754    33.6153       3157     2.1914     2.1515     1.9794 0.0000e+00
     83.000     6.9055   3.401035    33.6500       3171     2.2016     2.1532     1.9811 0.0000e+00
     84.000     6.8581   3.400360    33.6886       3186     2.2117     2.1540     1.9829 0.0000e+00
     85.000     6.7253   3.390487    33.7097       3205     2.2251     2.1514     1.9836 0.0000e+00
     86.000     6.5648   3.375553    33.7020       3246     2.2533     2.1405     1.9773 0.0000e+00
     87.000     6.2253   3.343082    33.6755       3281     2.2776     2.1451     1.9776 0.0000e+00
     88.000     6.0275   3.324293    33.6607       3301     2.2913     2.1480     1.9809 0.0000e+00
     89.000     5.9093   3.313294    33.6539       3322     2.3060     2.1484     1.9835 0.0000e+00
     90.000     5.8821   3.310414    33.6481       3362     2.3337     2.1622     1.9947 0.0000e+00
     91.000     5.7753   3.300612    33.6432       3402     2.3615     2.1823     2.0110 0.0000e+00
     92.000     5.6793   3.291650    33.6370       3429     2.3807     2.1894     2.0189 0.0000e+00
     93.000     5.7750   3.302270    33.6613       3465     2.4056     2.1978     2.0272 0.0000e+00
     94.000     5.9137   3.317327    33.6925       3498     2.4284     2.2147     2.0393 0.0000e+00
     95.000     6.1995   3.348350    33.7561       3522     2.4454     2.2275     2.0489 0.0000e+00
     96.000     6.2090   3.349515    33.7592       3545     2.4614     2.2390     2.0576 0.0000e+00
     97.000     6.2109   3.349950    33.7616       3569     2.4780     2.2418     2.0619 0.0000e+00
     98.000     6.2880   3.358670    33.7820       3596     2.4965     2.2386     2.0599 0.0000e+00
     99.000     6.3138   3.361421    33.7866       3626     2.5173     2.2374     2.0581 0.0000e+00
    100.000     6.3665   3.367468    33.8013       3652     2.5351     2.2360     2.0572 0.0000e+00
    101.000     6.4094   3.372216    33.8111       3674     2.5509     2.2350     2.0563 0.0000e+00
    102.000     6.4616   3.378260    33.8261       3724     2.5856     2.2324     2.0537 0.0000e+00
    103.000     6.5861   3.392504    33.8604       3795     2.6349     2.2278     2.0504 0.0000e+00
    104.000     6.7219   3.407086    33.8870       3814     2.6480     2.2280     2.0512 0.0000e+00
    105.000     6.7708   3.412835    33.9015       3830     2.6590     2.2301     2.0530 0.0000e+00
    106.000     6.8195   3.418396    33.9143       3845     2.6692     2.2299     2.0536 0.0000e+00
    107.000     6.8821   3.425661    33.9319       3860     2.6801     2.2291     2.0529 0.0000e+00
    108.000     6.9446   3.432756    33.9477       3884     2.6967     2.2269     2.0515 0.0000e+00
    109.000     6.9869   3.438079    33.9640       3974     2.7587     2.2144     2.0411 0.0000e+00
    110.000     6.9908   3.438621    33.9655       3991     2.7706     2.2114     2.0389 0.0000e+00
    111.000     6.9998   3.439765    33.9688       4007     2.7823     2.2091     2.0373 0.0000e+00
    112.000     7.0057   3.440548    33.9711       4026     2.7949     2.2055     2.0358 0.0000e+00
    113.000     7.0360   3.444108    33.9797       4058     2.8172     2.2032     2.0342 0.0000e+00
    114.000     7.1308   3.454905    34.0039       4113     2.8553     2.2031     2.0328 0.0000e+00
    115.000     7.1690   3.459243    34.0132       4145     2.8776     2.2044     2.0328 0.0000e+00
    116.000     7.2317   3.466195    34.0269       4173     2.8972     2.2032     2.0306 0.0000e+00
    117.000     7.2421   3.467635    34.0319       4199     2.9156     2.2017     2.0287 0.0000e+00
    118.000     7.2640   3.470315    34.0391       4228     2.9352     2.1995     2.0279 0.0000e+00
    119.000     7.3434   3.479719    34.0629       4268     2.9629     2.1979     2.0267 0.0000e+00
    120.000     7.5021   3.498045    34.1055       4299     2.9847     2.1987     2.0273 0.0000e+00
    121.000     7.6930   3.519766    34.1525       4321     2.9998     2.1998     2.0283 0.0000e+00
    122.000     7.8360   3.536636    34.1936       4344     3.0163     2.2022     2.0289 0.0000e+00
    123.000     7.9209   3.546817    34.2194       4378     3.0398     2.2003     2.0263 0.0000e+00
    124.000     7.9600   3.551845    34.2344       4425     3.0723     2.1873     2.0154 0.0000e+00
    125.000     7.9920   3.555878    34.2459       4479     3.1097     2.1771     2.0067 0.0000e+00
    126.000     8.0551   3.563405    34.2643       4505     3.1275     2.1717     2.0035 0.0000e+00
    127.000     8.1704   3.576866    34.2949       4521     3.1388     2.1675     2.0018 0.0000e+00
    128.000     8.2030   3.580743    34.3039       4536     3.1490     2.1674     2.0020 0.0000e+00
    129.000     8.2089   3.581637    34.3071       4552     3.1605     2.1684     2.0018 0.0000e+00
    130.000     8.2061   3.581881    34.3120       4619     3.2068     2.1611     1.9944 0.0000e+00
    131.000     8.2085   3.582326    34.3139       4686     3.2532     2.1536     1.9868 0.0000e+00
    132.000     8.2101   3.582559    34.3143       4698     3.2618     2.1522     1.9856 0.0000e+00
    133.000     8.2140   3.583038    34.3152       4710     3.2700     2.1504     1.9851 0.0000e+00
    134.000     8.2177   3.583501    34.3160       4724     3.2799     2.1473     1.9847 0.0000e+00
    135.000     8.3098   3.594896    34.3469       4809     3.3390     2.1476     1.9842 0.0000e+00
    136.000     8.3207   3.596225    34.3499       4873     3.3836     2.1472     1.9845 0.0000e+00
    137.000     8.3224   3.596528    34.3510       4890     3.3950     2.1460     1.9840 0.0000e+00
    138.000     8.3237   3.596744    34.3516       4905     3.4053     2.1449     1.9834 0.0000e+00
    139.000     8.3256   3.597061    34.3526       4921     3.4166     2.1441     1.9824 0.0000e+00
    140.000     8.3273   3.597393    34.3540       4966     3.4478     2.1430     1.9795 0.0000e+00
    141.000     8.3301   3.597911    34.3563       5050     3.5062     2.1398     1.9789 0.0000e+00
    142.000     8.3396   3.599146    34.3596       5067     3.5177     2.1398     1.9779 0.0000e+00
    143.000     8.3497   3.600487    34.3636       5082     3.5288     2.1403     1.9773 0.0000e+00
    144.000     8.3765   3.603814    34.3722       5099     3.5404     2.1414     1.9768 0.0000e+00
    145.000     8.4196   3.609187    34.3867       5126     3.5593     2.1418     1.9774 0.0000e+00
    146.000     8.4862   3.617369    34.4080       5180     3.5963     2.1411     1.9757 0.0000e+00
    147.000     8.5485   3.625208    34.4297       5221     3.6249     2.1382     1.9741 0.0000e+00
    148.000     8.6010   3.632051    34.4503       5253     3.6474     2.1367     1.9712 0.0000e+00
    149.000     8.6315   3.635972    34.4615       5276     3.6630     2.1343     1.9697 0.0000e+00
    150.000     8.6443   3.637677    34.4666       5295     3.6766     2.1319     1.9682 0.0000e+00
    151.000     8.6582   3.639580    34.4726       5315     3.6903     2.1294     1.9668 0.0000e+00
    152.000     8.6661   3.640751    34.4768       5339     3.7071     2.1244     1.9645 0.0000e+00
    153.000     8.6644   3.641036    34.4809       5427     3.7681     2.1149     1.9528 0.0000e+00
    154.000     8.6624   3.640998    34.4820       5470     3.7976     2.1150     1.9503 0.0000e+00
    155.000     8.6609   3.640894    34.4820       5482     3.8063     2.1149     1.9497 0.0000e+00
    156.000     8.6592   3.640785    34.4819       5494     3.8143     2.1139     1.9498 0.0000e+00
    157.000     8.6526   3.640202    34.4818       5505     3.8220     2.1127     1.9483 0.0000e+00
    158.000     8.6466   3.639754    34.4824       5517     3.8303     2.1111     1.9478 0.0000e+00
    159.000     8.6474   3.640111    34.4849       5532     3.8410     2.1104     1.9469 0.0000e+00
    160.000     8.6590   3.641659    34.4895       5611     3.8957     2.1090     1.9449 0.0000e+00
    161.000     8.6633   3.642492    34.4936       5662     3.9313     2.1065     1.9457 0.0000e+00
    162.000     8.6862   3.645351    34.5010       5675     3.9402     2.1063     1.9460 0.0000e+00
