HB2407/CTD190.cnv
* Sea-Bird SBE 9 Data File:
* FileName = C:\cruise\data\CTD190.hex
* Software Version Seasave V 7.26.7.121
* Temperature SN = 4591
* Conductivity SN = 6006
* Number of Bytes Per Scan = 37
* Number of Voltage Words = 4
* Number of Scans Averaged by the Deck Unit = 1
* NMEA Latitude = 42 19.01 N
* NMEA Longitude = 066 09.32 W
* NMEA UTC (Time) = Nov 01 2024 12:20:26
* NMEA baud rate = 4800
** Ship: Bigelow HB2407
** Program:  Fall Bottom Trawl Survey
** Chief Scientist: John Galbraith
# nquan = 9
# nvalues = 479                         
# units = specified
# name 0 = depSM: Depth [salt water, m]
# name 1 = t090C: Temperature [ITS-90, deg C]
# name 2 = c0S/m: Conductivity [S/m]
# name 3 = sal00: Salinity, Practical [PSU]
# name 4 = scan: Scan Count
# name 5 = timeM: Time, Elapsed [minutes]
# name 6 = sbeox0V: Oxygen raw, SBE 43 [V]
# name 7 = sbeox1V: Oxygen raw, SBE 43, 2 [V]
# name 8 = flag: flag
# span 0 =      2.000,    241.000       
# span 1 =     6.9196,    12.5847       
# span 2 =   3.333094,   3.733109       
# span 3 =    31.8641,    34.7212       
# span 4 =         -3,      15230       
# span 5 =    -0.0027,    10.5754       
# span 6 =     1.9598,     2.5670       
# span 7 =     1.8318,     2.3973       
# span 8 = 0.0000e+00, 0.0000e+00       
# interval = meters: 1                  
# start_time = Nov 01 2024 12:20:26 [NMEA time, header]
# bad_flag = -9.990e-29
*END*
[from data line 161]
    163.000     8.2014   3.608466    34.5842       5161     3.5836     2.0177     1.8883 0.0000e+00
    164.000     8.1714   3.606827    34.5958       5186     3.6009     2.0156     1.8872 0.0000e+00
    165.000     8.1021   3.602511    34.6175       5219     3.6235     2.0154     1.8843 0.0000e+00
    166.000     7.9835   3.595045    34.6544       5258     3.6504     2.0097     1.8804 0.0000e+00
    167.000     7.9113   3.589862    34.6697       5290     3.6731     2.0036     1.8754 0.0000e+00
    168.000     7.8925   3.588273    34.6708       5323     3.6959     1.9988     1.8699 0.0000e+00
    169.000     7.8809   3.587008    34.6682       5357     3.7192     1.9968     1.8669 0.0000e+00
    170.000     7.8731   3.586177    34.6666       5385     3.7386     1.9970     1.8656 0.0000e+00
    171.000     7.8705   3.585950    34.6662       5413     3.7584     1.9956     1.8639 0.0000e+00
    172.000     7.8709   3.586139    34.6673       5451     3.7850     1.9949     1.8618 0.0000e+00
    173.000     7.8732   3.586464    34.6681       5493     3.8138     1.9952     1.8626 0.0000e+00
    174.000     7.8749   3.586688    34.6683       5520     3.8329     1.9946     1.8627 0.0000e+00
    175.000     7.8759   3.586877    34.6688       5545     3.8498     1.9945     1.8630 0.0000e+00
    176.000     7.8747   3.587287    34.6739       5575     3.8708     1.9927     1.8630 0.0000e+00
    177.000     7.8732   3.587273    34.6748       5617     3.8999     1.9920     1.8608 0.0000e+00
    178.000     7.8681   3.587163    34.6782       5648     3.9215     1.9926     1.8586 0.0000e+00
    179.000     7.8608   3.586836    34.6814       5678     3.9422     1.9888     1.8579 0.0000e+00
    180.000     7.8567   3.586674    34.6832       5716     3.9690     1.9860     1.8573 0.0000e+00
    181.000     7.8520   3.586447    34.6850       5748     3.9912     1.9856     1.8574 0.0000e+00
    182.000     7.8496   3.586322    34.6855       5773     4.0081     1.9867     1.8582 0.0000e+00
    183.000     7.8493   3.586324    34.6854       5801     4.0278     1.9862     1.8580 0.0000e+00
    184.000     7.8496   3.586375    34.6852       5842     4.0564     1.9847     1.8566 0.0000e+00
    185.000     7.8484   3.586353    34.6855       5877     4.0804     1.9840     1.8563 0.0000e+00
    186.000     7.8455   3.586233    34.6867       5903     4.0989     1.9837     1.8559 0.0000e+00
    187.000     7.8459   3.586311    34.6866       5933     4.1192     1.9831     1.8551 0.0000e+00
    188.000     7.8453   3.586341    34.6871       5964     4.1411     1.9826     1.8534 0.0000e+00
    189.000     7.8457   3.586409    34.6869       5995     4.1624     1.9831     1.8537 0.0000e+00
    190.000     7.8452   3.586413    34.6869       6038     4.1923     1.9846     1.8559 0.0000e+00
    191.000     7.8450   3.586432    34.6869       6073     4.2168     1.9849     1.8568 0.0000e+00
    192.000     7.8417   3.586203    34.6872       6097     4.2331     1.9834     1.8566 0.0000e+00
    193.000     7.8395   3.586051    34.6873       6121     4.2503     1.9832     1.8558 0.0000e+00
    194.000     7.8364   3.585833    34.6875       6159     4.2765     1.9833     1.8549 0.0000e+00
    195.000     7.8286   3.585305    34.6891       6200     4.3048     1.9827     1.8546 0.0000e+00
    196.000     7.8203   3.584798    34.6914       6228     4.3242     1.9828     1.8534 0.0000e+00
    197.000     7.8110   3.584189    34.6935       6254     4.3424     1.9810     1.8529 0.0000e+00
    198.000     7.7810   3.582308    34.7026       6287     4.3653     1.9793     1.8518 0.0000e+00
    199.000     7.7638   3.581148    34.7067       6322     4.3895     1.9784     1.8510 0.0000e+00
    200.000     7.7582   3.580878    34.7089       6350     4.4088     1.9770     1.8504 0.0000e+00
    201.000     7.7794   3.582199    34.7016       6383     4.4322     1.9758     1.8485 0.0000e+00
    202.000     7.7700   3.581697    34.7050       6424     4.4603     1.9758     1.8492 0.0000e+00
    203.000     7.7755   3.582078    34.7032       6454     4.4814     1.9756     1.8485 0.0000e+00
    204.000     7.7761   3.582112    34.7025       6479     4.4987     1.9746     1.8471 0.0000e+00
    205.000     7.7701   3.581770    34.7043       6505     4.5164     1.9756     1.8458 0.0000e+00
    206.000     7.7633   3.581348    34.7059       6552     4.5495     1.9757     1.8455 0.0000e+00
    207.000     7.7550   3.580880    34.7087       6597     4.5807     1.9742     1.8464 0.0000e+00
    208.000     7.7535   3.580841    34.7093       6621     4.5973     1.9736     1.8464 0.0000e+00
    209.000     7.7396   3.579922    34.7127       6644     4.6132     1.9734     1.8461 0.0000e+00
    210.000     7.7360   3.579738    34.7138       6671     4.6319     1.9720     1.8452 0.0000e+00
    211.000     7.7334   3.579627    34.7147       6711     4.6595     1.9718     1.8437 0.0000e+00
    212.000     7.7366   3.579869    34.7136       6756     4.6910     1.9721     1.8437 0.0000e+00
    213.000     7.7254   3.579143    34.7164       6788     4.7129     1.9726     1.8436 0.0000e+00
    214.000     7.7295   3.579462    34.7154       6813     4.7304     1.9717     1.8432 0.0000e+00
    215.000     7.7229   3.579022    34.7166       6839     4.7485     1.9709     1.8422 0.0000e+00
    216.000     7.7190   3.578767    34.7173       6879     4.7767     1.9701     1.8410 0.0000e+00
    217.000     7.7101   3.578180    34.7193       6929     4.8109     1.9684     1.8414 0.0000e+00
    218.000     7.7093   3.578144    34.7193       6952     4.8270     1.9672     1.8416 0.0000e+00
    219.000     7.7070   3.578039    34.7199       6972     4.8410     1.9673     1.8411 0.0000e+00
    220.000     7.7104   3.578301    34.7189       6996     4.8577     1.9669     1.8406 0.0000e+00
    221.000     7.7089   3.578227    34.7191       7053     4.8971     1.9656     1.8399 0.0000e+00
    222.000     7.7103   3.578367    34.7188       7092     4.9245     1.9646     1.8402 0.0000e+00
    223.000     7.7091   3.578329    34.7191       7113     4.9391     1.9633     1.8399 0.0000e+00
    224.000     7.7087   3.578341    34.7191       7139     4.9569     1.9632     1.8389 0.0000e+00
    225.000     7.7126   3.578662    34.7181       7180     4.9855     1.9646     1.8369 0.0000e+00
    226.000     7.7183   3.579117    34.7169       7215     5.0099     1.9656     1.8360 0.0000e+00
    227.000     7.7174   3.578973    34.7157       7244     5.0301     1.9665     1.8359 0.0000e+00
    228.000     7.7198   3.579343    34.7169       7284     5.0574     1.9672     1.8358 0.0000e+00
    229.000     7.7196   3.579359    34.7168       7315     5.0789     1.9667     1.8368 0.0000e+00
    230.000     7.7204   3.579457    34.7165       7337     5.0947     1.9660     1.8376 0.0000e+00
    231.000     7.7188   3.579392    34.7169       7382     5.1254     1.9635     1.8365 0.0000e+00
    232.000     7.7172   3.579344    34.7175       7445     5.1693     1.9620     1.8364 0.0000e+00
    233.000     7.7101   3.578932    34.7196       7461     5.1806     1.9625     1.8363 0.0000e+00
    234.000     7.7021   3.578383    34.7212       7476     5.1913     1.9629     1.8358 0.0000e+00
    235.000     7.7012   3.578319    34.7209       7498     5.2059     1.9618     1.8345 0.0000e+00
    236.000     7.7022   3.578408    34.7204       7581     5.2640     1.9629     1.8318 0.0000e+00
    237.000     7.7027   3.578493    34.7203       7606     5.2812     1.9622     1.8326 0.0000e+00
    238.000     7.7035   3.578605    34.7202       7626     5.2948     1.9614     1.8320 0.0000e+00
    239.000     7.7042   3.578690    34.7200       7650     5.3116     1.9624     1.8322 0.0000e+00
    240.000     7.7034   3.578672    34.7201       7719     5.3599     1.9630     1.8341 0.0000e+00
    241.000     7.7065   3.578928    34.7192       7835     5.4405     1.9611     1.8341 0.0000e+00
    240.000     7.7084   3.579010    34.7188       7849     5.4498     1.9613     1.8344 0.0000e+00
    239.000     7.7067   3.578857    34.7192       7930     5.5064     1.9598     1.8354 0.0000e+00
    238.000     7.7076   3.578844    34.7187       7977     5.5388     1.9622     1.8364 0.0000e+00
    237.000     7.7100   3.578957    34.7181       7994     5.5506     1.9628     1.8365 0.0000e+00
    236.000     7.7112   3.579028    34.7181       8013     5.5639     1.9628     1.8370 0.0000e+00
    235.000     7.7112   3.578982    34.7181       8036     5.5799     1.9616     1.8368 0.0000e+00
    234.000     7.7112   3.578942    34.7182       8061     5.5971     1.9618     1.8365 0.0000e+00
    233.000     7.7107   3.578853    34.7182       8083     5.6124     1.9623     1.8362 0.0000e+00
    232.000     7.7102   3.578768    34.7183       8103     5.6266     1.9632     1.8359 0.0000e+00
    231.000     7.7098   3.578697    34.7184       8125     5.6415     1.9642     1.8357 0.0000e+00
    230.000     7.7099   3.578660    34.7184       8148     5.6577     1.9651     1.8363 0.0000e+00
    229.000     7.7108   3.578669    34.7180       8173     5.6749     1.9656     1.8368 0.0000e+00
    228.000     7.7113   3.578655    34.7179       8196     5.6911     1.9659     1.8367 0.0000e+00
    227.000     7.7114   3.578630    34.7180       8216     5.7048     1.9659     1.8364 0.0000e+00
    226.000     7.7113   3.578570    34.7180       8233     5.7168     1.9651     1.8367 0.0000e+00
    225.000     7.7108   3.578481    34.7180       8250     5.7286     1.9653     1.8370 0.0000e+00
    224.000     7.7115   3.578466    34.7176       8270     5.7422     1.9653     1.8367 0.0000e+00
    223.000     7.7137   3.578592    34.7173       8295     5.7597     1.9646     1.8376 0.0000e+00
    222.000     7.7166   3.578694    34.7159       8324     5.7797     1.9650     1.8380 0.0000e+00
    221.000     7.7222   3.579032    34.7145       8347     5.7958     1.9658     1.8386 0.0000e+00
    220.000     7.7288   3.579442    34.7129       8366     5.8089     1.9652     1.8383 0.0000e+00
    219.000     7.7296   3.579446    34.7126       8383     5.8209     1.9652     1.8381 0.0000e+00
    218.000     7.7321   3.579573    34.7120       8400     5.8325     1.9646     1.8389 0.0000e+00
    217.000     7.7355   3.579755    34.7111       8419     5.8455     1.9635     1.8399 0.0000e+00
    216.000     7.7391   3.579972    34.7103       8441     5.8611     1.9645     1.8410 0.0000e+00
    215.000     7.7446   3.580290    34.7088       8466     5.8785     1.9680     1.8427 0.0000e+00
    214.000     7.7492   3.580539    34.7074       8489     5.8942     1.9691     1.8428 0.0000e+00
    213.000     7.7561   3.580956    34.7055       8509     5.9082     1.9700     1.8426 0.0000e+00
    212.000     7.7675   3.581631    34.7019       8528     5.9218     1.9718     1.8419 0.0000e+00
    211.000     7.7721   3.581938    34.7012       8548     5.9355     1.9735     1.8414 0.0000e+00
    210.000     7.7746   3.582097    34.7008       8568     5.9496     1.9740     1.8423 0.0000e+00
    209.000     7.7803   3.582413    34.6991       8589     5.9641     1.9742     1.8438 0.0000e+00
    208.000     7.7924   3.583157    34.6956       8611     5.9793     1.9750     1.8454 0.0000e+00
    207.000     7.7993   3.583620    34.6942       8635     5.9955     1.9756     1.8463 0.0000e+00
    206.000     7.8024   3.583845    34.6941       8657     6.0109     1.9756     1.8466 0.0000e+00
    205.000     7.7985   3.583589    34.6956       8677     6.0249     1.9756     1.8464 0.0000e+00
    204.000     7.8062   3.584009    34.6930       8697     6.0387     1.9758     1.8469 0.0000e+00
    203.000     7.8090   3.584227    34.6931       8717     6.0526     1.9754     1.8485 0.0000e+00
    202.000     7.8071   3.584062    34.6936       8736     6.0661     1.9755     1.8498 0.0000e+00
    201.000     7.8030   3.583785    34.6952       8754     6.0787     1.9759     1.8497 0.0000e+00
    200.000     7.8004   3.583555    34.6958       8774     6.0923     1.9758     1.8504 0.0000e+00
    199.000     7.8181   3.584671    34.6908       8801     6.1114     1.9761     1.8499 0.0000e+00
    198.000     7.8128   3.584512    34.6948       8834     6.1339     1.9784     1.8501 0.0000e+00
    197.000     7.7859   3.582603    34.7015       8854     6.1479     1.9795     1.8497 0.0000e+00
    196.000     7.7979   3.583107    34.6954       8869     6.1586     1.9786     1.8498 0.0000e+00
    195.000     7.8037   3.583527    34.6947       8884     6.1687     1.9783     1.8499 0.0000e+00
    194.000     7.8045   3.583569    34.6948       8900     6.1798     1.9780     1.8500 0.0000e+00
    193.000     7.8232   3.584694    34.6888       8920     6.1939     1.9787     1.8500 0.0000e+00
    192.000     7.8301   3.585233    34.6883       8948     6.2129     1.9802     1.8507 0.0000e+00
    191.000     7.8361   3.585545    34.6862       8976     6.2323     1.9820     1.8522 0.0000e+00
    190.000     7.8416   3.585851    34.6845       8998     6.2479     1.9826     1.8531 0.0000e+00
    189.000     7.8425   3.585853    34.6841       9017     6.2610     1.9835     1.8539 0.0000e+00
    188.000     7.8443   3.585951    34.6839       9036     6.2740     1.9849     1.8548 0.0000e+00
    187.000     7.8478   3.586185    34.6834       9056     6.2880     1.9853     1.8555 0.0000e+00
    186.000     7.8491   3.586272    34.6835       9079     6.3039     1.9843     1.8559 0.0000e+00
    185.000     7.8513   3.586396    34.6832       9104     6.3218     1.9839     1.8560 0.0000e+00
    184.000     7.8547   3.586563    34.6820       9129     6.3389     1.9856     1.8560 0.0000e+00
    183.000     7.8591   3.586748    34.6801       9151     6.3539     1.9858     1.8565 0.0000e+00
    182.000     7.8615   3.586851    34.6794       9171     6.3679     1.9852     1.8578 0.0000e+00
    181.000     7.8646   3.587012    34.6785       9192     6.3825     1.9854     1.8582 0.0000e+00
    180.000     7.8669   3.587122    34.6780       9214     6.3980     1.9869     1.8573 0.0000e+00
    179.000     7.8656   3.587015    34.6785       9237     6.4137     1.9884     1.8572 0.0000e+00
    178.000     7.8661   3.587014    34.6786       9260     6.4298     1.9879     1.8573 0.0000e+00
    177.000     7.8677   3.587048    34.6778       9285     6.4471     1.9866     1.8572 0.0000e+00
    176.000     7.8735   3.587354    34.6759       9311     6.4652     1.9865     1.8571 0.0000e+00
    175.000     7.8766   3.587508    34.6750       9336     6.4825     1.9878     1.8577 0.0000e+00
    174.000     7.8787   3.587574    34.6740       9357     6.4975     1.9884     1.8571 0.0000e+00
    173.000     7.8800   3.587579    34.6733       9378     6.5117     1.9890     1.8563 0.0000e+00
    172.000     7.8822   3.587616    34.6720       9399     6.5263     1.9893     1.8571 0.0000e+00
    171.000     7.8851   3.587693    34.6704       9424     6.5436     1.9914     1.8585 0.0000e+00
    170.000     7.8864   3.587659    34.6692       9452     6.5629     1.9924     1.8605 0.0000e+00
    169.000     7.8884   3.587599    34.6671       9477     6.5808     1.9918     1.8618 0.0000e+00
    168.000     7.8921   3.587630    34.6642       9503     6.5983     1.9922     1.8621 0.0000e+00
    167.000     7.8976   3.587917    34.6623       9527     6.6152     1.9927     1.8622 0.0000e+00
    166.000     7.9008   3.588081    34.6614       9550     6.6315     1.9928     1.8623 0.0000e+00
    165.000     7.9040   3.588262    34.6607       9574     6.6477     1.9937     1.8620 0.0000e+00
    164.000     7.9054   3.588366    34.6610       9600     6.6661     1.9941     1.8612 0.0000e+00
    163.000     7.9111   3.588786    34.6603       9635     6.6901     1.9944     1.8634 0.0000e+00
    162.000     7.9592   3.592092    34.6486       9668     6.7132     1.9957     1.8667 0.0000e+00
    161.000     8.0651   3.598377    34.6118       9695     6.7316     1.9984     1.8681 0.0000e+00
