HB2407/CTD159.cnv
* Sea-Bird SBE 9 Data File:
* FileName = C:\cruise\data\CTD159.hex
* Software Version Seasave V 7.26.7.121
* Temperature SN = 4591
* Conductivity SN = 6006
* Number of Bytes Per Scan = 37
* Number of Voltage Words = 4
* Number of Scans Averaged by the Deck Unit = 1
* NMEA Latitude = 41 55.39 N
* NMEA Longitude = 068 07.30 W
* NMEA UTC (Time) = Oct 17 2024 18:20:22
* NMEA baud rate = 4800
** Ship: Bigelow HB2407
** Program:  Fall Bottom Trawl Survey
** Chief Scientist: John Galbraith
# nquan = 9
# nvalues = 364                         
# units = specified
# name 0 = depSM: Depth [salt water, m]
# name 1 = t090C: Temperature [ITS-90, deg C]
# name 2 = c0S/m: Conductivity [S/m]
# name 3 = sal00: Salinity, Practical [PSU]
# name 4 = scan: Scan Count
# name 5 = timeM: Time, Elapsed [minutes]
# name 6 = sbeox0V: Oxygen raw, SBE 43 [V]
# name 7 = sbeox1V: Oxygen raw, SBE 43, 2 [V]
# name 8 = flag: flag
# span 0 =      3.000,    185.000       
# span 1 =     6.6729,    14.8777       
# span 2 =   3.287012,   3.925719       
# span 3 =    31.7352,    34.6852       
# span 4 =        185,      11921       
# span 5 =     0.1275,     8.2780       
# span 6 =     1.8246,     2.5325       
# span 7 =     1.6881,     2.3433       
# span 8 = 0.0000e+00, 0.0000e+00       
# interval = meters: 1                  
# start_time = Oct 17 2024 18:20:22 [NMEA time, header]
# bad_flag = -9.990e-29
*END*
[from data line 161]
    165.000     8.2320   3.607633    34.5443       4794     3.3282     1.8467     1.7108 0.0000e+00
    166.000     8.2351   3.608543    34.5504       4822     3.3476     1.8454     1.7088 0.0000e+00
    167.000     8.2341   3.608301    34.5483       4854     3.3702     1.8439     1.7066 0.0000e+00
    168.000     8.2345   3.608447    34.5491       4883     3.3906     1.8427     1.7047 0.0000e+00
    169.000     8.2424   3.610859    34.5665       4909     3.4087     1.8419     1.7045 0.0000e+00
    170.000     8.2457   3.611797    34.5728       4937     3.4276     1.8412     1.7036 0.0000e+00
    171.000     8.2496   3.613024    34.5815       4968     3.4495     1.8411     1.7020 0.0000e+00
    172.000     8.2551   3.614839    34.5950       4998     3.4705     1.8390     1.7020 0.0000e+00
    173.000     8.2623   3.617144    34.6120       5026     3.4897     1.8373     1.7010 0.0000e+00
    174.000     8.2640   3.618057    34.6195       5054     3.5090     1.8353     1.6995 0.0000e+00
    175.000     8.2648   3.618724    34.6253       5083     3.5290     1.8328     1.6977 0.0000e+00
    176.000     8.2652   3.619092    34.6284       5111     3.5483     1.8301     1.6956 0.0000e+00
    177.000     8.2658   3.619668    34.6335       5138     3.5671     1.8301     1.6945 0.0000e+00
    178.000     8.2668   3.620428    34.6401       5166     3.5868     1.8292     1.6929 0.0000e+00
    179.000     8.2678   3.621183    34.6467       5197     3.6084     1.8287     1.6923 0.0000e+00
    180.000     8.2692   3.622344    34.6572       5229     3.6309     1.8291     1.6915 0.0000e+00
    181.000     8.2704   3.623348    34.6662       5258     3.6508     1.8296     1.6915 0.0000e+00
    182.000     8.2715   3.624174    34.6734       5283     3.6680     1.8291     1.6915 0.0000e+00
    183.000     8.2720   3.624530    34.6763       5309     3.6863     1.8273     1.6907 0.0000e+00
    184.000     8.2725   3.624881    34.6790       5341     3.7080     1.8261     1.6896 0.0000e+00
    185.000     8.2733   3.625536    34.6847       5699     3.9568     1.8250     1.6881 0.0000e+00
    184.000     8.2735   3.625549    34.6852       6301     4.3752     1.8251     1.6902 0.0000e+00
    183.000     8.2735   3.625482    34.6849       6242     4.3343     1.8246     1.6889 0.0000e+00
    182.000     8.2733   3.625373    34.6845       6270     4.3533     1.8259     1.6886 0.0000e+00
    181.000     8.2730   3.625130    34.6826       6294     4.3700     1.8264     1.6894 0.0000e+00
    180.000     8.2726   3.624863    34.6807       6318     4.3865     1.8260     1.6895 0.0000e+00
    179.000     8.2719   3.624347    34.6764       6342     4.4035     1.8255     1.6884 0.0000e+00
    178.000     8.2703   3.623054    34.6646       6366     4.4203     1.8250     1.6882 0.0000e+00
    177.000     8.2688   3.621833    34.6536       6390     4.4369     1.8250     1.6892 0.0000e+00
    176.000     8.2674   3.620754    34.6440       6416     4.4548     1.8264     1.6898 0.0000e+00
    175.000     8.2666   3.619976    34.6370       6444     4.4741     1.8281     1.6906 0.0000e+00
    174.000     8.2656   3.619118    34.6293       6470     4.4927     1.8283     1.6909 0.0000e+00
    173.000     8.2651   3.618760    34.6264       6495     4.5098     1.8277     1.6911 0.0000e+00
    172.000     8.2642   3.618260    34.6224       6519     4.5263     1.8265     1.6915 0.0000e+00
    171.000     8.2624   3.617425    34.6158       6543     4.5431     1.8259     1.6910 0.0000e+00
    170.000     8.2553   3.615106    34.5985       6568     4.5605     1.8269     1.6913 0.0000e+00
    169.000     8.2490   3.612965    34.5825       6595     4.5795     1.8292     1.6910 0.0000e+00
    168.000     8.2446   3.611437    34.5710       6625     4.5998     1.8322     1.6922 0.0000e+00
    167.000     8.2386   3.609617    34.5580       6651     4.6181     1.8338     1.6940 0.0000e+00
    166.000     8.2356   3.608665    34.5513       6674     4.6341     1.8343     1.6948 0.0000e+00
    165.000     8.2311   3.607437    34.5431       6696     4.6496     1.8351     1.6958 0.0000e+00
    164.000     8.2264   3.606009    34.5329       6721     4.6669     1.8377     1.6984 0.0000e+00
    163.000     8.2237   3.605156    34.5270       6750     4.6869     1.8416     1.6999 0.0000e+00
    162.000     8.2199   3.604082    34.5198       6777     4.7058     1.8433     1.7009 0.0000e+00
    161.000     8.2170   3.603335    34.5151       6803     4.7235     1.8440     1.7017 0.0000e+00
    160.000     8.2139   3.602471    34.5095       6829     4.7416     1.8446     1.7036 0.0000e+00
    159.000     8.2069   3.600669    34.4976       6855     4.7601     1.8459     1.7060 0.0000e+00
    158.000     8.2020   3.599087    34.4860       6882     4.7787     1.8472     1.7073 0.0000e+00
    157.000     8.2007   3.598690    34.4836       6910     4.7980     1.8495     1.7093 0.0000e+00
    156.000     8.1981   3.598062    34.4799       6937     4.8167     1.8516     1.7114 0.0000e+00
    155.000     8.1956   3.597346    34.4752       6962     4.8337     1.8520     1.7123 0.0000e+00
    154.000     8.1943   3.597035    34.4736       6985     4.8503     1.8511     1.7132 0.0000e+00
    153.000     8.1897   3.596035    34.4679       7011     4.8679     1.8517     1.7134 0.0000e+00
    152.000     8.1857   3.594976    34.4611       7039     4.8876     1.8522     1.7130 0.0000e+00
    151.000     8.1745   3.592540    34.4465       7068     4.9076     1.8523     1.7130 0.0000e+00
    150.000     8.1621   3.589373    34.4254       7095     4.9262     1.8530     1.7130 0.0000e+00
    149.000     8.1450   3.585475    34.4010       7120     4.9440     1.8538     1.7139 0.0000e+00
    148.000     8.0995   3.574762    34.3317       7149     4.9641     1.8559     1.7141 0.0000e+00
    147.000     8.0456   3.563327    34.2626       7179     4.9851     1.8564     1.7154 0.0000e+00
    146.000     7.9972   3.552553    34.1951       7205     5.0029     1.8562     1.7172 0.0000e+00
    145.000     7.9714   3.546790    34.1591       7230     5.0200     1.8579     1.7191 0.0000e+00
    144.000     7.9367   3.539642    34.1168       7258     5.0394     1.8605     1.7207 0.0000e+00
    143.000     7.8975   3.531536    34.0686       7292     5.0629     1.8617     1.7217 0.0000e+00
    142.000     7.8628   3.525890    34.0423       7331     5.0904     1.8593     1.7200 0.0000e+00
    141.000     7.7876   3.513447    33.9823       7364     5.1133     1.8567     1.7170 0.0000e+00
    140.000     7.7737   3.510775    33.9676       7392     5.1325     1.8528     1.7151 0.0000e+00
    139.000     7.7552   3.507612    33.9520       7418     5.1505     1.8508     1.7135 0.0000e+00
    138.000     7.7319   3.503056    33.9262       7443     5.1678     1.8482     1.7114 0.0000e+00
    137.000     7.7047   3.497993    33.8986       7469     5.1861     1.8446     1.7085 0.0000e+00
    136.000     7.6817   3.492746    33.8649       7499     5.2072     1.8407     1.7053 0.0000e+00
    135.000     7.6302   3.483217    33.8126       7530     5.2287     1.8379     1.7046 0.0000e+00
    134.000     7.5936   3.476071    33.7716       7557     5.2469     1.8369     1.7038 0.0000e+00
    133.000     7.5820   3.473800    33.7588       7580     5.2634     1.8352     1.7015 0.0000e+00
    132.000     7.5570   3.469564    33.7378       7605     5.2807     1.8340     1.7001 0.0000e+00
    131.000     7.4888   3.456630    33.6646       7634     5.3008     1.8336     1.6994 0.0000e+00
    130.000     7.4007   3.440179    33.5722       7664     5.3215     1.8337     1.6982 0.0000e+00
    129.000     7.3563   3.430504    33.5108       7693     5.3419     1.8352     1.6972 0.0000e+00
    128.000     7.3403   3.426844    33.4870       7723     5.3625     1.8377     1.6977 0.0000e+00
    127.000     7.3339   3.425472    33.4787       7754     5.3838     1.8405     1.7007 0.0000e+00
    126.000     7.3305   3.424619    33.4733       7783     5.4042     1.8431     1.7028 0.0000e+00
    125.000     7.3270   3.423958    33.4699       7810     5.4227     1.8436     1.7043 0.0000e+00
    124.000     7.3236   3.423381    33.4674       7837     5.4415     1.8452     1.7062 0.0000e+00
    123.000     7.3185   3.422234    33.4603       7867     5.4628     1.8462     1.7071 0.0000e+00
    122.000     7.3046   3.419560    33.4452       7898     5.4839     1.8445     1.7069 0.0000e+00
    121.000     7.2884   3.416511    33.4282       7925     5.5029     1.8441     1.7069 0.0000e+00
    120.000     7.2791   3.414480    33.4157       7952     5.5218     1.8450     1.7075 0.0000e+00
    119.000     7.2650   3.411682    33.3994       7981     5.5416     1.8470     1.7091 0.0000e+00
    118.000     7.2474   3.408183    33.3788       8010     5.5618     1.8474     1.7092 0.0000e+00
    117.000     7.2394   3.406365    33.3672       8039     5.5821     1.8475     1.7081 0.0000e+00
    116.000     7.2290   3.404495    33.3574       8067     5.6011     1.8482     1.7086 0.0000e+00
    115.000     7.1878   3.397341    33.3197       8093     5.6192     1.8481     1.7097 0.0000e+00
    114.000     7.1432   3.388595    33.2679       8119     5.6373     1.8480     1.7094 0.0000e+00
    113.000     7.1099   3.382602    33.2351       8146     5.6559     1.8495     1.7094 0.0000e+00
    112.000     7.0800   3.376297    33.1956       8173     5.6747     1.8524     1.7110 0.0000e+00
    111.000     7.0534   3.371164    33.1657       8200     5.6938     1.8559     1.7137 0.0000e+00
    110.000     7.0373   3.367932    33.1463       8228     5.7134     1.8599     1.7164 0.0000e+00
    109.000     7.0157   3.363936    33.1239       8258     5.7337     1.8656     1.7203 0.0000e+00
    108.000     7.0035   3.360917    33.1031       8286     5.7534     1.8713     1.7249 0.0000e+00
    107.000     6.9853   3.357315    33.0817       8312     5.7715     1.8755     1.7291 0.0000e+00
    106.000     6.9754   3.355109    33.0675       8339     5.7900     1.8778     1.7337 0.0000e+00
    105.000     6.9588   3.351754    33.0473       8368     5.8106     1.8837     1.7392 0.0000e+00
    104.000     6.9379   3.347935    33.0261       8397     5.8307     1.8890     1.7446 0.0000e+00
    103.000     6.9094   3.342807    32.9978       8424     5.8491     1.8932     1.7489 0.0000e+00
    102.000     6.8938   3.339706    32.9792       8449     5.8667     1.8994     1.7526 0.0000e+00
    101.000     6.8779   3.336296    32.9575       8479     5.8878     1.9090     1.7586 0.0000e+00
    100.000     6.8609   3.332498    32.9327       8515     5.9126     1.9189     1.7673 0.0000e+00
     99.000     6.8508   3.330088    32.9165       8546     5.9342     1.9259     1.7738 0.0000e+00
     98.000     6.8463   3.328904    32.9082       8575     5.9543     1.9317     1.7804 0.0000e+00
     97.000     6.8413   3.327234    32.8952       8606     5.9760     1.9376     1.7871 0.0000e+00
     96.000     6.8162   3.322132    32.8637       8640     5.9991     1.9423     1.7924 0.0000e+00
     95.000     6.7802   3.315748    32.8286       8670     6.0200     1.9476     1.7965 0.0000e+00
     94.000     6.7547   3.311058    32.8020       8696     6.0381     1.9508     1.8012 0.0000e+00
     93.000     6.7339   3.307060    32.7784       8721     6.0557     1.9541     1.8053 0.0000e+00
     92.000     6.7216   3.304553    32.7631       8749     6.0751     1.9600     1.8093 0.0000e+00
     91.000     6.7149   3.302783    32.7505       8778     6.0949     1.9667     1.8126 0.0000e+00
     90.000     6.7097   3.301512    32.7420       8805     6.1137     1.9722     1.8158 0.0000e+00
     89.000     6.7023   3.299801    32.7307       8831     6.1319     1.9785     1.8216 0.0000e+00
     88.000     6.6984   3.298834    32.7242       8858     6.1508     1.9854     1.8281 0.0000e+00
     87.000     6.6957   3.297631    32.7141       8887     6.1711     1.9942     1.8368 0.0000e+00
     86.000     6.6901   3.295183    32.6929       8915     6.1904     2.0023     1.8442 0.0000e+00
     85.000     6.6829   3.291267    32.6572       8942     6.2087     2.0090     1.8503 0.0000e+00
     84.000     6.6881   3.288799    32.6256       8969     6.2280     2.0172     1.8576 0.0000e+00
     83.000     6.6935   3.287717    32.6091       8998     6.2476     2.0290     1.8664 0.0000e+00
     82.000     6.7023   3.287012    32.5934       9024     6.2663     2.0373     1.8742 0.0000e+00
     81.000     6.7105   3.287128    32.5874       9050     6.2838     2.0419     1.8812 0.0000e+00
     80.000     6.7208   3.287571    32.5829       9075     6.3012     2.0439     1.8861 0.0000e+00
     79.000     6.7519   3.289251    32.5723       9102     6.3200     2.0458     1.8883 0.0000e+00
     78.000     6.8095   3.292522    32.5541       9131     6.3400     2.0472     1.8897 0.0000e+00
     77.000     6.9382   3.301636    32.5325       9158     6.3593     2.0496     1.8903 0.0000e+00
     76.000     7.0510   3.308824    32.5048       9185     6.3778     2.0490     1.8902 0.0000e+00
     75.000     7.1224   3.313745    32.4915       9212     6.3964     2.0482     1.8893 0.0000e+00
     74.000     7.1953   3.318179    32.4716       9239     6.4152     2.0469     1.8883 0.0000e+00
     73.000     7.2180   3.320366    32.4745       9265     6.4332     2.0455     1.8890 0.0000e+00
     72.000     7.2346   3.321909    32.4761       9293     6.4527     2.0452     1.8894 0.0000e+00
     71.000     7.3150   3.327031    32.4566       9326     6.4760     2.0455     1.8900 0.0000e+00
     70.000     7.3900   3.332729    32.4484       9361     6.4999     2.0479     1.8917 0.0000e+00
     69.000     7.4806   3.339561    32.4378       9391     6.5211     2.0496     1.8928 0.0000e+00
     68.000     7.5436   3.344873    32.4366       9419     6.5405     2.0527     1.8940 0.0000e+00
     67.000     7.6334   3.351823    32.4280       9448     6.5602     2.0570     1.8955 0.0000e+00
     66.000     7.7025   3.357600    32.4260       9474     6.5785     2.0597     1.8982 0.0000e+00
     65.000     7.7405   3.361222    32.4300       9500     6.5968     2.0609     1.9000 0.0000e+00
     64.000     7.8042   3.365936    32.4216       9527     6.6154     2.0630     1.9020 0.0000e+00
     63.000     7.8786   3.372264    32.4206       9553     6.6333     2.0647     1.9019 0.0000e+00
     62.000     7.9114   3.374910    32.4188       9579     6.6513     2.0677     1.9033 0.0000e+00
     61.000     7.9431   3.377341    32.4157       9607     6.6706     2.0721     1.9068 0.0000e+00
     60.000     8.0350   3.383793    32.3998       9634     6.6899     2.0765     1.9093 0.0000e+00
     59.000     8.2309   3.397487    32.3645       9660     6.7076     2.0816     1.9120 0.0000e+00
     58.000     8.3358   3.405999    32.3583       9685     6.7250     2.0887     1.9159 0.0000e+00
     57.000     8.4992   3.417431    32.3290       9711     6.7430     2.0958     1.9205 0.0000e+00
     56.000     8.5633   3.422431    32.3233       9739     6.7622     2.1018     1.9274 0.0000e+00
     55.000     8.6542   3.428400    32.3031       9767     6.7818     2.1077     1.9357 0.0000e+00
     54.000     8.7066   3.431470    32.2879       9793     6.8003     2.1150     1.9439 0.0000e+00
     53.000     8.7433   3.431846    32.2588       9819     6.8180     2.1226     1.9518 0.0000e+00
     52.000     8.8653   3.438564    32.2183       9845     6.8362     2.1355     1.9590 0.0000e+00
     51.000     9.2161   3.465566    32.1810       9872     6.8548     2.1536     1.9676 0.0000e+00
     50.000     9.5840   3.496323    32.1666       9899     6.8737     2.1685     1.9773 0.0000e+00
     49.000     9.9040   3.523420    32.1569       9925     6.8920     2.1742     1.9881 0.0000e+00
     48.000    10.0994   3.540991    32.1613       9952     6.9106     2.1760     1.9957 0.0000e+00
     47.000    10.3105   3.559533    32.1611       9980     6.9297     2.1741     1.9980 0.0000e+00
