HB2407/CTD198.cnv
* Sea-Bird SBE 9 Data File:
* FileName = C:\cruise\data\CTD198.hex
* Software Version Seasave V 7.26.7.121
* Temperature SN = 4591
* Conductivity SN = 6006
* Number of Bytes Per Scan = 37
* Number of Voltage Words = 4
* Number of Scans Averaged by the Deck Unit = 1
* NMEA Latitude = 43 14.08 N
* NMEA Longitude = 067 06.66 W
* NMEA UTC (Time) = Nov 03 2024 04:59:06
* NMEA baud rate = 4800
** Ship: Bigelow HB2407
** Program:  Fall Bottom Trawl Survey
** Chief Scientist: John Galbraith
# nquan = 9
# nvalues = 377                         
# units = specified
# name 0 = depSM: Depth [salt water, m]
# name 1 = t090C: Temperature [ITS-90, deg C]
# name 2 = c0S/m: Conductivity [S/m]
# name 3 = sal00: Salinity, Practical [PSU]
# name 4 = scan: Scan Count
# name 5 = timeM: Time, Elapsed [minutes]
# name 6 = sbeox0V: Oxygen raw, SBE 43 [V]
# name 7 = sbeox1V: Oxygen raw, SBE 43, 2 [V]
# name 8 = flag: flag
# span 0 =      3.000,    191.000       
# span 1 =     7.6146,    12.5811       
# span 2 =   3.414973,   3.756910       
# span 3 =    32.1180,    34.1668       
# span 4 =        485,      11090       
# span 5 =     0.3361,     7.7004       
# span 6 =     1.8735,     2.5113       
# span 7 =     1.7498,     2.3467       
# span 8 = 0.0000e+00, 0.0000e+00       
# interval = meters: 1                  
# start_time = Nov 03 2024 04:59:06 [NMEA time, header]
# bad_flag = -9.990e-29
*END*
[from data line 321]
     58.000    10.4354   3.592418    32.3754       9556     6.6352     2.2340     2.0564 0.0000e+00
     57.000    10.5999   3.605430    32.3598       9581     6.6525     2.2441     2.0682 0.0000e+00
     56.000    10.7688   3.618841    32.3442       9607     6.6707     2.2550     2.0794 0.0000e+00
     55.000    10.8780   3.627138    32.3306       9636     6.6913     2.2654     2.0893 0.0000e+00
     54.000    11.0417   3.637840    32.2928       9665     6.7111     2.2743     2.0961 0.0000e+00
     53.000    11.2781   3.655727    32.2620       9688     6.7272     2.2869     2.1027 0.0000e+00
     52.000    11.4231   3.667908    32.2551       9710     6.7422     2.3033     2.1135 0.0000e+00
     51.000    11.4565   3.671301    32.2596       9734     6.7592     2.3221     2.1315 0.0000e+00
     50.000    11.6089   3.683619    32.2475       9766     6.7812     2.3480     2.1533 0.0000e+00
     49.000    11.8493   3.699251    32.1913       9796     6.8022     2.3727     2.1687 0.0000e+00
     48.000    12.1403   3.720818    32.1487       9819     6.8180     2.3904     2.1826 0.0000e+00
     47.000    12.1104   3.720743    32.1741       9840     6.8328     2.4056     2.1989 0.0000e+00
     46.000    12.2217   3.729275    32.1608       9866     6.8506     2.4235     2.2220 0.0000e+00
     45.000    12.2895   3.734988    32.1578       9897     6.8725     2.4418     2.2477 0.0000e+00
     44.000    12.3687   3.739248    32.1311       9924     6.8909     2.4547     2.2657 0.0000e+00
     43.000    12.3988   3.742570    32.1375       9946     6.9063     2.4649     2.2804 0.0000e+00
     42.000    12.4219   3.744443    32.1360       9969     6.9223     2.4749     2.2952 0.0000e+00
     41.000    12.4355   3.745796    32.1377       9997     6.9419     2.4810     2.3073 0.0000e+00
     40.000    12.4209   3.744775    32.1409      10028     6.9630     2.4874     2.3151 0.0000e+00
     39.000    12.4692   3.747498    32.1259      10052     6.9799     2.4890     2.3196 0.0000e+00
     38.000    12.4815   3.748955    32.1298      10074     6.9954     2.4896     2.3219 0.0000e+00
     37.000    12.4878   3.749547    32.1304      10099     7.0126     2.4909     2.3233 0.0000e+00
     36.000    12.4862   3.749435    32.1311      10128     7.0324     2.4906     2.3254 0.0000e+00
     35.000    12.4898   3.749462    32.1287      10156     7.0520     2.4881     2.3267 0.0000e+00
     34.000    12.5287   3.751804    32.1182      10181     7.0698     2.4883     2.3273 0.0000e+00
     33.000    12.5335   3.752319    32.1194      10206     7.0871     2.4921     2.3288 0.0000e+00
     32.000    12.5330   3.752367    32.1206      10233     7.1055     2.4935     2.3284 0.0000e+00
     31.000    12.5389   3.752777    32.1200      10260     7.1244     2.4940     2.3256 0.0000e+00
     30.000    12.5422   3.753112    32.1207      10286     7.1424     2.4949     2.3252 0.0000e+00
     29.000    12.5432   3.753147    32.1206      10310     7.1591     2.4957     2.3259 0.0000e+00
     28.000    12.5442   3.753246    32.1211      10333     7.1751     2.4959     2.3287 0.0000e+00
     27.000    12.5443   3.753185    32.1208      10357     7.1915     2.4955     2.3300 0.0000e+00
     26.000    12.5526   3.753670    32.1187      10383     7.2097     2.4940     2.3322 0.0000e+00
     25.000    12.5553   3.753995    32.1200      10413     7.2302     2.4961     2.3327 0.0000e+00
     24.000    12.5568   3.754019    32.1193      10443     7.2510     2.4977     2.3319 0.0000e+00
     23.000    12.5638   3.754459    32.1180      10468     7.2690     2.4957     2.3335 0.0000e+00
     22.000    12.5654   3.754623    32.1186      10491     7.2848     2.4952     2.3362 0.0000e+00
     21.000    12.5660   3.754687    32.1191      10515     7.3014     2.4960     2.3370 0.0000e+00
     20.000    12.5643   3.754581    32.1199      10543     7.3208     2.4974     2.3390 0.0000e+00
     19.000    12.5705   3.754914    32.1182      10572     7.3407     2.4967     2.3411 0.0000e+00
     18.000    12.5710   3.754992    32.1189      10597     7.3583     2.4979     2.3418 0.0000e+00
     17.000    12.5702   3.754856    32.1187      10620     7.3742     2.4980     2.3402 0.0000e+00
     16.000    12.5682   3.754717    32.1195      10643     7.3906     2.4992     2.3384 0.0000e+00
     15.000    12.5675   3.754633    32.1197      10670     7.4088     2.5008     2.3389 0.0000e+00
     14.000    12.5618   3.754143    32.1203      10699     7.4292     2.5013     2.3406 0.0000e+00
     13.000    12.5607   3.753989    32.1202      10727     7.4488     2.5029     2.3418 0.0000e+00
     12.000    12.5629   3.754114    32.1199      10753     7.4664     2.5045     2.3414 0.0000e+00
     11.000    12.5648   3.754251    32.1200      10777     7.4835     2.5040     2.3426 0.0000e+00
     10.000    12.5630   3.754116    32.1206      10804     7.5022     2.5021     2.3432 0.0000e+00
      9.000    12.5611   3.753892    32.1205      10830     7.5202     2.5022     2.3434 0.0000e+00
      8.000    12.5631   3.754050    32.1207      10853     7.5360     2.5054     2.3434 0.0000e+00
      7.000    12.5641   3.754068    32.1205      10875     7.5517     2.5070     2.3435 0.0000e+00
      6.000    12.5647   3.754107    32.1208      10902     7.5702     2.5053     2.3439 0.0000e+00
      5.000    12.5662   3.754229    32.1211      10933     7.5918     2.5078     2.3447 0.0000e+00
      4.000    12.5673   3.754264    32.1208      10961     7.6111     2.5073     2.3453 0.0000e+00
      3.000    12.5685   3.754402    32.1216      11090     7.7004     2.5113     2.3437 0.0000e+00
