HB2407/CTD137.cnv
* Sea-Bird SBE 9 Data File:
* FileName = C:\cruise\data\CTD137.hex
* Software Version Seasave V 7.26.7.121
* Temperature SN = 4591
* Conductivity SN = 6006
* Number of Bytes Per Scan = 37
* Number of Voltage Words = 4
* Number of Scans Averaged by the Deck Unit = 1
* NMEA Latitude = 41 09.27 N
* NMEA Longitude = 067 15.47 W
* NMEA UTC (Time) = Oct 12 2024 07:10:23
* NMEA baud rate = 4800
** Ship: Bigelow HB2407
** Program:  Fall Bottom Trawl Survey
** Chief Scientist: John Galbraith
# nquan = 9
# nvalues = 98                          
# units = specified
# name 0 = depSM: Depth [salt water, m]
# name 1 = t090C: Temperature [ITS-90, deg C]
# name 2 = c0S/m: Conductivity [S/m]
# name 3 = sal00: Salinity, Practical [PSU]
# name 4 = scan: Scan Count
# name 5 = timeM: Time, Elapsed [minutes]
# name 6 = sbeox0V: Oxygen raw, SBE 43 [V]
# name 7 = sbeox1V: Oxygen raw, SBE 43, 2 [V]
# name 8 = flag: flag
# span 0 =      2.000,     51.000       
# span 1 =    11.8360,    14.1207       
# span 2 =   3.700320,   3.885518       
# span 3 =    32.0223,    32.2210       
# span 4 =        -80,       3328       
# span 5 =    -0.0562,     2.3104       
# span 6 =     2.3154,     2.5509       
# span 7 =     2.1420,     2.3565       
# span 8 = 0.0000e+00, 0.0000e+00       
# interval = meters: 1                  
# start_time = Oct 12 2024 07:10:23 [NMEA time, header]
# bad_flag = -9.990e-29
*END*
      3.000    14.1139   3.884496    32.0363        -80    -0.0562     2.5451     2.3518 0.0000e+00
      4.000    14.1149   3.884600    32.0360        280     0.1939     2.5450     2.3516 0.0000e+00
      5.000    14.1164   3.884776    32.0360        467     0.3237     2.5456     2.3551 0.0000e+00
      6.000    14.1175   3.884915    32.0360        489     0.3387     2.5445     2.3556 0.0000e+00
      7.000    14.1179   3.884990    32.0360        542     0.3756     2.5383     2.3565 0.0000e+00
      8.000    14.1175   3.884994    32.0360        590     0.4089     2.5376     2.3546 0.0000e+00
      9.000    14.1183   3.885086    32.0357        604     0.4189     2.5390     2.3538 0.0000e+00
     10.000    14.1186   3.885182    32.0360        621     0.4309     2.5413     2.3520 0.0000e+00
     11.000    14.1192   3.885278    32.0360        649     0.4497     2.5437     2.3538 0.0000e+00
     12.000    14.1202   3.885414    32.0360        694     0.4810     2.5465     2.3558 0.0000e+00
     13.000    14.1207   3.885518    32.0361        726     0.5037     2.5468     2.3551 0.0000e+00
     14.000    14.0833   3.882709    32.0411        749     0.5193     2.5442     2.3550 0.0000e+00
     15.000    14.0498   3.880089    32.0444        770     0.5341     2.5389     2.3538 0.0000e+00
     16.000    14.0270   3.878374    32.0472        791     0.5489     2.5332     2.3529 0.0000e+00
     17.000    14.0055   3.876661    32.0490        818     0.5671     2.5344     2.3527 0.0000e+00
     18.000    13.9859   3.875096    32.0505        854     0.5922     2.5384     2.3516 0.0000e+00
     19.000    13.9357   3.871125    32.0554        887     0.6154     2.5406     2.3520 0.0000e+00
     20.000    13.8877   3.867377    32.0604        912     0.6328     2.5398     2.3498 0.0000e+00
     21.000    13.8572   3.864893    32.0626        937     0.6500     2.5300     2.3451 0.0000e+00
     22.000    13.8376   3.863306    32.0639        962     0.6673     2.5264     2.3411 0.0000e+00
     23.000    13.7126   3.853300    32.0754        989     0.6864     2.5232     2.3395 0.0000e+00
     24.000    13.4565   3.832791    32.0992       1020     0.7077     2.5144     2.3326 0.0000e+00
     25.000    13.1987   3.811877    32.1205       1050     0.7287     2.4898     2.3194 0.0000e+00
     26.000    13.0103   3.796811    32.1380       1080     0.7490     2.4566     2.2945 0.0000e+00
     27.000    12.8918   3.787103    32.1466       1106     0.7670     2.4318     2.2699 0.0000e+00
     28.000    12.8655   3.784770    32.1465       1129     0.7831     2.4183     2.2506 0.0000e+00
     29.000    12.7209   3.773012    32.1578       1156     0.8017     2.4058     2.2339 0.0000e+00
     30.000    12.5261   3.757553    32.1768       1192     0.8272     2.3883     2.2195 0.0000e+00
     31.000    12.3218   3.741238    32.1956       1221     0.8474     2.3781     2.2098 0.0000e+00
     32.000    12.1778   3.729867    32.2100       1242     0.8616     2.3679     2.2033 0.0000e+00
     33.000    12.0473   3.719366    32.2210       1261     0.8751     2.3560     2.1951 0.0000e+00
     34.000    12.0026   3.715369    32.2206       1288     0.8939     2.3459     2.1849 0.0000e+00
     35.000    11.9491   3.710600    32.2204       1340     0.9299     2.3391     2.1714 0.0000e+00
     36.000    11.9253   3.708509    32.2204       1369     0.9501     2.3341     2.1662 0.0000e+00
     37.000    11.9095   3.707212    32.2210       1385     0.9612     2.3330     2.1633 0.0000e+00
     38.000    11.9031   3.706598    32.2203       1400     0.9713     2.3297     2.1627 0.0000e+00
     39.000    11.8977   3.706168    32.2203       1416     0.9825     2.3264     2.1616 0.0000e+00
     40.000    11.8991   3.706036    32.2174       1453     1.0086     2.3293     2.1554 0.0000e+00
     41.000    11.8970   3.705704    32.2156       1514     1.0509     2.3282     2.1527 0.0000e+00
     42.000    11.8788   3.704351    32.2178       1531     1.0627     2.3276     2.1538 0.0000e+00
     43.000    11.8472   3.701795    32.2201       1546     1.0732     2.3275     2.1538 0.0000e+00
     44.000    11.8636   3.702982    32.2170       1561     1.0836     2.3271     2.1531 0.0000e+00
     45.000    11.8555   3.702503    32.2189       1579     1.0961     2.3259     2.1509 0.0000e+00
     46.000    11.8439   3.701400    32.2179       1629     1.1305     2.3252     2.1443 0.0000e+00
     47.000    11.8381   3.700885    32.2175       1685     1.1698     2.3253     2.1433 0.0000e+00
     48.000    11.8381   3.700891    32.2171       1707     1.1848     2.3257     2.1456 0.0000e+00
     49.000    11.8404   3.701066    32.2164       1728     1.1994     2.3220     2.1453 0.0000e+00
     50.000    11.8422   3.701204    32.2158       1755     1.2182     2.3193     2.1449 0.0000e+00
     51.000    11.8404   3.701051    32.2154       1788     1.2406     2.3185     2.1474 0.0000e+00
     50.000    11.8395   3.700850    32.2147       1883     1.3072     2.3182     2.1465 0.0000e+00
     49.000    11.8366   3.700455    32.2138       2009     1.3941     2.3179     2.1438 0.0000e+00
     48.000    11.8369   3.700438    32.2138       2023     1.4044     2.3171     2.1431 0.0000e+00
     47.000    11.8360   3.700320    32.2138       2049     1.4220     2.3154     2.1420 0.0000e+00
     46.000    11.8374   3.700320    32.2131       2095     1.4539     2.3201     2.1421 0.0000e+00
     45.000    11.8410   3.700496    32.2120       2124     1.4745     2.3221     2.1440 0.0000e+00
     44.000    11.8490   3.701092    32.2113       2142     1.4871     2.3236     2.1436 0.0000e+00
     43.000    11.8483   3.701018    32.2116       2159     1.4987     2.3212     2.1447 0.0000e+00
     42.000    11.8483   3.700965    32.2116       2179     1.5122     2.3214     2.1450 0.0000e+00
     41.000    11.8556   3.701460    32.2104       2215     1.5378     2.3220     2.1465 0.0000e+00
     40.000    11.8635   3.702024    32.2094       2256     1.5657     2.3243     2.1468 0.0000e+00
     39.000    11.8693   3.702473    32.2092       2273     1.5778     2.3254     2.1453 0.0000e+00
     38.000    11.8665   3.702224    32.2096       2288     1.5880     2.3233     2.1452 0.0000e+00
     37.000    11.8707   3.702439    32.2085       2303     1.5989     2.3218     2.1456 0.0000e+00
     36.000    11.9545   3.708804    32.1980       2341     1.6250     2.3262     2.1463 0.0000e+00
     35.000    12.0271   3.714525    32.1910       2396     1.6631     2.3315     2.1503 0.0000e+00
     34.000    12.0559   3.716568    32.1862       2410     1.6732     2.3318     2.1521 0.0000e+00
     33.000    12.1044   3.720272    32.1805       2424     1.6827     2.3338     2.1544 0.0000e+00
     32.000    12.1683   3.725186    32.1732       2437     1.6920     2.3366     2.1566 0.0000e+00
     31.000    12.1874   3.727119    32.1757       2453     1.7026     2.3408     2.1580 0.0000e+00
     30.000    12.4863   3.750094    32.1396       2489     1.7279     2.3534     2.1606 0.0000e+00
     29.000    12.7759   3.773800    32.1185       2548     1.7690     2.3835     2.1792 0.0000e+00
     28.000    12.8228   3.777597    32.1149       2564     1.7796     2.3833     2.1857 0.0000e+00
     27.000    12.8306   3.778605    32.1183       2579     1.7904     2.3869     2.1922 0.0000e+00
     26.000    12.8524   3.780184    32.1150       2596     1.8019     2.3903     2.1980 0.0000e+00
     25.000    12.9570   3.787771    32.0984       2618     1.8172     2.3943     2.2031 0.0000e+00
     24.000    13.2013   3.807954    32.0819       2658     1.8450     2.4036     2.2111 0.0000e+00
     23.000    13.5424   3.834108    32.0398       2699     1.8739     2.4261     2.2241 0.0000e+00
     22.000    13.7123   3.848660    32.0330       2720     1.8882     2.4445     2.2353 0.0000e+00
     21.000    13.7686   3.854337    32.0390       2737     1.8998     2.4598     2.2456 0.0000e+00
     20.000    13.7875   3.855966    32.0386       2754     1.9116     2.4750     2.2618 0.0000e+00
     19.000    13.8323   3.859744    32.0366       2776     1.9271     2.4934     2.2816 0.0000e+00
     18.000    13.8956   3.865488    32.0372       2813     1.9526     2.5133     2.3040 0.0000e+00
     17.000    13.9892   3.872292    32.0223       2846     1.9759     2.5189     2.3172 0.0000e+00
     16.000    14.0216   3.875699    32.0271       2871     1.9930     2.5236     2.3282 0.0000e+00
     15.000    14.0298   3.876612    32.0291       2898     2.0116     2.5281     2.3355 0.0000e+00
     14.000    14.0404   3.877472    32.0285       2926     2.0312     2.5358     2.3394 0.0000e+00
     13.000    14.0501   3.878258    32.0281       2950     2.0476     2.5399     2.3433 0.0000e+00
     12.000    14.0781   3.880509    32.0260       2970     2.0621     2.5418     2.3452 0.0000e+00
     11.000    14.0933   3.881907    32.0265       2992     2.0774     2.5435     2.3483 0.0000e+00
     10.000    14.1065   3.883139    32.0272       3033     2.1056     2.5443     2.3510 0.0000e+00
      9.000    14.1142   3.883780    32.0271       3072     2.1329     2.5419     2.3510 0.0000e+00
      8.000    14.1163   3.884050    32.0282       3091     2.1456     2.5452     2.3510 0.0000e+00
      7.000    14.1162   3.884057    32.0288       3106     2.1566     2.5482     2.3507 0.0000e+00
      6.000    14.1164   3.884050    32.0289       3123     2.1680     2.5489     2.3496 0.0000e+00
      5.000    14.1186   3.884257    32.0294       3147     2.1850     2.5479     2.3490 0.0000e+00
      4.000    14.1160   3.884107    32.0306       3186     2.2116     2.5425     2.3524 0.0000e+00
      3.000    14.1158   3.884152    32.0316       3268     2.2686     2.5446     2.3524 0.0000e+00
      2.000    14.1160   3.884183    32.0321       3328     2.3104     2.5509     2.3498 0.0000e+00
