HB2407/CTD159.cnv
* Sea-Bird SBE 9 Data File:
* FileName = C:\cruise\data\CTD159.hex
* Software Version Seasave V 7.26.7.121
* Temperature SN = 4591
* Conductivity SN = 6006
* Number of Bytes Per Scan = 37
* Number of Voltage Words = 4
* Number of Scans Averaged by the Deck Unit = 1
* NMEA Latitude = 41 55.39 N
* NMEA Longitude = 068 07.30 W
* NMEA UTC (Time) = Oct 17 2024 18:20:22
* NMEA baud rate = 4800
** Ship: Bigelow HB2407
** Program:  Fall Bottom Trawl Survey
** Chief Scientist: John Galbraith
# nquan = 9
# nvalues = 364                         
# units = specified
# name 0 = depSM: Depth [salt water, m]
# name 1 = t090C: Temperature [ITS-90, deg C]
# name 2 = c0S/m: Conductivity [S/m]
# name 3 = sal00: Salinity, Practical [PSU]
# name 4 = scan: Scan Count
# name 5 = timeM: Time, Elapsed [minutes]
# name 6 = sbeox0V: Oxygen raw, SBE 43 [V]
# name 7 = sbeox1V: Oxygen raw, SBE 43, 2 [V]
# name 8 = flag: flag
# span 0 =      3.000,    185.000       
# span 1 =     6.6729,    14.8777       
# span 2 =   3.287012,   3.925719       
# span 3 =    31.7352,    34.6852       
# span 4 =        185,      11921       
# span 5 =     0.1275,     8.2780       
# span 6 =     1.8246,     2.5325       
# span 7 =     1.6881,     2.3433       
# span 8 = 0.0000e+00, 0.0000e+00       
# interval = meters: 1                  
# start_time = Oct 17 2024 18:20:22 [NMEA time, header]
# bad_flag = -9.990e-29
*END*
      4.000    14.8764   3.925384    31.7806        185     0.1275     2.5325     2.3413 0.0000e+00
      5.000    14.8771   3.925495    31.7806        283     0.1961     2.5303     2.3433 0.0000e+00
      6.000    14.8747   3.925318    31.7806        308     0.2134     2.5278     2.3424 0.0000e+00
      7.000    14.8743   3.925320    31.7805        338     0.2342     2.5260     2.3387 0.0000e+00
      8.000    14.8773   3.925619    31.7805        367     0.2542     2.5261     2.3361 0.0000e+00
      9.000    14.8777   3.925719    31.7806        394     0.2727     2.5254     2.3362 0.0000e+00
     10.000    14.8757   3.925590    31.7807        420     0.2910     2.5258     2.3412 0.0000e+00
     11.000    14.8762   3.925667    31.7806        446     0.3092     2.5286     2.3428 0.0000e+00
     12.000    14.8734   3.925461    31.7807        471     0.3263     2.5306     2.3396 0.0000e+00
     13.000    14.8688   3.925085    31.7807        496     0.3437     2.5284     2.3364 0.0000e+00
     14.000    14.8690   3.925150    31.7807        525     0.3638     2.5254     2.3347 0.0000e+00
     15.000    14.8702   3.925302    31.7807        555     0.3850     2.5240     2.3325 0.0000e+00
     16.000    14.8696   3.925288    31.7807        582     0.4035     2.5264     2.3326 0.0000e+00
     17.000    14.8715   3.925486    31.7806        607     0.4207     2.5244     2.3312 0.0000e+00
     18.000    14.8706   3.925462    31.7807        633     0.4387     2.5209     2.3300 0.0000e+00
     19.000    14.8682   3.925301    31.7808        661     0.4585     2.5203     2.3299 0.0000e+00
     20.000    14.8680   3.925313    31.7807        689     0.4777     2.5205     2.3287 0.0000e+00
     21.000    14.8691   3.925460    31.7808        714     0.4954     2.5199     2.3285 0.0000e+00
     22.000    14.8678   3.925386    31.7807        741     0.5136     2.5185     2.3282 0.0000e+00
     23.000    14.8646   3.925139    31.7808        857     0.5948     2.5222     2.3225 0.0000e+00
     24.000    14.8616   3.924965    31.7812        939     0.6511     2.5179     2.3172 0.0000e+00
     25.000    14.8586   3.924774    31.7816        971     0.6738     2.5155     2.3180 0.0000e+00
     26.000    14.8590   3.924871    31.7818        997     0.6917     2.5121     2.3193 0.0000e+00
     27.000    14.8339   3.923214    31.7869       1023     0.7095     2.5118     2.3200 0.0000e+00
     28.000    14.6578   3.910444    31.8149       1053     0.7307     2.5173     2.3202 0.0000e+00
     29.000    14.3821   3.889296    31.8484       1084     0.7524     2.5041     2.3119 0.0000e+00
     30.000    13.5941   3.829381    31.9498       1111     0.7709     2.4789     2.2980 0.0000e+00
     31.000    12.7221   3.763374    32.0646       1136     0.7884     2.4289     2.2697 0.0000e+00
     32.000    12.5646   3.750533    32.0763       1164     0.8073     2.3529     2.2127 0.0000e+00
     33.000    12.5025   3.744652    32.0728       1192     0.8267     2.2949     2.1574 0.0000e+00
     34.000    12.3678   3.734069    32.0864       1219     0.8456     2.2650     2.1180 0.0000e+00
     35.000    12.2712   3.725494    32.0866       1246     0.8649     2.2430     2.0933 0.0000e+00
     36.000    12.0284   3.706230    32.1094       1276     0.8852     2.2254     2.0753 0.0000e+00
     37.000    11.9964   3.703253    32.1079       1303     0.9043     2.2128     2.0592 0.0000e+00
     38.000    11.9393   3.698607    32.1118       1329     0.9225     2.2066     2.0482 0.0000e+00
     39.000    11.6805   3.678324    32.1384       1356     0.9407     2.2014     2.0404 0.0000e+00
     40.000    11.5607   3.668162    32.1429       1383     0.9594     2.1907     2.0320 0.0000e+00
     41.000    11.4267   3.657495    32.1548       1410     0.9784     2.1813     2.0247 0.0000e+00
     42.000    11.2316   3.642300    32.1754       1437     0.9969     2.1731     2.0194 0.0000e+00
     43.000    11.1148   3.632761    32.1832       1463     1.0150     2.1654     2.0129 0.0000e+00
     44.000    10.7958   3.607649    32.2144       1490     1.0340     2.1589     2.0033 0.0000e+00
     45.000    10.6665   3.597616    32.2281       1520     1.0548     2.1481     1.9935 0.0000e+00
     46.000    10.5867   3.591115    32.2334       1549     1.0751     2.1432     1.9873 0.0000e+00
     47.000    10.2493   3.564180    32.2621       1576     1.0936     2.1401     1.9844 0.0000e+00
     48.000    10.0925   3.550045    32.2588       1601     1.1113     2.1345     1.9810 0.0000e+00
     49.000     9.7182   3.518092    32.2688       1627     1.1293     2.1348     1.9776 0.0000e+00
     50.000     9.3259   3.483670    32.2688       1655     1.1485     2.1329     1.9770 0.0000e+00
     51.000     8.9526   3.450526    32.2638       1684     1.1685     2.1327     1.9763 0.0000e+00
     52.000     8.7824   3.437314    32.2807       1711     1.1877     2.1351     1.9776 0.0000e+00
     53.000     8.7471   3.438788    32.3278       1737     1.2054     2.1414     1.9833 0.0000e+00
     54.000     8.7620   3.441425    32.3413       1762     1.2229     2.1493     1.9893 0.0000e+00
     55.000     8.7441   3.441033    32.3531       1789     1.2417     2.1503     1.9916 0.0000e+00
     56.000     8.7042   3.438233    32.3598       1817     1.2614     2.1451     1.9900 0.0000e+00
     57.000     8.6233   3.433081    32.3794       1845     1.2805     2.1382     1.9833 0.0000e+00
     58.000     8.3876   3.416602    32.4223       1872     1.2993     2.1304     1.9743 0.0000e+00
     59.000     8.1843   3.401601    32.4510       1899     1.3178     2.1191     1.9653 0.0000e+00
     60.000     7.9979   3.387396    32.4724       1925     1.3358     2.1073     1.9558 0.0000e+00
     61.000     7.9336   3.382043    32.4746       1951     1.3545     2.0956     1.9439 0.0000e+00
     62.000     7.8757   3.376973    32.4739       1980     1.3744     2.0860     1.9341 0.0000e+00
     63.000     7.8647   3.375736    32.4705       2008     1.3935     2.0804     1.9270 0.0000e+00
     64.000     7.8520   3.374495    32.4686       2033     1.4114     2.0771     1.9208 0.0000e+00
     65.000     7.8340   3.372945    32.4683       2058     1.4288     2.0744     1.9174 0.0000e+00
     66.000     7.6858   3.361665    32.4851       2085     1.4472     2.0698     1.9159 0.0000e+00
     67.000     7.5430   3.349156    32.4837       2115     1.4679     2.0642     1.9120 0.0000e+00
     68.000     7.4922   3.344604    32.4817       2145     1.4891     2.0585     1.9052 0.0000e+00
     69.000     7.4674   3.342491    32.4817       2172     1.5073     2.0572     1.9014 0.0000e+00
     70.000     7.4233   3.339137    32.4864       2195     1.5236     2.0570     1.9008 0.0000e+00
     71.000     7.4080   3.337773    32.4855       2220     1.5410     2.0548     1.8994 0.0000e+00
     72.000     7.3509   3.333426    32.4916       2251     1.5626     2.0543     1.8973 0.0000e+00
     73.000     7.3067   3.329897    32.4944       2283     1.5845     2.0528     1.8953 0.0000e+00
     74.000     7.2759   3.327352    32.4954       2307     1.6016     2.0510     1.8948 0.0000e+00
     75.000     7.2304   3.324264    32.5041       2330     1.6171     2.0492     1.8947 0.0000e+00
     76.000     7.1624   3.319640    32.5175       2354     1.6343     2.0476     1.8941 0.0000e+00
     77.000     7.0939   3.315608    32.5377       2388     1.6574     2.0446     1.8927 0.0000e+00
     78.000     6.9561   3.307306    32.5770       2421     1.6804     2.0420     1.8885 0.0000e+00
     79.000     6.8166   3.296512    32.5905       2446     1.6981     2.0353     1.8844 0.0000e+00
     80.000     6.7763   3.293350    32.5937       2471     1.7152     2.0289     1.8793 0.0000e+00
     81.000     6.7351   3.290186    32.5976       2497     1.7331     2.0287     1.8767 0.0000e+00
     82.000     6.7255   3.289379    32.5974       2523     1.7517     2.0316     1.8776 0.0000e+00
     83.000     6.7093   3.288219    32.5995       2550     1.7705     2.0352     1.8813 0.0000e+00
     84.000     6.7006   3.287840    32.6032       2578     1.7896     2.0401     1.8860 0.0000e+00
     85.000     6.6894   3.287977    32.6148       2607     1.8095     2.0434     1.8899 0.0000e+00
     86.000     6.6729   3.288657    32.6376       2635     1.8292     2.0478     1.8928 0.0000e+00
     87.000     6.6794   3.291571    32.6630       2663     1.8485     2.0516     1.8945 0.0000e+00
     88.000     6.6905   3.296109    32.7019       2690     1.8672     2.0543     1.8962 0.0000e+00
     89.000     6.6912   3.297876    32.7201       2715     1.8849     2.0548     1.8973 0.0000e+00
     90.000     6.6908   3.298073    32.7222       2740     1.9024     2.0511     1.8964 0.0000e+00
     91.000     6.6904   3.298150    32.7230       2768     1.9217     2.0429     1.8905 0.0000e+00
     92.000     6.6925   3.298532    32.7246       2800     1.9438     2.0340     1.8827 0.0000e+00
     93.000     6.7012   3.300381    32.7362       2830     1.9643     2.0273     1.8755 0.0000e+00
     94.000     6.7106   3.302560    32.7507       2854     1.9815     2.0238     1.8712 0.0000e+00
     95.000     6.7175   3.304249    32.7622       2878     1.9978     2.0199     1.8665 0.0000e+00
     96.000     6.7265   3.305862    32.7708       2904     2.0156     2.0136     1.8600 0.0000e+00
     97.000     6.7590   3.311637    32.8027       2933     2.0362     2.0039     1.8522 0.0000e+00
     98.000     6.7865   3.316607    32.8305       2964     2.0575     1.9960     1.8456 0.0000e+00
     99.000     6.8190   3.322447    32.8631       2992     2.0770     1.9893     1.8397 0.0000e+00
    100.000     6.8345   3.326157    32.8885       3017     2.0946     1.9835     1.8332 0.0000e+00
    101.000     6.8363   3.327319    32.8990       3043     2.1125     1.9773     1.8275 0.0000e+00
    102.000     6.8379   3.327964    32.9041       3071     2.1323     1.9706     1.8222 0.0000e+00
    103.000     6.8425   3.329013    32.9107       3100     2.1522     1.9639     1.8164 0.0000e+00
    104.000     6.8490   3.330450    32.9197       3126     2.1700     1.9592     1.8123 0.0000e+00
    105.000     6.8797   3.336521    32.9564       3151     2.1872     1.9570     1.8089 0.0000e+00
    106.000     6.9094   3.342406    32.9919       3178     2.2064     1.9549     1.8046 0.0000e+00
    107.000     6.9331   3.346551    33.0140       3209     2.2280     1.9502     1.7997 0.0000e+00
    108.000     6.9575   3.351074    33.0397       3237     2.2474     1.9425     1.7935 0.0000e+00
    109.000     6.9706   3.354074    33.0594       3263     2.2654     1.9349     1.7871 0.0000e+00
    110.000     6.9876   3.357485    33.0799       3290     2.2840     1.9256     1.7802 0.0000e+00
    111.000     6.9981   3.360033    33.0972       3316     2.3024     1.9161     1.7727 0.0000e+00
    112.000     7.0161   3.363394    33.1162       3341     2.3198     1.9087     1.7672 0.0000e+00
    113.000     7.0308   3.366251    33.1327       3366     2.3370     1.9035     1.7615 0.0000e+00
    114.000     7.0377   3.367638    33.1408       3392     2.3551     1.8978     1.7561 0.0000e+00
    115.000     7.0635   3.372538    33.1690       3420     2.3745     1.8924     1.7501 0.0000e+00
    116.000     7.1110   3.381717    33.2230       3449     2.3942     1.8880     1.7449 0.0000e+00
    117.000     7.1561   3.390088    33.2703       3478     2.4148     1.8832     1.7408 0.0000e+00
    118.000     7.2206   3.402171    33.3392       3508     2.4352     1.8780     1.7356 0.0000e+00
    119.000     7.2348   3.404913    33.3549       3533     2.4527     1.8736     1.7302 0.0000e+00
    120.000     7.2438   3.406849    33.3667       3557     2.4693     1.8679     1.7255 0.0000e+00
    121.000     7.2531   3.408819    33.3787       3581     2.4863     1.8636     1.7221 0.0000e+00
    122.000     7.2640   3.411159    33.3932       3610     2.5060     1.8605     1.7192 0.0000e+00
    123.000     7.2809   3.414550    33.4132       3640     2.5270     1.8570     1.7165 0.0000e+00
    124.000     7.2927   3.416874    33.4266       3667     2.5458     1.8534     1.7150 0.0000e+00
    125.000     7.3090   3.420138    33.4459       3693     2.5638     1.8514     1.7137 0.0000e+00
    126.000     7.3149   3.421401    33.4533       3720     2.5823     1.8509     1.7123 0.0000e+00
    127.000     7.3168   3.421846    33.4559       3747     2.6013     1.8517     1.7117 0.0000e+00
    128.000     7.3189   3.422338    33.4587       3775     2.6207     1.8520     1.7117 0.0000e+00
    129.000     7.3207   3.422756    33.4610       3802     2.6396     1.8519     1.7124 0.0000e+00
    130.000     7.3227   3.423201    33.4634       3827     2.6568     1.8502     1.7114 0.0000e+00
    131.000     7.3257   3.423863    33.4672       3851     2.6738     1.8487     1.7104 0.0000e+00
    132.000     7.3344   3.425621    33.4774       3881     2.6945     1.8499     1.7098 0.0000e+00
    133.000     7.3527   3.429092    33.4970       3916     2.7186     1.8496     1.7082 0.0000e+00
    134.000     7.4224   3.441934    33.5683       3943     2.7377     1.8488     1.7068 0.0000e+00
    135.000     7.5171   3.459923    33.6708       3966     2.7533     1.8484     1.7068 0.0000e+00
    136.000     7.5717   3.470894    33.7360       3989     2.7693     1.8486     1.7075 0.0000e+00
    137.000     7.5845   3.473449    33.7507       4016     2.7884     1.8465     1.7070 0.0000e+00
    138.000     7.5882   3.474304    33.7558       4045     2.8082     1.8433     1.7035 0.0000e+00
    139.000     7.6157   3.479456    33.7842       4070     2.8259     1.8416     1.7016 0.0000e+00
    140.000     7.6842   3.492809    33.8612       4096     2.8436     1.8411     1.7011 0.0000e+00
    141.000     7.7308   3.501997    33.9144       4126     2.8647     1.8416     1.6998 0.0000e+00
    142.000     7.7598   3.507280    33.9426       4159     2.8875     1.8411     1.6986 0.0000e+00
    143.000     7.8183   3.516444    33.9836       4186     2.9060     1.8416     1.7000 0.0000e+00
    144.000     7.9116   3.532977    34.0697       4209     2.9223     1.8416     1.7022 0.0000e+00
    145.000     7.9595   3.543345    34.1338       4234     2.9395     1.8448     1.7053 0.0000e+00
    146.000     8.0132   3.554402    34.1993       4263     2.9596     1.8492     1.7090 0.0000e+00
    147.000     8.0517   3.562179    34.2444       4293     2.9803     1.8546     1.7146 0.0000e+00
    148.000     8.0993   3.573687    34.3203       4320     2.9992     1.8606     1.7191 0.0000e+00
    149.000     8.1381   3.582798    34.3792       4346     3.0175     1.8656     1.7226 0.0000e+00
    150.000     8.1581   3.588002    34.4147       4373     3.0364     1.8671     1.7244 0.0000e+00
    151.000     8.1795   3.593342    34.4502       4402     3.0561     1.8648     1.7234 0.0000e+00
    152.000     8.1754   3.592406    34.4438       4429     3.0753     1.8623     1.7217 0.0000e+00
    153.000     8.1809   3.593883    34.4536       4456     3.0937     1.8594     1.7190 0.0000e+00
    154.000     8.1808   3.593949    34.4540       4483     3.1127     1.8564     1.7174 0.0000e+00
    155.000     8.1809   3.594091    34.4549       4512     3.1325     1.8564     1.7166 0.0000e+00
    156.000     8.1893   3.596102    34.4676       4540     3.1523     1.8569     1.7165 0.0000e+00
    157.000     8.1971   3.598006    34.4798       4569     3.1726     1.8556     1.7157 0.0000e+00
    158.000     8.1963   3.597830    34.4782       4599     3.1931     1.8530     1.7154 0.0000e+00
    159.000     8.1960   3.597797    34.4776       4627     3.2123     1.8515     1.7151 0.0000e+00
    160.000     8.1960   3.597844    34.4777       4652     3.2302     1.8499     1.7154 0.0000e+00
    161.000     8.2058   3.600283    34.4936       4680     3.2493     1.8494     1.7149 0.0000e+00
    162.000     8.2126   3.602089    34.5057       4711     3.2707     1.8494     1.7142 0.0000e+00
    163.000     8.2233   3.604998    34.5257       4741     3.2920     1.8478     1.7140 0.0000e+00
