HB2407/CTD141.cnv
* Sea-Bird SBE 9 Data File:
* FileName = C:\cruise\data\CTD141.hex
* Software Version Seasave V 7.26.7.121
* Temperature SN = 4591
* Conductivity SN = 6006
* Number of Bytes Per Scan = 37
* Number of Voltage Words = 4
* Number of Scans Averaged by the Deck Unit = 1
* NMEA Latitude = 40 43.61 N
* NMEA Longitude = 068 58.91 W
* NMEA UTC (Time) = Oct 13 2024 09:48:58
* NMEA baud rate = 4800
** Ship: Bigelow HB2407
** Program:  Fall Bottom Trawl Survey
** Chief Scientist: John Galbraith
# nquan = 9
# nvalues = 115                         
# units = specified
# name 0 = depSM: Depth [salt water, m]
# name 1 = t090C: Temperature [ITS-90, deg C]
# name 2 = c0S/m: Conductivity [S/m]
# name 3 = sal00: Salinity, Practical [PSU]
# name 4 = scan: Scan Count
# name 5 = timeM: Time, Elapsed [minutes]
# name 6 = sbeox0V: Oxygen raw, SBE 43 [V]
# name 7 = sbeox1V: Oxygen raw, SBE 43, 2 [V]
# name 8 = flag: flag
# span 0 =      2.000,     59.000       
# span 1 =    11.2714,    16.0578       
# span 2 =   3.671046,   4.049038       
# span 3 =    31.8688,    32.4261       
# span 4 =       -149,       3780       
# span 5 =    -0.1043,     2.6242       
# span 6 =     2.2166,     2.5993       
# span 7 =     2.0463,     2.3984       
# span 8 = 0.0000e+00, 0.0000e+00       
# interval = meters: 1                  
# start_time = Oct 13 2024 09:48:58 [NMEA time, header]
# bad_flag = -9.990e-29
*END*
      2.000    16.0484   4.047178    31.9173       -149    -0.1043     2.5975     2.3954 0.0000e+00
      3.000    16.0561   4.047876    31.9169        324     0.2240     2.5983     2.3952 0.0000e+00
      4.000    16.0551   4.047838    31.9170        501     0.3473     2.5989     2.3947 0.0000e+00
      5.000    16.0562   4.047992    31.9171        518     0.3590     2.5987     2.3944 0.0000e+00
      6.000    16.0578   4.048176    31.9171        547     0.3792     2.5990     2.3939 0.0000e+00
      7.000    16.0570   4.048151    31.9171        593     0.4112     2.5943     2.3961 0.0000e+00
      8.000    16.0558   4.048106    31.9173        615     0.4261     2.5951     2.3966 0.0000e+00
      9.000    16.0560   4.048169    31.9174        630     0.4365     2.5935     2.3980 0.0000e+00
     10.000    16.0562   4.048195    31.9171        644     0.4468     2.5935     2.3984 0.0000e+00
     11.000    16.0515   4.047845    31.9174        680     0.4712     2.5935     2.3955 0.0000e+00
     12.000    16.0515   4.047886    31.9174        744     0.5158     2.5917     2.3926 0.0000e+00
     13.000    16.0507   4.047852    31.9173        757     0.5247     2.5962     2.3937 0.0000e+00
     14.000    16.0530   4.048114    31.9175        770     0.5337     2.5989     2.3956 0.0000e+00
     15.000    16.0524   4.048022    31.9167        782     0.5427     2.5978     2.3962 0.0000e+00
     16.000    16.0549   4.048338    31.9171        799     0.5541     2.5974     2.3941 0.0000e+00
     17.000    16.0556   4.048376    31.9166        844     0.5856     2.5942     2.3956 0.0000e+00
     18.000    16.0558   4.048519    31.9173        896     0.6214     2.5927     2.3935 0.0000e+00
     19.000    16.0558   4.048555    31.9172        915     0.6346     2.5946     2.3935 0.0000e+00
     20.000    16.0558   4.048599    31.9173        932     0.6466     2.5943     2.3955 0.0000e+00
     21.000    16.0559   4.048660    31.9173        949     0.6584     2.5924     2.3962 0.0000e+00
     22.000    16.0561   4.048710    31.9172        969     0.6720     2.5891     2.3953 0.0000e+00
     23.000    16.0572   4.048843    31.9172       1004     0.6962     2.5896     2.3927 0.0000e+00
     24.000    16.0575   4.048917    31.9172       1053     0.7305     2.5892     2.3921 0.0000e+00
     25.000    16.0578   4.048999    31.9173       1075     0.7457     2.5895     2.3921 0.0000e+00
     26.000    16.0560   4.048881    31.9173       1092     0.7576     2.5867     2.3918 0.0000e+00
     27.000    16.0557   4.048902    31.9174       1109     0.7698     2.5880     2.3933 0.0000e+00
     28.000    16.0570   4.049038    31.9172       1134     0.7866     2.5897     2.3947 0.0000e+00
     29.000    16.0565   4.049038    31.9172       1173     0.8136     2.5912     2.3941 0.0000e+00
     30.000    16.0446   4.048190    31.9190       1203     0.8346     2.5929     2.3934 0.0000e+00
     31.000    16.0095   4.045585    31.9239       1228     0.8521     2.5901     2.3918 0.0000e+00
     32.000    15.9456   4.040357    31.9290       1257     0.8724     2.5865     2.3883 0.0000e+00
     33.000    15.6828   4.019309    31.9546       1290     0.8950     2.5744     2.3812 0.0000e+00
     34.000    15.0532   3.968793    32.0157       1313     0.9112     2.5557     2.3698 0.0000e+00
     35.000    14.7678   3.944900    32.0340       1331     0.9239     2.5297     2.3524 0.0000e+00
     36.000    14.5405   3.925431    32.0443       1350     0.9367     2.5098     2.3314 0.0000e+00
     37.000    14.4125   3.914264    32.0480       1376     0.9545     2.4944     2.3192 0.0000e+00
     38.000    14.3075   3.904548    32.0458       1425     0.9891     2.4678     2.2943 0.0000e+00
     39.000    14.1657   3.892826    32.0558       1459     1.0127     2.4517     2.2777 0.0000e+00
     40.000    14.0304   3.883513    32.0824       1478     1.0259     2.4405     2.2693 0.0000e+00
     41.000    13.8807   3.871569    32.0968       1496     1.0383     2.4272     2.2605 0.0000e+00
     42.000    13.7057   3.857142    32.1093       1517     1.0526     2.4126     2.2465 0.0000e+00
     43.000    13.4530   3.836803    32.1321       1546     1.0731     2.3960     2.2243 0.0000e+00
     44.000    12.6254   3.774746    32.2498       1583     1.0985     2.3791     2.2119 0.0000e+00
     45.000    12.1242   3.737162    32.3210       1611     1.1183     2.3626     2.2027 0.0000e+00
     46.000    11.8190   3.714689    32.3683       1638     1.1365     2.3358     2.1854 0.0000e+00
     47.000    11.7159   3.706556    32.3787       1664     1.1552     2.3101     2.1611 0.0000e+00
     48.000    11.6634   3.702280    32.3825       1690     1.1727     2.2920     2.1404 0.0000e+00
     49.000    11.4945   3.690275    32.4126       1711     1.1877     2.2797     2.1232 0.0000e+00
     50.000    11.4499   3.686435    32.4138       1733     1.2031     2.2679     2.1087 0.0000e+00
     51.000    11.4304   3.684397    32.4105       1767     1.2266     2.2563     2.0938 0.0000e+00
     52.000    11.4053   3.682049    32.4091       1810     1.2565     2.2475     2.0816 0.0000e+00
     53.000    11.3142   3.675462    32.4240       1832     1.2718     2.2422     2.0776 0.0000e+00
     54.000    11.2853   3.673135    32.4261       1849     1.2831     2.2386     2.0734 0.0000e+00
     55.000    11.2901   3.673366    32.4238       1864     1.2937     2.2345     2.0696 0.0000e+00
     56.000    11.2727   3.671965    32.4249       1882     1.3061     2.2286     2.0651 0.0000e+00
     57.000    11.2714   3.671416    32.4202       1931     1.3401     2.2209     2.0569 0.0000e+00
     58.000    11.2771   3.671597    32.4166       1981     1.3748     2.2205     2.0518 0.0000e+00
     59.000    11.2790   3.671535    32.4138       2035     1.4122     2.2166     2.0514 0.0000e+00
     58.000    11.2792   3.671111    32.4100       2153     1.4942     2.2185     2.0477 0.0000e+00
     57.000    11.2810   3.671046    32.4082       2219     1.5402     2.2174     2.0463 0.0000e+00
     56.000    11.2846   3.671203    32.4070       2233     1.5499     2.2173     2.0486 0.0000e+00
     55.000    11.2921   3.671595    32.4047       2247     1.5597     2.2173     2.0498 0.0000e+00
     54.000    11.2944   3.671744    32.4045       2262     1.5701     2.2183     2.0492 0.0000e+00
     53.000    11.2959   3.671804    32.4042       2282     1.5839     2.2185     2.0482 0.0000e+00
     52.000    11.3076   3.672437    32.4006       2320     1.6102     2.2200     2.0512 0.0000e+00
     51.000    11.3312   3.673974    32.3953       2370     1.6451     2.2194     2.0519 0.0000e+00
     50.000    11.3822   3.677287    32.3836       2393     1.6610     2.2215     2.0534 0.0000e+00
     49.000    11.3935   3.678349    32.3845       2410     1.6730     2.2242     2.0543 0.0000e+00
     48.000    11.4063   3.679065    32.3807       2426     1.6842     2.2271     2.0558 0.0000e+00
     47.000    11.4163   3.679848    32.3800       2447     1.6983     2.2292     2.0570 0.0000e+00
     46.000    11.4750   3.683501    32.3648       2481     1.7225     2.2337     2.0594 0.0000e+00
     45.000    11.5222   3.687140    32.3595       2519     1.7487     2.2400     2.0615 0.0000e+00
     44.000    11.7284   3.700041    32.3057       2544     1.7659     2.2420     2.0641 0.0000e+00
     43.000    11.8769   3.711035    32.2838       2565     1.7803     2.2489     2.0685 0.0000e+00
     42.000    12.2090   3.732695    32.2062       2584     1.7937     2.2645     2.0743 0.0000e+00
     41.000    12.6439   3.763243    32.1261       2604     1.8074     2.2834     2.0836 0.0000e+00
     40.000    13.0773   3.800178    32.1075       2629     1.8248     2.3207     2.1014 0.0000e+00
     39.000    13.6787   3.848142    32.0496       2669     1.8527     2.3702     2.1412 0.0000e+00
     38.000    13.8132   3.856231    32.0126       2706     1.8781     2.3877     2.1763 0.0000e+00
     37.000    14.2352   3.890315    31.9759       2725     1.8919     2.3934     2.1851 0.0000e+00
     36.000    14.2505   3.892833    31.9866       2742     1.9035     2.4031     2.1957 0.0000e+00
     35.000    14.3682   3.902091    31.9743       2759     1.9154     2.4136     2.2059 0.0000e+00
     34.000    14.4925   3.913156    31.9730       2784     1.9328     2.4328     2.2227 0.0000e+00
     33.000    15.0015   3.956468    31.9476       2829     1.9641     2.4793     2.2529 0.0000e+00
     32.000    15.4705   3.990269    31.8688       2858     1.9838     2.5027     2.2757 0.0000e+00
     31.000    15.7853   4.019874    31.8776       2876     1.9963     2.5136     2.2889 0.0000e+00
     30.000    15.8585   4.026306    31.8759       2893     2.0081     2.5230     2.3023 0.0000e+00
     29.000    15.8824   4.029855    31.8883       2914     2.0230     2.5302     2.3133 0.0000e+00
     28.000    15.9780   4.038531    31.8882       2951     2.0485     2.5460     2.3331 0.0000e+00
     27.000    15.9973   4.040421    31.8898       2987     2.0738     2.5626     2.3475 0.0000e+00
     26.000    16.0236   4.042819    31.8900       3009     2.0886     2.5686     2.3592 0.0000e+00
     25.000    16.0167   4.042716    31.8951       3029     2.1028     2.5752     2.3687 0.0000e+00
     24.000    16.0308   4.044069    31.8960       3055     2.1207     2.5802     2.3751 0.0000e+00
     23.000    16.0352   4.044697    31.8984       3085     2.1419     2.5842     2.3801 0.0000e+00
     22.000    16.0310   4.044323    31.8988       3110     2.1593     2.5879     2.3787 0.0000e+00
     21.000    16.0394   4.045165    31.8998       3132     2.1741     2.5900     2.3797 0.0000e+00
     20.000    16.0471   4.046030    31.9016       3159     2.1927     2.5912     2.3860 0.0000e+00
     19.000    16.0469   4.046208    31.9037       3199     2.2208     2.5931     2.3945 0.0000e+00
     18.000    16.0436   4.045963    31.9046       3224     2.2385     2.5915     2.3939 0.0000e+00
     17.000    16.0461   4.046284    31.9058       3243     2.2511     2.5905     2.3893 0.0000e+00
     16.000    16.0460   4.046265    31.9061       3260     2.2633     2.5903     2.3899 0.0000e+00
     15.000    16.0474   4.046449    31.9069       3283     2.2790     2.5908     2.3907 0.0000e+00
     14.000    16.0498   4.046715    31.9077       3321     2.3058     2.5922     2.3924 0.0000e+00
     13.000    16.0448   4.046363    31.9090       3355     2.3293     2.5929     2.3909 0.0000e+00
     12.000    16.0421   4.046093    31.9091       3378     2.3452     2.5924     2.3925 0.0000e+00
     11.000    16.0414   4.046065    31.9098       3400     2.3601     2.5946     2.3941 0.0000e+00
     10.000    16.0386   4.045796    31.9101       3422     2.3756     2.5975     2.3931 0.0000e+00
      9.000    16.0411   4.045994    31.9102       3446     2.3926     2.5993     2.3939 0.0000e+00
      8.000    16.0461   4.046503    31.9110       3474     2.4121     2.5956     2.3934 0.0000e+00
      7.000    16.0376   4.045799    31.9120       3506     2.4341     2.5911     2.3963 0.0000e+00
      6.000    16.0384   4.045789    31.9116       3534     2.4536     2.5955     2.3944 0.0000e+00
      5.000    16.0447   4.046312    31.9116       3558     2.4700     2.5982     2.3924 0.0000e+00
      4.000    16.0486   4.046628    31.9116       3582     2.4869     2.5952     2.3960 0.0000e+00
      3.000    16.0510   4.046921    31.9126       3622     2.5147     2.5967     2.3946 0.0000e+00
      2.000    16.0479   4.046321    31.9102       3780     2.6242     2.5952     2.3945 0.0000e+00
