HB2407/CTD163.cnv
* Sea-Bird SBE 9 Data File:
* FileName = C:\cruise\data\CTD163.hex
* Software Version Seasave V 7.26.7.121
* Temperature SN = 4591
* Conductivity SN = 6006
* Number of Bytes Per Scan = 37
* Number of Voltage Words = 4
* Number of Scans Averaged by the Deck Unit = 1
* NMEA Latitude = 42 23.32 N
* NMEA Longitude = 068 22.46 W
* NMEA UTC (Time) = Oct 18 2024 17:11:22
* NMEA baud rate = 4800
** Ship: Bigelow HB2407
** Program:  Fall Bottom Trawl Survey
** Chief Scientist: John Galbraith
# nquan = 9
# nvalues = 399                         
# units = specified
# name 0 = depSM: Depth [salt water, m]
# name 1 = t090C: Temperature [ITS-90, deg C]
# name 2 = c0S/m: Conductivity [S/m]
# name 3 = sal00: Salinity, Practical [PSU]
# name 4 = scan: Scan Count
# name 5 = timeM: Time, Elapsed [minutes]
# name 6 = sbeox0V: Oxygen raw, SBE 43 [V]
# name 7 = sbeox1V: Oxygen raw, SBE 43, 2 [V]
# name 8 = flag: flag
# span 0 =      1.000,    202.000       
# span 1 =     6.5706,    13.9005       
# span 2 =   3.277637,   3.852780       
# span 3 =    31.8902,    34.6396       
# span 4 =        169,      12860       
# span 5 =     0.1168,     8.9300       
# span 6 =     1.8138,     2.5263       
# span 7 =     1.6776,     2.3349       
# span 8 = 0.0000e+00, 0.0000e+00       
# interval = meters: 1                  
# start_time = Oct 18 2024 17:11:22 [NMEA time, header]
# bad_flag = -9.990e-29
*END*
[from data line 321]
     78.000     6.6087   3.278969    32.5959       9854     6.8422     2.0442     1.8844 0.0000e+00
     77.000     6.6109   3.277981    32.5833       9878     6.8588     2.0464     1.8860 0.0000e+00
     76.000     6.6121   3.277878    32.5816       9898     6.8728     2.0480     1.8874 0.0000e+00
     75.000     6.6140   3.277637    32.5776       9921     6.8889     2.0498     1.8898 0.0000e+00
     74.000     6.6195   3.277658    32.5731       9956     6.9133     2.0533     1.8940 0.0000e+00
     73.000     6.6466   3.278952    32.5620       9988     6.9354     2.0544     1.8976 0.0000e+00
     72.000     6.7117   3.282423    32.5388      10009     6.9501     2.0561     1.8990 0.0000e+00
     71.000     6.7371   3.283940    32.5319      10030     6.9648     2.0597     1.9005 0.0000e+00
     70.000     7.1872   3.315340    32.4503      10071     6.9930     2.0749     1.9082 0.0000e+00
     69.000     7.3620   3.328103    32.4251      10112     7.0216     2.1004     1.9256 0.0000e+00
     68.000     7.5275   3.339994    32.3992      10127     7.0322     2.1050     1.9311 0.0000e+00
     67.000     7.6016   3.346010    32.3952      10140     7.0412     2.1096     1.9360 0.0000e+00
     66.000     7.7099   3.354034    32.3810      10152     7.0496     2.1148     1.9410 0.0000e+00
     65.000     7.7821   3.361543    32.3947      10166     7.0592     2.1195     1.9461 0.0000e+00
     64.000     8.0638   3.384361    32.3773      10225     7.1001     2.1318     1.9614 0.0000e+00
     63.000     8.0923   3.388053    32.3906      10281     7.1387     2.1296     1.9678 0.0000e+00
     62.000     8.1190   3.389683    32.3837      10290     7.1453     2.1292     1.9683 0.0000e+00
     61.000     8.1343   3.391283    32.3870      10300     7.1520     2.1285     1.9685 0.0000e+00
     60.000     8.1608   3.392926    32.3804      10310     7.1593     2.1293     1.9692 0.0000e+00
     59.000     8.1906   3.394854    32.3738      10325     7.1695     2.1316     1.9698 0.0000e+00
     58.000     8.2746   3.395981    32.3088      10378     7.2061     2.1345     1.9712 0.0000e+00
     57.000     8.3036   3.396915    32.2925      10418     7.2343     2.1395     1.9742 0.0000e+00
     56.000     8.3160   3.397839    32.2913      10440     7.2490     2.1429     1.9778 0.0000e+00
     55.000     8.3551   3.400527    32.2842      10473     7.2725     2.1478     1.9804 0.0000e+00
     54.000     8.3863   3.402797    32.2800      10509     7.2969     2.1505     1.9830 0.0000e+00
     53.000     8.4791   3.408810    32.2588      10525     7.3082     2.1503     1.9849 0.0000e+00
     52.000     8.4996   3.410738    32.2607      10538     7.3174     2.1511     1.9859 0.0000e+00
     51.000     8.5494   3.414251    32.2525      10551     7.3266     2.1524     1.9872 0.0000e+00
     50.000     8.5815   3.416887    32.2513      10567     7.3378     2.1554     1.9882 0.0000e+00
     49.000     8.9198   3.440968    32.1952      10632     7.3827     2.1643     1.9945 0.0000e+00
     48.000     9.1496   3.457452    32.1586      10668     7.4079     2.1711     2.0002 0.0000e+00
     47.000     9.2135   3.462785    32.1565      10681     7.4165     2.1738     2.0028 0.0000e+00
     46.000     9.2548   3.465745    32.1503      10692     7.4246     2.1767     2.0058 0.0000e+00
     45.000     9.2982   3.468871    32.1438      10704     7.4326     2.1794     2.0086 0.0000e+00
     44.000     9.3905   3.475607    32.1306      10717     7.4418     2.1832     2.0114 0.0000e+00
     43.000    10.2657   3.545521    32.0615      10771     7.4789     2.2123     2.0259 0.0000e+00
     42.000    10.4963   3.565856    32.0626      10827     7.5178     2.2173     2.0407 0.0000e+00
     41.000    10.5254   3.568656    32.0654      10841     7.5275     2.2168     2.0405 0.0000e+00
     40.000    10.5954   3.573100    32.0486      10854     7.5366     2.2168     2.0405 0.0000e+00
     39.000    10.8252   3.591221    32.0278      10867     7.5461     2.2167     2.0404 0.0000e+00
     38.000    11.1611   3.618587    32.0055      10886     7.5591     2.2268     2.0431 0.0000e+00
     37.000    11.9509   3.685830    31.9790      10938     7.5950     2.2632     2.0654 0.0000e+00
     36.000    12.3466   3.717772    31.9479      10978     7.6232     2.2804     2.0868 0.0000e+00
     35.000    12.5698   3.737141    31.9432      10996     7.6352     2.2896     2.0957 0.0000e+00
     34.000    12.6742   3.747058    31.9493      11013     7.6471     2.3002     2.1054 0.0000e+00
     33.000    12.7868   3.757291    31.9513      11033     7.6611     2.3140     2.1169 0.0000e+00
     32.000    13.3769   3.807071    31.9230      11112     7.7161     2.3760     2.1715 0.0000e+00
     31.000    13.4085   3.810593    31.9297      11157     7.7471     2.3920     2.1999 0.0000e+00
     30.000    13.4301   3.812641    31.9311      11169     7.7554     2.3947     2.2044 0.0000e+00
     29.000    13.4701   3.815400    31.9238      11180     7.7631     2.3988     2.2080 0.0000e+00
     28.000    13.5120   3.819411    31.9265      11191     7.7705     2.4023     2.2114 0.0000e+00
     27.000    13.5807   3.824445    31.9163      11202     7.7786     2.4072     2.2154 0.0000e+00
     26.000    13.6474   3.829906    31.9117      11217     7.7888     2.4156     2.2219 0.0000e+00
     25.000    13.8051   3.841711    31.8902      11286     7.8369     2.4579     2.2572 0.0000e+00
     24.000    13.7926   3.841520    31.8992      11336     7.8713     2.4834     2.2892 0.0000e+00
     23.000    13.7960   3.841858    31.8999      11348     7.8799     2.4857     2.2941 0.0000e+00
     22.000    13.7982   3.842145    31.9011      11360     7.8882     2.4891     2.2982 0.0000e+00
     21.000    13.8012   3.842443    31.9017      11374     7.8977     2.4949     2.3018 0.0000e+00
     20.000    13.8472   3.846796    31.9041      11425     7.9335     2.5044     2.3098 0.0000e+00
     19.000    13.8618   3.848355    31.9067      11491     7.9795     2.5051     2.3193 0.0000e+00
     18.000    13.8732   3.849478    31.9080      11503     7.9877     2.5059     2.3190 0.0000e+00
     17.000    13.8713   3.849378    31.9090      11514     7.9950     2.5079     2.3198 0.0000e+00
     16.000    13.8712   3.849348    31.9093      11524     8.0021     2.5108     2.3215 0.0000e+00
     15.000    13.8709   3.849319    31.9097      11534     8.0091     2.5140     2.3239 0.0000e+00
     14.000    13.8728   3.849458    31.9098      11546     8.0171     2.5173     2.3252 0.0000e+00
     13.000    13.8705   3.849439    31.9118      11597     8.0526     2.5211     2.3261 0.0000e+00
     12.000    13.8789   3.850241    31.9127      11670     8.1032     2.5178     2.3248 0.0000e+00
     11.000    13.8855   3.850812    31.9128      11679     8.1095     2.5183     2.3261 0.0000e+00
     10.000    13.8865   3.850964    31.9138      11688     8.1163     2.5198     2.3281 0.0000e+00
      9.000    13.8882   3.851090    31.9140      11699     8.1236     2.5218     2.3290 0.0000e+00
      8.000    13.8887   3.851153    31.9145      11713     8.1331     2.5210     2.3296 0.0000e+00
      7.000    13.8843   3.850867    31.9159      11796     8.1909     2.5197     2.3289 0.0000e+00
      6.000    13.8811   3.850673    31.9172      11888     8.2546     2.5161     2.3292 0.0000e+00
      5.000    13.8793   3.850724    31.9195      12289     8.5334     2.5205     2.3315 0.0000e+00
      4.000    13.8873   3.851539    31.9208      12628     8.7690     2.5250     2.3346 0.0000e+00
      3.000    13.9005   3.852780    31.9217      12793     8.8833     2.5263     2.3339 0.0000e+00
      2.000    13.8945   3.852296    31.9225      12834     8.9116     2.5253     2.3349 0.0000e+00
      1.000    13.8771   3.850896    31.9245      12860     8.9300     2.5254     2.3323 0.0000e+00
