HB2407/CTD185.cnv
* Sea-Bird SBE 9 Data File:
* FileName = C:\cruise\data\CTD185.hex
* Software Version Seasave V 7.26.7.121
* Temperature SN = 4591
* Conductivity SN = 6006
* Number of Bytes Per Scan = 37
* Number of Voltage Words = 4
* Number of Scans Averaged by the Deck Unit = 1
* NMEA Latitude = 41 56.76 N
* NMEA Longitude = 065 44.97 W
* NMEA UTC (Time) = Oct 31 2024 17:35:35
* NMEA baud rate = 4800
** Ship: Bigelow HB2407
** Program:  Fall Bottom Trawl Survey
** Chief Scientist: John Galbraith
# nquan = 9
# nvalues = 457                         
# units = specified
# name 0 = depSM: Depth [salt water, m]
# name 1 = t090C: Temperature [ITS-90, deg C]
# name 2 = c0S/m: Conductivity [S/m]
# name 3 = sal00: Salinity, Practical [PSU]
# name 4 = scan: Scan Count
# name 5 = timeM: Time, Elapsed [minutes]
# name 6 = sbeox0V: Oxygen raw, SBE 43 [V]
# name 7 = sbeox1V: Oxygen raw, SBE 43, 2 [V]
# name 8 = flag: flag
# span 0 =      1.000,    230.000       
# span 1 =     7.8733,    13.7941       
# span 2 =   3.501740,   3.831795       
# span 3 =    31.6275,    34.6560       
# span 4 =        194,      14821       
# span 5 =     0.1338,    10.2917       
# span 6 =     1.9827,     2.5818       
# span 7 =     1.8553,     2.4119       
# span 8 = 0.0000e+00, 0.0000e+00       
# interval = meters: 1                  
# start_time = Oct 31 2024 17:35:35 [NMEA time, header]
# bad_flag = -9.990e-29
*END*
      3.000    13.7837   3.828942    31.7984        194     0.1338     2.5698     2.4079 0.0000e+00
      4.000    13.7924   3.829979    31.8004        340     0.2356     2.5706     2.4103 0.0000e+00
      5.000    13.7905   3.829817    31.8001        366     0.2537     2.5717     2.4071 0.0000e+00
      6.000    13.7919   3.829999    31.8002        411     0.2851     2.5678     2.4025 0.0000e+00
      7.000    13.7816   3.829120    31.8003        436     0.3020     2.5698     2.4040 0.0000e+00
      8.000    13.7689   3.827940    31.7995        456     0.3160     2.5702     2.4036 0.0000e+00
      9.000    13.7691   3.828057    31.8001        484     0.3352     2.5702     2.4045 0.0000e+00
     10.000    13.7724   3.828477    31.8008        521     0.3609     2.5704     2.4057 0.0000e+00
     11.000    13.7725   3.828599    31.8014        549     0.3802     2.5684     2.4062 0.0000e+00
     12.000    13.7726   3.828668    31.8017        575     0.3983     2.5664     2.4064 0.0000e+00
     13.000    13.7738   3.828876    31.8022        605     0.4197     2.5634     2.4069 0.0000e+00
     14.000    13.7776   3.829405    31.8035        635     0.4402     2.5636     2.4070 0.0000e+00
     15.000    13.7782   3.829560    31.8041        732     0.5074     2.5616     2.4034 0.0000e+00
     16.000    13.7903   3.831161    31.8084        831     0.5766     2.5665     2.4016 0.0000e+00
     17.000    13.7918   3.831433    31.8093        884     0.6130     2.5628     2.4042 0.0000e+00
     18.000    13.7941   3.831795    31.8103        911     0.6321     2.5607     2.4054 0.0000e+00
     19.000    13.7851   3.830783    31.8081        932     0.6463     2.5617     2.4050 0.0000e+00
     20.000    13.7775   3.830007    31.8069        955     0.6625     2.5640     2.4024 0.0000e+00
     21.000    13.7749   3.829968    31.8083        989     0.6862     2.5656     2.4017 0.0000e+00
     22.000    13.7768   3.830612    31.8122       1025     0.7112     2.5655     2.4061 0.0000e+00
     23.000    13.6959   3.822764    31.8063       1049     0.7275     2.5646     2.4056 0.0000e+00
     24.000    13.5781   3.809044    31.7766       1070     0.7422     2.5603     2.4021 0.0000e+00
     25.000    13.5043   3.801382    31.7663       1094     0.7590     2.5534     2.3943 0.0000e+00
     26.000    13.2284   3.771193    31.7140       1125     0.7807     2.5499     2.3880 0.0000e+00
     27.000    13.0599   3.752535    31.6793       1155     0.8015     2.5406     2.3840 0.0000e+00
     28.000    12.9190   3.737484    31.6551       1179     0.8179     2.5383     2.3840 0.0000e+00
     29.000    12.8495   3.730081    31.6431       1200     0.8325     2.5362     2.3831 0.0000e+00
     30.000    12.8196   3.727002    31.6386       1223     0.8488     2.5360     2.3826 0.0000e+00
     31.000    12.7931   3.724643    31.6381       1261     0.8749     2.5396     2.3836 0.0000e+00
     32.000    12.7605   3.722856    31.6481       1298     0.9005     2.5431     2.3843 0.0000e+00
     33.000    12.6700   3.717149    31.6696       1319     0.9150     2.5432     2.3851 0.0000e+00
     34.000    12.6348   3.714864    31.6772       1336     0.9274     2.5420     2.3823 0.0000e+00
     35.000    12.6226   3.714079    31.6796       1356     0.9412     2.5389     2.3791 0.0000e+00
     36.000    12.6081   3.713517    31.6860       1387     0.9627     2.5354     2.3781 0.0000e+00
     37.000    12.5950   3.713405    31.6956       1430     0.9925     2.5328     2.3755 0.0000e+00
     38.000    12.5525   3.711073    31.7089       1456     1.0104     2.5316     2.3707 0.0000e+00
     39.000    12.4513   3.706030    31.7458       1476     1.0244     2.5298     2.3694 0.0000e+00
     40.000    12.2815   3.697414    31.8069       1498     1.0398     2.5275     2.3684 0.0000e+00
     41.000    12.0964   3.687368    31.8677       1530     1.0619     2.5161     2.3622 0.0000e+00
     42.000    11.9565   3.679384    31.9098       1565     1.0860     2.5083     2.3535 0.0000e+00
     43.000    11.8444   3.672843    31.9423       1587     1.1015     2.5019     2.3502 0.0000e+00
     44.000    11.6309   3.660172    32.0028       1606     1.1147     2.4987     2.3446 0.0000e+00
     45.000    11.5430   3.654823    32.0262       1629     1.1302     2.4916     2.3392 0.0000e+00
     46.000    11.3297   3.640858    32.0742       1676     1.1631     2.4838     2.3298 0.0000e+00
     47.000    11.1869   3.631901    32.1102       1711     1.1877     2.4826     2.3270 0.0000e+00
     48.000    11.0168   3.621269    32.1536       1728     1.1992     2.4789     2.3270 0.0000e+00
     49.000    10.8360   3.608026    32.1806       1743     1.2096     2.4753     2.3240 0.0000e+00
     50.000    10.4421   3.581710    32.2656       1762     1.2230     2.4665     2.3193 0.0000e+00
     51.000    10.1768   3.565051    32.3337       1807     1.2539     2.4436     2.3031 0.0000e+00
     52.000    10.1363   3.563525    32.3540       1845     1.2808     2.4454     2.2986 0.0000e+00
     53.000    10.2271   3.576911    32.4075       1864     1.2938     2.4475     2.2978 0.0000e+00
     54.000    10.2798   3.583753    32.4288       1883     1.3068     2.4495     2.2979 0.0000e+00
     55.000    10.4679   3.605539    32.4791       1909     1.3253     2.4538     2.2979 0.0000e+00
     56.000    10.6175   3.623665    32.5266       1948     1.3522     2.4639     2.3013 0.0000e+00
     57.000    10.7124   3.636007    32.5646       1975     1.3711     2.4660     2.3027 0.0000e+00
     58.000    10.7503   3.641105    32.5812       1997     1.3859     2.4653     2.3041 0.0000e+00
     59.000    11.0101   3.674384    32.6795       2021     1.4025     2.4648     2.3024 0.0000e+00
     60.000    11.5066   3.736065    32.8445       2055     1.4263     2.4740     2.3051 0.0000e+00
     61.000    11.5822   3.754680    32.9595       2088     1.4495     2.4867     2.3142 0.0000e+00
     62.000    11.0751   3.703716    32.9105       2110     1.4643     2.4783     2.3154 0.0000e+00
     63.000    10.7615   3.672725    32.8839       2129     1.4778     2.4578     2.3056 0.0000e+00
     64.000    10.5157   3.654836    32.9262       2155     1.4957     2.4369     2.2933 0.0000e+00
     65.000    10.2183   3.629596    32.9411       2197     1.5250     2.4217     2.2804 0.0000e+00
     66.000     9.7123   3.584526    32.9446       2227     1.5460     2.4155     2.2748 0.0000e+00
     67.000     9.5272   3.568798    32.9528       2248     1.5602     2.4071     2.2681 0.0000e+00
     68.000     9.4088   3.558916    32.9596       2267     1.5738     2.4018     2.2607 0.0000e+00
     69.000     9.1213   3.537831    33.0068       2291     1.5906     2.3996     2.2542 0.0000e+00
     70.000     8.5676   3.505038    33.1806       2326     1.6146     2.3886     2.2429 0.0000e+00
     71.000     8.4241   3.501740    33.2801       2360     1.6383     2.3685     2.2296 0.0000e+00
     72.000     8.8472   3.553643    33.4260       2386     1.6563     2.3584     2.2203 0.0000e+00
     73.000     9.0199   3.581916    33.5580       2409     1.6719     2.3621     2.2163 0.0000e+00
     74.000     9.0512   3.589608    33.6081       2430     1.6871     2.3631     2.2130 0.0000e+00
     75.000     9.0928   3.596526    33.6404       2457     1.7055     2.3485     2.1995 0.0000e+00
     76.000     9.1263   3.601140    33.6563       2494     1.7314     2.3242     2.1770 0.0000e+00
     77.000     9.1554   3.607018    33.6894       2527     1.7539     2.3103     2.1629 0.0000e+00
     78.000     9.2112   3.617400    33.7440       2549     1.7697     2.3031     2.1550 0.0000e+00
     79.000     9.3041   3.632983    33.8172       2570     1.7843     2.2992     2.1508 0.0000e+00
     80.000     9.4100   3.650817    33.9010       2595     1.8014     2.2954     2.1469 0.0000e+00
     81.000     9.5134   3.669162    33.9919       2629     1.8247     2.2889     2.1402 0.0000e+00
     82.000     9.5047   3.670305    34.0115       2664     1.8491     2.2757     2.1281 0.0000e+00
     83.000     9.5038   3.670300    34.0119       2688     1.8663     2.2647     2.1174 0.0000e+00
     84.000     9.4604   3.666307    34.0114       2711     1.8820     2.2553     2.1095 0.0000e+00
     85.000     9.4546   3.665768    34.0109       2739     1.9016     2.2481     2.1030 0.0000e+00
     86.000     9.4344   3.664002    34.0114       2776     1.9270     2.2441     2.0981 0.0000e+00
     87.000     9.4239   3.663319    34.0138       2805     1.9469     2.2423     2.0965 0.0000e+00
     88.000     9.4222   3.663309    34.0149       2826     1.9621     2.2415     2.0967 0.0000e+00
     89.000     9.4250   3.663691    34.0157       2848     1.9768     2.2401     2.0964 0.0000e+00
     90.000     9.4207   3.663328    34.0155       2873     1.9942     2.2393     2.0956 0.0000e+00
     91.000     9.4087   3.662200    34.0148       2909     2.0196     2.2389     2.0963 0.0000e+00
     92.000     9.3719   3.658753    34.0137       2951     2.0488     2.2391     2.0966 0.0000e+00
     93.000     9.3430   3.656369    34.0161       2976     2.0662     2.2410     2.0970 0.0000e+00
     94.000     9.3349   3.657357    34.0335       2996     2.0798     2.2416     2.0955 0.0000e+00
     95.000     9.3275   3.657630    34.0429       3017     2.0944     2.2419     2.0941 0.0000e+00
     96.000     9.2947   3.655245    34.0490       3045     2.1140     2.2413     2.0953 0.0000e+00
     97.000     9.2809   3.655556    34.0649       3081     2.1390     2.2375     2.0943 0.0000e+00
     98.000     9.2405   3.653075    34.0772       3111     2.1596     2.2346     2.0900 0.0000e+00
     99.000     9.2143   3.651332    34.0837       3135     2.1763     2.2291     2.0863 0.0000e+00
    100.000     9.2027   3.650806    34.0889       3159     2.1931     2.2249     2.0822 0.0000e+00
    101.000     9.1900   3.649894    34.0910       3186     2.2118     2.2234     2.0807 0.0000e+00
    102.000     9.1829   3.649262    34.0907       3215     2.2319     2.2209     2.0804 0.0000e+00
    103.000     9.1857   3.649352    34.0886       3246     2.2533     2.2179     2.0779 0.0000e+00
    104.000     9.1516   3.646478    34.0908       3276     2.2745     2.2147     2.0756 0.0000e+00
    105.000     9.0359   3.637426    34.1067       3304     2.2936     2.2120     2.0736 0.0000e+00
    106.000     8.9405   3.628658    34.1061       3329     2.3113     2.2070     2.0708 0.0000e+00
    107.000     8.9540   3.633452    34.1429       3355     2.3288     2.2017     2.0656 0.0000e+00
    108.000     8.9239   3.632166    34.1579       3381     2.3470     2.1985     2.0615 0.0000e+00
    109.000     8.8648   3.626438    34.1543       3408     2.3660     2.1934     2.0572 0.0000e+00
    110.000     8.8206   3.621870    34.1484       3436     2.3851     2.1870     2.0485 0.0000e+00
    111.000     8.7895   3.618786    34.1456       3465     2.4055     2.1821     2.0413 0.0000e+00
    112.000     8.7927   3.619085    34.1452       3497     2.4277     2.1782     2.0360 0.0000e+00
    113.000     8.7288   3.612636    34.1385       3525     2.4472     2.1761     2.0330 0.0000e+00
    114.000     8.5778   3.597717    34.1265       3548     2.4631     2.1716     2.0311 0.0000e+00
    115.000     8.5724   3.597954    34.1338       3571     2.4792     2.1664     2.0282 0.0000e+00
    116.000     8.5671   3.597644    34.1351       3600     2.4995     2.1624     2.0276 0.0000e+00
    117.000     8.5831   3.600141    34.1455       3636     2.5240     2.1612     2.0267 0.0000e+00
    118.000     8.5792   3.600378    34.1514       3664     2.5440     2.1613     2.0255 0.0000e+00
    119.000     8.5733   3.599865    34.1512       3688     2.5604     2.1586     2.0233 0.0000e+00
    120.000     8.4974   3.592178    34.1429       3711     2.5767     2.1564     2.0218 0.0000e+00
    121.000     8.4742   3.590637    34.1485       3735     2.5932     2.1554     2.0201 0.0000e+00
    122.000     8.5398   3.598023    34.1627       3762     2.6115     2.1526     2.0169 0.0000e+00
    123.000     8.5146   3.595562    34.1607       3793     2.6335     2.1530     2.0165 0.0000e+00
    124.000     8.4336   3.586981    34.1477       3829     2.6580     2.1514     2.0150 0.0000e+00
    125.000     8.2024   3.562658    34.1133       3854     2.6760     2.1482     2.0130 0.0000e+00
    126.000     8.2655   3.571733    34.1480       3876     2.6907     2.1426     2.0091 0.0000e+00
    127.000     8.3354   3.580212    34.1697       3900     2.7073     2.1428     2.0060 0.0000e+00
    128.000     8.3215   3.579035    34.1702       3933     2.7308     2.1433     2.0063 0.0000e+00
    129.000     8.1264   3.560183    34.1588       3966     2.7531     2.1396     2.0043 0.0000e+00
    130.000     8.0838   3.556746    34.1631       3988     2.7688     2.1337     1.9998 0.0000e+00
    131.000     8.0457   3.555222    34.1836       4010     2.7838     2.1299     1.9954 0.0000e+00
    132.000     8.0343   3.555212    34.1941       4037     2.8025     2.1263     1.9917 0.0000e+00
    133.000     8.0417   3.556075    34.1956       4070     2.8255     2.1235     1.9883 0.0000e+00
    134.000     8.0561   3.557723    34.1987       4097     2.8446     2.1208     1.9852 0.0000e+00
    135.000     8.0569   3.557849    34.1988       4122     2.8615     2.1166     1.9831 0.0000e+00
    136.000     8.0578   3.557953    34.1985       4147     2.8795     2.1121     1.9807 0.0000e+00
    137.000     8.0695   3.559415    34.2023       4175     2.8988     2.1094     1.9785 0.0000e+00
    138.000     8.0748   3.560253    34.2055       4205     2.9195     2.1102     1.9762 0.0000e+00
    139.000     8.0742   3.560372    34.2069       4236     2.9413     2.1122     1.9753 0.0000e+00
    140.000     8.0761   3.560534    34.2063       4265     2.9611     2.1122     1.9752 0.0000e+00
    141.000     8.0803   3.561145    34.2083       4288     2.9770     2.1115     1.9743 0.0000e+00
    142.000     8.0802   3.561494    34.2116       4308     2.9909     2.1121     1.9737 0.0000e+00
    143.000     8.0839   3.562482    34.2181       4330     3.0061     2.1101     1.9730 0.0000e+00
    144.000     8.1198   3.567956    34.2410       4365     3.0305     2.1083     1.9728 0.0000e+00
    145.000     8.1648   3.574253    34.2638       4403     3.0570     2.1082     1.9730 0.0000e+00
    146.000     8.2026   3.579434    34.2817       4425     3.0725     2.1065     1.9726 0.0000e+00
    147.000     8.2241   3.582855    34.2967       4446     3.0865     2.1053     1.9708 0.0000e+00
    148.000     8.2572   3.588982    34.3291       4471     3.1042     2.1030     1.9669 0.0000e+00
    149.000     8.2756   3.592416    34.3472       4506     3.1283     2.1000     1.9624 0.0000e+00
    150.000     8.2859   3.594330    34.3570       4535     3.1488     2.0921     1.9573 0.0000e+00
    151.000     8.3050   3.597605    34.3728       4557     3.1640     2.0880     1.9529 0.0000e+00
    152.000     8.3104   3.598610    34.3777       4579     3.1791     2.0842     1.9478 0.0000e+00
    153.000     8.3161   3.599625    34.3824       4611     3.2012     2.0768     1.9427 0.0000e+00
    154.000     8.3298   3.601750    34.3911       4649     3.2276     2.0692     1.9385 0.0000e+00
    155.000     8.3357   3.602732    34.3954       4673     3.2442     2.0695     1.9370 0.0000e+00
    156.000     8.3467   3.604446    34.4023       4694     3.2587     2.0693     1.9359 0.0000e+00
    157.000     8.3629   3.606984    34.4129       4718     3.2759     2.0674     1.9343 0.0000e+00
    158.000     8.3877   3.610804    34.4288       4750     3.2976     2.0645     1.9310 0.0000e+00
    159.000     8.3935   3.611823    34.4335       4780     3.3189     2.0630     1.9269 0.0000e+00
    160.000     8.3954   3.612168    34.4348       4807     3.3376     2.0592     1.9245 0.0000e+00
    161.000     8.3982   3.612748    34.4377       4833     3.3558     2.0559     1.9232 0.0000e+00
    162.000     8.3989   3.612920    34.4384       4860     3.3746     2.0547     1.9209 0.0000e+00
