HB2407/CTD169.cnv
* Sea-Bird SBE 9 Data File:
* FileName = C:\cruise\data\CTD169.hex
* Software Version Seasave V 7.26.7.121
* Temperature SN = 4591
* Conductivity SN = 6006
* Number of Bytes Per Scan = 37
* Number of Voltage Words = 4
* Number of Scans Averaged by the Deck Unit = 1
* NMEA Latitude = 43 13.50 N
* NMEA Longitude = 068 49.11 W
* NMEA UTC (Time) = Oct 20 2024 01:48:48
* NMEA baud rate = 4800
** Ship: Bigelow HB2407
** Program:  Fall Bottom Trawl Survey
** Chief Scientist: John Galbraith
# nquan = 9
# nvalues = 327                         
# units = specified
# name 0 = depSM: Depth [salt water, m]
# name 1 = t090C: Temperature [ITS-90, deg C]
# name 2 = c0S/m: Conductivity [S/m]
# name 3 = sal00: Salinity, Practical [PSU]
# name 4 = scan: Scan Count
# name 5 = timeM: Time, Elapsed [minutes]
# name 6 = sbeox0V: Oxygen raw, SBE 43 [V]
# name 7 = sbeox1V: Oxygen raw, SBE 43, 2 [V]
# name 8 = flag: flag
# span 0 =      1.000,    165.000       
# span 1 =     7.9460,    11.9944       
# span 2 =   3.496219,   3.716747       
# span 3 =    32.2045,    33.6591       
# span 4 =        134,      11129       
# span 5 =     0.0926,     7.7280       
# span 6 =     1.8281,     2.6454       
# span 7 =     1.6935,     2.4396       
# span 8 = 0.0000e+00, 0.0000e+00       
# interval = meters: 1                  
# start_time = Oct 20 2024 01:48:48 [NMEA time, header]
# bad_flag = -9.990e-29
*END*
      3.000    11.9781   3.710410    32.2067        134     0.0926     2.6348     2.4356 0.0000e+00
      4.000    11.9783   3.710480    32.2068        327     0.2262     2.6296     2.4393 0.0000e+00
      5.000    11.9780   3.710453    32.2064        357     0.2475     2.6320     2.4394 0.0000e+00
      6.000    11.9794   3.710694    32.2071        381     0.2638     2.6313     2.4372 0.0000e+00
      7.000    11.9782   3.710617    32.2070        412     0.2855     2.6296     2.4349 0.0000e+00
      8.000    11.9762   3.710218    32.2045        444     0.3076     2.6291     2.4352 0.0000e+00
      9.000    11.9875   3.713152    32.2226        471     0.3264     2.6298     2.4348 0.0000e+00
     10.000    11.9645   3.716379    32.2733        501     0.3470     2.6280     2.4332 0.0000e+00
     11.000    11.9350   3.715678    32.2916        553     0.3831     2.6251     2.4315 0.0000e+00
     12.000    11.9142   3.714622    32.2991        681     0.4724     2.6147     2.4196 0.0000e+00
     13.000    11.9077   3.714245    32.3006        748     0.5187     2.6055     2.4145 0.0000e+00
     14.000    11.9023   3.714051    32.3030        773     0.5361     2.6033     2.4141 0.0000e+00
     15.000    11.8932   3.713721    32.3073        794     0.5508     2.6026     2.4134 0.0000e+00
     16.000    11.8817   3.713507    32.3148        818     0.5673     2.6006     2.4104 0.0000e+00
     17.000    11.8649   3.712604    32.3202        848     0.5883     2.5926     2.4058 0.0000e+00
     18.000    11.8473   3.711514    32.3245        880     0.6102     2.5847     2.4008 0.0000e+00
     19.000    11.8437   3.711319    32.3253        905     0.6278     2.5791     2.3959 0.0000e+00
     20.000    11.8328   3.710787    32.3293        929     0.6442     2.5711     2.3877 0.0000e+00
     21.000    11.7719   3.706412    32.3393        958     0.6646     2.5651     2.3772 0.0000e+00
     22.000    11.6817   3.699561    32.3509        993     0.6887     2.5533     2.3651 0.0000e+00
     23.000    11.6444   3.696959    32.3577       1020     0.7074     2.5365     2.3523 0.0000e+00
     24.000    11.4475   3.685809    32.4207       1040     0.7216     2.5231     2.3421 0.0000e+00
     25.000    11.0031   3.658729    32.5456       1061     0.7358     2.5054     2.3298 0.0000e+00
     26.000    10.7806   3.643914    32.5960       1088     0.7546     2.4725     2.3070 0.0000e+00
     27.000    10.6882   3.640113    32.6401       1123     0.7793     2.4130     2.2578 0.0000e+00
     28.000    10.6522   3.639434    32.6651       1152     0.7990     2.3763     2.2193 0.0000e+00
     29.000    10.5814   3.635003    32.6838       1175     0.8156     2.3591     2.1971 0.0000e+00
     30.000    10.4918   3.629378    32.7075       1201     0.8337     2.3495     2.1830 0.0000e+00
     31.000    10.4495   3.627136    32.7225       1231     0.8540     2.3360     2.1703 0.0000e+00
     32.000    10.3264   3.620868    32.7700       1259     0.8735     2.3252     2.1574 0.0000e+00
     33.000    10.0744   3.606179    32.8494       1285     0.8917     2.3142     2.1471 0.0000e+00
     34.000     9.9102   3.595901    32.8940       1313     0.9113     2.2949     2.1324 0.0000e+00
     35.000     9.8424   3.591631    32.9119       1344     0.9323     2.2724     2.1152 0.0000e+00
     36.000     9.7924   3.588809    32.9284       1370     0.9508     2.2551     2.0976 0.0000e+00
     37.000     9.7740   3.587527    32.9316       1392     0.9660     2.2434     2.0844 0.0000e+00
     38.000     9.7714   3.587240    32.9307       1414     0.9809     2.2330     2.0741 0.0000e+00
     39.000     9.7700   3.586964    32.9287       1444     1.0022     2.2232     2.0620 0.0000e+00
     40.000     9.7659   3.586546    32.9278       1489     1.0335     2.2158     2.0479 0.0000e+00
     41.000     9.7514   3.585783    32.9328       1516     1.0523     2.2122     2.0450 0.0000e+00
     42.000     9.7042   3.583803    32.9553       1535     1.0651     2.2100     2.0440 0.0000e+00
     43.000     9.6256   3.580255    32.9907       1553     1.0778     2.2085     2.0420 0.0000e+00
     44.000     9.5993   3.578719    32.9987       1575     1.0931     2.2068     2.0409 0.0000e+00
     45.000     9.5874   3.577951    33.0013       1608     1.1158     2.1975     2.0371 0.0000e+00
     46.000     9.5829   3.577621    33.0016       1646     1.1422     2.1876     2.0280 0.0000e+00
     47.000     9.5593   3.576578    33.0121       1675     1.1624     2.1810     2.0233 0.0000e+00
     48.000     9.5460   3.575907    33.0170       1697     1.1779     2.1762     2.0190 0.0000e+00
     49.000     9.5434   3.575750    33.0174       1721     1.1942     2.1727     2.0164 0.0000e+00
     50.000     9.5341   3.575326    33.0211       1749     1.2142     2.1697     2.0131 0.0000e+00
     51.000     9.5174   3.574603    33.0287       1780     1.2356     2.1706     2.0095 0.0000e+00
     52.000     9.4947   3.573575    33.0385       1805     1.2531     2.1707     2.0061 0.0000e+00
     53.000     9.4804   3.572897    33.0443       1828     1.2686     2.1686     2.0036 0.0000e+00
     54.000     9.4649   3.572259    33.0515       1852     1.2853     2.1636     2.0025 0.0000e+00
     55.000     9.4243   3.570696    33.0725       1886     1.3088     2.1581     1.9997 0.0000e+00
     56.000     9.4132   3.570209    33.0773       1922     1.3343     2.1528     1.9940 0.0000e+00
     57.000     9.4060   3.569913    33.0805       1949     1.3531     2.1476     1.9878 0.0000e+00
     58.000     9.3871   3.569416    33.0923       1973     1.3691     2.1435     1.9837 0.0000e+00
     59.000     9.3635   3.568807    33.1074       1996     1.3851     2.1390     1.9817 0.0000e+00
     60.000     9.3544   3.568469    33.1119       2021     1.4025     2.1340     1.9780 0.0000e+00
     61.000     9.3508   3.568358    33.1137       2047     1.4211     2.1277     1.9740 0.0000e+00
     62.000     9.3472   3.568250    33.1154       2074     1.4397     2.1237     1.9685 0.0000e+00
     63.000     9.3433   3.568135    33.1174       2104     1.4602     2.1208     1.9641 0.0000e+00
     64.000     9.3424   3.568104    33.1175       2137     1.4836     2.1162     1.9591 0.0000e+00
     65.000     9.3401   3.568069    33.1188       2168     1.5048     2.1112     1.9557 0.0000e+00
     66.000     9.3352   3.568052    33.1227       2192     1.5217     2.1095     1.9552 0.0000e+00
     67.000     9.3307   3.568067    33.1265       2214     1.5367     2.1095     1.9550 0.0000e+00
     68.000     9.3212   3.568155    33.1358       2237     1.5524     2.1077     1.9544 0.0000e+00
     69.000     9.3035   3.568063    33.1508       2266     1.5731     2.1025     1.9526 0.0000e+00
     70.000     9.2948   3.568110    33.1590       2304     1.5993     2.0952     1.9454 0.0000e+00
     71.000     9.2961   3.569058    33.1670       2331     1.6178     2.0902     1.9376 0.0000e+00
     72.000     9.2851   3.569686    33.1833       2350     1.6315     2.0880     1.9338 0.0000e+00
     73.000     9.2781   3.569763    33.1902       2370     1.6453     2.0856     1.9313 0.0000e+00
     74.000     9.2754   3.569739    33.1920       2398     1.6649     2.0759     1.9255 0.0000e+00
     75.000     9.2710   3.569686    33.1951       2442     1.6953     2.0619     1.9143 0.0000e+00
     76.000     9.2535   3.568995    33.2038       2473     1.7167     2.0577     1.9084 0.0000e+00
     77.000     9.2254   3.567871    33.2178       2493     1.7308     2.0534     1.9058 0.0000e+00
     78.000     9.2020   3.566563    33.2256       2511     1.7432     2.0500     1.9030 0.0000e+00
     79.000     9.1844   3.565403    33.2294       2532     1.7577     2.0463     1.8988 0.0000e+00
     80.000     9.1643   3.563981    33.2329       2564     1.7797     2.0405     1.8924 0.0000e+00
     81.000     9.1536   3.563160    33.2340       2602     1.8060     2.0357     1.8857 0.0000e+00
     82.000     9.1453   3.562605    33.2355       2630     1.8258     2.0318     1.8825 0.0000e+00
     83.000     9.1113   3.560275    33.2426       2657     1.8441     2.0304     1.8811 0.0000e+00
     84.000     9.0771   3.557661    33.2469       2683     1.8623     2.0308     1.8801 0.0000e+00
     85.000     9.0431   3.555214    33.2527       2708     1.8799     2.0302     1.8794 0.0000e+00
     86.000     9.0152   3.553276    33.2582       2734     1.8982     2.0299     1.8808 0.0000e+00
     87.000     8.9913   3.551578    33.2624       2763     1.9182     2.0300     1.8807 0.0000e+00
     88.000     8.9646   3.549877    33.2693       2791     1.9373     2.0318     1.8817 0.0000e+00
     89.000     8.9612   3.549720    33.2703       2815     1.9543     2.0334     1.8826 0.0000e+00
     90.000     8.9546   3.549411    33.2727       2841     1.9720     2.0322     1.8828 0.0000e+00
     91.000     8.9455   3.548969    33.2763       2874     1.9950     2.0327     1.8848 0.0000e+00
     92.000     8.9335   3.548437    33.2814       2911     2.0207     2.0331     1.8836 0.0000e+00
     93.000     8.9288   3.548213    33.2831       2936     2.0381     2.0311     1.8814 0.0000e+00
     94.000     8.9190   3.547842    33.2879       2955     2.0513     2.0297     1.8816 0.0000e+00
     95.000     8.9154   3.547691    33.2893       2974     2.0645     2.0293     1.8815 0.0000e+00
     96.000     8.9068   3.547356    33.2934       3000     2.0829     2.0284     1.8808 0.0000e+00
     97.000     8.8892   3.546463    33.3001       3041     2.1108     2.0256     1.8789 0.0000e+00
     98.000     8.8605   3.545021    33.3115       3073     2.1332     2.0234     1.8769 0.0000e+00
     99.000     8.8314   3.543333    33.3208       3096     2.1495     2.0211     1.8749 0.0000e+00
    100.000     8.8106   3.542299    33.3290       3119     2.1655     2.0185     1.8729 0.0000e+00
    101.000     8.7902   3.541087    33.3350       3146     2.1839     2.0151     1.8704 0.0000e+00
    102.000     8.7737   3.540119    33.3400       3174     2.2038     2.0117     1.8676 0.0000e+00
    103.000     8.7529   3.538810    33.3453       3200     2.2217     2.0086     1.8639 0.0000e+00
    104.000     8.7443   3.538240    33.3470       3223     2.2378     2.0061     1.8606 0.0000e+00
    105.000     8.7358   3.537631    33.3482       3247     2.2541     2.0042     1.8579 0.0000e+00
    106.000     8.7291   3.537178    33.3493       3274     2.2728     2.0004     1.8540 0.0000e+00
    107.000     8.7218   3.536670    33.3503       3310     2.2978     1.9975     1.8500 0.0000e+00
    108.000     8.7140   3.536135    33.3516       3344     2.3215     1.9973     1.8494 0.0000e+00
    109.000     8.7110   3.535923    33.3517       3365     2.3364     1.9948     1.8489 0.0000e+00
    110.000     8.7095   3.535850    33.3519       3384     2.3495     1.9929     1.8468 0.0000e+00
    111.000     8.6961   3.534978    33.3549       3407     2.3652     1.9911     1.8450 0.0000e+00
    112.000     8.6873   3.534304    33.3557       3444     2.3910     1.9894     1.8445 0.0000e+00
    113.000     8.6752   3.533474    33.3579       3480     2.4162     1.9877     1.8432 0.0000e+00
    114.000     8.6567   3.531936    33.3587       3501     2.4306     1.9863     1.8424 0.0000e+00
    115.000     8.6532   3.531576    33.3578       3519     2.4432     1.9846     1.8417 0.0000e+00
    116.000     8.6501   3.531291    33.3573       3540     2.4576     1.9825     1.8399 0.0000e+00
    117.000     8.6480   3.531166    33.3575       3573     2.4806     1.9793     1.8360 0.0000e+00
    118.000     8.6374   3.530212    33.3569       3615     2.5099     1.9777     1.8332 0.0000e+00
    119.000     8.6179   3.528615    33.3582       3641     2.5281     1.9775     1.8338 0.0000e+00
    120.000     8.5679   3.525130    33.3682       3661     2.5417     1.9763     1.8332 0.0000e+00
    121.000     8.5034   3.520708    33.3821       3680     2.5547     1.9739     1.8319 0.0000e+00
    122.000     8.4662   3.518436    33.3929       3702     2.5703     1.9702     1.8300 0.0000e+00
    123.000     8.3643   3.510339    33.4035       3737     2.5944     1.9607     1.8217 0.0000e+00
    124.000     8.3341   3.507875    33.4056       3773     2.6193     1.9487     1.8091 0.0000e+00
    125.000     8.3253   3.507461    33.4091       3797     2.6363     1.9426     1.8013 0.0000e+00
    126.000     8.3161   3.506907    33.4115       3820     2.6523     1.9372     1.7955 0.0000e+00
    127.000     8.3169   3.507306    33.4145       3846     2.6703     1.9325     1.7908 0.0000e+00
    128.000     8.3155   3.507234    33.4145       3873     2.6886     1.9269     1.7869 0.0000e+00
    129.000     8.3178   3.507466    33.4144       3897     2.7059     1.9239     1.7838 0.0000e+00
    130.000     8.3229   3.508051    33.4153       3924     2.7242     1.9227     1.7814 0.0000e+00
    131.000     8.3322   3.509215    33.4182       3958     2.7476     1.9221     1.7798 0.0000e+00
    132.000     8.3358   3.509830    33.4209       3992     2.7716     1.9239     1.7789 0.0000e+00
    133.000     8.3462   3.511234    33.4254       4016     2.7880     1.9223     1.7784 0.0000e+00
    134.000     8.3516   3.512209    33.4301       4034     2.8009     1.9212     1.7783 0.0000e+00
    135.000     8.3602   3.513602    33.4363       4053     2.8137     1.9202     1.7784 0.0000e+00
    136.000     8.3591   3.514772    33.4492       4076     2.8300     1.9209     1.7783 0.0000e+00
    137.000     8.3421   3.513898    33.4557       4114     2.8561     1.9210     1.7795 0.0000e+00
    138.000     8.3326   3.513295    33.4578       4153     2.8832     1.9212     1.7799 0.0000e+00
    139.000     8.3076   3.511936    33.4667       4178     2.9006     1.9196     1.7789 0.0000e+00
    140.000     8.2906   3.510863    33.4710       4199     2.9150     1.9175     1.7788 0.0000e+00
    141.000     8.2805   3.510474    33.4761       4220     2.9297     1.9162     1.7777 0.0000e+00
    142.000     8.2343   3.507526    33.4883       4246     2.9478     1.9156     1.7758 0.0000e+00
    143.000     8.1908   3.505466    33.5075       4279     2.9710     1.9114     1.7713 0.0000e+00
    144.000     8.1863   3.506242    33.5194       4310     2.9927     1.9033     1.7657 0.0000e+00
    145.000     8.1820   3.506412    33.5249       4334     3.0087     1.8986     1.7611 0.0000e+00
    146.000     8.1650   3.505511    33.5311       4354     3.0230     1.8957     1.7577 0.0000e+00
    147.000     8.1500   3.504409    33.5332       4378     3.0395     1.8910     1.7549 0.0000e+00
    148.000     8.1279   3.502882    33.5376       4413     3.0641     1.8854     1.7507 0.0000e+00
    149.000     8.1052   3.501160    33.5405       4449     3.0890     1.8795     1.7451 0.0000e+00
    150.000     8.1100   3.501704    33.5412       4471     3.1038     1.8761     1.7427 0.0000e+00
    151.000     8.1200   3.503069    33.5458       4489     3.1170     1.8750     1.7406 0.0000e+00
    152.000     8.0999   3.501465    33.5474       4511     3.1321     1.8745     1.7387 0.0000e+00
    153.000     8.0944   3.500977    33.5470       4547     3.1572     1.8735     1.7356 0.0000e+00
    154.000     8.1062   3.502348    33.5499       4585     3.1834     1.8706     1.7324 0.0000e+00
    155.000     8.1223   3.504244    33.5542       4607     3.1983     1.8690     1.7307 0.0000e+00
    156.000     8.0991   3.502394    33.5562       4626     3.2117     1.8681     1.7298 0.0000e+00
    157.000     8.0865   3.501349    33.5566       4649     3.2277     1.8682     1.7290 0.0000e+00
    158.000     8.0738   3.500672    33.5612       4682     3.2504     1.8661     1.7291 0.0000e+00
    159.000     8.0587   3.499459    33.5622       4712     3.2718     1.8616     1.7290 0.0000e+00
    160.000     8.0476   3.498808    33.5654       4736     3.2882     1.8605     1.7274 0.0000e+00
    161.000     8.0189   3.497610    33.5796       4760     3.3050     1.8585     1.7259 0.0000e+00
    162.000     7.9926   3.497308    33.6012       4791     3.3261     1.8548     1.7225 0.0000e+00
