HB2407/CTD174.cnv
* Sea-Bird SBE 9 Data File:
* FileName = C:\cruise\data\CTD174.hex
* Software Version Seasave V 7.26.7.121
* Temperature SN = 4591
* Conductivity SN = 6006
* Number of Bytes Per Scan = 37
* Number of Voltage Words = 4
* Number of Scans Averaged by the Deck Unit = 1
* NMEA Latitude = 42 02.40 N
* NMEA Longitude = 068 59.36 W
* NMEA UTC (Time) = Oct 21 2024 07:10:25
* NMEA baud rate = 4800
** Ship: Bigelow HB2407
** Program:  Fall Bottom Trawl Survey
** Chief Scientist: John Galbraith
# nquan = 9
# nvalues = 253                         
# units = specified
# name 0 = depSM: Depth [salt water, m]
# name 1 = t090C: Temperature [ITS-90, deg C]
# name 2 = c0S/m: Conductivity [S/m]
# name 3 = sal00: Salinity, Practical [PSU]
# name 4 = scan: Scan Count
# name 5 = timeM: Time, Elapsed [minutes]
# name 6 = sbeox0V: Oxygen raw, SBE 43 [V]
# name 7 = sbeox1V: Oxygen raw, SBE 43, 2 [V]
# name 8 = flag: flag
# span 0 =      2.000,    129.000       
# span 1 =     6.6851,    14.1096       
# span 2 =   3.275444,   3.867162       
# span 3 =    31.8382,    33.2779       
# span 4 =        408,       8105       
# span 5 =     0.2827,     5.6277       
# span 6 =     1.7716,     2.5814       
# span 7 =     1.6405,     2.3887       
# span 8 = 0.0000e+00, 0.0000e+00       
# interval = meters: 1                  
# start_time = Oct 21 2024 07:10:25 [NMEA time, header]
# bad_flag = -9.990e-29
*END*
[from data line 161]
     93.000     6.8785   3.341469    33.0176       5525     3.8364     1.8490     1.6952 0.0000e+00
     92.000     6.8608   3.337350    32.9898       5547     3.8512     1.8640     1.7115 0.0000e+00
     91.000     6.8581   3.336616    32.9849       5565     3.8640     1.8752     1.7250 0.0000e+00
     90.000     6.8515   3.334946    32.9734       5584     3.8772     1.8865     1.7368 0.0000e+00
     89.000     6.8450   3.333113    32.9600       5607     3.8934     1.8999     1.7482 0.0000e+00
     88.000     6.8348   3.330139    32.9377       5645     3.9191     1.9153     1.7628 0.0000e+00
     87.000     6.8356   3.329775    32.9334       5682     3.9455     1.9275     1.7746 0.0000e+00
     86.000     6.8327   3.327925    32.9163       5705     3.9608     1.9334     1.7805 0.0000e+00
     85.000     6.8332   3.327671    32.9136       5724     3.9741     1.9363     1.7860 0.0000e+00
     84.000     6.8296   3.325638    32.8952       5745     3.9892     1.9393     1.7905 0.0000e+00
     83.000     6.8235   3.323591    32.8791       5775     4.0094     1.9431     1.7943 0.0000e+00
     82.000     6.8213   3.322802    32.8730       5806     4.0314     1.9468     1.7983 0.0000e+00
     81.000     6.8102   3.319403    32.8468       5831     4.0488     1.9511     1.8035 0.0000e+00
     80.000     6.8014   3.316169    32.8202       5855     4.0656     1.9548     1.8079 0.0000e+00
     79.000     6.8003   3.315854    32.8182       5882     4.0842     1.9598     1.8114 0.0000e+00
     78.000     6.7958   3.314444    32.8075       5910     4.1032     1.9662     1.8163 0.0000e+00
     77.000     6.7903   3.312624    32.7933       5935     4.1206     1.9716     1.8203 0.0000e+00
     76.000     6.7879   3.311668    32.7856       5961     4.1387     1.9746     1.8225 0.0000e+00
     75.000     6.7798   3.309680    32.7720       5990     4.1589     1.9783     1.8252 0.0000e+00
     74.000     6.7707   3.307143    32.7533       6017     4.1776     1.9807     1.8290 0.0000e+00
     73.000     6.7633   3.304759    32.7347       6040     4.1936     1.9822     1.8328 0.0000e+00
     72.000     6.7570   3.301911    32.7099       6063     4.2096     1.9851     1.8353 0.0000e+00
     71.000     6.7557   3.300245    32.6933       6090     4.2286     1.9878     1.8396 0.0000e+00
     70.000     6.7525   3.298317    32.6756       6119     4.2483     1.9942     1.8446 0.0000e+00
     69.000     6.7414   3.293865    32.6378       6144     4.2663     2.0021     1.8485 0.0000e+00
     68.000     6.7354   3.290748    32.6098       6171     4.2850     2.0100     1.8536 0.0000e+00
     67.000     6.7423   3.289694    32.5921       6201     4.3053     2.0176     1.8593 0.0000e+00
     66.000     6.7533   3.289131    32.5759       6229     4.3249     2.0259     1.8669 0.0000e+00
     65.000     6.7360   3.284524    32.5423       6253     4.3416     2.0305     1.8728 0.0000e+00
     64.000     6.7232   3.281936    32.5264       6275     4.3570     2.0329     1.8761 0.0000e+00
     63.000     6.7223   3.281728    32.5255       6299     4.3735     2.0377     1.8804 0.0000e+00
     62.000     6.7168   3.278282    32.4933       6328     4.3936     2.0460     1.8874 0.0000e+00
     61.000     6.7292   3.277373    32.4721       6357     4.4140     2.0557     1.8941 0.0000e+00
     60.000     6.7466   3.276082    32.4419       6381     4.4304     2.0633     1.8993 0.0000e+00
     59.000     6.7718   3.275444    32.4115       6402     4.4451     2.0685     1.9046 0.0000e+00
     58.000     6.7883   3.276229    32.4051       6425     4.4614     2.0749     1.9112 0.0000e+00
     57.000     6.8013   3.276920    32.4008       6457     4.4834     2.0864     1.9199 0.0000e+00
     56.000     6.9693   3.285325    32.3350       6494     4.5093     2.0998     1.9285 0.0000e+00
     55.000     7.1843   3.298797    32.2805       6520     4.5273     2.1048     1.9335 0.0000e+00
     54.000     7.3179   3.308508    32.2616       6540     4.5411     2.1111     1.9386 0.0000e+00
     53.000     7.6386   3.331357    32.2103       6560     4.5547     2.1195     1.9453 0.0000e+00
     52.000     7.9298   3.354940    32.1938       6583     4.5708     2.1338     1.9559 0.0000e+00
     51.000     8.0129   3.362776    32.2011       6612     4.5907     2.1539     1.9691 0.0000e+00
     50.000     8.7309   3.413477    32.0800       6641     4.6111     2.1618     1.9752 0.0000e+00
     49.000     9.4430   3.474031    32.0652       6668     4.6299     2.1727     1.9875 0.0000e+00
     48.000     9.6508   3.491451    32.0580       6696     4.6490     2.1982     2.0066 0.0000e+00
     47.000     9.7898   3.504588    32.0683       6721     4.6669     2.2094     2.0179 0.0000e+00
     46.000     9.9030   3.514478    32.0685       6744     4.6826     2.2128     2.0271 0.0000e+00
     45.000     9.9487   3.519409    32.0783       6767     4.6985     2.2149     2.0347 0.0000e+00
     44.000     9.9790   3.523232    32.0905       6796     4.7187     2.2155     2.0411 0.0000e+00
     43.000    10.1188   3.533855    32.0743       6831     4.7428     2.2168     2.0444 0.0000e+00
     42.000    10.3026   3.548279    32.0572       6855     4.7597     2.2199     2.0478 0.0000e+00
     41.000    10.4547   3.562033    32.0615       6874     4.7731     2.2270     2.0519 0.0000e+00
     40.000    10.5607   3.570716    32.0553       6895     4.7877     2.2359     2.0558 0.0000e+00
     39.000    10.6792   3.581531    32.0594       6925     4.8084     2.2411     2.0596 0.0000e+00
     38.000    10.9180   3.598654    32.0208       6957     4.8308     2.2442     2.0636 0.0000e+00
     37.000    11.4530   3.639823    31.9610       6981     4.8471     2.2542     2.0689 0.0000e+00
     36.000    11.6474   3.659124    31.9817       7002     4.8619     2.2743     2.0781 0.0000e+00
     35.000    11.7762   3.670765    31.9841       7026     4.8787     2.2970     2.0930 0.0000e+00
     34.000    12.0482   3.691294    31.9494       7057     4.8999     2.3169     2.1144 0.0000e+00
     33.000    12.5613   3.731143    31.8942       7088     4.9219     2.3422     2.1326 0.0000e+00
     32.000    13.0621   3.769940    31.8390       7114     4.9397     2.3686     2.1502 0.0000e+00
     31.000    13.3253   3.793762    31.8422       7136     4.9546     2.3970     2.1711 0.0000e+00
     30.000    13.4573   3.805811    31.8448       7156     4.9690     2.4277     2.1961 0.0000e+00
     29.000    13.6658   3.823753    31.8382       7182     4.9867     2.4582     2.2277 0.0000e+00
     28.000    13.7785   3.834863    31.8477       7217     5.0114     2.4932     2.2641 0.0000e+00
     27.000    13.8306   3.839238    31.8454       7249     5.0331     2.5053     2.2927 0.0000e+00
     26.000    13.9348   3.848006    31.8402       7270     5.0480     2.5126     2.3082 0.0000e+00
     25.000    13.9635   3.850889    31.8434       7290     5.0619     2.5257     2.3185 0.0000e+00
     24.000    14.0178   3.855753    31.8437       7314     5.0787     2.5383     2.3300 0.0000e+00
     23.000    14.0480   3.858971    31.8486       7348     5.1022     2.5509     2.3464 0.0000e+00
     22.000    14.0562   3.859854    31.8504       7379     5.1234     2.5586     2.3582 0.0000e+00
     21.000    14.0696   3.860994    31.8502       7401     5.1387     2.5595     2.3625 0.0000e+00
     20.000    14.0746   3.861570    31.8517       7421     5.1530     2.5608     2.3653 0.0000e+00
     19.000    14.0750   3.861992    31.8556       7445     5.1695     2.5660     2.3678 0.0000e+00
     18.000    14.0832   3.862846    31.8571       7475     5.1903     2.5638     2.3706 0.0000e+00
     17.000    14.0827   3.862950    31.8589       7505     5.2110     2.5636     2.3740 0.0000e+00
     16.000    14.0863   3.863278    31.8593       7530     5.2284     2.5614     2.3763 0.0000e+00
     15.000    14.0895   3.863527    31.8593       7553     5.2446     2.5595     2.3777 0.0000e+00
     14.000    14.0905   3.863849    31.8618       7579     5.2622     2.5622     2.3767 0.0000e+00
     13.000    14.0885   3.863818    31.8635       7609     5.2830     2.5724     2.3773 0.0000e+00
     12.000    14.0866   3.863809    31.8654       7638     5.3033     2.5760     2.3798 0.0000e+00
     11.000    14.0896   3.863951    31.8646       7663     5.3206     2.5768     2.3798 0.0000e+00
     10.000    14.0840   3.863609    31.8665       7689     5.3388     2.5760     2.3765 0.0000e+00
      9.000    14.0911   3.864160    31.8661       7717     5.3583     2.5757     2.3772 0.0000e+00
      8.000    14.0980   3.864845    31.8671       7754     5.3843     2.5755     2.3737 0.0000e+00
      7.000    14.0986   3.864962    31.8680       7798     5.4143     2.5778     2.3734 0.0000e+00
      6.000    14.0956   3.864706    31.8686       7830     5.4366     2.5811     2.3738 0.0000e+00
      5.000    14.0921   3.864440    31.8694       7858     5.4560     2.5814     2.3758 0.0000e+00
      4.000    14.0924   3.864485    31.8700       7888     5.4773     2.5811     2.3790 0.0000e+00
      3.000    14.0997   3.865167    31.8705       7948     5.5187     2.5807     2.3831 0.0000e+00
      2.000    14.1039   3.865691    31.8723       8105     5.6277     2.5791     2.3839 0.0000e+00
