HB2407/CTD109.cnv
* Sea-Bird SBE 9 Data File:
* FileName = C:\cruise\data\CTD109.hex
* Software Version Seasave V 7.26.7.121
* Temperature SN = 4591
* Conductivity SN = 6006
* Number of Bytes Per Scan = 37
* Number of Voltage Words = 4
* Number of Scans Averaged by the Deck Unit = 1
* NMEA Latitude = 39 38.78 N
* NMEA Longitude = 072 18.01 W
* NMEA UTC (Time) = Oct 06 2024 22:48:36
* NMEA baud rate = 4800
** Ship: Bigelow HB2407
** Program:  Fall Bottom Trawl Survey
** Chief Scientist: John Galbraith
# nquan = 9
# nvalues = 217                         
# units = specified
# name 0 = depSM: Depth [salt water, m]
# name 1 = t090C: Temperature [ITS-90, deg C]
# name 2 = c0S/m: Conductivity [S/m]
# name 3 = sal00: Salinity, Practical [PSU]
# name 4 = scan: Scan Count
# name 5 = timeM: Time, Elapsed [minutes]
# name 6 = sbeox0V: Oxygen raw, SBE 43 [V]
# name 7 = sbeox1V: Oxygen raw, SBE 43, 2 [V]
# name 8 = flag: flag
# span 0 =      4.000,    112.000       
# span 1 =    11.6950,    22.9420       
# span 2 =   3.939999,   5.067331       
# span 3 =    34.6020,    35.6824       
# span 4 =        149,       7619       
# span 5 =     0.1028,     5.2900       
# span 6 =     1.8131,     2.5974       
# span 7 =     1.6799,     2.3895       
# span 8 = 0.0000e+00, 0.0000e+00       
# interval = meters: 1                  
# start_time = Oct 06 2024 22:48:36 [NMEA time, header]
# bad_flag = -9.990e-29
*END*
      4.000    22.7356   5.025127    34.6356        149     0.1028     2.5654     2.3856 0.0000e+00
      5.000    22.7373   5.025319    34.6355        279     0.1929     2.5740     2.3840 0.0000e+00
      6.000    22.7370   5.025351    34.6356        295     0.2044     2.5698     2.3832 0.0000e+00
      7.000    22.7373   5.025410    34.6355        316     0.2189     2.5699     2.3838 0.0000e+00
      8.000    22.7371   5.025409    34.6353        343     0.2376     2.5647     2.3830 0.0000e+00
      9.000    22.7374   5.025494    34.6354        457     0.3165     2.5668     2.3850 0.0000e+00
     10.000    22.7362   5.025416    34.6354        561     0.3888     2.5676     2.3822 0.0000e+00
     11.000    22.7337   5.025158    34.6351        716     0.4968     2.5667     2.3895 0.0000e+00
     12.000    22.7357   5.025414    34.6351        733     0.5083     2.5695     2.3825 0.0000e+00
     13.000    22.7370   5.025607    34.6352        755     0.5238     2.5698     2.3808 0.0000e+00
     14.000    22.7095   5.022733    34.6344        781     0.5416     2.5688     2.3809 0.0000e+00
     15.000    22.6923   5.020917    34.6336        822     0.5702     2.5598     2.3818 0.0000e+00
     16.000    22.6465   5.015318    34.6263        858     0.5955     2.5564     2.3808 0.0000e+00
     17.000    22.6255   5.013009    34.6246        878     0.6089     2.5649     2.3805 0.0000e+00
     18.000    22.6086   5.010797    34.6205        894     0.6202     2.5682     2.3765 0.0000e+00
     19.000    22.5937   5.009026    34.6183        911     0.6320     2.5658     2.3771 0.0000e+00
     20.000    22.5897   5.008445    34.6166        934     0.6476     2.5650     2.3781 0.0000e+00
     21.000    22.6018   5.010325    34.6212        975     0.6761     2.5594     2.3807 0.0000e+00
     22.000    22.6234   5.013684    34.6299       1013     0.7027     2.5651     2.3767 0.0000e+00
     23.000    22.6931   5.023879    34.6533       1035     0.7178     2.5671     2.3815 0.0000e+00
     24.000    22.7695   5.035982    34.6861       1056     0.7324     2.5650     2.3819 0.0000e+00
     25.000    22.8303   5.046258    34.7171       1082     0.7506     2.5619     2.3824 0.0000e+00
     26.000    22.8594   5.051192    34.7318       1113     0.7722     2.5582     2.3796 0.0000e+00
     27.000    22.8801   5.054680    34.7420       1138     0.7897     2.5583     2.3712 0.0000e+00
     28.000    22.9259   5.062547    34.7661       1161     0.8057     2.5558     2.3748 0.0000e+00
     29.000    22.9420   5.067331    34.7899       1191     0.8265     2.5571     2.3743 0.0000e+00
     30.000    22.9361   5.067010    34.7917       1228     0.8523     2.5540     2.3716 0.0000e+00
     31.000    22.9130   5.064547    34.7908       1254     0.8700     2.5483     2.3666 0.0000e+00
     32.000    22.8624   5.061300    34.8055       1274     0.8838     2.5482     2.3669 0.0000e+00
     33.000    22.7898   5.053141    34.7997       1293     0.8969     2.5476     2.3645 0.0000e+00
     34.000    22.5010   5.031798    34.8642       1314     0.9116     2.5471     2.3650 0.0000e+00
     35.000    21.7980   5.000122    35.1833       1344     0.9328     2.5423     2.3641 0.0000e+00
     36.000    21.1545   4.939294    35.2259       1394     0.9672     2.5519     2.3727 0.0000e+00
     37.000    20.4401   4.864352    35.2121       1422     0.9870     2.5533     2.3775 0.0000e+00
     38.000    19.3802   4.741187    35.0871       1441     0.9998     2.5497     2.3769 0.0000e+00
     39.000    18.2977   4.613748    34.9335       1459     1.0124     2.5267     2.3632 0.0000e+00
     40.000    17.4583   4.509291    34.7573       1481     1.0279     2.4820     2.3384 0.0000e+00
     41.000    17.3966   4.503980    34.7642       1512     1.0490     2.4427     2.3046 0.0000e+00
     42.000    16.9860   4.464578    34.7755       1539     1.0684     2.4325     2.2928 0.0000e+00
     43.000    16.7538   4.443256    34.7898       1562     1.0843     2.4263     2.2753 0.0000e+00
     44.000    16.8575   4.459708    34.8435       1595     1.1069     2.4120     2.2544 0.0000e+00
     45.000    16.9098   4.473673    34.9199       1647     1.1428     2.4473     2.2647 0.0000e+00
     46.000    16.7631   4.465924    34.9794       1671     1.1594     2.4604     2.2774 0.0000e+00
     47.000    16.7313   4.465118    34.9997       1688     1.1713     2.4565     2.2782 0.0000e+00
     48.000    16.8967   4.493756    35.1054       1704     1.1827     2.4433     2.2674 0.0000e+00
     49.000    17.2327   4.557433    35.3667       1724     1.1967     2.4234     2.2504 0.0000e+00
     50.000    17.4849   4.601181    35.5251       1753     1.2163     2.3822     2.2177 0.0000e+00
     51.000    17.6253   4.623589    35.5953       1786     1.2398     2.3057     2.1499 0.0000e+00
     52.000    17.7296   4.644330    35.6824       1817     1.2613     2.2610     2.1007 0.0000e+00
     53.000    17.3686   4.604359    35.6536       1843     1.2792     2.2347     2.0765 0.0000e+00
     54.000    16.8471   4.539758    35.5504       1867     1.2959     2.2031     2.0521 0.0000e+00
     55.000    16.8857   4.542814    35.5425       1892     1.3135     2.1775     2.0296 0.0000e+00
     56.000    17.0875   4.573539    35.6326       1925     1.3364     2.1762     2.0212 0.0000e+00
     57.000    17.0748   4.574468    35.6515       1960     1.3602     2.1733     2.0158 0.0000e+00
     58.000    16.3442   4.494442    35.5952       1986     1.3782     2.1575     2.0026 0.0000e+00
     59.000    15.6355   4.403956    35.4220       2009     1.3944     2.1340     1.9878 0.0000e+00
     60.000    15.0339   4.330435    35.2976       2037     1.4136     2.1106     1.9684 0.0000e+00
     61.000    14.6747   4.287822    35.2323       2073     1.4390     2.1027     1.9642 0.0000e+00
     62.000    14.2874   4.241638    35.1575       2103     1.4597     2.1087     1.9683 0.0000e+00
     63.000    14.0593   4.212701    35.0962       2123     1.4736     2.1095     1.9671 0.0000e+00
     64.000    13.8852   4.191409    35.0559       2140     1.4853     2.1122     1.9678 0.0000e+00
     65.000    13.7681   4.175889    35.0172       2157     1.4970     2.1138     1.9720 0.0000e+00
     66.000    13.5991   4.156537    34.9896       2176     1.5106     2.1205     1.9776 0.0000e+00
     67.000    13.1537   4.105497    34.9151       2204     1.5300     2.1323     1.9851 0.0000e+00
     68.000    12.7618   4.057689    34.8200       2252     1.5630     2.1420     1.9948 0.0000e+00
     69.000    12.8573   4.067860    34.8288       2296     1.5939     2.1641     2.0091 0.0000e+00
     70.000    12.8786   4.070930    34.8381       2327     1.6151     2.1767     2.0131 0.0000e+00
     71.000    12.8085   4.063117    34.8275       2351     1.6322     2.1802     2.0158 0.0000e+00
     72.000    12.6988   4.049972    34.8024       2374     1.6477     2.1766     2.0151 0.0000e+00
     73.000    12.6197   4.040561    34.7846       2394     1.6620     2.1700     2.0113 0.0000e+00
     74.000    12.3537   4.013396    34.7684       2415     1.6763     2.1673     2.0098 0.0000e+00
     75.000    12.0589   3.979157    34.7097       2436     1.6908     2.1638     2.0077 0.0000e+00
     76.000    11.9142   3.964373    34.6998       2459     1.7068     2.1581     2.0020 0.0000e+00
     77.000    11.6994   3.940137    34.6624       2483     1.7236     2.1592     2.0051 0.0000e+00
     78.000    11.7466   3.944192    34.6577       2511     1.7429     2.1584     2.0067 0.0000e+00
     79.000    11.7516   3.945527    34.6657       2548     1.7690     2.1660     2.0091 0.0000e+00
     80.000    11.6950   3.939999    34.6639       2596     1.8018     2.1693     2.0107 0.0000e+00
     81.000    11.7714   3.948033    34.6709       2627     1.8237     2.1700     2.0097 0.0000e+00
     82.000    11.9898   3.975399    34.7343       2647     1.8376     2.1692     2.0097 0.0000e+00
     83.000    12.0821   3.987972    34.7704       2665     1.8497     2.1713     2.0111 0.0000e+00
     84.000    12.2342   4.008837    34.8311       2683     1.8623     2.1702     2.0113 0.0000e+00
     85.000    12.2362   4.010682    34.8467       2704     1.8772     2.1632     2.0055 0.0000e+00
     86.000    12.2951   4.019030    34.8723       2732     1.8968     2.1445     1.9881 0.0000e+00
     87.000    12.3789   4.029632    34.8964       2768     1.9219     2.1227     1.9659 0.0000e+00
     88.000    12.5585   4.052721    34.9519       2802     1.9450     2.1127     1.9528 0.0000e+00
     89.000    12.6251   4.062200    34.9808       2830     1.9644     2.1039     1.9449 0.0000e+00
     90.000    12.7611   4.082654    35.0505       2860     1.9854     2.0866     1.9313 0.0000e+00
     91.000    12.8390   4.095339    35.0992       2892     2.0080     2.0666     1.9164 0.0000e+00
     92.000    12.9183   4.104610    35.1139       2916     2.0243     2.0457     1.9013 0.0000e+00
     93.000    13.0662   4.124281    35.1639       2933     2.0363     2.0304     1.8865 0.0000e+00
     94.000    13.0810   4.127410    35.1796       2950     2.0477     2.0192     1.8738 0.0000e+00
     95.000    13.0953   4.129362    35.1845       2968     2.0603     2.0076     1.8617 0.0000e+00
     96.000    13.0997   4.130288    35.1888       2998     2.0811     1.9834     1.8396 0.0000e+00
     97.000    13.1086   4.131709    35.1936       3047     2.1150     1.9571     1.8155 0.0000e+00
     98.000    13.1468   4.136103    35.1995       3081     2.1389     1.9516     1.8102 0.0000e+00
     99.000    13.2194   4.146313    35.2288       3110     2.1593     1.9517     1.8046 0.0000e+00
    100.000    13.2438   4.149412    35.2352       3136     2.1770     1.9458     1.7994 0.0000e+00
    101.000    13.3026   4.156920    35.2515       3157     2.1919     1.9337     1.7922 0.0000e+00
    102.000    13.2958   4.158237    35.2699       3177     2.2059     1.9242     1.7845 0.0000e+00
    103.000    13.2054   4.148776    35.2635       3200     2.2213     1.9115     1.7747 0.0000e+00
    104.000    13.1309   4.140216    35.2508       3228     2.2406     1.8899     1.7560 0.0000e+00
    105.000    13.0998   4.136736    35.2462       3260     2.2635     1.8667     1.7341 0.0000e+00
    106.000    13.0945   4.136029    35.2439       3290     2.2840     1.8499     1.7195 0.0000e+00
    107.000    13.0818   4.134765    35.2434       3314     2.3007     1.8403     1.7111 0.0000e+00
    108.000    13.0632   4.132720    35.2407       3338     2.3172     1.8343     1.7050 0.0000e+00
    109.000    13.0618   4.132564    35.2400       3364     2.3355     1.8302     1.7007 0.0000e+00
    110.000    13.0486   4.131142    35.2383       3391     2.3540     1.8257     1.6954 0.0000e+00
    111.000    13.0460   4.130788    35.2370       3415     2.3710     1.8226     1.6919 0.0000e+00
    112.000    13.0493   4.131036    35.2359       3436     2.3851     1.8191     1.6892 0.0000e+00
    111.000    13.0526   4.131416    35.2368       3465     2.4053     1.8166     1.6865 0.0000e+00
    110.000    13.0566   4.131742    35.2367       3797     2.6361     1.8131     1.6801 0.0000e+00
    109.000    13.0580   4.131742    35.2358       3991     2.7710     1.8140     1.6804 0.0000e+00
    108.000    13.0661   4.132554    35.2364       4006     2.7812     1.8137     1.6805 0.0000e+00
    107.000    13.0700   4.132953    35.2370       4026     2.7954     1.8163     1.6799 0.0000e+00
    106.000    13.0776   4.133776    35.2383       4048     2.8104     1.8186     1.6807 0.0000e+00
    105.000    13.0789   4.133923    35.2389       4077     2.8308     1.8199     1.6828 0.0000e+00
    104.000    13.0831   4.134322    35.2392       4109     2.8531     1.8188     1.6855 0.0000e+00
    103.000    13.0999   4.135876    35.2388       4135     2.8707     1.8202     1.6859 0.0000e+00
    102.000    13.1191   4.138164    35.2431       4159     2.8876     1.8209     1.6865 0.0000e+00
    101.000    13.1447   4.140940    35.2462       4186     2.9060     1.8239     1.6891 0.0000e+00
    100.000    13.1729   4.143860    35.2483       4213     2.9247     1.8317     1.6924 0.0000e+00
     99.000    13.2497   4.151495    35.2500       4236     2.9413     1.8371     1.6945 0.0000e+00
     98.000    13.2341   4.149636    35.2472       4259     2.9567     1.8442     1.6969 0.0000e+00
     97.000    13.1850   4.142984    35.2300       4282     2.9728     1.8561     1.7017 0.0000e+00
     96.000    13.1789   4.142027    35.2270       4308     2.9911     1.8679     1.7126 0.0000e+00
     95.000    13.1577   4.138743    35.2159       4339     3.0127     1.8859     1.7311 0.0000e+00
     94.000    13.1209   4.134151    35.2067       4370     3.0340     1.9014     1.7452 0.0000e+00
     93.000    13.0938   4.130241    35.1951       4395     3.0517     1.9092     1.7525 0.0000e+00
     92.000    13.0883   4.129397    35.1926       4419     3.0679     1.9122     1.7590 0.0000e+00
     91.000    13.0761   4.127763    35.1888       4444     3.0855     1.9217     1.7704 0.0000e+00
     90.000    13.0419   4.123948    35.1846       4472     3.1051     1.9315     1.7810 0.0000e+00
     89.000    12.9624   4.113745    35.1615       4498     3.1227     1.9422     1.7867 0.0000e+00
     88.000    12.8633   4.098874    35.1118       4520     3.1382     1.9462     1.7906 0.0000e+00
     87.000    12.8193   4.092256    35.0898       4544     3.1548     1.9555     1.7968 0.0000e+00
     86.000    12.8353   4.093802    35.0902       4576     3.1770     1.9770     1.8119 0.0000e+00
     85.000    12.6449   4.071706    35.0554       4608     3.1991     2.0017     1.8281 0.0000e+00
     84.000    12.3837   4.031908    34.9153       4632     3.2162     2.0183     1.8345 0.0000e+00
     83.000    12.3233   4.023529    34.8910       4659     3.2344     2.0356     1.8422 0.0000e+00
     82.000    12.2492   4.013309    34.8614       4717     3.2752     2.0698     1.8922 0.0000e+00
     81.000    12.0510   3.988033    34.8008       4753     3.2997     2.0818     1.9144 0.0000e+00
     80.000    11.9614   3.975109    34.7589       4769     3.3109     2.0864     1.9181 0.0000e+00
     79.000    11.8140   3.956331    34.7133       4783     3.3207     2.0902     1.9215 0.0000e+00
     78.000    11.7753   3.948814    34.6762       4797     3.3305     2.0955     1.9266 0.0000e+00
     77.000    11.7824   3.948331    34.6653       4813     3.3413     2.1027     1.9344 0.0000e+00
     76.000    11.7849   3.947984    34.6600       4831     3.3541     2.1148     1.9470 0.0000e+00
     75.000    11.7717   3.946066    34.6540       4854     3.3699     2.1308     1.9644 0.0000e+00
     74.000    11.8864   3.955433    34.6392       4907     3.4070     2.1564     1.9870 0.0000e+00
     73.000    12.2054   3.985476    34.6360       4988     3.4633     2.1765     2.0078 0.0000e+00
     72.000    12.5127   4.021044    34.6961       5006     3.4758     2.1785     2.0092 0.0000e+00
     71.000    12.5692   4.028132    34.7126       5022     3.4867     2.1862     2.0132 0.0000e+00
     70.000    12.6427   4.036096    34.7218       5035     3.4961     2.1890     2.0170 0.0000e+00
     69.000    12.6944   4.042622    34.7372       5048     3.5047     2.1896     2.0187 0.0000e+00
     68.000    12.7332   4.047252    34.7463       5060     3.5132     2.1882     2.0197 0.0000e+00
     67.000    12.7668   4.052170    34.7629       5073     3.5220     2.1860     2.0211 0.0000e+00
     66.000    12.8321   4.057537    34.7546       5088     3.5323     2.1843     2.0217 0.0000e+00
     65.000    12.8719   4.062725    34.7679       5113     3.5499     2.1841     2.0200 0.0000e+00
     64.000    13.5340   4.136392    34.8608       5193     3.6058     2.1893     2.0213 0.0000e+00
     63.000    13.7383   4.161224    34.9077       5219     3.6239     2.1852     2.0227 0.0000e+00
     62.000    13.9047   4.182254    34.9534       5249     3.6441     2.1793     2.0206 0.0000e+00
     61.000    14.1089   4.206633    34.9953       5279     3.6650     2.1756     2.0162 0.0000e+00
