HB2407/CTD195.cnv
* Sea-Bird SBE 9 Data File:
* FileName = C:\cruise\data\CTD195.hex
* Software Version Seasave V 7.26.7.121
* Temperature SN = 4591
* Conductivity SN = 6006
* Number of Bytes Per Scan = 37
* Number of Voltage Words = 4
* Number of Scans Averaged by the Deck Unit = 1
* NMEA Latitude = 42 46.30 N
* NMEA Longitude = 067 23.77 W
* NMEA UTC (Time) = Nov 02 2024 06:30:04
* NMEA baud rate = 4800
** Ship: Bigelow HB2407
** Program:  Fall Bottom Trawl Survey
** Chief Scientist: John Galbraith
# nquan = 9
# nvalues = 430                         
# units = specified
# name 0 = depSM: Depth [salt water, m]
# name 1 = t090C: Temperature [ITS-90, deg C]
# name 2 = c0S/m: Conductivity [S/m]
# name 3 = sal00: Salinity, Practical [PSU]
# name 4 = scan: Scan Count
# name 5 = timeM: Time, Elapsed [minutes]
# name 6 = sbeox0V: Oxygen raw, SBE 43 [V]
# name 7 = sbeox1V: Oxygen raw, SBE 43, 2 [V]
# name 8 = flag: flag
# span 0 =      2.000,    217.000       
# span 1 =     7.7570,    13.1684       
# span 2 =   3.429514,   3.793958       
# span 3 =    31.9774,    34.5983       
# span 4 =        314,      12306       
# span 5 =     0.2172,     8.5454       
# span 6 =     1.8886,     2.5523       
# span 7 =     1.7673,     2.3908       
# span 8 = 0.0000e+00, 0.0000e+00       
# interval = meters: 1                  
# start_time = Nov 02 2024 06:30:04 [NMEA time, header]
# bad_flag = -9.990e-29
*END*
[from data line 161]
    164.000     7.7857   3.484148    33.6583       4891     3.3956     1.9259     1.8051 0.0000e+00
    165.000     7.7570   3.482525    33.6680       4921     3.4166     1.9179     1.7976 0.0000e+00
    166.000     7.8122   3.492302    33.7193       4948     3.4354     1.9118     1.7917 0.0000e+00
    167.000     7.8891   3.505091    33.7817       4973     3.4527     1.9079     1.7857 0.0000e+00
    168.000     7.9103   3.508734    33.7998       4999     3.4706     1.9053     1.7813 0.0000e+00
    169.000     7.9502   3.515660    33.8348       5027     3.4906     1.9017     1.7774 0.0000e+00
    170.000     7.9836   3.521421    33.8637       5058     3.5116     1.9002     1.7745 0.0000e+00
    171.000     8.0068   3.526102    33.8908       5085     3.5308     1.8999     1.7739 0.0000e+00
    172.000     8.0377   3.533008    33.9343       5109     3.5471     1.9001     1.7728 0.0000e+00
    173.000     8.0601   3.540306    33.9900       5132     3.5633     1.8985     1.7727 0.0000e+00
    174.000     8.0607   3.545359    34.0429       5160     3.5824     1.8985     1.7737 0.0000e+00
    175.000     8.0475   3.546555    34.0680       5191     3.6041     1.8982     1.7752 0.0000e+00
    176.000     8.0383   3.547475    34.0863       5217     3.6225     1.8996     1.7754 0.0000e+00
    177.000     8.0359   3.548688    34.1011       5240     3.6379     1.9008     1.7766 0.0000e+00
    178.000     8.0372   3.549830    34.1116       5262     3.6538     1.9025     1.7784 0.0000e+00
    179.000     8.0363   3.550426    34.1184       5289     3.6722     1.9030     1.7801 0.0000e+00
    180.000     8.0318   3.550542    34.1235       5319     3.6930     1.9037     1.7832 0.0000e+00
    181.000     8.0298   3.550614    34.1257       5348     3.7134     1.9048     1.7840 0.0000e+00
    182.000     8.0294   3.550774    34.1273       5375     3.7319     1.9065     1.7862 0.0000e+00
    183.000     8.0289   3.550916    34.1289       5400     3.7492     1.9071     1.7884 0.0000e+00
    184.000     8.0303   3.551241    34.1305       5424     3.7658     1.9074     1.7895 0.0000e+00
    185.000     8.0327   3.551593    34.1314       5448     3.7824     1.9096     1.7898 0.0000e+00
    186.000     8.0353   3.551920    34.1319       5474     3.8008     1.9121     1.7910 0.0000e+00
    187.000     8.0383   3.552498    34.1347       5503     3.8209     1.9135     1.7912 0.0000e+00
    188.000     8.0417   3.553215    34.1386       5532     3.8407     1.9148     1.7910 0.0000e+00
    189.000     8.0461   3.554675    34.1494       5559     3.8594     1.9156     1.7898 0.0000e+00
    190.000     8.0490   3.563482    34.2403       5583     3.8763     1.9148     1.7898 0.0000e+00
    191.000     8.0467   3.565203    34.2605       5606     3.8922     1.9145     1.7898 0.0000e+00
    192.000     8.0281   3.566191    34.2888       5630     3.9093     1.9134     1.7883 0.0000e+00
    193.000     8.0239   3.575142    34.3881       5659     3.9290     1.9092     1.7849 0.0000e+00
    194.000     8.0241   3.578594    34.4244       5687     3.9483     1.9073     1.7826 0.0000e+00
    195.000     8.0270   3.580588    34.4424       5710     3.9649     1.9070     1.7825 0.0000e+00
    196.000     8.0273   3.581867    34.4553       5734     3.9810     1.9049     1.7823 0.0000e+00
    197.000     8.0270   3.582917    34.4664       5760     3.9995     1.9019     1.7807 0.0000e+00
    198.000     8.0260   3.584526    34.4840       5797     4.0249     1.8993     1.7782 0.0000e+00
    199.000     8.0223   3.586487    34.5083       5831     4.0484     1.8988     1.7763 0.0000e+00
    200.000     8.0177   3.588089    34.5295       5853     4.0638     1.8969     1.7742 0.0000e+00
    201.000     8.0092   3.588860    34.5457       5871     4.0765     1.8947     1.7732 0.0000e+00
    202.000     8.0029   3.589636    34.5597       5888     4.0883     1.8936     1.7727 0.0000e+00
    203.000     8.0022   3.590545    34.5697       5907     4.1016     1.8936     1.7730 0.0000e+00
    204.000     8.0034   3.591297    34.5760       5936     4.1218     1.8953     1.7735 0.0000e+00
    205.000     8.0047   3.591886    34.5806       5982     4.1538     1.8973     1.7740 0.0000e+00
    206.000     8.0057   3.592337    34.5839       6009     4.1723     1.8950     1.7741 0.0000e+00
    207.000     8.0055   3.593014    34.5909       6029     4.1861     1.8925     1.7740 0.0000e+00
    208.000     8.0037   3.593224    34.5944       6050     4.2010     1.8910     1.7736 0.0000e+00
    209.000     8.0037   3.593277    34.5945       6077     4.2197     1.8916     1.7731 0.0000e+00
    210.000     8.0038   3.593339    34.5946       6108     4.2407     1.8917     1.7729 0.0000e+00
    211.000     8.0041   3.593400    34.5945       6135     4.2597     1.8912     1.7728 0.0000e+00
    212.000     8.0030   3.593376    34.5948       6159     4.2764     1.8923     1.7725 0.0000e+00
    213.000     8.0004   3.593201    34.5951       6182     4.2925     1.8925     1.7712 0.0000e+00
    214.000     7.9991   3.593205    34.5959       6208     4.3103     1.8915     1.7696 0.0000e+00
    215.000     7.9987   3.593249    34.5963       6237     4.3307     1.8901     1.7691 0.0000e+00
    216.000     7.9987   3.593375    34.5972       6280     4.3601     1.8915     1.7684 0.0000e+00
    217.000     7.9989   3.593548    34.5983       6405     4.4470     1.8931     1.7673 0.0000e+00
    216.000     7.9988   3.593416    34.5974       6497     4.5110     1.8892     1.7690 0.0000e+00
    215.000     7.9988   3.593352    34.5972       6585     4.5725     1.8886     1.7693 0.0000e+00
    214.000     7.9993   3.593296    34.5967       6613     4.5919     1.8895     1.7691 0.0000e+00
    213.000     8.0017   3.593302    34.5949       6637     4.6081     1.8906     1.7687 0.0000e+00
    212.000     8.0020   3.593258    34.5945       6658     4.6232     1.8923     1.7676 0.0000e+00
    211.000     8.0021   3.593232    34.5946       6685     4.6414     1.8931     1.7686 0.0000e+00
    210.000     8.0021   3.593184    34.5946       6718     4.6646     1.8932     1.7704 0.0000e+00
    209.000     8.0026   3.593181    34.5945       6749     4.6865     1.8924     1.7704 0.0000e+00
    208.000     8.0041   3.593201    34.5938       6777     4.7056     1.8921     1.7707 0.0000e+00
    207.000     8.0041   3.593124    34.5935       6800     4.7218     1.8924     1.7706 0.0000e+00
    206.000     8.0058   3.592844    34.5892       6821     4.7363     1.8921     1.7703 0.0000e+00
    205.000     8.0063   3.592706    34.5878       6843     4.7517     1.8912     1.7703 0.0000e+00
    204.000     8.0055   3.592556    34.5874       6873     4.7721     1.8903     1.7709 0.0000e+00
    203.000     8.0048   3.592070    34.5834       6907     4.7961     1.8900     1.7718 0.0000e+00
    202.000     8.0034   3.591241    34.5763       6933     4.8140     1.8908     1.7727 0.0000e+00
    201.000     8.0030   3.589941    34.5633       6953     4.8280     1.8926     1.7739 0.0000e+00
    200.000     8.0036   3.589577    34.5593       6973     4.8418     1.8949     1.7747 0.0000e+00
    199.000     8.0050   3.589413    34.5567       6996     4.8579     1.8971     1.7742 0.0000e+00
    198.000     8.0070   3.589160    34.5525       7027     4.8792     1.8993     1.7741 0.0000e+00
    197.000     8.0120   3.588060    34.5363       7060     4.9022     1.8983     1.7739 0.0000e+00
    196.000     8.0235   3.584782    34.4903       7087     4.9207     1.8976     1.7732 0.0000e+00
    195.000     8.0256   3.582931    34.4689       7111     4.9373     1.8975     1.7741 0.0000e+00
    194.000     8.0253   3.582493    34.4649       7136     4.9547     1.8973     1.7750 0.0000e+00
    193.000     8.0247   3.582239    34.4633       7164     4.9743     1.8971     1.7737 0.0000e+00
    192.000     8.0247   3.580443    34.4446       7191     4.9929     1.8957     1.7739 0.0000e+00
    191.000     8.0233   3.572559    34.3621       7213     5.0087     1.8956     1.7747 0.0000e+00
    190.000     8.0282   3.568897    34.3185       7237     5.0250     1.8968     1.7760 0.0000e+00
    189.000     8.0327   3.568565    34.3111       7267     5.0457     1.8983     1.7768 0.0000e+00
    188.000     8.0400   3.566148    34.2785       7297     5.0663     1.9016     1.7790 0.0000e+00
    187.000     8.0449   3.559020    34.1980       7319     5.0822     1.9031     1.7801 0.0000e+00
    186.000     8.0420   3.555889    34.1678       7339     5.0961     1.9036     1.7811 0.0000e+00
    185.000     8.0410   3.555253    34.1626       7361     5.1112     1.9045     1.7826 0.0000e+00
    184.000     8.0385   3.553625    34.1480       7389     5.1307     1.9066     1.7843 0.0000e+00
    183.000     8.0375   3.553017    34.1430       7423     5.1544     1.9079     1.7867 0.0000e+00
    182.000     8.0368   3.552742    34.1412       7451     5.1739     1.9099     1.7880 0.0000e+00
    181.000     8.0352   3.551845    34.1337       7476     5.1912     1.9118     1.7891 0.0000e+00
    180.000     8.0349   3.551800    34.1340       7503     5.2097     1.9133     1.7903 0.0000e+00
    179.000     8.0343   3.551602    34.1328       7531     5.2293     1.9128     1.7908 0.0000e+00
    178.000     8.0340   3.551012    34.1273       7556     5.2464     1.9140     1.7913 0.0000e+00
    177.000     8.0354   3.550740    34.1236       7578     5.2616     1.9144     1.7915 0.0000e+00
    176.000     8.0355   3.550664    34.1231       7600     5.2773     1.9138     1.7922 0.0000e+00
    175.000     8.0363   3.550436    34.1204       7625     5.2945     1.9131     1.7914 0.0000e+00
    174.000     8.0369   3.549823    34.1137       7653     5.3137     1.9130     1.7911 0.0000e+00
    173.000     8.0376   3.549252    34.1074       7680     5.3326     1.9129     1.7896 0.0000e+00
    172.000     8.0431   3.547621    34.0852       7705     5.3502     1.9119     1.7894 0.0000e+00
    171.000     8.0514   3.546700    34.0677       7731     5.3682     1.9099     1.7895 0.0000e+00
    170.000     8.0516   3.545945    34.0599       7761     5.3892     1.9072     1.7877 0.0000e+00
    169.000     8.0466   3.540592    34.0081       7793     5.4110     1.9061     1.7869 0.0000e+00
    168.000     8.0225   3.533148    33.9523       7819     5.4293     1.9055     1.7862 0.0000e+00
    167.000     7.9842   3.524081    33.8930       7842     5.4451     1.9047     1.7846 0.0000e+00
    166.000     7.9855   3.524529    33.8970       7863     5.4600     1.9039     1.7824 0.0000e+00
    165.000     7.9482   3.516885    33.8518       7885     5.4753     1.9026     1.7802 0.0000e+00
    164.000     7.9400   3.514701    33.8368       7910     5.4923     1.9007     1.7771 0.0000e+00
    163.000     7.8936   3.507622    33.8064       7936     5.5106     1.8982     1.7754 0.0000e+00
    162.000     7.8291   3.496108    33.7457       7963     5.5288     1.8969     1.7749 0.0000e+00
    161.000     7.8022   3.489091    33.6968       7989     5.5471     1.8954     1.7732 0.0000e+00
    160.000     7.8197   3.489283    33.6825       8017     5.5669     1.8944     1.7728 0.0000e+00
    159.000     7.8380   3.489789    33.6708       8049     5.5885     1.8982     1.7718 0.0000e+00
    158.000     7.8599   3.490351    33.6561       8076     5.6077     1.9015     1.7734 0.0000e+00
    157.000     7.8753   3.487539    33.6117       8099     5.6236     1.9047     1.7756 0.0000e+00
    156.000     7.8762   3.485233    33.5866       8120     5.6380     1.9088     1.7782 0.0000e+00
    155.000     7.8780   3.483557    33.5674       8141     5.6525     1.9136     1.7822 0.0000e+00
    154.000     7.8781   3.483226    33.5642       8165     5.6692     1.9192     1.7869 0.0000e+00
    153.000     7.8770   3.481746    33.5499       8193     5.6888     1.9234     1.7922 0.0000e+00
    152.000     7.8751   3.480542    33.5394       8223     5.7094     1.9251     1.7970 0.0000e+00
    151.000     7.8685   3.478106    33.5200       8251     5.7292     1.9259     1.7999 0.0000e+00
    150.000     7.8620   3.475803    33.5020       8278     5.7478     1.9279     1.8017 0.0000e+00
    149.000     7.8583   3.474005    33.4869       8303     5.7654     1.9278     1.8036 0.0000e+00
    148.000     7.8559   3.472645    33.4750       8328     5.7828     1.9295     1.8064 0.0000e+00
    147.000     7.8535   3.471687    33.4675       8353     5.7998     1.9336     1.8087 0.0000e+00
    146.000     7.8536   3.470699    33.4574       8375     5.8156     1.9349     1.8106 0.0000e+00
    145.000     7.8519   3.469600    33.4477       8397     5.8308     1.9357     1.8113 0.0000e+00
    144.000     7.8498   3.469060    33.4444       8423     5.8486     1.9380     1.8119 0.0000e+00
    143.000     7.8450   3.466949    33.4268       8456     5.8718     1.9405     1.8128 0.0000e+00
    142.000     7.8446   3.465670    33.4140       8488     5.8941     1.9425     1.8126 0.0000e+00
    141.000     7.8453   3.461855    33.3730       8514     5.9118     1.9437     1.8138 0.0000e+00
    140.000     7.8467   3.460984    33.3627       8536     5.9273     1.9440     1.8150 0.0000e+00
    139.000     7.8518   3.459975    33.3476       8557     5.9415     1.9441     1.8171 0.0000e+00
    138.000     7.8604   3.458986    33.3292       8577     5.9553     1.9447     1.8195 0.0000e+00
    137.000     7.8669   3.458623    33.3197       8598     5.9702     1.9479     1.8226 0.0000e+00
    136.000     7.8722   3.457970    33.3080       8626     5.9893     1.9527     1.8257 0.0000e+00
    135.000     7.8672   3.456186    33.2942       8663     6.0151     1.9563     1.8281 0.0000e+00
    134.000     7.8609   3.455226    33.2904       8697     6.0390     1.9583     1.8305 0.0000e+00
    133.000     7.8285   3.448794    33.2528       8721     6.0556     1.9604     1.8328 0.0000e+00
    132.000     7.8235   3.447542    33.2447       8740     6.0685     1.9615     1.8332 0.0000e+00
    131.000     7.8173   3.446409    33.2389       8757     6.0804     1.9630     1.8339 0.0000e+00
    130.000     7.8134   3.445534    33.2337       8776     6.0937     1.9651     1.8359 0.0000e+00
    129.000     7.8106   3.444977    33.2309       8802     6.1119     1.9682     1.8383 0.0000e+00
    128.000     7.8049   3.443893    33.2252       8839     6.1378     1.9692     1.8415 0.0000e+00
    127.000     7.8027   3.443431    33.2228       8873     6.1610     1.9703     1.8437 0.0000e+00
    126.000     7.7966   3.442040    33.2142       8896     6.1774     1.9704     1.8448 0.0000e+00
    125.000     7.7949   3.441641    33.2120       8917     6.1917     1.9725     1.8459 0.0000e+00
    124.000     7.7922   3.440244    33.2001       8939     6.2067     1.9755     1.8468 0.0000e+00
    123.000     7.7956   3.438952    33.1834       8963     6.2236     1.9768     1.8473 0.0000e+00
    122.000     7.7990   3.436384    33.1532       8990     6.2424     1.9779     1.8481 0.0000e+00
    121.000     7.7966   3.434646    33.1373       9020     6.2629     1.9778     1.8499 0.0000e+00
    120.000     7.7909   3.433271    33.1285       9047     6.2817     1.9786     1.8516 0.0000e+00
    119.000     7.7869   3.432425    33.1236       9070     6.2978     1.9808     1.8530 0.0000e+00
    118.000     7.7841   3.431664    33.1186       9093     6.3138     1.9841     1.8540 0.0000e+00
    117.000     7.7831   3.431041    33.1133       9121     6.3332     1.9876     1.8565 0.0000e+00
    116.000     7.7843   3.430497    33.1069       9153     6.3556     1.9886     1.8600 0.0000e+00
    115.000     7.7888   3.429883    33.0964       9179     6.3735     1.9887     1.8611 0.0000e+00
    114.000     7.7944   3.429586    33.0885       9200     6.3882     1.9902     1.8612 0.0000e+00
    113.000     7.7965   3.429535    33.0864       9220     6.4023     1.9922     1.8618 0.0000e+00
    112.000     7.8005   3.429514    33.0829       9243     6.4183     1.9941     1.8630 0.0000e+00
