HB2407/CTD132.cnv
* Sea-Bird SBE 9 Data File:
* FileName = C:\cruise\data\CTD132.hex
* Software Version Seasave V 7.26.7.121
* Temperature SN = 4591
* Conductivity SN = 6006
* Number of Bytes Per Scan = 37
* Number of Voltage Words = 4
* Number of Scans Averaged by the Deck Unit = 1
* NMEA Latitude = 40 51.77 N
* NMEA Longitude = 066 56.13 W
* NMEA UTC (Time) = Oct 10 2024 22:25:55
* NMEA baud rate = 4800
** Ship: Bigelow HB2407
** Program:  Fall Bottom Trawl Survey
** Chief Scientist: John Galbraith
# nquan = 9
# nvalues = 170                         
# units = specified
# name 0 = depSM: Depth [salt water, m]
# name 1 = t090C: Temperature [ITS-90, deg C]
# name 2 = c0S/m: Conductivity [S/m]
# name 3 = sal00: Salinity, Practical [PSU]
# name 4 = scan: Scan Count
# name 5 = timeM: Time, Elapsed [minutes]
# name 6 = sbeox0V: Oxygen raw, SBE 43 [V]
# name 7 = sbeox1V: Oxygen raw, SBE 43, 2 [V]
# name 8 = flag: flag
# span 0 =      1.000,     87.000       
# span 1 =     6.7342,    16.0791       
# span 2 =   3.321205,   4.034331       
# span 3 =    31.6654,    33.0316       
# span 4 =        206,       6776       
# span 5 =     0.1425,     4.7047       
# span 6 =     2.2290,     2.6500       
# span 7 =     2.0527,     2.4192       
# span 8 = 0.0000e+00, 0.0000e+00       
# interval = meters: 1                  
# start_time = Oct 10 2024 22:25:55 [NMEA time, header]
# bad_flag = -9.990e-29
*END*
      4.000    16.0643   4.032966    31.7789        206     0.1425     2.6039     2.4039 0.0000e+00
      5.000    16.0652   4.033095    31.7790        370     0.2566     2.6065     2.4040 0.0000e+00
      6.000    16.0661   4.033267    31.7794        401     0.2777     2.6074     2.4048 0.0000e+00
      7.000    16.0663   4.033304    31.7792        424     0.2938     2.6078     2.4039 0.0000e+00
      8.000    16.0679   4.033489    31.7792        457     0.3169     2.6046     2.4030 0.0000e+00
      9.000    16.0713   4.033822    31.7790        493     0.3415     2.6074     2.3997 0.0000e+00
     10.000    16.0738   4.034164    31.7796        520     0.3605     2.6040     2.3967 0.0000e+00
     11.000    16.0727   4.034097    31.7796        550     0.3816     2.6037     2.3968 0.0000e+00
     12.000    16.0748   4.034331    31.7796        591     0.4099     2.6053     2.4001 0.0000e+00
     13.000    16.0740   4.034269    31.7793        718     0.4977     2.6052     2.4010 0.0000e+00
     14.000    16.0676   4.033703    31.7790        781     0.5413     2.6022     2.4036 0.0000e+00
     15.000    16.0677   4.033751    31.7790        798     0.5537     2.6040     2.4007 0.0000e+00
     16.000    16.0643   4.033512    31.7793        822     0.5700     2.6026     2.4013 0.0000e+00
     17.000    16.0642   4.033537    31.7792        866     0.6006     2.5970     2.4015 0.0000e+00
     18.000    16.0436   4.031811    31.7802        903     0.6264     2.5985     2.4042 0.0000e+00
     19.000    16.0028   4.028209    31.7808        924     0.6408     2.6012     2.4024 0.0000e+00
     20.000    15.9455   4.023301    31.7832        946     0.6563     2.5999     2.4008 0.0000e+00
     21.000    15.7742   4.008128    31.7864        982     0.6811     2.5967     2.3998 0.0000e+00
     22.000    15.5044   3.984913    31.7975       1017     0.7056     2.5904     2.3961 0.0000e+00
     23.000    15.1548   3.954980    31.8129       1038     0.7203     2.5845     2.3957 0.0000e+00
     24.000    14.8954   3.933199    31.8279       1057     0.7335     2.5819     2.3939 0.0000e+00
     25.000    14.7329   3.919843    31.8397       1079     0.7489     2.5811     2.3909 0.0000e+00
     26.000    14.1712   3.873797    31.8817       1109     0.7697     2.5808     2.3924 0.0000e+00
     27.000    13.4060   3.812273    31.9490       1142     0.7920     2.5702     2.3860 0.0000e+00
     28.000    11.9490   3.696227    32.0843       1166     0.8092     2.5588     2.3794 0.0000e+00
     29.000    10.9897   3.619748    32.1702       1189     0.8248     2.5222     2.3609 0.0000e+00
     30.000    10.4545   3.575772    32.2038       1217     0.8442     2.4835     2.3324 0.0000e+00
     31.000     9.9362   3.532538    32.2285       1262     0.8754     2.4797     2.3195 0.0000e+00
     32.000     9.1415   3.472551    32.3292       1295     0.8986     2.4816     2.3194 0.0000e+00
     33.000     8.7580   3.446100    32.4031       1313     0.9111     2.4696     2.3111 0.0000e+00
     34.000     8.6116   3.434913    32.4199       1329     0.9220     2.4551     2.3002 0.0000e+00
     35.000     8.6897   3.444125    32.4441       1345     0.9335     2.4456     2.2904 0.0000e+00
     36.000     8.7618   3.453172    32.4722       1378     0.9562     2.4485     2.2808 0.0000e+00
     37.000     8.7012   3.449504    32.4890       1432     0.9937     2.4535     2.2735 0.0000e+00
     38.000     8.4340   3.431273    32.5433       1453     1.0084     2.4520     2.2695 0.0000e+00
     39.000     8.2518   3.418082    32.5721       1473     1.0225     2.4451     2.2634 0.0000e+00
     40.000     8.1799   3.412060    32.5747       1510     1.0482     2.4301     2.2515 0.0000e+00
     41.000     8.1091   3.405786    32.5734       1552     1.0773     2.4217     2.2426 0.0000e+00
     42.000     7.9962   3.397775    32.5928       1571     1.0905     2.4195     2.2384 0.0000e+00
     43.000     7.7353   3.379073    32.6362       1587     1.1011     2.4146     2.2344 0.0000e+00
     44.000     7.5755   3.366619    32.6520       1602     1.1120     2.4057     2.2296 0.0000e+00
     45.000     7.5302   3.362734    32.6523       1623     1.1265     2.3922     2.2201 0.0000e+00
     46.000     7.5072   3.359817    32.6420       1677     1.1637     2.3688     2.1969 0.0000e+00
     47.000     7.4934   3.358357    32.6388       1713     1.1888     2.3584     2.1840 0.0000e+00
     48.000     7.4491   3.355344    32.6475       1732     1.2022     2.3561     2.1799 0.0000e+00
     49.000     7.3782   3.350599    32.6625       1758     1.2199     2.3509     2.1736 0.0000e+00
     50.000     7.2991   3.345112    32.6772       1798     1.2481     2.3437     2.1648 0.0000e+00
     51.000     7.1412   3.336194    32.7295       1832     1.2714     2.3372     2.1603 0.0000e+00
     52.000     6.9640   3.331861    32.8503       1855     1.2876     2.3323     2.1569 0.0000e+00
     53.000     6.9541   3.335633    32.9005       1876     1.3022     2.3233     2.1507 0.0000e+00
     54.000     6.9391   3.336912    32.9284       1897     1.3170     2.3144     2.1434 0.0000e+00
     55.000     6.9378   3.336772    32.9276       1922     1.3337     2.3018     2.1322 0.0000e+00
     56.000     6.9389   3.336835    32.9268       1953     1.3554     2.2848     2.1137 0.0000e+00
     57.000     6.9354   3.337084    32.9324       1997     1.3859     2.2672     2.0964 0.0000e+00
     58.000     6.9194   3.336210    32.9377       2031     1.4101     2.2588     2.0879 0.0000e+00
     59.000     6.9174   3.336052    32.9374       2056     1.4272     2.2550     2.0831 0.0000e+00
     60.000     6.9102   3.335607    32.9388       2081     1.4443     2.2514     2.0798 0.0000e+00
     61.000     6.9001   3.335229    32.9440       2111     1.4651     2.2488     2.0768 0.0000e+00
     62.000     6.8941   3.334810    32.9446       2146     1.4899     2.2503     2.0757 0.0000e+00
     63.000     6.8733   3.333633    32.9512       2177     1.5110     2.2487     2.0750 0.0000e+00
     64.000     6.8538   3.332593    32.9580       2201     1.5275     2.2477     2.0736 0.0000e+00
     65.000     6.8334   3.331200    32.9617       2221     1.5419     2.2479     2.0729 0.0000e+00
     66.000     6.8242   3.330768    32.9654       2245     1.5583     2.2478     2.0718 0.0000e+00
     67.000     6.7923   3.329183    32.9782       2279     1.5819     2.2467     2.0692 0.0000e+00
     68.000     6.7501   3.328550    33.0113       2319     1.6098     2.2455     2.0696 0.0000e+00
     69.000     6.7421   3.328829    33.0216       2354     1.6338     2.2442     2.0686 0.0000e+00
     70.000     6.7406   3.328836    33.0227       2383     1.6544     2.2428     2.0680 0.0000e+00
     71.000     6.7401   3.329060    33.0250       2410     1.6728     2.2420     2.0670 0.0000e+00
     72.000     6.7398   3.329239    33.0268       2436     1.6913     2.2410     2.0649 0.0000e+00
     73.000     6.7402   3.329345    33.0271       2463     1.7100     2.2411     2.0638 0.0000e+00
     74.000     6.7392   3.329300    33.0271       2491     1.7292     2.2403     2.0635 0.0000e+00
     75.000     6.7394   3.329311    33.0266       2523     1.7513     2.2374     2.0631 0.0000e+00
     76.000     6.7407   3.329623    33.0283       2555     1.7738     2.2360     2.0620 0.0000e+00
     77.000     6.7405   3.329730    33.0291       2583     1.7932     2.2367     2.0611 0.0000e+00
     78.000     6.7399   3.329769    33.0296       2617     1.8169     2.2355     2.0605 0.0000e+00
     79.000     6.7401   3.329772    33.0290       2659     1.8459     2.2358     2.0581 0.0000e+00
     80.000     6.7399   3.329799    33.0291       2689     1.8667     2.2339     2.0573 0.0000e+00
     81.000     6.7381   3.329784    33.0301       2710     1.8812     2.2325     2.0573 0.0000e+00
     82.000     6.7360   3.329761    33.0314       2732     1.8965     2.2314     2.0568 0.0000e+00
     83.000     6.7370   3.329808    33.0305       2768     1.9218     2.2318     2.0549 0.0000e+00
     84.000     6.7376   3.329834    33.0297       2810     1.9504     2.2323     2.0535 0.0000e+00
     85.000     6.7342   3.329755    33.0316       2839     1.9711     2.2320     2.0537 0.0000e+00
     86.000     6.7350   3.329813    33.0309       2869     1.9918     2.2308     2.0542 0.0000e+00
     87.000     6.7351   3.329829    33.0306       2894     2.0091     2.2301     2.0535 0.0000e+00
     86.000     6.7366   3.329847    33.0298       3031     2.1040     2.2291     2.0552 0.0000e+00
     85.000     6.7365   3.329677    33.0285       3299     2.2900     2.2297     2.0537 0.0000e+00
     84.000     6.7368   3.329618    33.0281       3450     2.3954     2.2308     2.0527 0.0000e+00
     83.000     6.7370   3.329560    33.0278       3520     2.4435     2.2291     2.0558 0.0000e+00
     82.000     6.7367   3.329499    33.0279       3546     2.4616     2.2290     2.0559 0.0000e+00
     81.000     6.7365   3.329446    33.0280       3563     2.4739     2.2295     2.0560 0.0000e+00
     80.000     6.7363   3.329380    33.0279       3580     2.4855     2.2307     2.0561 0.0000e+00
     79.000     6.7360   3.329228    33.0270       3599     2.4983     2.2318     2.0563 0.0000e+00
     78.000     6.7364   3.329076    33.0254       3626     2.5174     2.2323     2.0571 0.0000e+00
     77.000     6.7371   3.328755    33.0217       3666     2.5451     2.2337     2.0577 0.0000e+00
     76.000     6.7377   3.328957    33.0238       3692     2.5630     2.2342     2.0570 0.0000e+00
     75.000     6.7379   3.328917    33.0237       3712     2.5768     2.2350     2.0566 0.0000e+00
     74.000     6.7378   3.328845    33.0235       3731     2.5906     2.2360     2.0562 0.0000e+00
     73.000     6.7375   3.328671    33.0224       3755     2.6069     2.2368     2.0562 0.0000e+00
     72.000     6.7378   3.328554    33.0212       3782     2.6256     2.2372     2.0565 0.0000e+00
     71.000     6.7371   3.328322    33.0199       3807     2.6433     2.2362     2.0574 0.0000e+00
     70.000     6.7371   3.328097    33.0179       3830     2.6588     2.2365     2.0582 0.0000e+00
     69.000     6.7424   3.327720    33.0091       3851     2.6740     2.2370     2.0585 0.0000e+00
     68.000     6.7594   3.327404    32.9897       3876     2.6907     2.2377     2.0596 0.0000e+00
     67.000     6.7917   3.328011    32.9659       3904     2.7101     2.2401     2.0601 0.0000e+00
     66.000     6.8245   3.329437    32.9505       3937     2.7332     2.2439     2.0624 0.0000e+00
     65.000     6.8487   3.330798    32.9427       3975     2.7598     2.2464     2.0676 0.0000e+00
     64.000     6.8653   3.331570    32.9357       4005     2.7803     2.2474     2.0698 0.0000e+00
     63.000     6.8807   3.332400    32.9305       4025     2.7948     2.2482     2.0702 0.0000e+00
     62.000     6.8902   3.332956    32.9281       4045     2.8083     2.2491     2.0706 0.0000e+00
     61.000     6.8993   3.333328    32.9239       4067     2.8235     2.2494     2.0706 0.0000e+00
     60.000     6.9060   3.333578    32.9207       4095     2.8428     2.2498     2.0707 0.0000e+00
     59.000     6.9117   3.333802    32.9181       4127     2.8649     2.2477     2.0719 0.0000e+00
     58.000     6.9214   3.334205    32.9138       4156     2.8854     2.2482     2.0710 0.0000e+00
     57.000     6.9286   3.334473    32.9103       4185     2.9057     2.2484     2.0711 0.0000e+00
     56.000     6.9337   3.334471    32.9058       4220     2.9296     2.2483     2.0728 0.0000e+00
     55.000     6.9352   3.334219    32.9022       4257     2.9555     2.2498     2.0737 0.0000e+00
     54.000     6.9345   3.333953    32.9004       4286     2.9760     2.2500     2.0729 0.0000e+00
     53.000     6.9338   3.333780    32.8997       4316     2.9966     2.2506     2.0735 0.0000e+00
     52.000     6.9408   3.332780    32.8825       4352     3.0212     2.2518     2.0747 0.0000e+00
     51.000     6.9225   3.324947    32.8147       4381     3.0413     2.2536     2.0745 0.0000e+00
     50.000     6.9370   3.321205    32.7604       4406     3.0592     2.2561     2.0754 0.0000e+00
     49.000     7.1451   3.331430    32.6749       4436     3.0796     2.2677     2.0821 0.0000e+00
     48.000     7.2752   3.339569    32.6407       4465     3.1001     2.2868     2.0968 0.0000e+00
     47.000     7.3945   3.346909    32.6082       4496     3.1212     2.3063     2.1118 0.0000e+00
     46.000     7.4599   3.351580    32.5976       4533     3.1474     2.3228     2.1288 0.0000e+00
     45.000     7.4846   3.353529    32.5959       4569     3.1725     2.3323     2.1411 0.0000e+00
     44.000     7.5113   3.355449    32.5920       4600     3.1936     2.3378     2.1474 0.0000e+00
     43.000     7.5552   3.358707    32.5864       4630     3.2144     2.3430     2.1524 0.0000e+00
     42.000     7.6348   3.364458    32.5741       4662     3.2365     2.3482     2.1573 0.0000e+00
     41.000     7.7928   3.375783    32.5482       4694     3.2590     2.3564     2.1629 0.0000e+00
     40.000     8.0171   3.391423    32.5068       4722     3.2784     2.3665     2.1698 0.0000e+00
     39.000     8.1376   3.400899    32.4960       4746     3.2948     2.3797     2.1779 0.0000e+00
     38.000     8.1984   3.405525    32.4892       4775     3.3150     2.3936     2.1898 0.0000e+00
     37.000     8.3547   3.416989    32.4664       4838     3.3589     2.4142     2.2160 0.0000e+00
     36.000     8.5872   3.432438    32.4153       4868     3.3796     2.4221     2.2229 0.0000e+00
     35.000     8.6440   3.436205    32.4033       4888     3.3937     2.4313     2.2300 0.0000e+00
     34.000     8.6729   3.437504    32.3908       4909     3.4081     2.4383     2.2345 0.0000e+00
     33.000     8.6664   3.435560    32.3769       4943     3.4318     2.4439     2.2421 0.0000e+00
     32.000     8.5735   3.423128    32.3321       4992     3.4658     2.4463     2.2508 0.0000e+00
     31.000     8.6628   3.426197    32.2831       5025     3.4892     2.4449     2.2500 0.0000e+00
     30.000     9.1990   3.461109    32.1600       5068     3.5185     2.4632     2.2545 0.0000e+00
     29.000    10.2273   3.537066    32.0166       5104     3.5434     2.4911     2.2686 0.0000e+00
     28.000    10.7602   3.580815    31.9861       5130     3.5618     2.5212     2.2896 0.0000e+00
     27.000    11.3779   3.632516    31.9585       5162     3.5844     2.5524     2.3156 0.0000e+00
     26.000    12.1958   3.694718    31.8601       5208     3.6158     2.5846     2.3423 0.0000e+00
     25.000    13.7192   3.816887    31.7318       5239     3.6378     2.5977     2.3537 0.0000e+00
     24.000    14.1882   3.860140    31.7433       5269     3.6581     2.6273     2.3835 0.0000e+00
     23.000    14.4414   3.884340    31.7569       5310     3.6865     2.6363     2.4017 0.0000e+00
     22.000    15.0656   3.930430    31.6654       5344     3.7104     2.6290     2.4039 0.0000e+00
     21.000    15.5663   3.977310    31.6805       5364     3.7246     2.6358     2.4079 0.0000e+00
     20.000    15.7054   3.992026    31.6997       5384     3.7383     2.6500     2.4182 0.0000e+00
     19.000    15.8255   4.004289    31.7121       5407     3.7544     2.6484     2.4192 0.0000e+00
     18.000    15.8650   4.009176    31.7240       5445     3.7807     2.6270     2.4127 0.0000e+00
     17.000    15.9496   4.016974    31.7253       5485     3.8086     2.6173     2.4038 0.0000e+00
     16.000    15.9833   4.021106    31.7351       5510     3.8255     2.6150     2.4018 0.0000e+00
     15.000    16.0119   4.024042    31.7383       5531     3.8401     2.6145     2.4039 0.0000e+00
     14.000    16.0312   4.026025    31.7407       5554     3.8563     2.6124     2.4028 0.0000e+00
     13.000    16.0553   4.028852    31.7467       5591     3.8821     2.6071     2.3977 0.0000e+00
     12.000    16.0510   4.028690    31.7491       5634     3.9120     2.6011     2.3984 0.0000e+00
     11.000    16.0604   4.029901    31.7525       5657     3.9280     2.6032     2.4004 0.0000e+00
