HB2407/CTD162.cnv
* Sea-Bird SBE 9 Data File:
* FileName = C:\cruise\data\CTD162.hex
* Software Version Seasave V 7.26.7.121
* Temperature SN = 4591
* Conductivity SN = 6006
* Number of Bytes Per Scan = 37
* Number of Voltage Words = 4
* Number of Scans Averaged by the Deck Unit = 1
* NMEA Latitude = 42 22.06 N
* NMEA Longitude = 068 19.23 W
* NMEA UTC (Time) = Oct 18 2024 13:21:52
* NMEA baud rate = 4800
** Ship: Bigelow HB2407
** Program:  Fall Bottom Trawl Survey
** Chief Scientist: John Galbraith
# nquan = 9
# nvalues = 387                         
# units = specified
# name 0 = depSM: Depth [salt water, m]
# name 1 = t090C: Temperature [ITS-90, deg C]
# name 2 = c0S/m: Conductivity [S/m]
# name 3 = sal00: Salinity, Practical [PSU]
# name 4 = scan: Scan Count
# name 5 = timeM: Time, Elapsed [minutes]
# name 6 = sbeox0V: Oxygen raw, SBE 43 [V]
# name 7 = sbeox1V: Oxygen raw, SBE 43, 2 [V]
# name 8 = flag: flag
# span 0 =      4.000,    197.000       
# span 1 =     6.7805,    13.8572       
# span 2 =   3.281495,   3.844561       
# span 3 =    31.8638,    34.5956       
# span 4 =        420,      13104       
# span 5 =     0.2912,     9.0997       
# span 6 =     1.7917,     2.5331       
# span 7 =     1.6638,     2.3429       
# span 8 = 0.0000e+00, 0.0000e+00       
# interval = meters: 1                  
# start_time = Oct 18 2024 13:21:52 [NMEA time, header]
# bad_flag = -9.990e-29
*END*
[from data line 161]
    165.000     7.7957   3.504669    33.8685       5502     3.8201     1.9204     1.7773 0.0000e+00
    166.000     7.7840   3.504237    33.8747       5523     3.8349     1.9169     1.7752 0.0000e+00
    167.000     7.7775   3.504385    33.8822       5606     3.8925     1.8888     1.7524 0.0000e+00
    168.000     7.7804   3.506622    33.9029       5645     3.9195     1.8726     1.7387 0.0000e+00
    169.000     7.8233   3.518038    33.9834       5659     3.9291     1.8701     1.7357 0.0000e+00
    170.000     7.9104   3.538849    34.1214       5674     3.9395     1.8675     1.7322 0.0000e+00
    171.000     7.9497   3.549118    34.1927       5692     3.9519     1.8630     1.7275 0.0000e+00
    172.000     7.9518   3.550408    34.2040       5771     4.0071     1.8195     1.6890 0.0000e+00
    173.000     7.9684   3.554917    34.2356       5817     4.0389     1.8055     1.6744 0.0000e+00
    174.000     8.0339   3.572511    34.3593       5833     4.0499     1.8024     1.6717 0.0000e+00
    175.000     8.0715   3.582597    34.4298       5849     4.0614     1.8004     1.6700 0.0000e+00
    176.000     8.0926   3.588314    34.4697       5874     4.0787     1.8005     1.6694 0.0000e+00
    177.000     8.1049   3.591747    34.4939       5945     4.1280     1.8097     1.6755 0.0000e+00
    178.000     8.1112   3.593463    34.5055       5970     4.1452     1.8132     1.6802 0.0000e+00
    179.000     8.1187   3.595478    34.5193       5990     4.1591     1.8143     1.6819 0.0000e+00
    180.000     8.1327   3.599214    34.5449       6017     4.1780     1.8150     1.6848 0.0000e+00
    181.000     8.1439   3.601997    34.5631       6060     4.2079     1.8182     1.6864 0.0000e+00
    182.000     8.1490   3.603278    34.5713       6098     4.2337     1.8208     1.6890 0.0000e+00
    183.000     8.1535   3.604320    34.5775       6123     4.2512     1.8218     1.6916 0.0000e+00
    184.000     8.1552   3.604760    34.5800       6144     4.2663     1.8231     1.6941 0.0000e+00
    185.000     8.1565   3.605080    34.5817       6170     4.2839     1.8267     1.6976 0.0000e+00
    186.000     8.1586   3.605554    34.5842       6219     4.3180     1.8321     1.7027 0.0000e+00
    187.000     8.1604   3.605986    34.5865       6257     4.3442     1.8352     1.7056 0.0000e+00
    188.000     8.1610   3.606134    34.5870       6277     4.3586     1.8381     1.7079 0.0000e+00
    189.000     8.1608   3.606148    34.5869       6297     4.3725     1.8401     1.7098 0.0000e+00
    190.000     8.1622   3.606462    34.5884       6325     4.3919     1.8410     1.7120 0.0000e+00
    191.000     8.1626   3.606592    34.5890       6377     4.4278     1.8406     1.7143 0.0000e+00
    192.000     8.1634   3.606793    34.5898       6415     4.4543     1.8417     1.7160 0.0000e+00
    193.000     8.1642   3.607073    34.5915       6449     4.4778     1.8418     1.7168 0.0000e+00
    194.000     8.1667   3.607729    34.5956       6482     4.5005     1.8427     1.7166 0.0000e+00
    195.000     8.1666   3.607729    34.5952       6512     4.5213     1.8447     1.7173 0.0000e+00
    196.000     8.1665   3.607753    34.5951       6552     4.5490     1.8425     1.7178 0.0000e+00
    197.000     8.1667   3.607804    34.5949       6610     4.5899     1.8434     1.7142 0.0000e+00
    196.000     8.1661   3.607637    34.5943       6854     4.7589     1.8445     1.7104 0.0000e+00
    195.000     8.1662   3.607605    34.5943       7069     4.9086     1.8449     1.7102 0.0000e+00
    194.000     8.1661   3.607531    34.5941       7086     4.9204     1.8446     1.7109 0.0000e+00
    193.000     8.1654   3.607341    34.5932       7118     4.9426     1.8461     1.7114 0.0000e+00
    192.000     8.1650   3.607194    34.5925       7155     4.9680     1.8474     1.7105 0.0000e+00
    191.000     8.1644   3.607013    34.5916       7176     4.9826     1.8486     1.7104 0.0000e+00
    190.000     8.1636   3.606803    34.5907       7193     4.9947     1.8493     1.7109 0.0000e+00
    189.000     8.1630   3.606686    34.5905       7212     5.0078     1.8503     1.7117 0.0000e+00
    188.000     8.1613   3.606360    34.5892       7237     5.0251     1.8506     1.7110 0.0000e+00
    187.000     8.1605   3.606163    34.5883       7264     5.0435     1.8488     1.7116 0.0000e+00
    186.000     8.1596   3.605935    34.5873       7287     5.0594     1.8463     1.7114 0.0000e+00
    185.000     8.1587   3.605699    34.5862       7309     5.0752     1.8448     1.7100 0.0000e+00
    184.000     8.1581   3.605560    34.5857       7336     5.0934     1.8441     1.7093 0.0000e+00
    183.000     8.1564   3.605189    34.5839       7369     5.1164     1.8411     1.7076 0.0000e+00
    182.000     8.1515   3.604157    34.5782       7401     5.1388     1.8389     1.7058 0.0000e+00
    181.000     8.1464   3.602875    34.5701       7426     5.1563     1.8370     1.7058 0.0000e+00
    180.000     8.1409   3.601543    34.5617       7448     5.1714     1.8360     1.7062 0.0000e+00
    179.000     8.1305   3.598927    34.5445       7468     5.1852     1.8352     1.7052 0.0000e+00
    178.000     8.1191   3.595935    34.5241       7486     5.1977     1.8331     1.7027 0.0000e+00
    177.000     8.1153   3.594769    34.5160       7504     5.2102     1.8294     1.7003 0.0000e+00
    176.000     8.1059   3.592391    34.5003       7525     5.2252     1.8253     1.6973 0.0000e+00
    175.000     8.0917   3.588516    34.4733       7571     5.2570     1.8210     1.6909 0.0000e+00
    174.000     8.0626   3.580819    34.4201       7610     5.2842     1.8181     1.6853 0.0000e+00
    173.000     8.0214   3.570508    34.3506       7629     5.2975     1.8158     1.6832 0.0000e+00
    172.000     7.9793   3.558216    34.2607       7646     5.3092     1.8143     1.6817 0.0000e+00
    171.000     7.9673   3.554559    34.2338       7663     5.3206     1.8129     1.6797 0.0000e+00
    170.000     7.9568   3.551854    34.2156       7680     5.3327     1.8100     1.6771 0.0000e+00
    169.000     7.9129   3.541640    34.1494       7702     5.3480     1.8049     1.6736 0.0000e+00
    168.000     7.8353   3.520823    34.0021       7740     5.3743     1.7950     1.6673 0.0000e+00
    167.000     7.7876   3.507298    33.9037       7784     5.4046     1.7917     1.6638 0.0000e+00
    166.000     7.7838   3.505161    33.8849       7810     5.4229     1.8006     1.6670 0.0000e+00
    165.000     7.7865   3.504818    33.8790       7830     5.4370     1.8091     1.6733 0.0000e+00
    164.000     7.7941   3.504994    33.8740       7849     5.4498     1.8192     1.6813 0.0000e+00
    163.000     7.7991   3.505088    33.8707       7869     5.4637     1.8324     1.6914 0.0000e+00
    162.000     7.8059   3.505438    33.8683       7895     5.4822     1.8493     1.7059 0.0000e+00
    161.000     7.8088   3.505558    33.8673       7931     5.5072     1.8712     1.7251 0.0000e+00
    160.000     7.8193   3.505972    33.8620       7968     5.5328     1.8854     1.7410 0.0000e+00
    159.000     7.8239   3.506084    33.8593       7999     5.5539     1.8944     1.7503 0.0000e+00
    158.000     7.8256   3.505942    33.8566       8025     5.5719     1.9021     1.7587 0.0000e+00
    157.000     7.8240   3.505327    33.8520       8049     5.5887     1.9099     1.7656 0.0000e+00
    156.000     7.8180   3.503933    33.8433       8074     5.6062     1.9164     1.7724 0.0000e+00
    155.000     7.8083   3.501355    33.8255       8100     5.6245     1.9214     1.7776 0.0000e+00
    154.000     7.7981   3.496994    33.7890       8130     5.6450     1.9253     1.7807 0.0000e+00
    153.000     7.7918   3.494780    33.7719       8168     5.6713     1.9279     1.7843 0.0000e+00
    152.000     7.7786   3.491665    33.7516       8202     5.6950     1.9300     1.7875 0.0000e+00
    151.000     7.7698   3.489653    33.7389       8227     5.7123     1.9315     1.7907 0.0000e+00
    150.000     7.7628   3.488492    33.7338       8248     5.7270     1.9332     1.7932 0.0000e+00
    149.000     7.7401   3.484854    33.7171       8274     5.7453     1.9353     1.7954 0.0000e+00
    148.000     7.7231   3.482114    33.7045       8310     5.7701     1.9394     1.7972 0.0000e+00
    147.000     7.6819   3.475882    33.6778       8338     5.7897     1.9408     1.7993 0.0000e+00
    146.000     7.6553   3.471794    33.6599       8362     5.8062     1.9425     1.7995 0.0000e+00
    145.000     7.6200   3.466606    33.6386       8394     5.8283     1.9445     1.8006 0.0000e+00
    144.000     7.5619   3.458660    33.6095       8432     5.8547     1.9479     1.8020 0.0000e+00
    143.000     7.5122   3.450255    33.5672       8456     5.8716     1.9479     1.8013 0.0000e+00
    142.000     7.5060   3.449009    33.5602       8484     5.8912     1.9453     1.8017 0.0000e+00
    141.000     7.5020   3.448201    33.5558       8523     5.9178     1.9462     1.8021 0.0000e+00
    140.000     7.4943   3.447103    33.5518       8553     5.9387     1.9477     1.8027 0.0000e+00
    139.000     7.4658   3.443344    33.5392       8580     5.9579     1.9482     1.8026 0.0000e+00
    138.000     7.4414   3.439771    33.5245       8608     5.9774     1.9485     1.8033 0.0000e+00
    137.000     7.4015   3.434415    33.5056       8639     5.9986     1.9433     1.8020 0.0000e+00
    136.000     7.3854   3.432041    33.4959       8673     6.0224     1.9333     1.7978 0.0000e+00
    135.000     7.3700   3.429646    33.4853       8707     6.0457     1.9231     1.7898 0.0000e+00
    134.000     7.3487   3.426389    33.4710       8745     6.0721     1.9148     1.7800 0.0000e+00
    133.000     7.3252   3.422450    33.4514       8779     6.0955     1.9062     1.7717 0.0000e+00
    132.000     7.3028   3.418628    33.4321       8806     6.1143     1.8989     1.7648 0.0000e+00
    131.000     7.2892   3.415850    33.4155       8833     6.1330     1.8929     1.7577 0.0000e+00
    130.000     7.2819   3.414306    33.4063       8862     6.1532     1.8871     1.7512 0.0000e+00
    129.000     7.2792   3.413532    33.4009       8898     6.1787     1.8809     1.7450 0.0000e+00
    128.000     7.2807   3.413160    33.3959       8936     6.2050     1.8809     1.7411 0.0000e+00
    127.000     7.2844   3.413163    33.3928       8962     6.2229     1.8825     1.7405 0.0000e+00
    126.000     7.2868   3.412956    33.3888       8984     6.2383     1.8835     1.7382 0.0000e+00
    125.000     7.2655   3.408370    33.3599       9015     6.2594     1.8863     1.7406 0.0000e+00
    124.000     7.2439   3.404136    33.3353       9080     6.3048     1.9003     1.7550 0.0000e+00
    123.000     7.1885   3.396742    33.3086       9102     6.3201     1.9063     1.7607 0.0000e+00
    122.000     7.1501   3.390228    33.2752       9118     6.3311     1.9088     1.7629 0.0000e+00
    121.000     7.1250   3.385432    33.2476       9134     6.3423     1.9100     1.7642 0.0000e+00
    120.000     7.1065   3.380847    33.2159       9154     6.3565     1.9059     1.7638 0.0000e+00
    119.000     7.0985   3.374864    33.1588       9229     6.4086     1.8895     1.7486 0.0000e+00
    118.000     7.1017   3.374973    33.1574       9264     6.4327     1.8948     1.7519 0.0000e+00
    117.000     7.1132   3.374562    33.1424       9276     6.4413     1.8967     1.7544 0.0000e+00
    116.000     7.1130   3.372360    33.1190       9289     6.4498     1.8984     1.7565 0.0000e+00
    115.000     7.1071   3.369700    33.0962       9303     6.4598     1.9003     1.7588 0.0000e+00
    114.000     7.0957   3.364081    33.0463       9358     6.4977     1.9210     1.7724 0.0000e+00
    113.000     7.0979   3.362176    33.0239       9420     6.5407     1.9466     1.7957 0.0000e+00
    112.000     7.0848   3.359604    33.0089       9436     6.5519     1.9500     1.8007 0.0000e+00
    111.000     7.0515   3.354416    32.9846       9451     6.5627     1.9527     1.8049 0.0000e+00
    110.000     6.9915   3.346260    32.9534       9470     6.5755     1.9558     1.8083 0.0000e+00
    109.000     6.9414   3.336356    32.8936       9510     6.6034     1.9645     1.8143 0.0000e+00
    108.000     6.9130   3.330659    32.8589       9565     6.6414     1.9798     1.8262 0.0000e+00
    107.000     6.9053   3.329025    32.8488       9592     6.6601     1.9864     1.8335 0.0000e+00
    106.000     6.9024   3.328267    32.8437       9614     6.6758     1.9909     1.8389 0.0000e+00
    105.000     6.9000   3.327633    32.8396       9640     6.6936     1.9945     1.8448 0.0000e+00
    104.000     6.8931   3.326434    32.8336       9675     6.7183     1.9992     1.8494 0.0000e+00
    103.000     6.8743   3.322181    32.8054       9710     6.7421     2.0024     1.8530 0.0000e+00
    102.000     6.8804   3.320477    32.7814       9736     6.7601     2.0034     1.8543 0.0000e+00
    101.000     6.8814   3.319045    32.7652       9769     6.7832     2.0067     1.8566 0.0000e+00
    100.000     6.8596   3.315037    32.7426       9821     6.8195     2.0157     1.8639 0.0000e+00
     99.000     6.8310   3.310422    32.7197       9843     6.8350     2.0192     1.8668 0.0000e+00
     98.000     6.8284   3.309918    32.7172       9859     6.8457     2.0209     1.8682 0.0000e+00
     97.000     6.8273   3.309799    32.7174       9874     6.8563     2.0229     1.8702 0.0000e+00
     96.000     6.8147   3.307683    32.7067       9894     6.8703     2.0264     1.8731 0.0000e+00
     95.000     6.8015   3.299890    32.6342       9981     6.9303     2.0343     1.8814 0.0000e+00
     94.000     6.8539   3.304972    32.6406      10009     6.9500     2.0413     1.8859 0.0000e+00
     93.000     6.8768   3.307227    32.6441      10023     6.9598     2.0443     1.8887 0.0000e+00
     92.000     6.8975   3.308983    32.6441      10036     6.9687     2.0473     1.8914 0.0000e+00
     91.000     6.8794   3.307041    32.6405      10049     6.9778     2.0505     1.8937 0.0000e+00
     90.000     6.8153   3.298833    32.6120      10065     6.9888     2.0530     1.8961 0.0000e+00
     89.000     6.8789   3.299614    32.5607      10122     7.0288     2.0607     1.9036 0.0000e+00
     88.000     6.9080   3.300896    32.5476      10178     7.0674     2.0717     1.9112 0.0000e+00
     87.000     6.9316   3.302387    32.5420      10196     7.0796     2.0728     1.9147 0.0000e+00
     86.000     6.8907   3.296677    32.5188      10213     7.0918     2.0740     1.9181 0.0000e+00
     85.000     6.8185   3.287125    32.4830      10235     7.1066     2.0740     1.9204 0.0000e+00
     84.000     6.7894   3.281495    32.4493      10264     7.1272     2.0757     1.9225 0.0000e+00
     83.000     6.8041   3.281511    32.4360      10304     7.1549     2.0843     1.9287 0.0000e+00
     82.000     6.9124   3.288966    32.4160      10339     7.1795     2.0958     1.9363 0.0000e+00
     81.000     6.9046   3.287357    32.4061      10368     7.1995     2.1033     1.9442 0.0000e+00
     80.000     6.9220   3.286764    32.3838      10396     7.2185     2.1072     1.9488 0.0000e+00
     79.000     6.9786   3.289639    32.3624      10423     7.2373     2.1121     1.9529 0.0000e+00
     78.000     7.0259   3.292408    32.3486      10448     7.2547     2.1149     1.9556 0.0000e+00
     77.000     7.0533   3.294809    32.3495      10471     7.2706     2.1187     1.9597 0.0000e+00
     76.000     7.0843   3.297332    32.3484      10496     7.2884     2.1233     1.9637 0.0000e+00
     75.000     7.1151   3.300356    32.3528      10538     7.3174     2.1303     1.9680 0.0000e+00
     74.000     7.1453   3.302759    32.3511      10578     7.3450     2.1370     1.9706 0.0000e+00
     73.000     7.1627   3.304336    32.3524      10596     7.3577     2.1393     1.9725 0.0000e+00
     72.000     7.1925   3.306135    32.3445      10612     7.3686     2.1414     1.9749 0.0000e+00
     71.000     7.3213   3.314750    32.3179      10628     7.3799     2.1431     1.9775 0.0000e+00
