HB2407/CTD193.cnv
* Sea-Bird SBE 9 Data File:
* FileName = C:\cruise\data\CTD193.hex
* Software Version Seasave V 7.26.7.121
* Temperature SN = 4591
* Conductivity SN = 6006
* Number of Bytes Per Scan = 37
* Number of Voltage Words = 4
* Number of Scans Averaged by the Deck Unit = 1
* NMEA Latitude = 42 37.25 N
* NMEA Longitude = 067 05.04 W
* NMEA UTC (Time) = Nov 02 2024 00:09:22
* NMEA baud rate = 4800
** Ship: Bigelow HB2407
** Program:  Fall Bottom Trawl Survey
** Chief Scientist: John Galbraith
# nquan = 9
# nvalues = 576                         
# units = specified
# name 0 = depSM: Depth [salt water, m]
# name 1 = t090C: Temperature [ITS-90, deg C]
# name 2 = c0S/m: Conductivity [S/m]
# name 3 = sal00: Salinity, Practical [PSU]
# name 4 = scan: Scan Count
# name 5 = timeM: Time, Elapsed [minutes]
# name 6 = sbeox0V: Oxygen raw, SBE 43 [V]
# name 7 = sbeox1V: Oxygen raw, SBE 43, 2 [V]
# name 8 = flag: flag
# span 0 =      2.000,    290.000       
# span 1 =     7.5493,    12.5273       
# span 2 =   3.403259,   3.753333       
# span 3 =    32.1367,    34.7884       
# span 4 =         35,      17945       
# span 5 =     0.0238,    12.4612       
# span 6 =     1.8284,     2.5589       
# span 7 =     1.7106,     2.3914       
# span 8 = 0.0000e+00, 0.0000e+00       
# interval = meters: 1                  
# start_time = Nov 02 2024 00:09:22 [NMEA time, header]
# bad_flag = -9.990e-29
*END*
[from data line 321]
    256.000     7.9179   3.603629    34.7678      10085     7.0031     1.8397     1.7218 0.0000e+00
    255.000     7.9175   3.603205    34.7641      10109     7.0191     1.8404     1.7204 0.0000e+00
    254.000     7.9172   3.603405    34.7670      10144     7.0436     1.8411     1.7210 0.0000e+00
    253.000     7.9168   3.603293    34.7667      10183     7.0707     1.8403     1.7204 0.0000e+00
    252.000     7.9160   3.603056    34.7654      10210     7.0898     1.8390     1.7201 0.0000e+00
    251.000     7.9161   3.602984    34.7650      10231     7.1042     1.8389     1.7208 0.0000e+00
    250.000     7.9150   3.602750    34.7641      10250     7.1175     1.8399     1.7213 0.0000e+00
    249.000     7.9145   3.602586    34.7633      10272     7.1327     1.8417     1.7201 0.0000e+00
    248.000     7.9138   3.602429    34.7628      10309     7.1580     1.8426     1.7208 0.0000e+00
    247.000     7.9135   3.602292    34.7621      10348     7.1856     1.8423     1.7221 0.0000e+00
    246.000     7.9127   3.602105    34.7614      10369     7.2000     1.8421     1.7233 0.0000e+00
    245.000     7.9124   3.601981    34.7608      10386     7.2121     1.8428     1.7241 0.0000e+00
    244.000     7.9120   3.601807    34.7599      10406     7.2260     1.8435     1.7238 0.0000e+00
    243.000     7.9121   3.601668    34.7588      10443     7.2516     1.8455     1.7229 0.0000e+00
    242.000     7.9123   3.601576    34.7580      10480     7.2773     1.8474     1.7237 0.0000e+00
    241.000     7.9128   3.601363    34.7558      10500     7.2909     1.8474     1.7241 0.0000e+00
    240.000     7.9125   3.601196    34.7548      10518     7.3037     1.8470     1.7241 0.0000e+00
    239.000     7.9119   3.600933    34.7530      10544     7.3216     1.8464     1.7250 0.0000e+00
    238.000     7.9106   3.600544    34.7506      10588     7.3524     1.8481     1.7258 0.0000e+00
    237.000     7.9082   3.600135    34.7491      10616     7.3714     1.8489     1.7274 0.0000e+00
    236.000     7.9054   3.599576    34.7463      10634     7.3843     1.8504     1.7276 0.0000e+00
    235.000     7.9028   3.599127    34.7446      10654     7.3978     1.8523     1.7289 0.0000e+00
    234.000     7.9003   3.598753    34.7436      10687     7.4207     1.8534     1.7312 0.0000e+00
    233.000     7.8974   3.598245    34.7414      10740     7.4577     1.8560     1.7341 0.0000e+00
    232.000     7.8965   3.597989    34.7400      10767     7.4764     1.8570     1.7348 0.0000e+00
    231.000     7.8955   3.597681    34.7382      10789     7.4918     1.8586     1.7359 0.0000e+00
    230.000     7.8959   3.597589    34.7374      10814     7.5092     1.8597     1.7371 0.0000e+00
    229.000     7.8963   3.597468    34.7361      10845     7.5303     1.8607     1.7391 0.0000e+00
    228.000     7.8968   3.597460    34.7361      10881     7.5554     1.8620     1.7404 0.0000e+00
    227.000     7.9061   3.597807    34.7310      10909     7.5750     1.8630     1.7422 0.0000e+00
    226.000     7.9183   3.598638    34.7283      10930     7.5897     1.8632     1.7433 0.0000e+00
    225.000     7.9478   3.600501    34.7196      10948     7.6022     1.8635     1.7436 0.0000e+00
    224.000     7.9712   3.602081    34.7138      10966     7.6149     1.8657     1.7451 0.0000e+00
    223.000     7.9517   3.599905    34.7103      10989     7.6304     1.8701     1.7488 0.0000e+00
    222.000     7.8999   3.592979    34.6877      11029     7.6581     1.8774     1.7550 0.0000e+00
    221.000     7.8880   3.591194    34.6808      11067     7.6848     1.8789     1.7597 0.0000e+00
    220.000     7.8633   3.587360    34.6645      11087     7.6984     1.8795     1.7619 0.0000e+00
    219.000     7.8649   3.587146    34.6612      11104     7.7101     1.8817     1.7637 0.0000e+00
    218.000     7.8631   3.586492    34.6564      11121     7.7221     1.8837     1.7652 0.0000e+00
    217.000     7.8649   3.586502    34.6552      11143     7.7374     1.8856     1.7678 0.0000e+00
    216.000     7.9113   3.590110    34.6485      11185     7.7665     1.8915     1.7726 0.0000e+00
    215.000     7.9333   3.592097    34.6486      11225     7.7947     1.8966     1.7760 0.0000e+00
    214.000     7.9152   3.588821    34.6318      11244     7.8076     1.8984     1.7776 0.0000e+00
    213.000     7.9155   3.588189    34.6252      11260     7.8185     1.9000     1.7782 0.0000e+00
    212.000     7.9135   3.587455    34.6198      11274     7.8288     1.9015     1.7789 0.0000e+00
    211.000     7.9107   3.586403    34.6117      11292     7.8407     1.9040     1.7797 0.0000e+00
    210.000     7.9597   3.590345    34.6060      11324     7.8629     1.9054     1.7825 0.0000e+00
    209.000     8.0338   3.596527    34.5996      11377     7.8999     1.9108     1.7875 0.0000e+00
    208.000     8.0498   3.596519    34.5843      11396     7.9134     1.9110     1.7878 0.0000e+00
    207.000     8.0487   3.596218    34.5826      11413     7.9247     1.9118     1.7875 0.0000e+00
    206.000     8.0507   3.595583    34.5743      11430     7.9365     1.9122     1.7870 0.0000e+00
    205.000     8.0506   3.595337    34.5722      11453     7.9527     1.9123     1.7874 0.0000e+00
    204.000     8.0538   3.594192    34.5573      11492     7.9800     1.9122     1.7895 0.0000e+00
    203.000     8.0611   3.594325    34.5521      11526     8.0038     1.9140     1.7901 0.0000e+00
    202.000     8.0708   3.594597    34.5458      11548     8.0185     1.9153     1.7912 0.0000e+00
    201.000     8.0773   3.595042    34.5447      11566     8.0313     1.9172     1.7935 0.0000e+00
    200.000     8.0762   3.594636    34.5420      11585     8.0441     1.9189     1.7964 0.0000e+00
    199.000     8.0705   3.593716    34.5382      11605     8.0581     1.9209     1.7983 0.0000e+00
    198.000     8.0680   3.592780    34.5311      11632     8.0768     1.9247     1.8007 0.0000e+00
    197.000     8.0939   3.593213    34.5107      11681     8.1114     1.9316     1.8046 0.0000e+00
    196.000     8.1094   3.592845    34.4920      11726     8.1424     1.9358     1.8102 0.0000e+00
    195.000     8.0997   3.591125    34.4837      11746     8.1559     1.9372     1.8107 0.0000e+00
    194.000     8.0858   3.589427    34.4797      11761     8.1670     1.9384     1.8112 0.0000e+00
    193.000     8.0593   3.585365    34.4628      11777     8.1779     1.9393     1.8127 0.0000e+00
    192.000     8.0572   3.584616    34.4573      11796     8.1911     1.9414     1.8143 0.0000e+00
    191.000     8.0568   3.582972    34.4406      11837     8.2197     1.9492     1.8204 0.0000e+00
    190.000     8.0576   3.582203    34.4320      11882     8.2508     1.9532     1.8269 0.0000e+00
    189.000     8.0585   3.581725    34.4266      11899     8.2628     1.9569     1.8293 0.0000e+00
    188.000     8.0584   3.581554    34.4253      11915     8.2736     1.9605     1.8323 0.0000e+00
    187.000     8.0613   3.581127    34.4183      11931     8.2851     1.9636     1.8359 0.0000e+00
    186.000     8.0702   3.581420    34.4133      11955     8.3012     1.9658     1.8400 0.0000e+00
    185.000     8.1387   3.586142    34.3970      11998     8.3314     1.9739     1.8440 0.0000e+00
    184.000     8.1633   3.588169    34.3949      12031     8.3540     1.9810     1.8481 0.0000e+00
    183.000     8.2035   3.591034    34.3866      12050     8.3676     1.9848     1.8519 0.0000e+00
    182.000     8.2188   3.592854    34.3916      12070     8.3813     1.9896     1.8556 0.0000e+00
    181.000     8.2699   3.597720    34.3939      12098     8.4009     1.9950     1.8607 0.0000e+00
    180.000     8.3196   3.602926    34.4011      12138     8.4287     2.0011     1.8686 0.0000e+00
    179.000     8.3855   3.608600    34.3975      12165     8.4470     2.0048     1.8740 0.0000e+00
    178.000     8.3676   3.606520    34.3934      12184     8.4602     2.0083     1.8774 0.0000e+00
    177.000     8.3755   3.606877    34.3899      12201     8.4724     2.0116     1.8794 0.0000e+00
    176.000     8.3983   3.609012    34.3908      12220     8.4857     2.0161     1.8813 0.0000e+00
    175.000     8.4513   3.614304    34.3957      12255     8.5094     2.0269     1.8889 0.0000e+00
    174.000     8.4751   3.617306    34.4048      12307     8.5457     2.0365     1.9018 0.0000e+00
    173.000     8.4298   3.611978    34.3929      12327     8.5601     2.0369     1.9029 0.0000e+00
    172.000     8.4187   3.610479    34.3884      12344     8.5715     2.0372     1.9040 0.0000e+00
    171.000     8.4006   3.608578    34.3864      12359     8.5823     2.0373     1.9049 0.0000e+00
    170.000     8.3867   3.606595    34.3794      12378     8.5952     2.0384     1.9061 0.0000e+00
    169.000     8.3330   3.600247    34.3648      12410     8.6173     2.0384     1.9086 0.0000e+00
    168.000     8.2758   3.592033    34.3338      12459     8.6511     2.0396     1.9090 0.0000e+00
    167.000     8.2550   3.589328    34.3258      12490     8.6727     2.0431     1.9103 0.0000e+00
    166.000     8.2350   3.586687    34.3177      12512     8.6885     2.0445     1.9128 0.0000e+00
    165.000     8.2079   3.583368    34.3093      12531     8.7012     2.0461     1.9154 0.0000e+00
    164.000     8.1747   3.579312    34.2990      12548     8.7129     2.0490     1.9166 0.0000e+00
    163.000     8.1640   3.577364    34.2891      12565     8.7249     2.0513     1.9175 0.0000e+00
    162.000     8.1494   3.575547    34.2845      12588     8.7409     2.0551     1.9193 0.0000e+00
    161.000     8.1266   3.572627    34.2761      12626     8.7675     2.0585     1.9224 0.0000e+00
    160.000     8.1074   3.569856    34.2657      12664     8.7936     2.0597     1.9254 0.0000e+00
    159.000     8.0816   3.566319    34.2537      12689     8.8108     2.0615     1.9269 0.0000e+00
    158.000     8.0766   3.565019    34.2451      12710     8.8253     2.0623     1.9281 0.0000e+00
    157.000     8.0660   3.563047    34.2349      12729     8.8391     2.0638     1.9289 0.0000e+00
    156.000     8.0501   3.560143    34.2199      12749     8.8526     2.0653     1.9299 0.0000e+00
    155.000     8.0122   3.554260    34.1944      12770     8.8671     2.0654     1.9314 0.0000e+00
    154.000     7.9786   3.549359    34.1752      12795     8.8849     2.0656     1.9323 0.0000e+00
    153.000     7.8841   3.536281    34.1277      12835     8.9124     2.0687     1.9366 0.0000e+00
    152.000     7.8694   3.533834    34.1163      12871     8.9377     2.0752     1.9402 0.0000e+00
    151.000     7.8150   3.526339    34.0894      12889     8.9503     2.0800     1.9425 0.0000e+00
    150.000     7.8117   3.525750    34.0867      12904     8.9605     2.0817     1.9440 0.0000e+00
    149.000     7.7908   3.522691    34.0748      12919     8.9705     2.0823     1.9442 0.0000e+00
    148.000     7.7884   3.521787    34.0679      12935     8.9823     2.0825     1.9452 0.0000e+00
    147.000     7.7454   3.514325    34.0299      12978     9.0119     2.0829     1.9482 0.0000e+00
    146.000     7.7198   3.510004    34.0089      13027     9.0456     2.0835     1.9489 0.0000e+00
    145.000     7.7142   3.508964    34.0037      13043     9.0572     2.0839     1.9501 0.0000e+00
    144.000     7.7083   3.508036    33.9999      13059     9.0683     2.0845     1.9504 0.0000e+00
    143.000     7.7016   3.506665    33.9921      13077     9.0802     2.0843     1.9510 0.0000e+00
    142.000     7.6997   3.506070    33.9880      13102     9.0976     2.0836     1.9506 0.0000e+00
    141.000     7.7002   3.505101    33.9777      13148     9.1296     2.0831     1.9504 0.0000e+00
    140.000     7.7036   3.505036    33.9740      13179     9.1512     2.0871     1.9522 0.0000e+00
    139.000     7.7024   3.504230    33.9670      13199     9.1653     2.0914     1.9543 0.0000e+00
    138.000     7.6972   3.503132    33.9608      13220     9.1798     2.0936     1.9550 0.0000e+00
    137.000     7.6960   3.502365    33.9542      13246     9.1979     2.0988     1.9571 0.0000e+00
    136.000     7.6960   3.501273    33.9429      13276     9.2187     2.1060     1.9633 0.0000e+00
    135.000     7.6990   3.499493    33.9212      13301     9.2358     2.1108     1.9681 0.0000e+00
    134.000     7.6944   3.496320    33.8920      13321     9.2503     2.1144     1.9726 0.0000e+00
    133.000     7.6829   3.493978    33.8785      13344     9.2662     2.1212     1.9784 0.0000e+00
    132.000     7.6401   3.485602    33.8303      13406     9.3092     2.1518     1.9998 0.0000e+00
    131.000     7.6340   3.484909    33.8291      13444     9.3355     2.1661     2.0130 0.0000e+00
    130.000     7.6258   3.483874    33.8264      13457     9.3442     2.1695     2.0170 0.0000e+00
    129.000     7.6078   3.481335    33.8170      13470     9.3533     2.1723     2.0215 0.0000e+00
    128.000     7.5953   3.478038    33.7941      13483     9.3627     2.1738     2.0247 0.0000e+00
    127.000     7.6028   3.478145    33.7884      13502     9.3754     2.1753     2.0287 0.0000e+00
    126.000     7.6716   3.475706    33.6959      13580     9.4300     2.1890     2.0400 0.0000e+00
    125.000     7.6505   3.474595    33.7048      13609     9.4499     2.1968     2.0479 0.0000e+00
    124.000     7.6465   3.473883    33.7015      13626     9.4617     2.1998     2.0523 0.0000e+00
    123.000     7.6444   3.473130    33.6959      13644     9.4745     2.2036     2.0571 0.0000e+00
    122.000     7.6444   3.472713    33.6918      13666     9.4893     2.2066     2.0615 0.0000e+00
    121.000     7.6480   3.471786    33.6789      13698     9.5116     2.2090     2.0658 0.0000e+00
    120.000     7.6507   3.470979    33.6681      13743     9.5433     2.2140     2.0688 0.0000e+00
    119.000     7.6470   3.469440    33.6555      13772     9.5631     2.2161     2.0723 0.0000e+00
    118.000     7.6357   3.467364    33.6445      13793     9.5777     2.2184     2.0745 0.0000e+00
    117.000     7.6269   3.465758    33.6362      13814     9.5927     2.2200     2.0760 0.0000e+00
    116.000     7.6590   3.466126    33.6097      13843     9.6128     2.2238     2.0784 0.0000e+00
    115.000     7.6839   3.467852    33.6047      13880     9.6384     2.2280     2.0828 0.0000e+00
    114.000     7.7584   3.473208    33.5910      13905     9.6558     2.2305     2.0861 0.0000e+00
    113.000     7.7716   3.474613    33.5938      13924     9.6685     2.2326     2.0887 0.0000e+00
    112.000     7.7909   3.475831    33.5888      13943     9.6821     2.2353     2.0919 0.0000e+00
    111.000     7.8458   3.471447    33.4895      13978     9.7059     2.2428     2.0982 0.0000e+00
    110.000     7.8080   3.461746    33.4222      14025     9.7388     2.2528     2.1060 0.0000e+00
    109.000     7.6811   3.443519    33.3484      14047     9.7541     2.2571     2.1092 0.0000e+00
    108.000     7.6156   3.432886    33.2971      14064     9.7662     2.2606     2.1121 0.0000e+00
    107.000     7.5493   3.422776    33.2520      14082     9.7782     2.2608     2.1139 0.0000e+00
    106.000     7.5576   3.419383    33.2079      14104     9.7938     2.2611     2.1164 0.0000e+00
    105.000     7.6157   3.409497    33.0466      14147     9.8239     2.2717     2.1209 0.0000e+00
    104.000     7.6785   3.405322    32.9427      14189     9.8525     2.2805     2.1276 0.0000e+00
    103.000     7.7772   3.403259    32.8279      14210     9.8674     2.2836     2.1327 0.0000e+00
    102.000     7.8274   3.405736    32.8076      14229     9.8809     2.2889     2.1362 0.0000e+00
    101.000     7.8941   3.408268    32.7725      14252     9.8963     2.2936     2.1408 0.0000e+00
    100.000     8.0932   3.416761    32.6774      14286     9.9204     2.3016     2.1460 0.0000e+00
     99.000     8.1625   3.420876    32.6570      14328     9.9496     2.3056     2.1515 0.0000e+00
     98.000     8.3405   3.431156    32.6010      14351     9.9650     2.3057     2.1509 0.0000e+00
