HB2407/CTD167.cnv
* Sea-Bird SBE 9 Data File:
* FileName = C:\cruise\data\CTD167.hex
* Software Version Seasave V 7.26.7.121
* Temperature SN = 4591
* Conductivity SN = 6006
* Number of Bytes Per Scan = 37
* Number of Voltage Words = 4
* Number of Scans Averaged by the Deck Unit = 1
* NMEA Latitude = 43 34.45 N
* NMEA Longitude = 068 06.42 W
* NMEA UTC (Time) = Oct 19 2024 12:45:36
* NMEA baud rate = 4800
** Ship: Bigelow HB2407
** Program:  Fall Bottom Trawl Survey
** Chief Scientist: John Galbraith
# nquan = 9
# nvalues = 376                         
# units = specified
# name 0 = depSM: Depth [salt water, m]
# name 1 = t090C: Temperature [ITS-90, deg C]
# name 2 = c0S/m: Conductivity [S/m]
# name 3 = sal00: Salinity, Practical [PSU]
# name 4 = scan: Scan Count
# name 5 = timeM: Time, Elapsed [minutes]
# name 6 = sbeox0V: Oxygen raw, SBE 43 [V]
# name 7 = sbeox1V: Oxygen raw, SBE 43, 2 [V]
# name 8 = flag: flag
# span 0 =      2.000,    190.000       
# span 1 =     7.3440,    12.4580       
# span 2 =   3.414656,   3.759691       
# span 3 =    32.2285,    34.1882       
# span 4 =        233,      10929       
# span 5 =     0.1613,     7.5886       
# span 6 =     1.7911,     2.5637       
# span 7 =     1.6574,     2.3681       
# span 8 = 0.0000e+00, 0.0000e+00       
# interval = meters: 1                  
# start_time = Oct 19 2024 12:45:36 [NMEA time, header]
# bad_flag = -9.990e-29
*END*
[from data line 161]
    164.000     7.9231   3.527695    33.9924       4687     3.2541     1.8447     1.7060 0.0000e+00
    165.000     7.9209   3.527751    33.9946       4710     3.2700     1.8437     1.7057 0.0000e+00
    166.000     7.9191   3.528305    34.0018       4731     3.2847     1.8425     1.7041 0.0000e+00
    167.000     7.9175   3.528681    34.0070       4753     3.2997     1.8401     1.7019 0.0000e+00
    168.000     7.9323   3.530902    34.0159       4779     3.3183     1.8353     1.6981 0.0000e+00
    169.000     7.9406   3.532279    34.0221       4817     3.3445     1.8259     1.6911 0.0000e+00
    170.000     7.9431   3.532881    34.0256       4850     3.3677     1.8232     1.6877 0.0000e+00
    171.000     7.9435   3.533271    34.0289       4872     3.3828     1.8245     1.6873 0.0000e+00
    172.000     7.9457   3.534320    34.0375       4892     3.3962     1.8246     1.6880 0.0000e+00
    173.000     7.9442   3.534927    34.0450       4912     3.4105     1.8255     1.6891 0.0000e+00
    174.000     7.9440   3.535273    34.0484       4937     3.4281     1.8243     1.6904 0.0000e+00
    175.000     7.9538   3.536895    34.0558       4966     3.4482     1.8208     1.6877 0.0000e+00
    176.000     7.9881   3.541867    34.0751       4996     3.4685     1.8162     1.6837 0.0000e+00
    177.000     8.0049   3.544692    34.0886       5028     3.4909     1.8118     1.6792 0.0000e+00
    178.000     8.0212   3.546913    34.0959       5061     3.5139     1.8062     1.6751 0.0000e+00
    179.000     8.0587   3.552732    34.1211       5086     3.5311     1.8030     1.6713 0.0000e+00
    180.000     8.0620   3.553293    34.1235       5105     3.5446     1.8020     1.6694 0.0000e+00
    181.000     8.0921   3.557487    34.1386       5124     3.5575     1.8009     1.6688 0.0000e+00
    182.000     8.1029   3.559489    34.1489       5145     3.5720     1.7984     1.6683 0.0000e+00
    183.000     8.1085   3.560387    34.1525       5174     3.5922     1.7979     1.6669 0.0000e+00
    184.000     8.1265   3.563119    34.1637       5217     3.6219     1.7970     1.6649 0.0000e+00
    185.000     8.1370   3.564781    34.1707       5255     3.6488     1.7971     1.6636 0.0000e+00
    186.000     8.1429   3.565749    34.1749       5283     3.6677     1.7969     1.6625 0.0000e+00
    187.000     8.1519   3.567156    34.1806       5310     3.6869     1.7955     1.6618 0.0000e+00
    188.000     8.1577   3.568045    34.1839       5344     3.7106     1.7943     1.6607 0.0000e+00
    189.000     8.1621   3.568831    34.1875       5380     3.7352     1.7927     1.6597 0.0000e+00
    190.000     8.1619   3.568875    34.1878       5410     3.7563     1.7919     1.6592 0.0000e+00
    189.000     8.1582   3.568468    34.1874       5663     3.9318     1.7916     1.6575 0.0000e+00
    188.000     8.1604   3.568688    34.1882       5675     3.9405     1.7911     1.6576 0.0000e+00
    187.000     8.1559   3.568020    34.1859       5707     3.9627     1.7922     1.6574 0.0000e+00
    186.000     8.1535   3.567596    34.1842       5729     3.9781     1.7922     1.6577 0.0000e+00
    185.000     8.1516   3.567276    34.1831       5749     3.9916     1.7936     1.6579 0.0000e+00
    184.000     8.1501   3.567046    34.1826       5768     4.0052     1.7945     1.6583 0.0000e+00
    183.000     8.1420   3.565864    34.1784       5790     4.0201     1.7947     1.6590 0.0000e+00
    182.000     8.1310   3.564293    34.1728       5816     4.0378     1.7936     1.6596 0.0000e+00
    181.000     8.1208   3.562630    34.1655       5846     4.0593     1.7920     1.6594 0.0000e+00
    180.000     8.1159   3.561914    34.1631       5878     4.0814     1.7939     1.6591 0.0000e+00
    179.000     8.0912   3.558306    34.1491       5905     4.1001     1.7957     1.6605 0.0000e+00
    178.000     8.0893   3.557674    34.1446       5928     4.1162     1.7949     1.6614 0.0000e+00
    177.000     8.0579   3.553633    34.1326       5950     4.1312     1.7931     1.6619 0.0000e+00
    176.000     8.0387   3.550263    34.1157       5972     4.1464     1.7930     1.6627 0.0000e+00
    175.000     8.0126   3.546310    34.0993       5996     4.1629     1.7948     1.6628 0.0000e+00
    174.000     8.0112   3.545666    34.0943       6025     4.1834     1.7966     1.6629 0.0000e+00
    173.000     8.0024   3.544547    34.0914       6062     4.2093     1.7976     1.6643 0.0000e+00
    172.000     7.9790   3.540696    34.0734       6094     4.2312     1.7984     1.6640 0.0000e+00
    171.000     7.9539   3.536421    34.0525       6115     4.2456     1.7982     1.6639 0.0000e+00
    170.000     7.9550   3.536106    34.0486       6132     4.2575     1.7985     1.6636 0.0000e+00
    169.000     7.9484   3.534536    34.0387       6149     4.2693     1.7998     1.6644 0.0000e+00
    168.000     7.9470   3.533974    34.0344       6169     4.2835     1.8030     1.6663 0.0000e+00
    167.000     7.9435   3.533313    34.0313       6203     4.3073     1.8102     1.6725 0.0000e+00
    166.000     7.9360   3.532127    34.0263       6243     4.3349     1.8171     1.6801 0.0000e+00
    165.000     7.9257   3.530074    34.0148       6269     4.3529     1.8189     1.6823 0.0000e+00
    164.000     7.9272   3.529929    34.0123       6292     4.3691     1.8198     1.6825 0.0000e+00
    163.000     7.9256   3.529113    34.0056       6316     4.3855     1.8190     1.6824 0.0000e+00
    162.000     7.9207   3.527923    33.9981       6339     4.4017     1.8175     1.6813 0.0000e+00
    161.000     7.9054   3.525550    33.9880       6361     4.4169     1.8188     1.6823 0.0000e+00
    160.000     7.8834   3.522256    33.9746       6383     4.4316     1.8196     1.6834 0.0000e+00
    159.000     7.8670   3.519708    33.9636       6406     4.4478     1.8228     1.6869 0.0000e+00
    158.000     7.8771   3.520948    33.9676       6435     4.4679     1.8286     1.6926 0.0000e+00
    157.000     7.8532   3.517572    33.9551       6468     4.4911     1.8332     1.6977 0.0000e+00
    156.000     7.7973   3.510569    33.9347       6498     4.5119     1.8366     1.6999 0.0000e+00
    155.000     7.7569   3.504708    33.9114       6525     4.5304     1.8370     1.7014 0.0000e+00
    154.000     7.7462   3.502884    33.9027       6549     4.5474     1.8362     1.7015 0.0000e+00
    153.000     7.7394   3.501761    33.8977       6571     4.5627     1.8363     1.7003 0.0000e+00
    152.000     7.7292   3.500390    33.8934       6592     4.5773     1.8362     1.6995 0.0000e+00
    151.000     7.7181   3.498656    33.8859       6614     4.5924     1.8358     1.6991 0.0000e+00
    150.000     7.6933   3.495255    33.8739       6640     4.6104     1.8341     1.6985 0.0000e+00
    149.000     7.6857   3.493609    33.8640       6671     4.6317     1.8340     1.6969 0.0000e+00
    148.000     7.6709   3.491667    33.8580       6699     4.6512     1.8346     1.6957 0.0000e+00
    147.000     7.6210   3.484721    33.8320       6724     4.6684     1.8346     1.6949 0.0000e+00
    146.000     7.6087   3.482291    33.8182       6750     4.6869     1.8332     1.6934 0.0000e+00
    145.000     7.6040   3.480661    33.8058       6779     4.7069     1.8310     1.6922 0.0000e+00
    144.000     7.5770   3.476896    33.7917       6804     4.7243     1.8286     1.6909 0.0000e+00
    143.000     7.5630   3.474010    33.7747       6825     4.7387     1.8261     1.6907 0.0000e+00
    142.000     7.5649   3.473935    33.7725       6845     4.7527     1.8242     1.6909 0.0000e+00
    141.000     7.5588   3.471798    33.7559       6868     4.7690     1.8239     1.6910 0.0000e+00
    140.000     7.5598   3.471578    33.7530       6899     4.7900     1.8257     1.6921 0.0000e+00
    139.000     7.5614   3.471500    33.7511       6931     4.8124     1.8290     1.6956 0.0000e+00
    138.000     7.5639   3.470552    33.7389       6957     4.8308     1.8330     1.6983 0.0000e+00
    137.000     7.5657   3.469048    33.7213       6981     4.8475     1.8366     1.6999 0.0000e+00
    136.000     7.5560   3.466437    33.7031       7006     4.8645     1.8402     1.7019 0.0000e+00
    135.000     7.5346   3.461747    33.6736       7032     4.8824     1.8446     1.7044 0.0000e+00
    134.000     7.5106   3.456582    33.6415       7056     4.8994     1.8471     1.7071 0.0000e+00
    133.000     7.4768   3.449760    33.6009       7078     4.9146     1.8507     1.7098 0.0000e+00
    132.000     7.4517   3.444639    33.5701       7099     4.9295     1.8550     1.7134 0.0000e+00
    131.000     7.4448   3.442876    33.5583       7124     4.9468     1.8614     1.7182 0.0000e+00
    130.000     7.4452   3.442962    33.5593       7159     4.9709     1.8708     1.7255 0.0000e+00
    129.000     7.4362   3.441510    33.5527       7193     4.9942     1.8755     1.7321 0.0000e+00
    128.000     7.3992   3.434336    33.5113       7216     5.0101     1.8776     1.7363 0.0000e+00
    127.000     7.3963   3.433276    33.5031       7235     5.0238     1.8789     1.7385 0.0000e+00
    126.000     7.3797   3.430237    33.4867       7256     5.0381     1.8808     1.7407 0.0000e+00
    125.000     7.3745   3.428434    33.4726       7280     5.0549     1.8848     1.7439 0.0000e+00
    124.000     7.3764   3.428929    33.4767       7308     5.0746     1.8909     1.7470 0.0000e+00
    123.000     7.3673   3.426935    33.4643       7337     5.0942     1.8960     1.7490 0.0000e+00
    122.000     7.3572   3.424265    33.4456       7362     5.1120     1.9002     1.7502 0.0000e+00
    121.000     7.3543   3.422687    33.4316       7387     5.1292     1.9025     1.7523 0.0000e+00
    120.000     7.3564   3.421742    33.4199       7414     5.1477     1.9044     1.7545 0.0000e+00
    119.000     7.3558   3.421530    33.4186       7441     5.1668     1.9079     1.7589 0.0000e+00
    118.000     7.3540   3.420729    33.4122       7466     5.1843     1.9111     1.7624 0.0000e+00
    117.000     7.3529   3.419643    33.4019       7489     5.1999     1.9120     1.7655 0.0000e+00
    116.000     7.3526   3.418757    33.3931       7511     5.2150     1.9127     1.7679 0.0000e+00
    115.000     7.3525   3.418648    33.3925       7535     5.2317     1.9138     1.7696 0.0000e+00
    114.000     7.3531   3.418534    33.3912       7564     5.2523     1.9163     1.7712 0.0000e+00
    113.000     7.3524   3.418009    33.3867       7597     5.2749     1.9208     1.7745 0.0000e+00
    112.000     7.3550   3.417212    33.3760       7625     5.2943     1.9249     1.7782 0.0000e+00
    111.000     7.3568   3.416594    33.3680       7649     5.3112     1.9265     1.7802 0.0000e+00
    110.000     7.3609   3.416360    33.3620       7672     5.3271     1.9260     1.7816 0.0000e+00
    109.000     7.3642   3.416205    33.3576       7695     5.3428     1.9268     1.7833 0.0000e+00
    108.000     7.3654   3.416138    33.3562       7717     5.3585     1.9298     1.7844 0.0000e+00
    107.000     7.3667   3.416027    33.3543       7741     5.3753     1.9327     1.7865 0.0000e+00
    106.000     7.3681   3.415935    33.3524       7769     5.3945     1.9353     1.7881 0.0000e+00
    105.000     7.3724   3.415948    33.3489       7800     5.4159     1.9382     1.7895 0.0000e+00
    104.000     7.3854   3.416618    33.3441       7830     5.4366     1.9395     1.7912 0.0000e+00
    103.000     7.4081   3.417585    33.3332       7855     5.4541     1.9409     1.7919 0.0000e+00
    102.000     7.4131   3.416800    33.3204       7877     5.4692     1.9434     1.7936 0.0000e+00
    101.000     7.4239   3.416480    33.3070       7898     5.4843     1.9455     1.7963 0.0000e+00
    100.000     7.4226   3.416493    33.3089       7925     5.5028     1.9495     1.8008 0.0000e+00
     99.000     7.4371   3.416003    33.2902       7960     5.5269     1.9567     1.8059 0.0000e+00
     98.000     7.4674   3.415453    33.2556       7988     5.5465     1.9641     1.8093 0.0000e+00
     97.000     7.4954   3.414674    33.2209       8008     5.5603     1.9698     1.8122 0.0000e+00
     96.000     7.4881   3.414962    33.2314       8027     5.5736     1.9743     1.8147 0.0000e+00
     95.000     7.5069   3.414698    33.2111       8050     5.5894     1.9787     1.8188 0.0000e+00
     94.000     7.5176   3.414656    33.2009       8084     5.6135     1.9850     1.8274 0.0000e+00
     93.000     7.5522   3.415582    33.1783       8119     5.6373     1.9890     1.8328 0.0000e+00
     92.000     7.6248   3.419106    33.1475       8142     5.6538     1.9930     1.8364 0.0000e+00
     91.000     7.6723   3.423401    33.1490       8165     5.6691     1.9982     1.8406 0.0000e+00
     90.000     7.7185   3.427574    33.1503       8188     5.6855     2.0047     1.8455 0.0000e+00
     89.000     7.8741   3.438686    33.1221       8213     5.7028     2.0159     1.8513 0.0000e+00
     88.000     7.9852   3.448480    33.1220       8237     5.7197     2.0264     1.8588 0.0000e+00
     87.000     8.1512   3.460263    33.0910       8261     5.7360     2.0347     1.8655 0.0000e+00
     86.000     8.2507   3.470075    33.1018       8287     5.7542     2.0447     1.8740 0.0000e+00
     85.000     8.3974   3.482527    33.0960       8321     5.7780     2.0603     1.8863 0.0000e+00
     84.000     8.5624   3.496455    33.0885       8356     5.8024     2.0722     1.8989 0.0000e+00
     83.000     8.8366   3.519151    33.0706       8381     5.8197     2.0788     1.9089 0.0000e+00
     82.000     8.9801   3.531106    33.0621       8401     5.8335     2.0906     1.9178 0.0000e+00
     81.000     9.0532   3.535942    33.0450       8420     5.8464     2.1051     1.9265 0.0000e+00
     80.000     9.2361   3.549439    33.0158       8440     5.8602     2.1211     1.9355 0.0000e+00
     79.000     9.2206   3.549671    33.0330       8464     5.8769     2.1370     1.9475 0.0000e+00
     78.000     9.2765   3.554396    33.0305       8496     5.8992     2.1490     1.9642 0.0000e+00
     77.000     9.2951   3.556066    33.0310       8532     5.9245     2.1573     1.9783 0.0000e+00
     76.000     9.3647   3.559827    33.0060       8563     5.9460     2.1592     1.9850 0.0000e+00
     75.000     9.4079   3.562520    32.9944       8589     5.9640     2.1605     1.9910 0.0000e+00
     74.000     9.4316   3.563793    32.9861       8612     5.9796     2.1646     1.9938 0.0000e+00
     73.000     9.4988   3.567205    32.9598       8632     5.9938     2.1690     1.9960 0.0000e+00
     72.000     9.5820   3.572102    32.9341       8651     6.0072     2.1740     1.9993 0.0000e+00
     71.000     9.6135   3.574565    32.9310       8671     6.0210     2.1793     2.0046 0.0000e+00
     70.000     9.6252   3.575065    32.9258       8694     6.0368     2.1850     2.0104 0.0000e+00
     69.000     9.6707   3.577665    32.9111       8727     6.0596     2.1915     2.0171 0.0000e+00
     68.000     9.6871   3.578755    32.9078       8778     6.0949     2.1965     2.0245 0.0000e+00
     67.000     9.7027   3.579317    32.8996       8809     6.1164     2.1982     2.0261 0.0000e+00
     66.000     9.7178   3.580349    32.8968       8827     6.1291     2.1999     2.0273 0.0000e+00
     65.000     9.7277   3.580910    32.8940       8843     6.1399     2.2013     2.0284 0.0000e+00
     64.000     9.7483   3.582044    32.8872       8858     6.1507     2.2021     2.0293 0.0000e+00
     63.000     9.7701   3.583302    32.8805       8876     6.1631     2.2047     2.0312 0.0000e+00
     62.000     9.8122   3.585378    32.8637       8905     6.1831     2.2078     2.0328 0.0000e+00
     61.000     9.8373   3.586592    32.8537       8952     6.2158     2.2123     2.0391 0.0000e+00
     60.000     9.8534   3.587189    32.8456       8979     6.2350     2.2132     2.0434 0.0000e+00
     59.000     9.8852   3.588569    32.8310       8999     6.2489     2.2129     2.0452 0.0000e+00
     58.000     9.9449   3.591297    32.8050       9019     6.2626     2.2149     2.0465 0.0000e+00
