HB2407/CTD196.cnv
* Sea-Bird SBE 9 Data File:
* FileName = C:\cruise\data\CTD196.hex
* Software Version Seasave V 7.26.7.121
* Temperature SN = 4591
* Conductivity SN = 6006
* Number of Bytes Per Scan = 37
* Number of Voltage Words = 4
* Number of Scans Averaged by the Deck Unit = 1
* NMEA Latitude = 43 03.15 N
* NMEA Longitude = 067 26.49 W
* NMEA UTC (Time) = Nov 02 2024 19:26:25
* NMEA baud rate = 4800
** Ship: Bigelow HB2407
** Program:  Fall Bottom Trawl Survey
** Chief Scientist: John Galbraith
# nquan = 9
# nvalues = 365                         
# units = specified
# name 0 = depSM: Depth [salt water, m]
# name 1 = t090C: Temperature [ITS-90, deg C]
# name 2 = c0S/m: Conductivity [S/m]
# name 3 = sal00: Salinity, Practical [PSU]
# name 4 = scan: Scan Count
# name 5 = timeM: Time, Elapsed [minutes]
# name 6 = sbeox0V: Oxygen raw, SBE 43 [V]
# name 7 = sbeox1V: Oxygen raw, SBE 43, 2 [V]
# name 8 = flag: flag
# span 0 =      1.000,    184.000       
# span 1 =     7.3158,    13.1668       
# span 2 =   3.357232,   3.794718       
# span 3 =    31.9809,    34.2534       
# span 4 =        150,      12560       
# span 5 =     0.1036,     8.7216       
# span 6 =     1.8485,     2.5748       
# span 7 =     1.7310,     2.4118       
# span 8 = 0.0000e+00, 0.0000e+00       
# interval = meters: 1                  
# start_time = Nov 02 2024 19:26:25 [NMEA time, header]
# bad_flag = -9.990e-29
*END*
[from data line 321]
     44.000    11.6325   3.667107    32.0688      10323     7.1683     2.2417     2.0830 0.0000e+00
     43.000    11.9149   3.690998    32.0573      10361     7.1947     2.2749     2.1026 0.0000e+00
     42.000    12.3398   3.722816    31.9994      10399     7.2207     2.3063     2.1277 0.0000e+00
     41.000    12.4715   3.735507    32.0088      10424     7.2379     2.3228     2.1471 0.0000e+00
     40.000    12.5410   3.741960    32.0115      10448     7.2551     2.3432     2.1687 0.0000e+00
     39.000    12.6181   3.748588    32.0094      10476     7.2746     2.3716     2.1964 0.0000e+00
     38.000    12.6551   3.751860    32.0095      10510     7.2976     2.4003     2.2243 0.0000e+00
     37.000    12.7501   3.759436    32.0011      10540     7.3184     2.4222     2.2446 0.0000e+00
     36.000    12.8254   3.765436    31.9945      10563     7.3346     2.4338     2.2572 0.0000e+00
     35.000    12.9079   3.772193    31.9889      10587     7.3515     2.4450     2.2699 0.0000e+00
     34.000    12.9613   3.777127    31.9907      10627     7.3789     2.4591     2.2884 0.0000e+00
     33.000    13.0315   3.782326    31.9809      10668     7.4076     2.4750     2.3068 0.0000e+00
     32.000    13.0563   3.784925    31.9848      10690     7.4230     2.4839     2.3145 0.0000e+00
     31.000    13.0700   3.786004    31.9838      10708     7.4355     2.4915     2.3217 0.0000e+00
     30.000    13.1002   3.788376    31.9810      10728     7.4495     2.4999     2.3313 0.0000e+00
     29.000    13.1219   3.790444    31.9826      10773     7.4807     2.5213     2.3486 0.0000e+00
     28.000    13.1425   3.792211    31.9822      10814     7.5090     2.5337     2.3578 0.0000e+00
     27.000    13.1488   3.792734    31.9822      10834     7.5232     2.5367     2.3622 0.0000e+00
     26.000    13.1527   3.793139    31.9832      10856     7.5380     2.5421     2.3689 0.0000e+00
     25.000    13.1607   3.793863    31.9836      10889     7.5610     2.5472     2.3805 0.0000e+00
     24.000    13.1600   3.793853    31.9845      10927     7.5874     2.5521     2.3881 0.0000e+00
     23.000    13.1620   3.794079    31.9853      10955     7.6067     2.5533     2.3908 0.0000e+00
     22.000    13.1625   3.794156    31.9860      10980     7.6245     2.5560     2.3915 0.0000e+00
     21.000    13.1637   3.794255    31.9864      11004     7.6412     2.5574     2.3907 0.0000e+00
     20.000    13.1645   3.794329    31.9868      11031     7.6601     2.5600     2.3910 0.0000e+00
     19.000    13.1646   3.794368    31.9874      11069     7.6859     2.5663     2.3936 0.0000e+00
     18.000    13.1657   3.794470    31.9879      11105     7.7112     2.5676     2.3962 0.0000e+00
     17.000    13.1657   3.794461    31.9882      11127     7.7266     2.5668     2.3986 0.0000e+00
     16.000    13.1656   3.794425    31.9883      11147     7.7400     2.5651     2.4022 0.0000e+00
     15.000    13.1659   3.794445    31.9887      11165     7.7531     2.5672     2.4032 0.0000e+00
     14.000    13.1660   3.794472    31.9892      11195     7.7738     2.5707     2.4032 0.0000e+00
     13.000    13.1637   3.794297    31.9899      11253     7.8138     2.5701     2.4030 0.0000e+00
     12.000    13.1663   3.794481    31.9899      11274     7.8285     2.5709     2.4032 0.0000e+00
     11.000    13.1663   3.794454    31.9899      11290     7.8396     2.5693     2.4029 0.0000e+00
     10.000    13.1665   3.794450    31.9902      11306     7.8510     2.5672     2.4029 0.0000e+00
      9.000    13.1668   3.794471    31.9905      11333     7.8695     2.5698     2.4005 0.0000e+00
      8.000    13.1647   3.794289    31.9910      11377     7.9003     2.5724     2.3978 0.0000e+00
      7.000    13.1626   3.794113    31.9915      11403     7.9182     2.5721     2.4002 0.0000e+00
      6.000    13.1613   3.794195    31.9938      12137     8.4278     2.5708     2.4097 0.0000e+00
      5.000    13.1622   3.794247    31.9939      12355     8.5790     2.5703     2.4080 0.0000e+00
      4.000    13.1609   3.794113    31.9941      12437     8.6364     2.5748     2.4088 0.0000e+00
      3.000    13.1595   3.793975    31.9944      12486     8.6703     2.5743     2.4113 0.0000e+00
      2.000    13.1585   3.793828    31.9943      12512     8.6879     2.5734     2.4106 0.0000e+00
      1.000    13.1583   3.793781    31.9944      12560     8.7216     2.5696     2.4106 0.0000e+00
