HB2407/CTD184.cnv
* Sea-Bird SBE 9 Data File:
* FileName = C:\cruise\data\CTD184.hex
* Software Version Seasave V 7.26.7.121
* Temperature SN = 4591
* Conductivity SN = 6006
* Number of Bytes Per Scan = 37
* Number of Voltage Words = 4
* Number of Scans Averaged by the Deck Unit = 1
* NMEA Latitude = 41 50.18 N
* NMEA Longitude = 065 42.67 W
* NMEA UTC (Time) = Oct 31 2024 13:07:04
* NMEA baud rate = 4800
** Ship: Bigelow HB2407
** Program:  Fall Bottom Trawl Survey
** Chief Scientist: John Galbraith
# nquan = 9
# nvalues = 676                         
# units = specified
# name 0 = depSM: Depth [salt water, m]
# name 1 = t090C: Temperature [ITS-90, deg C]
# name 2 = c0S/m: Conductivity [S/m]
# name 3 = sal00: Salinity, Practical [PSU]
# name 4 = scan: Scan Count
# name 5 = timeM: Time, Elapsed [minutes]
# name 6 = sbeox0V: Oxygen raw, SBE 43 [V]
# name 7 = sbeox1V: Oxygen raw, SBE 43, 2 [V]
# name 8 = flag: flag
# span 0 =      2.000,    340.000       
# span 1 =     5.7770,    14.1199       
# span 2 =   3.282553,   4.025702       
# span 3 =    31.8672,    34.8399       
# span 4 =         88,      18621       
# span 5 =     0.0604,    12.9305       
# span 6 =     1.8516,     2.5598       
# span 7 =     1.7335,     2.3965       
# span 8 = 0.0000e+00, 0.0000e+00       
# interval = meters: 1                  
# start_time = Oct 31 2024 13:07:04 [NMEA time, header]
# bad_flag = -9.990e-29
*END*
      3.000    14.1170   3.868810    31.8897         88     0.0604     2.5549     2.3912 0.0000e+00
      4.000    14.1170   3.868827    31.8895        312     0.2158     2.5529     2.3951 0.0000e+00
      5.000    14.1159   3.868745    31.8892        348     0.2408     2.5508     2.3956 0.0000e+00
      6.000    14.1160   3.868635    31.8877        372     0.2573     2.5508     2.3926 0.0000e+00
      7.000    14.1188   3.868861    31.8871        411     0.2844     2.5546     2.3870 0.0000e+00
      8.000    14.1185   3.868873    31.8871        436     0.3022     2.5558     2.3887 0.0000e+00
      9.000    14.1178   3.868838    31.8870        459     0.3180     2.5553     2.3901 0.0000e+00
     10.000    14.1180   3.868903    31.8870        490     0.3395     2.5582     2.3912 0.0000e+00
     11.000    14.1197   3.869100    31.8870        527     0.3651     2.5571     2.3940 0.0000e+00
     12.000    14.1199   3.869152    31.8870        552     0.3824     2.5580     2.3931 0.0000e+00
     13.000    14.1196   3.869182    31.8871        572     0.3965     2.5560     2.3941 0.0000e+00
     14.000    14.1176   3.869041    31.8871        593     0.4110     2.5544     2.3936 0.0000e+00
     15.000    14.1157   3.868918    31.8871        619     0.4295     2.5555     2.3909 0.0000e+00
     16.000    14.1152   3.868914    31.8871        659     0.4572     2.5550     2.3906 0.0000e+00
     17.000    14.1125   3.868772    31.8876        696     0.4823     2.5545     2.3897 0.0000e+00
     18.000    14.1137   3.868933    31.8878        717     0.4971     2.5520     2.3896 0.0000e+00
     19.000    14.1125   3.868901    31.8880        736     0.5102     2.5527     2.3895 0.0000e+00
     20.000    14.1085   3.868918    31.8911        755     0.5236     2.5522     2.3914 0.0000e+00
     21.000    14.1076   3.869489    31.8968        783     0.5434     2.5496     2.3918 0.0000e+00
     22.000    14.1085   3.870026    31.9006        825     0.5726     2.5443     2.3896 0.0000e+00
     23.000    14.1092   3.870539    31.9042        854     0.5925     2.5483     2.3931 0.0000e+00
     24.000    14.1106   3.871697    31.9133        875     0.6070     2.5492     2.3911 0.0000e+00
     25.000    14.1114   3.873284    31.9269        896     0.6218     2.5490     2.3912 0.0000e+00
     26.000    14.1151   3.876471    31.9527        923     0.6403     2.5489     2.3896 0.0000e+00
     27.000    14.1183   3.879397    31.9765        956     0.6629     2.5449     2.3877 0.0000e+00
     28.000    13.9400   3.868486    32.0239        983     0.6821     2.5406     2.3852 0.0000e+00
     29.000    13.9486   3.894859    32.2596       1009     0.6997     2.5343     2.3810 0.0000e+00
     30.000    13.5193   3.864321    32.3378       1036     0.7187     2.5283     2.3749 0.0000e+00
     31.000    13.6207   3.897628    32.5614       1068     0.7410     2.5092     2.3615 0.0000e+00
     32.000    13.7293   3.912883    32.6106       1096     0.7604     2.5144     2.3601 0.0000e+00
     33.000    13.6234   3.909273    32.6670       1118     0.7759     2.5155     2.3615 0.0000e+00
     34.000    13.4806   3.912187    32.8161       1142     0.7923     2.5103     2.3568 0.0000e+00
     35.000    13.2542   3.894319    32.8432       1174     0.8144     2.5025     2.3464 0.0000e+00
     36.000    12.9818   3.867486    32.8255       1211     0.8402     2.4944     2.3382 0.0000e+00
     37.000    12.9172   3.861641    32.8259       1239     0.8596     2.4865     2.3350 0.0000e+00
     38.000    12.8589   3.856094    32.8235       1260     0.8742     2.4858     2.3353 0.0000e+00
     39.000    12.7448   3.846605    32.8321       1280     0.8878     2.4858     2.3361 0.0000e+00
     40.000    12.6433   3.840294    32.8601       1300     0.9022     2.4827     2.3357 0.0000e+00
     41.000    12.4358   3.822462    32.8706       1325     0.9197     2.4832     2.3312 0.0000e+00
     42.000    12.2540   3.810877    32.9183       1365     0.9471     2.4754     2.3215 0.0000e+00
     43.000    12.6749   3.881470    33.2234       1409     0.9779     2.4757     2.3229 0.0000e+00
     44.000    13.2289   3.974580    33.6171       1432     0.9938     2.4854     2.3267 0.0000e+00
     45.000    13.5493   4.025702    33.8143       1450     1.0064     2.4939     2.3283 0.0000e+00
     46.000    12.9718   3.983025    33.9245       1469     1.0194     2.4914     2.3268 0.0000e+00
     47.000    11.5481   3.858431    34.0130       1492     1.0356     2.4433     2.3035 0.0000e+00
     48.000    11.5477   3.860586    34.0344       1528     1.0604     2.3438     2.2291 0.0000e+00
     49.000    11.2624   3.832998    34.0244       1564     1.0857     2.3154     2.1901 0.0000e+00
     50.000    10.5759   3.766043    33.9935       1590     1.1033     2.3002     2.1722 0.0000e+00
     51.000     8.7162   3.570337    33.7330       1613     1.1192     2.2738     2.1508 0.0000e+00
     52.000     7.6319   3.462668    33.6288       1638     1.1371     2.2154     2.1142 0.0000e+00
     53.000     6.8542   3.382064    33.5062       1672     1.1601     2.1700     2.0789 0.0000e+00
     54.000     6.3869   3.335238    33.4453       1705     1.1831     2.1624     2.0653 0.0000e+00
     55.000     6.2407   3.324734    33.4714       1728     1.1994     2.1654     2.0591 0.0000e+00
     56.000     6.1982   3.321582    33.4775       1749     1.2135     2.1704     2.0540 0.0000e+00
     57.000     6.1671   3.319660    33.4862       1773     1.2306     2.1753     2.0502 0.0000e+00
     58.000     6.1211   3.315894    33.4889       1808     1.2550     2.1762     2.0437 0.0000e+00
     59.000     5.9698   3.303687    33.5009       1845     1.2804     2.1699     2.0358 0.0000e+00
     60.000     6.0460   3.313445    33.5347       1872     1.2993     2.1630     2.0297 0.0000e+00
     61.000     6.0095   3.311452    33.5479       1895     1.3155     2.1612     2.0261 0.0000e+00
     62.000     6.1169   3.326374    33.6082       1917     1.3306     2.1589     2.0221 0.0000e+00
     63.000     6.6836   3.385176    33.7026       1938     1.3454     2.1574     2.0185 0.0000e+00
     64.000     6.6480   3.381862    33.7006       1964     1.3631     2.1674     2.0208 0.0000e+00
     65.000     6.2052   3.339849    33.6704       2006     1.3926     2.1522     2.0132 0.0000e+00
     66.000     6.1408   3.334213    33.6706       2043     1.4182     2.1294     1.9960 0.0000e+00
     67.000     6.1142   3.331619    33.6675       2064     1.4325     2.1217     1.9902 0.0000e+00
     68.000     6.2003   3.341805    33.6955       2082     1.4450     2.1177     1.9860 0.0000e+00
     69.000     6.3988   3.362006    33.7240       2101     1.4584     2.1152     1.9815 0.0000e+00
     70.000     6.5697   3.381155    33.7672       2127     1.4763     2.1175     1.9793 0.0000e+00
     71.000     6.7851   3.404541    33.8128       2169     1.5053     2.1091     1.9701 0.0000e+00
     72.000     6.8178   3.408918    33.8283       2204     1.5301     2.0960     1.9572 0.0000e+00
     73.000     6.9587   3.424268    33.8579       2225     1.5442     2.0872     1.9510 0.0000e+00
     74.000     7.0008   3.428788    33.8656       2243     1.5573     2.0836     1.9478 0.0000e+00
     75.000     7.0163   3.430787    33.8718       2263     1.5712     2.0814     1.9448 0.0000e+00
     76.000     7.0646   3.436238    33.8835       2289     1.5886     2.0754     1.9402 0.0000e+00
     77.000     7.1040   3.440690    33.8930       2328     1.6159     2.0696     1.9350 0.0000e+00
     78.000     7.1503   3.445933    33.9044       2367     1.6432     2.0643     1.9304 0.0000e+00
     79.000     7.1851   3.449821    33.9122       2390     1.6590     2.0638     1.9281 0.0000e+00
     80.000     7.2033   3.451950    33.9171       2408     1.6719     2.0632     1.9278 0.0000e+00
     81.000     7.2288   3.455008    33.9250       2427     1.6847     2.0614     1.9273 0.0000e+00
     82.000     7.2706   3.459963    33.9374       2452     1.7022     2.0585     1.9262 0.0000e+00
     83.000     7.3048   3.463983    33.9471       2490     1.7286     2.0575     1.9253 0.0000e+00
     84.000     7.3302   3.467056    33.9552       2521     1.7497     2.0577     1.9244 0.0000e+00
     85.000     7.3549   3.470009    33.9626       2544     1.7660     2.0580     1.9241 0.0000e+00
     86.000     7.3572   3.470366    33.9637       2569     1.7837     2.0574     1.9242 0.0000e+00
     87.000     7.3714   3.472156    33.9688       2596     1.8021     2.0571     1.9234 0.0000e+00
     88.000     7.3795   3.473110    33.9707       2619     1.8182     2.0575     1.9228 0.0000e+00
     89.000     7.4959   3.486405    34.0004       2643     1.8351     2.0580     1.9218 0.0000e+00
     90.000     7.6518   3.504192    34.0398       2678     1.8592     2.0620     1.9219 0.0000e+00
     91.000     7.7903   3.520268    34.0772       2715     1.8847     2.0661     1.9226 0.0000e+00
     92.000     7.7533   3.517497    34.0830       2737     1.9000     2.0666     1.9257 0.0000e+00
     93.000     7.7086   3.513049    34.0784       2756     1.9133     2.0650     1.9274 0.0000e+00
     94.000     7.6733   3.509686    34.0761       2776     1.9274     2.0624     1.9265 0.0000e+00
     95.000     7.6557   3.509252    34.0882       2801     1.9447     2.0589     1.9242 0.0000e+00
     96.000     7.7129   3.517052    34.1159       2832     1.9661     2.0550     1.9212 0.0000e+00
     97.000     7.8090   3.528326    34.1427       2867     1.9903     2.0561     1.9205 0.0000e+00
     98.000     7.9784   3.549325    34.2020       2897     2.0111     2.0556     1.9203 0.0000e+00
     99.000     8.1776   3.572695    34.2568       2920     2.0269     2.0568     1.9210 0.0000e+00
    100.000     8.1631   3.572934    34.2731       2941     2.0414     2.0628     1.9239 0.0000e+00
    101.000     8.2051   3.578283    34.2886       2964     2.0577     2.0671     1.9256 0.0000e+00
    102.000     8.1909   3.577735    34.2961       2992     2.0770     2.0711     1.9288 0.0000e+00
    103.000     8.2093   3.580747    34.3098       3024     2.0996     2.0702     1.9320 0.0000e+00
    104.000     8.5083   3.615253    34.3840       3055     2.1208     2.0686     1.9332 0.0000e+00
    105.000     8.6119   3.626823    34.4050       3078     2.1370     2.0751     1.9375 0.0000e+00
    106.000     8.9887   3.668613    34.4775       3099     2.1512     2.0789     1.9410 0.0000e+00
    107.000     9.2233   3.696404    34.5400       3121     2.1666     2.0830     1.9429 0.0000e+00
    108.000     9.2215   3.697205    34.5496       3150     2.1868     2.0822     1.9430 0.0000e+00
    109.000     9.1949   3.695160    34.5536       3186     2.2118     2.0589     1.9273 0.0000e+00
    110.000     9.2052   3.697774    34.5704       3213     2.2309     2.0445     1.9141 0.0000e+00
    111.000     9.1605   3.693769    34.5715       3234     2.2452     2.0395     1.9083 0.0000e+00
    112.000     9.1538   3.693633    34.5761       3254     2.2592     2.0336     1.9028 0.0000e+00
    113.000     9.1099   3.689066    34.5706       3282     2.2786     2.0272     1.8956 0.0000e+00
    114.000     9.1296   3.691648    34.5779       3323     2.3071     2.0228     1.8900 0.0000e+00
    115.000     9.2070   3.701063    34.6005       3349     2.3249     2.0246     1.8917 0.0000e+00
    116.000     9.1224   3.695497    34.6241       3367     2.3375     2.0263     1.8930 0.0000e+00
    117.000     8.9508   3.678069    34.6084       3386     2.3505     2.0256     1.8932 0.0000e+00
    118.000     8.8165   3.664599    34.5974       3412     2.3689     2.0134     1.8853 0.0000e+00
    119.000     8.8970   3.674129    34.6185       3455     2.3987     1.9992     1.8731 0.0000e+00
    120.000     8.9540   3.680564    34.6300       3484     2.4187     2.0028     1.8752 0.0000e+00
    121.000     8.9601   3.681279    34.6311       3503     2.4321     2.0028     1.8753 0.0000e+00
    122.000     8.9727   3.682837    34.6346       3522     2.4449     2.0012     1.8744 0.0000e+00
    123.000     8.9582   3.681345    34.6327       3543     2.4598     1.9990     1.8706 0.0000e+00
    124.000     8.9608   3.681757    34.6339       3576     2.4826     1.9948     1.8647 0.0000e+00
    125.000     8.8965   3.674876    34.6240       3614     2.5088     1.9896     1.8614 0.0000e+00
    126.000     8.8511   3.670220    34.6189       3640     2.5272     1.9871     1.8591 0.0000e+00
    127.000     8.8437   3.669957    34.6229       3662     2.5425     1.9847     1.8568 0.0000e+00
    128.000     8.8529   3.671926    34.6341       3684     2.5575     1.9833     1.8557 0.0000e+00
    129.000     8.8375   3.670897    34.6379       3708     2.5742     1.9860     1.8573 0.0000e+00
    130.000     8.8382   3.671318    34.6412       3737     2.5945     1.9900     1.8607 0.0000e+00
    131.000     8.8385   3.671642    34.6438       3767     2.6152     1.9963     1.8669 0.0000e+00
    132.000     8.8344   3.671742    34.6483       3792     2.6324     2.0008     1.8718 0.0000e+00
    133.000     8.8323   3.671711    34.6496       3817     2.6501     2.0049     1.8745 0.0000e+00
    134.000     8.8307   3.671740    34.6510       3850     2.6730     2.0053     1.8772 0.0000e+00
    135.000     8.8302   3.672035    34.6541       3881     2.6944     2.0072     1.8787 0.0000e+00
    136.000     8.8441   3.673845    34.6591       3902     2.7090     2.0098     1.8798 0.0000e+00
    137.000     8.9019   3.680492    34.6720       3921     2.7226     2.0111     1.8806 0.0000e+00
    138.000     8.9614   3.687498    34.6868       3944     2.7382     2.0109     1.8798 0.0000e+00
    139.000     9.0004   3.692421    34.6999       3976     2.7601     2.0058     1.8759 0.0000e+00
    140.000     9.0242   3.695135    34.7046       4013     2.7863     1.9969     1.8693 0.0000e+00
    141.000     9.0996   3.703948    34.7227       4042     2.8059     1.9912     1.8625 0.0000e+00
    142.000     9.1318   3.707735    34.7304       4062     2.8199     1.9869     1.8589 0.0000e+00
    143.000     9.2543   3.722448    34.7639       4082     2.8338     1.9846     1.8564 0.0000e+00
    144.000     9.2765   3.725555    34.7742       4106     2.8505     1.9817     1.8536 0.0000e+00
    145.000     9.2730   3.725778    34.7795       4138     2.8726     1.9736     1.8489 0.0000e+00
    146.000     9.2753   3.726369    34.7830       4173     2.8976     1.9657     1.8428 0.0000e+00
    147.000     9.2714   3.726041    34.7828       4201     2.9168     1.9601     1.8386 0.0000e+00
    148.000     9.2689   3.725907    34.7834       4222     2.9315     1.9568     1.8361 0.0000e+00
    149.000     9.2678   3.725928    34.7842       4243     2.9456     1.9560     1.8338 0.0000e+00
    150.000     9.2535   3.724480    34.7826       4266     2.9620     1.9556     1.8317 0.0000e+00
    151.000     9.2515   3.724417    34.7835       4296     2.9827     1.9531     1.8291 0.0000e+00
    152.000     9.2539   3.724788    34.7845       4328     3.0045     1.9535     1.8296 0.0000e+00
    153.000     9.2587   3.725368    34.7854       4357     3.0253     1.9546     1.8296 0.0000e+00
    154.000     9.2663   3.726692    34.7913       4385     3.0442     1.9540     1.8287 0.0000e+00
    155.000     9.2873   3.730256    34.8074       4409     3.0610     1.9535     1.8281 0.0000e+00
    156.000     9.2172   3.724093    34.8111       4431     3.0763     1.9553     1.8294 0.0000e+00
    157.000     9.0938   3.711036    34.7948       4456     3.0935     1.9525     1.8281 0.0000e+00
    158.000     9.0271   3.703650    34.7824       4486     3.1147     1.9480     1.8230 0.0000e+00
    159.000     8.9366   3.693952    34.7688       4518     3.1366     1.9458     1.8236 0.0000e+00
    160.000     8.8466   3.684409    34.7562       4545     3.1558     1.9465     1.8265 0.0000e+00
    161.000     8.7802   3.677256    34.7456       4570     3.1728     1.9506     1.8287 0.0000e+00
    162.000     8.6315   3.663377    34.7446       4592     3.1879     1.9546     1.8300 0.0000e+00
