HB2407/CTD171.cnv
* Sea-Bird SBE 9 Data File:
* FileName = C:\cruise\data\CTD171.hex
* Software Version Seasave V 7.26.7.121
* Temperature SN = 4591
* Conductivity SN = 6006
* Number of Bytes Per Scan = 37
* Number of Voltage Words = 4
* Number of Scans Averaged by the Deck Unit = 1
* NMEA Latitude = 42 57.76 N
* NMEA Longitude = 069 02.52 W
* NMEA UTC (Time) = Oct 20 2024 11:30:43
* NMEA baud rate = 4800
** Ship: Bigelow HB2407
** Program:  Fall Bottom Trawl Survey
** Chief Scientist: John Galbraith
# nquan = 9
# nvalues = 346                         
# units = specified
# name 0 = depSM: Depth [salt water, m]
# name 1 = t090C: Temperature [ITS-90, deg C]
# name 2 = c0S/m: Conductivity [S/m]
# name 3 = sal00: Salinity, Practical [PSU]
# name 4 = scan: Scan Count
# name 5 = timeM: Time, Elapsed [minutes]
# name 6 = sbeox0V: Oxygen raw, SBE 43 [V]
# name 7 = sbeox1V: Oxygen raw, SBE 43, 2 [V]
# name 8 = flag: flag
# span 0 =      2.000,    175.000       
# span 1 =     7.6012,    13.8737       
# span 2 =   3.376014,   3.865228       
# span 3 =    32.0122,    33.6364       
# span 4 =         67,      12139       
# span 5 =     0.0459,     8.4291       
# span 6 =     1.7881,     2.5368       
# span 7 =     1.6551,     2.3453       
# span 8 = 0.0000e+00, 0.0000e+00       
# interval = meters: 1                  
# start_time = Oct 20 2024 11:30:43 [NMEA time, header]
# bad_flag = -9.990e-29
*END*
[from data line 321]
     26.000     9.0098   3.455302    32.2727      11297     7.8448     2.2161     2.0420 0.0000e+00
     25.000     9.0725   3.459929    32.2642      11320     7.8608     2.2186     2.0441 0.0000e+00
     24.000     9.1449   3.466787    32.2700      11347     7.8791     2.2208     2.0453 0.0000e+00
     23.000     9.9017   3.523299    32.1689      11379     7.9013     2.2418     2.0495 0.0000e+00
     22.000    10.6137   3.582171    32.1307      11409     7.9223     2.2649     2.0631 0.0000e+00
     21.000    11.4152   3.643087    32.0322      11434     7.9392     2.2915     2.0790 0.0000e+00
     20.000    11.9375   3.690827    32.0456      11455     7.9543     2.3395     2.0954 0.0000e+00
     19.000    12.5756   3.746728    32.0360      11478     7.9701     2.3825     2.1192 0.0000e+00
     18.000    12.9419   3.779125    32.0324      11505     7.9892     2.4146     2.1535 0.0000e+00
     17.000    13.2359   3.805862    32.0359      11537     8.0111     2.4264     2.1869 0.0000e+00
     16.000    13.5129   3.828189    32.0122      11565     8.0305     2.4340     2.2131 0.0000e+00
     15.000    13.6143   3.838418    32.0228      11588     8.0462     2.4516     2.2311 0.0000e+00
     14.000    13.5973   3.837799    32.0316      11608     8.0607     2.4721     2.2476 0.0000e+00
     13.000    13.6586   3.843497    32.0336      11632     8.0774     2.4933     2.2625 0.0000e+00
     12.000    13.7365   3.850297    32.0319      11664     8.0996     2.5065     2.2804 0.0000e+00
     11.000    13.7800   3.854101    32.0312      11696     8.1218     2.5131     2.2954 0.0000e+00
     10.000    13.7983   3.855990    32.0337      11721     8.1388     2.5160     2.3034 0.0000e+00
      9.000    13.7958   3.856025    32.0365      11742     8.1537     2.5223     2.3118 0.0000e+00
      8.000    13.8038   3.856908    32.0384      11765     8.1697     2.5258     2.3192 0.0000e+00
      7.000    13.8195   3.858506    32.0404      11794     8.1898     2.5271     2.3236 0.0000e+00
      6.000    13.8220   3.859006    32.0434      11825     8.2108     2.5244     2.3279 0.0000e+00
      5.000    13.8295   3.859755    32.0444      11849     8.2278     2.5257     2.3310 0.0000e+00
      4.000    13.8308   3.860183    32.0477      11873     8.2443     2.5278     2.3331 0.0000e+00
      3.000    13.8291   3.859930    32.0472      11901     8.2638     2.5308     2.3327 0.0000e+00
      2.000    13.8737   3.864856    32.0559      12139     8.4291     2.5368     2.3406 0.0000e+00
