HB2407/CTD116.cnv
* Sea-Bird SBE 9 Data File:
* FileName = C:\cruise\data\CTD116.hex
* Software Version Seasave V 7.26.7.121
* Temperature SN = 4591
* Conductivity SN = 6006
* Number of Bytes Per Scan = 37
* Number of Voltage Words = 4
* Number of Scans Averaged by the Deck Unit = 1
* NMEA Latitude = 40 04.39 N
* NMEA Longitude = 070 43.87 W
* NMEA UTC (Time) = Oct 08 2024 02:20:43
* NMEA baud rate = 4800
** Ship: Bigelow HB2407
** Program:  Fall Bottom Trawl Survey
** Chief Scientist: John Galbraith
# nquan = 9
# nvalues = 260                         
# units = specified
# name 0 = depSM: Depth [salt water, m]
# name 1 = t090C: Temperature [ITS-90, deg C]
# name 2 = c0S/m: Conductivity [S/m]
# name 3 = sal00: Salinity, Practical [PSU]
# name 4 = scan: Scan Count
# name 5 = timeM: Time, Elapsed [minutes]
# name 6 = sbeox0V: Oxygen raw, SBE 43 [V]
# name 7 = sbeox1V: Oxygen raw, SBE 43, 2 [V]
# name 8 = flag: flag
# span 0 =      4.000,    134.000       
# span 1 =    14.2112,    25.3598       
# span 2 =   4.259933,   5.512912       
# span 3 =    35.1099,    36.3868       
# span 4 =        138,       8481       
# span 5 =     0.0953,     5.8890       
# span 6 =     1.9013,     2.5298       
# span 7 =     1.7633,     2.3516       
# span 8 = 0.0000e+00, 0.0000e+00       
# interval = meters: 1                  
# start_time = Oct 08 2024 02:20:43 [NMEA time, header]
# bad_flag = -9.990e-29
*END*
[from data line 161]
    103.000    16.8178   4.537364    35.5360       5156     3.5798     2.1365     1.9682 0.0000e+00
    102.000    17.7439   4.647213    35.6743       5178     3.5951     2.1304     1.9682 0.0000e+00
    101.000    17.8484   4.672223    35.7992       5198     3.6090     2.1367     1.9724 0.0000e+00
    100.000    18.7536   4.786126    35.9771       5220     3.6246     2.1327     1.9742 0.0000e+00
     99.000    18.6730   4.788089    36.0650       5250     3.6449     2.1080     1.9626 0.0000e+00
     98.000    19.1523   4.840375    36.0876       5277     3.6636     2.0759     1.9325 0.0000e+00
     97.000    19.6369   4.906473    36.2185       5295     3.6764     2.0562     1.9139 0.0000e+00
     96.000    19.6712   4.914206    36.2532       5310     3.6871     2.0503     1.9116 0.0000e+00
     95.000    19.7568   4.925330    36.2716       5326     3.6980     2.0421     1.9077 0.0000e+00
     94.000    19.8525   4.935875    36.2764       5347     3.7124     2.0385     1.8974 0.0000e+00
     93.000    19.8906   4.935655    36.2420       5438     3.7755     2.0482     1.8937 0.0000e+00
     92.000    19.7449   4.911957    36.1723       5469     3.7973     2.0521     1.9010 0.0000e+00
     91.000    19.6777   4.900402    36.1351       5484     3.8075     2.0518     1.9002 0.0000e+00
     90.000    19.6219   4.889653    36.0945       5500     3.8185     2.0522     1.9029 0.0000e+00
     89.000    19.5345   4.876795    36.0636       5517     3.8309     2.0611     1.9064 0.0000e+00
     88.000    19.5618   4.876834    36.0407       5538     3.8452     2.0698     1.9126 0.0000e+00
     87.000    19.3662   4.854795    36.0264       5559     3.8595     2.0749     1.9201 0.0000e+00
     86.000    18.8947   4.770263    35.7266       5578     3.8729     2.0820     1.9289 0.0000e+00
     85.000    18.5792   4.717807    35.5572       5602     3.8895     2.1023     1.9313 0.0000e+00
     84.000    19.1000   4.762092    35.4822       5666     3.9340     2.2104     2.0032 0.0000e+00
     83.000    19.6715   4.837430    35.6220       5702     3.9590     2.2428     2.0598 0.0000e+00
     82.000    19.8134   4.859151    35.6810       5722     3.9728     2.2498     2.0740 0.0000e+00
     81.000    20.0377   4.885585    35.7082       5741     3.9861     2.2533     2.0806 0.0000e+00
     80.000    20.2486   4.914022    35.7627       5765     4.0027     2.2566     2.0849 0.0000e+00
     79.000    20.6800   4.973174    35.8796       5803     4.0292     2.2444     2.0822 0.0000e+00
     78.000    20.7300   4.982663    35.9147       5839     4.0545     2.2442     2.0812 0.0000e+00
     77.000    21.3529   5.053872    35.9637       5861     4.0696     2.2442     2.0745 0.0000e+00
     76.000    21.3752   5.064626    36.0316       5878     4.0814     2.2466     2.0743 0.0000e+00
     75.000    21.5121   5.078375    36.0269       5894     4.0920     2.2483     2.0791 0.0000e+00
     74.000    21.6028   5.090761    36.0499       5909     4.1026     2.2523     2.0809 0.0000e+00
     73.000    21.6235   5.094445    36.0622       5926     4.1147     2.2564     2.0823 0.0000e+00
     72.000    21.8247   5.119424    36.0927       5988     4.1578     2.2574     2.0923 0.0000e+00
     71.000    21.8485   5.123669    36.1067       6046     4.1977     2.2577     2.1013 0.0000e+00
     70.000    21.8413   5.122876    36.1069       6062     4.2090     2.2569     2.1013 0.0000e+00
     69.000    21.8396   5.122088    36.1024       6078     4.2201     2.2607     2.1001 0.0000e+00
     68.000    21.7922   5.114234    36.0801       6094     4.2315     2.2631     2.1022 0.0000e+00
     67.000    21.7371   5.104824    36.0518       6113     4.2444     2.2648     2.1045 0.0000e+00
     66.000    21.5954   5.081885    35.9882       6139     4.2623     2.2738     2.1081 0.0000e+00
     65.000    21.4810   5.061829    35.9243       6173     4.2864     2.2834     2.1156 0.0000e+00
     64.000    21.4552   5.053385    35.8789       6202     4.3062     2.2889     2.1262 0.0000e+00
     63.000    21.5021   5.049832    35.8117       6224     4.3216     2.2916     2.1309 0.0000e+00
     62.000    21.6948   5.074378    35.8469       6250     4.3394     2.3006     2.1410 0.0000e+00
     61.000    22.0789   5.119872    35.8885       6312     4.3826     2.3513     2.1789 0.0000e+00
     60.000    22.0317   5.113754    35.8796       6344     4.4046     2.3645     2.1915 0.0000e+00
     59.000    22.1919   5.131115    35.8842       6359     4.4154     2.3653     2.1955 0.0000e+00
     58.000    22.2302   5.135666    35.8886       6373     4.4252     2.3698     2.1965 0.0000e+00
     57.000    22.3151   5.144404    35.8874       6388     4.4354     2.3750     2.1980 0.0000e+00
     56.000    22.3527   5.147838    35.8837       6406     4.4481     2.3857     2.2022 0.0000e+00
     55.000    22.4756   5.158938    35.8697       6439     4.4709     2.3930     2.2141 0.0000e+00
     54.000    22.7402   5.191207    35.9042       6480     4.4990     2.3964     2.2271 0.0000e+00
     53.000    23.1342   5.230734    35.8885       6503     4.5150     2.4067     2.2316 0.0000e+00
     52.000    23.2178   5.236480    35.8650       6523     4.5293     2.4261     2.2370 0.0000e+00
     51.000    23.2125   5.233171    35.8441       6552     4.5492     2.4500     2.2577 0.0000e+00
     50.000    23.5351   5.259692    35.7863       6608     4.5884     2.4780     2.2974 0.0000e+00
     49.000    23.7971   5.292585    35.8263       6640     4.6101     2.4992     2.3090 0.0000e+00
     48.000    24.1547   5.333584    35.8499       6659     4.6236     2.4992     2.3148 0.0000e+00
     47.000    24.4005   5.365723    35.8955       6676     4.6356     2.5096     2.3211 0.0000e+00
     46.000    24.8617   5.429770    36.0071       6693     4.6474     2.5250     2.3287 0.0000e+00
     45.000    24.9330   5.449504    36.0980       6712     4.6607     2.5297     2.3355 0.0000e+00
     44.000    25.0913   5.468935    36.1165       6738     4.6788     2.5212     2.3389 0.0000e+00
     43.000    25.1773   5.481514    36.1417       6774     4.7035     2.5161     2.3430 0.0000e+00
     42.000    25.2299   5.490257    36.1649       6803     4.7234     2.5121     2.3421 0.0000e+00
     41.000    25.2840   5.499571    36.1912       6825     4.7387     2.5043     2.3341 0.0000e+00
     40.000    25.3101   5.502602    36.1931       6847     4.7542     2.5071     2.3374 0.0000e+00
     39.000    25.3187   5.504558    36.2011       6880     4.7773     2.5035     2.3388 0.0000e+00
     38.000    25.3473   5.508651    36.2089       6934     4.8144     2.5061     2.3370 0.0000e+00
     37.000    25.3263   5.506476    36.2099       6967     4.8376     2.5089     2.3345 0.0000e+00
     36.000    25.3317   5.506940    36.2094       6987     4.8512     2.4998     2.3412 0.0000e+00
     35.000    25.3335   5.506973    36.2085       7003     4.8627     2.4996     2.3429 0.0000e+00
     34.000    25.3328   5.506698    36.2073       7019     4.8736     2.5041     2.3408 0.0000e+00
     33.000    25.3318   5.506454    36.2067       7036     4.8855     2.5067     2.3369 0.0000e+00
     32.000    25.3340   5.506527    36.2058       7058     4.9005     2.5104     2.3366 0.0000e+00
     31.000    25.3333   5.506247    36.2046       7092     4.9244     2.5088     2.3388 0.0000e+00
     30.000    25.3261   5.505443    36.2047       7132     4.9524     2.5020     2.3371 0.0000e+00
     29.000    25.3215   5.504323    36.2004       7159     4.9709     2.5090     2.3376 0.0000e+00
     28.000    25.3155   5.502910    36.1950       7184     4.9879     2.5146     2.3401 0.0000e+00
     27.000    25.3115   5.502292    36.1940       7212     5.0076     2.5149     2.3415 0.0000e+00
     26.000    25.3108   5.502278    36.1948       7246     5.0311     2.5101     2.3418 0.0000e+00
     25.000    25.3060   5.501309    36.1918       7282     5.0561     2.5104     2.3401 0.0000e+00
     24.000    25.3026   5.500484    36.1887       7312     5.0771     2.5155     2.3406 0.0000e+00
     23.000    25.3009   5.500107    36.1876       7334     5.0925     2.5235     2.3396 0.0000e+00
     22.000    25.3007   5.500140    36.1883       7352     5.1051     2.5267     2.3363 0.0000e+00
     21.000    25.2963   5.499149    36.1848       7370     5.1172     2.5166     2.3365 0.0000e+00
     20.000    25.2922   5.498228    36.1815       7388     5.1297     2.5107     2.3397 0.0000e+00
     19.000    25.2899   5.497424    36.1778       7409     5.1442     2.5105     2.3456 0.0000e+00
     18.000    25.2857   5.495516    36.1673       7441     5.1666     2.5184     2.3507 0.0000e+00
     17.000    25.2794   5.492601    36.1510       7500     5.2075     2.5102     2.3498 0.0000e+00
     16.000    25.2756   5.491850    36.1488       7530     5.2287     2.5103     2.3464 0.0000e+00
     15.000    25.2675   5.488921    36.1338       7550     5.2423     2.5110     2.3463 0.0000e+00
     14.000    25.2621   5.486831    36.1230       7568     5.2546     2.5120     2.3433 0.0000e+00
     13.000    25.2620   5.487019    36.1248       7587     5.2677     2.5139     2.3432 0.0000e+00
     12.000    25.2634   5.487141    36.1249       7612     5.2853     2.5154     2.3451 0.0000e+00
     11.000    25.2646   5.487185    36.1246       7649     5.3114     2.5237     2.3469 0.0000e+00
     10.000    25.2624   5.486593    36.1223       7678     5.3315     2.5258     2.3503 0.0000e+00
      9.000    25.2613   5.485856    36.1180       7698     5.3454     2.5229     2.3514 0.0000e+00
      8.000    25.2609   5.485612    36.1169       7717     5.3585     2.5219     2.3510 0.0000e+00
      7.000    25.2596   5.485440    36.1169       7743     5.3761     2.5159     2.3492 0.0000e+00
      6.000    25.2569   5.485225    36.1179       8263     5.7376     2.5202     2.3468 0.0000e+00
      5.000    25.2556   5.484906    36.1168       8481     5.8890     2.5210     2.3506 0.0000e+00
