HB2407/CTD241.cnv
* Sea-Bird SBE 9 Data File:
* FileName = C:\cruise\data\CTD241.hex
* Software Version Seasave V 7.26.7.121
* Temperature SN = 4591
* Conductivity SN = 6006
* Number of Bytes Per Scan = 37
* Number of Voltage Words = 4
* Number of Scans Averaged by the Deck Unit = 1
* NMEA Latitude = 42 00.80 N
* NMEA Longitude = 070 15.88 W
* NMEA UTC (Time) = Nov 10 2024 17:24:41
* NMEA baud rate = 4800
** Ship: Bigelow HB2407
** Program:  Fall Bottom Trawl Survey
** Chief Scientist: John Galbraith
# nquan = 9
# nvalues = 83                          
# units = specified
# name 0 = depSM: Depth [salt water, m]
# name 1 = t090C: Temperature [ITS-90, deg C]
# name 2 = c0S/m: Conductivity [S/m]
# name 3 = sal00: Salinity, Practical [PSU]
# name 4 = scan: Scan Count
# name 5 = timeM: Time, Elapsed [minutes]
# name 6 = sbeox0V: Oxygen raw, SBE 43 [V]
# name 7 = sbeox1V: Oxygen raw, SBE 43, 2 [V]
# name 8 = flag: flag
# span 0 =      1.000,     43.000       
# span 1 =    12.1321,    12.5664       
# span 2 =   3.704495,   3.719102       
# span 3 =    31.7744,    32.0012       
# span 4 =        133,       3494       
# span 5 =     0.0916,     2.4258       
# span 6 =     2.2246,     2.4947       
# span 7 =     2.0595,     2.3290       
# span 8 = 0.0000e+00, 0.0000e+00       
# interval = meters: 1                  
# start_time = Nov 10 2024 17:24:41 [NMEA time, header]
# bad_flag = -9.990e-29
*END*
      3.000    12.5646   3.717680    31.7755        133     0.0916     2.4932     2.3288 0.0000e+00
      4.000    12.5644   3.717760    31.7760        275     0.1903     2.4947     2.3272 0.0000e+00
      5.000    12.5642   3.717803    31.7761        312     0.2157     2.4945     2.3242 0.0000e+00
      6.000    12.5641   3.717657    31.7744        343     0.2373     2.4940     2.3255 0.0000e+00
      7.000    12.5646   3.717983    31.7767        375     0.2599     2.4941     2.3262 0.0000e+00
      8.000    12.5645   3.718025    31.7769        407     0.2817     2.4929     2.3290 0.0000e+00
      9.000    12.5661   3.718151    31.7762        437     0.3028     2.4909     2.3286 0.0000e+00
     10.000    12.5664   3.718157    31.7756        469     0.3248     2.4875     2.3227 0.0000e+00
     11.000    12.5663   3.718270    31.7764        500     0.3467     2.4848     2.3219 0.0000e+00
     12.000    12.5615   3.718133    31.7787        531     0.3681     2.4834     2.3215 0.0000e+00
     13.000    12.5561   3.717988    31.7815        560     0.3883     2.4862     2.3229 0.0000e+00
     14.000    12.5452   3.717901    31.7895        589     0.4082     2.4887     2.3226 0.0000e+00
     15.000    12.5392   3.718576    31.8006        617     0.4280     2.4832     2.3206 0.0000e+00
     16.000    12.5408   3.718879    31.8018        647     0.4485     2.4733     2.3155 0.0000e+00
     17.000    12.5416   3.719102    31.8028        677     0.4693     2.4612     2.3032 0.0000e+00
     18.000    12.5354   3.718514    31.8021        706     0.4895     2.4507     2.2965 0.0000e+00
     19.000    12.5090   3.716413    31.8040        735     0.5096     2.4490     2.2931 0.0000e+00
     20.000    12.4972   3.715638    31.8061        764     0.5298     2.4477     2.2921 0.0000e+00
     21.000    12.4958   3.715575    31.8063        792     0.5496     2.4521     2.2912 0.0000e+00
     22.000    12.4959   3.715596    31.8061        821     0.5695     2.4559     2.2925 0.0000e+00
     23.000    12.4956   3.715633    31.8063        850     0.5895     2.4552     2.2931 0.0000e+00
     24.000    12.4956   3.715670    31.8062        878     0.6093     2.4538     2.2931 0.0000e+00
     25.000    12.4959   3.715696    31.8058        907     0.6293     2.4550     2.2936 0.0000e+00
     26.000    12.4962   3.715761    31.8057        936     0.6493     2.4535     2.2924 0.0000e+00
     27.000    12.4964   3.715804    31.8056        965     0.6694     2.4530     2.2921 0.0000e+00
     28.000    12.4962   3.715859    31.8059        993     0.6887     2.4540     2.2919 0.0000e+00
     29.000    12.4963   3.715911    31.8059       1020     0.7080     2.4553     2.2907 0.0000e+00
     30.000    12.4965   3.715947    31.8056       1048     0.7274     2.4568     2.2913 0.0000e+00
     31.000    12.4966   3.715995    31.8056       1077     0.7473     2.4565     2.2917 0.0000e+00
     32.000    12.4958   3.715997    31.8060       1106     0.7675     2.4584     2.2952 0.0000e+00
     33.000    12.4803   3.715083    31.8099       1134     0.7868     2.4603     2.2976 0.0000e+00
     34.000    12.4749   3.714810    31.8115       1162     0.8059     2.4614     2.2971 0.0000e+00
     35.000    12.4703   3.714543    31.8124       1190     0.8254     2.4635     2.3009 0.0000e+00
     36.000    12.4678   3.714649    31.8151       1218     0.8454     2.4651     2.3040 0.0000e+00
     37.000    12.4642   3.714732    31.8186       1247     0.8655     2.4662     2.3091 0.0000e+00
     38.000    12.4525   3.714259    31.8236       1277     0.8858     2.4669     2.3124 0.0000e+00
     39.000    12.4452   3.714081    31.8277       1305     0.9056     2.4667     2.3097 0.0000e+00
     40.000    12.4405   3.714519    31.8355       1333     0.9247     2.4679     2.3077 0.0000e+00
     41.000    12.4370   3.715060    31.8431       1361     0.9442     2.4705     2.3093 0.0000e+00
     42.000    12.3874   3.714722    31.8816       1390     0.9644     2.4688     2.3086 0.0000e+00
     43.000    12.2518   3.712156    31.9720       1409     0.9779     2.4664     2.3066 0.0000e+00
     42.000    12.1321   3.704495    32.0012       2470     1.7145     2.2246     2.0595 0.0000e+00
     41.000    12.4045   3.713882    31.8595       2254     1.5645     2.3812     2.2110 0.0000e+00
     40.000    12.4273   3.713997    31.8416       2281     1.5834     2.3897     2.2152 0.0000e+00
     39.000    12.4377   3.714075    31.8340       2307     1.6013     2.4081     2.2294 0.0000e+00
     38.000    12.4410   3.713806    31.8290       2333     1.6192     2.4263     2.2491 0.0000e+00
     37.000    12.4478   3.713724    31.8229       2359     1.6374     2.4415     2.2682 0.0000e+00
     36.000    12.4568   3.714016    31.8185       2386     1.6561     2.4555     2.2840 0.0000e+00
     35.000    12.4642   3.714228    31.8146       2412     1.6742     2.4636     2.2956 0.0000e+00
     34.000    12.4662   3.714180    31.8129       2437     1.6919     2.4662     2.3025 0.0000e+00
     33.000    12.4721   3.714323    31.8096       2464     1.7102     2.4683     2.3076 0.0000e+00
     32.000    12.4796   3.714690    31.8072       2490     1.7286     2.4712     2.3084 0.0000e+00
     31.000    12.4873   3.715125    31.8052       2517     1.7469     2.4712     2.3084 0.0000e+00
     30.000    12.4921   3.715390    31.8041       2543     1.7652     2.4706     2.3090 0.0000e+00
     29.000    12.4959   3.715567    31.8029       2570     1.7840     2.4684     2.3098 0.0000e+00
     28.000    12.4971   3.715603    31.8027       2596     1.8024     2.4636     2.3078 0.0000e+00
     27.000    12.4977   3.715606    31.8026       2622     1.8204     2.4581     2.3055 0.0000e+00
     26.000    12.4984   3.715622    31.8026       2649     1.8386     2.4557     2.3018 0.0000e+00
     25.000    12.4985   3.715605    31.8027       2675     1.8569     2.4536     2.3003 0.0000e+00
     24.000    12.4986   3.715553    31.8026       2701     1.8751     2.4539     2.2977 0.0000e+00
     23.000    12.4990   3.715553    31.8026       2727     1.8934     2.4540     2.2928 0.0000e+00
     22.000    12.5001   3.715573    31.8023       2754     1.9121     2.4540     2.2912 0.0000e+00
     21.000    12.5021   3.715658    31.8018       2782     1.9309     2.4555     2.2894 0.0000e+00
     20.000    12.5079   3.715949    31.8000       2808     1.9493     2.4540     2.2919 0.0000e+00
     19.000    12.5219   3.716917    31.7978       2834     1.9675     2.4525     2.2920 0.0000e+00
     18.000    12.5371   3.717756    31.7933       2860     1.9855     2.4525     2.2939 0.0000e+00
     17.000    12.5441   3.717946    31.7897       2886     2.0037     2.4506     2.2945 0.0000e+00
     16.000    12.5465   3.717958    31.7882       2913     2.0222     2.4529     2.2955 0.0000e+00
     15.000    12.5478   3.717708    31.7851       2940     2.0410     2.4563     2.2955 0.0000e+00
     14.000    12.5499   3.717906    31.7856       2967     2.0595     2.4570     2.2981 0.0000e+00
     13.000    12.5485   3.717876    31.7869       2993     2.0777     2.4629     2.3024 0.0000e+00
     12.000    12.5492   3.717801    31.7860       3019     2.0957     2.4661     2.3025 0.0000e+00
     11.000    12.5516   3.717744    31.7839       3045     2.1136     2.4697     2.3041 0.0000e+00
     10.000    12.5549   3.717792    31.7819       3071     2.1321     2.4710     2.3056 0.0000e+00
      9.000    12.5563   3.717809    31.7813       3099     2.1513     2.4752     2.3077 0.0000e+00
      8.000    12.5554   3.717802    31.7824       3126     2.1705     2.4763     2.3107 0.0000e+00
      7.000    12.5558   3.717784    31.7822       3153     2.1886     2.4761     2.3122 0.0000e+00
      6.000    12.5559   3.717695    31.7818       3177     2.2056     2.4766     2.3125 0.0000e+00
      5.000    12.5561   3.717599    31.7811       3203     2.2237     2.4772     2.3126 0.0000e+00
      4.000    12.5576   3.717493    31.7792       3231     2.2431     2.4799     2.3140 0.0000e+00
      3.000    12.5603   3.717439    31.7768       3256     2.2602     2.4799     2.3157 0.0000e+00
      2.000    12.5615   3.717443    31.7762       3378     2.3452     2.4908     2.3223 0.0000e+00
      1.000    12.5617   3.717382    31.7759       3494     2.4258     2.4920     2.3195 0.0000e+00
