HB2407/CTD209.cnv
* Sea-Bird SBE 9 Data File:
* FileName = C:\cruise\data\CTD209.hex
* Software Version Seasave V 7.26.7.121
* Temperature SN = 4591
* Conductivity SN = 6006
* Number of Bytes Per Scan = 37
* Number of Voltage Words = 4
* Number of Scans Averaged by the Deck Unit = 1
* NMEA Latitude = 44 06.17 N
* NMEA Longitude = 067 52.75 W
* NMEA UTC (Time) = Nov 05 2024 00:08:59
* NMEA baud rate = 4800
** Ship: Bigelow HB2407
** Program:  Fall Bottom Trawl Survey
** Chief Scientist: John Galbraith
# nquan = 9
# nvalues = 209                         
# units = specified
# name 0 = depSM: Depth [salt water, m]
# name 1 = t090C: Temperature [ITS-90, deg C]
# name 2 = c0S/m: Conductivity [S/m]
# name 3 = sal00: Salinity, Practical [PSU]
# name 4 = scan: Scan Count
# name 5 = timeM: Time, Elapsed [minutes]
# name 6 = sbeox0V: Oxygen raw, SBE 43 [V]
# name 7 = sbeox1V: Oxygen raw, SBE 43, 2 [V]
# name 8 = flag: flag
# span 0 =      1.000,    106.000       
# span 1 =     9.7814,    10.2479       
# span 2 =   3.615302,   3.626426       
# span 3 =    32.8323,    33.2079       
# span 4 =        207,       7614       
# span 5 =     0.1433,     5.2871       
# span 6 =     2.1101,     2.3858       
# span 7 =     1.9704,     2.2267       
# span 8 = 0.0000e+00, 0.0000e+00       
# interval = meters: 1                  
# start_time = Nov 05 2024 00:08:59 [NMEA time, header]
# bad_flag = -9.990e-29
*END*
      3.000    10.2344   3.617579    32.8328        207     0.1433     2.3767     2.2201 0.0000e+00
      4.000    10.2346   3.617649    32.8328        329     0.2276     2.3771     2.2208 0.0000e+00
      5.000    10.2391   3.618050    32.8323        360     0.2491     2.3782     2.2213 0.0000e+00
      6.000    10.2373   3.618000    32.8330        394     0.2728     2.3792     2.2195 0.0000e+00
      7.000    10.2357   3.617889    32.8330        428     0.2967     2.3799     2.2172 0.0000e+00
      8.000    10.2375   3.618077    32.8328        461     0.3196     2.3811     2.2191 0.0000e+00
      9.000    10.2442   3.618684    32.8323        494     0.3423     2.3817     2.2212 0.0000e+00
     10.000    10.2448   3.618798    32.8326        527     0.3653     2.3806     2.2210 0.0000e+00
     11.000    10.2479   3.619119    32.8326        635     0.4403     2.3770     2.2206 0.0000e+00
     12.000    10.2467   3.619101    32.8330        733     0.5084     2.3774     2.2182 0.0000e+00
     13.000    10.2470   3.619151    32.8328        770     0.5338     2.3758     2.2169 0.0000e+00
     14.000    10.2461   3.619131    32.8330        803     0.5568     2.3728     2.2138 0.0000e+00
     15.000    10.2466   3.619226    32.8330        832     0.5768     2.3733     2.2125 0.0000e+00
     16.000    10.2471   3.619320    32.8331        860     0.5963     2.3747     2.2149 0.0000e+00
     17.000    10.2466   3.619356    32.8335        888     0.6156     2.3764     2.2170 0.0000e+00
     18.000    10.2439   3.619214    32.8340        915     0.6350     2.3751     2.2158 0.0000e+00
     19.000    10.2393   3.618953    32.8351        943     0.6545     2.3727     2.2158 0.0000e+00
     20.000    10.2376   3.618885    32.8355        971     0.6737     2.3720     2.2152 0.0000e+00
     21.000    10.2192   3.618103    32.8439        999     0.6930     2.3711     2.2168 0.0000e+00
     22.000    10.2042   3.617230    32.8482       1027     0.7127     2.3712     2.2170 0.0000e+00
     23.000    10.1931   3.616174    32.8471       1056     0.7325     2.3702     2.2130 0.0000e+00
     24.000    10.1870   3.615676    32.8472       1084     0.7520     2.3672     2.2093 0.0000e+00
     25.000    10.1885   3.616126    32.8499       1112     0.7716     2.3643     2.2066 0.0000e+00
     26.000    10.1862   3.616572    32.8561       1140     0.7907     2.3612     2.2037 0.0000e+00
     27.000    10.2059   3.619534    32.8677       1167     0.8095     2.3595     2.2016 0.0000e+00
     28.000    10.2195   3.621624    32.8761       1194     0.8281     2.3566     2.2000 0.0000e+00
     29.000    10.2117   3.621645    32.8829       1221     0.8470     2.3502     2.1957 0.0000e+00
     30.000    10.2000   3.620865    32.8852       1249     0.8666     2.3413     2.1879 0.0000e+00
     31.000    10.1951   3.620626    32.8868       1279     0.8872     2.3313     2.1802 0.0000e+00
     32.000    10.1928   3.620666    32.8888       1307     0.9073     2.3258     2.1736 0.0000e+00
     33.000    10.1931   3.620999    32.8915       1334     0.9260     2.3217     2.1687 0.0000e+00
     34.000    10.1914   3.621332    32.8959       1361     0.9442     2.3198     2.1663 0.0000e+00
     35.000    10.1900   3.621562    32.8991       1387     0.9628     2.3180     2.1637 0.0000e+00
     36.000    10.1899   3.621793    32.9011       1415     0.9820     2.3159     2.1627 0.0000e+00
     37.000    10.1900   3.621952    32.9022       1443     1.0012     2.3157     2.1604 0.0000e+00
     38.000    10.1904   3.622247    32.9043       1471     1.0206     2.3146     2.1580 0.0000e+00
     39.000    10.1910   3.622515    32.9061       1498     1.0394     2.3116     2.1548 0.0000e+00
     40.000    10.1900   3.622605    32.9074       1524     1.0574     2.3071     2.1530 0.0000e+00
     41.000    10.1872   3.622885    32.9124       1550     1.0760     2.3055     2.1512 0.0000e+00
     42.000    10.1859   3.623002    32.9143       1577     1.0945     2.3033     2.1494 0.0000e+00
     43.000    10.1848   3.623223    32.9171       1604     1.1132     2.2996     2.1477 0.0000e+00
     44.000    10.1840   3.623445    32.9195       1631     1.1319     2.2964     2.1468 0.0000e+00
     45.000    10.1792   3.623617    32.9253       1658     1.1505     2.2957     2.1464 0.0000e+00
     46.000    10.1680   3.623489    32.9337       1685     1.1695     2.2937     2.1447 0.0000e+00
     47.000    10.1661   3.623445    32.9345       1712     1.1881     2.2906     2.1423 0.0000e+00
     48.000    10.1620   3.623153    32.9349       1738     1.2063     2.2874     2.1384 0.0000e+00
     49.000    10.1592   3.623230    32.9378       1764     1.2243     2.2853     2.1339 0.0000e+00
     50.000    10.1582   3.623358    32.9396       1791     1.2432     2.2852     2.1319 0.0000e+00
     51.000    10.1526   3.623744    32.9480       1819     1.2624     2.2866     2.1315 0.0000e+00
     52.000    10.1493   3.624235    32.9556       1846     1.2811     2.2840     2.1320 0.0000e+00
     53.000    10.1450   3.624671    32.9635       1872     1.2991     2.2798     2.1314 0.0000e+00
     54.000    10.1389   3.625159    32.9736       1898     1.3171     2.2759     2.1278 0.0000e+00
     55.000    10.1347   3.625534    32.9807       1925     1.3358     2.2720     2.1227 0.0000e+00
     56.000    10.1301   3.625733    32.9865       1952     1.3549     2.2665     2.1176 0.0000e+00
     57.000    10.1234   3.625702    32.9918       1979     1.3734     2.2586     2.1113 0.0000e+00
     58.000    10.1186   3.625757    32.9963       2005     1.3918     2.2527     2.1064 0.0000e+00
     59.000    10.1138   3.626068    33.0034       2032     1.4106     2.2477     2.1017 0.0000e+00
     60.000    10.1037   3.626399    33.0154       2059     1.4292     2.2459     2.0972 0.0000e+00
     61.000    10.0934   3.626426    33.0247       2086     1.4476     2.2398     2.0934 0.0000e+00
     62.000    10.0880   3.626383    33.0288       2112     1.4662     2.2323     2.0876 0.0000e+00
     63.000    10.0774   3.626364    33.0378       2139     1.4850     2.2257     2.0799 0.0000e+00
     64.000    10.0664   3.626323    33.0470       2167     1.5041     2.2202     2.0731 0.0000e+00
     65.000    10.0578   3.626231    33.0535       2194     1.5230     2.2163     2.0692 0.0000e+00
     66.000    10.0520   3.626179    33.0578       2221     1.5415     2.2098     2.0634 0.0000e+00
     67.000    10.0427   3.625906    33.0631       2247     1.5595     2.2033     2.0579 0.0000e+00
     68.000    10.0306   3.625422    33.0688       2272     1.5774     2.2005     2.0554 0.0000e+00
     69.000    10.0292   3.625399    33.0694       2299     1.5958     2.1986     2.0524 0.0000e+00
     70.000    10.0193   3.625189    33.0759       2326     1.6149     2.1964     2.0499 0.0000e+00
     71.000    10.0020   3.624615    33.0854       2354     1.6338     2.1952     2.0472 0.0000e+00
     72.000     9.9679   3.623464    33.1045       2381     1.6525     2.1919     2.0433 0.0000e+00
     73.000     9.9465   3.622643    33.1153       2408     1.6716     2.1854     2.0382 0.0000e+00
     74.000     9.9347   3.622179    33.1210       2435     1.6904     2.1790     2.0329 0.0000e+00
     75.000     9.9236   3.621771    33.1266       2462     1.7093     2.1724     2.0274 0.0000e+00
     76.000     9.9161   3.621519    33.1305       2490     1.7282     2.1671     2.0222 0.0000e+00
     77.000     9.9065   3.621190    33.1355       2516     1.7466     2.1618     2.0193 0.0000e+00
     78.000     9.8992   3.620959    33.1394       2542     1.7646     2.1582     2.0171 0.0000e+00
     79.000     9.8887   3.620626    33.1452       2567     1.7822     2.1572     2.0156 0.0000e+00
     80.000     9.8720   3.620105    33.1548       2594     1.8004     2.1563     2.0124 0.0000e+00
     81.000     9.8626   3.619807    33.1599       2621     1.8195     2.1523     2.0086 0.0000e+00
     82.000     9.8479   3.619377    33.1686       2649     1.8389     2.1489     2.0040 0.0000e+00
     83.000     9.8360   3.619034    33.1756       2677     1.8585     2.1452     2.0004 0.0000e+00
     84.000     9.8303   3.618899    33.1791       2705     1.8774     2.1405     1.9978 0.0000e+00
     85.000     9.8246   3.618767    33.1825       2731     1.8959     2.1372     1.9955 0.0000e+00
     86.000     9.8229   3.618751    33.1834       2757     1.9140     2.1353     1.9918 0.0000e+00
     87.000     9.8211   3.618743    33.1846       2783     1.9321     2.1344     1.9892 0.0000e+00
     88.000     9.8164   3.618668    33.1877       2810     1.9506     2.1338     1.9889 0.0000e+00
     89.000     9.8147   3.618652    33.1887       2837     1.9692     2.1318     1.9886 0.0000e+00
     90.000     9.8134   3.618655    33.1895       2863     1.9876     2.1296     1.9889 0.0000e+00
     91.000     9.8091   3.618574    33.1921       2890     2.0062     2.1277     1.9870 0.0000e+00
     92.000     9.8057   3.618522    33.1942       2917     2.0249     2.1286     1.9853 0.0000e+00
     93.000     9.8030   3.618476    33.1959       2944     2.0441     2.1286     1.9844 0.0000e+00
     94.000     9.7915   3.618182    33.2030       2971     2.0627     2.1264     1.9839 0.0000e+00
     95.000     9.7866   3.618008    33.2053       2998     2.0809     2.1222     1.9823 0.0000e+00
     96.000     9.7853   3.617994    33.2059       3024     2.0996     2.1182     1.9785 0.0000e+00
     97.000     9.7858   3.618063    33.2057       3052     2.1185     2.1169     1.9769 0.0000e+00
     98.000     9.7854   3.618078    33.2058       3078     2.1371     2.1160     1.9768 0.0000e+00
     99.000     9.7850   3.618089    33.2058       3105     2.1557     2.1168     1.9773 0.0000e+00
    100.000     9.7846   3.618112    33.2059       3132     2.1743     2.1165     1.9775 0.0000e+00
    101.000     9.7841   3.618143    33.2062       3158     2.1925     2.1166     1.9764 0.0000e+00
    102.000     9.7834   3.618158    33.2066       3184     2.2103     2.1160     1.9771 0.0000e+00
    103.000     9.7836   3.618216    33.2066       3210     2.2285     2.1158     1.9767 0.0000e+00
    104.000     9.7821   3.618230    33.2077       3237     2.2475     2.1135     1.9754 0.0000e+00
    105.000     9.7819   3.618265    33.2078       3265     2.2670     2.1117     1.9748 0.0000e+00
    106.000     9.7814   3.618282    33.2079       3292     2.2853     2.1102     1.9741 0.0000e+00
    105.000     9.7817   3.618231    33.2076       4014     2.7871     2.1106     1.9746 0.0000e+00
    104.000     9.7817   3.618147    33.2072       4098     2.8450     2.1101     1.9732 0.0000e+00
    103.000     9.7818   3.618107    33.2072       4119     2.8601     2.1124     1.9706 0.0000e+00
    102.000     9.7818   3.618048    33.2070       4147     2.8792     2.1130     1.9704 0.0000e+00
    101.000     9.7822   3.618004    33.2066       4173     2.8972     2.1125     1.9717 0.0000e+00
    100.000     9.7824   3.617963    33.2065       4198     2.9143     2.1135     1.9728 0.0000e+00
     99.000     9.7832   3.617923    33.2057       4223     2.9319     2.1131     1.9729 0.0000e+00
     98.000     9.7836   3.617881    33.2054       4250     2.9504     2.1143     1.9730 0.0000e+00
     97.000     9.7842   3.617853    33.2050       4277     2.9693     2.1155     1.9742 0.0000e+00
     96.000     9.7851   3.617831    33.2045       4303     2.9874     2.1157     1.9736 0.0000e+00
     95.000     9.7868   3.617835    33.2034       4328     3.0050     2.1170     1.9737 0.0000e+00
     94.000     9.7876   3.617811    33.2028       4353     3.0225     2.1178     1.9745 0.0000e+00
     93.000     9.7882   3.617783    33.2024       4379     3.0405     2.1194     1.9744 0.0000e+00
     92.000     9.7903   3.617805    33.2011       4405     3.0586     2.1184     1.9764 0.0000e+00
     91.000     9.7982   3.617952    33.1958       4431     3.0763     2.1173     1.9766 0.0000e+00
     90.000     9.8009   3.618015    33.1945       4456     3.0940     2.1176     1.9762 0.0000e+00
     89.000     9.8042   3.618057    33.1923       4482     3.1120     2.1198     1.9775 0.0000e+00
     88.000     9.8051   3.618036    33.1916       4510     3.1312     2.1218     1.9797 0.0000e+00
     87.000     9.8051   3.617994    33.1917       4538     3.1510     2.1212     1.9817 0.0000e+00
     86.000     9.8087   3.618026    33.1891       4567     3.1706     2.1237     1.9824 0.0000e+00
     85.000     9.8101   3.618043    33.1885       4594     3.1895     2.1240     1.9810 0.0000e+00
     84.000     9.8121   3.618038    33.1870       4621     3.2084     2.1241     1.9794 0.0000e+00
     83.000     9.8145   3.618039    33.1853       4648     3.2269     2.1263     1.9809 0.0000e+00
     82.000     9.8153   3.618000    33.1846       4675     3.2455     2.1276     1.9817 0.0000e+00
     81.000     9.8169   3.618000    33.1836       4702     3.2647     2.1281     1.9832 0.0000e+00
     80.000     9.8185   3.617994    33.1825       4731     3.2849     2.1277     1.9857 0.0000e+00
     79.000     9.8332   3.618253    33.1721       4761     3.3059     2.1298     1.9868 0.0000e+00
     78.000     9.8564   3.618897    33.1577       4790     3.3257     2.1336     1.9871 0.0000e+00
     77.000     9.8749   3.619479    33.1471       4817     3.3442     2.1373     1.9886 0.0000e+00
     76.000     9.8988   3.620218    33.1331       4843     3.3624     2.1396     1.9920 0.0000e+00
     75.000     9.9120   3.620661    33.1259       4869     3.3803     2.1441     1.9961 0.0000e+00
     74.000     9.9207   3.620962    33.1215       4895     3.3988     2.1499     2.0003 0.0000e+00
     73.000     9.9268   3.621204    33.1188       4923     3.4179     2.1543     2.0049 0.0000e+00
     72.000     9.9379   3.621567    33.1128       4951     3.4375     2.1570     2.0093 0.0000e+00
     71.000     9.9638   3.622370    33.0976       4978     3.4562     2.1591     2.0117 0.0000e+00
     70.000     9.9875   3.623220    33.0850       5004     3.4745     2.1615     2.0146 0.0000e+00
     69.000    10.0018   3.623698    33.0772       5031     3.4929     2.1659     2.0179 0.0000e+00
     68.000    10.0132   3.624055    33.0708       5057     3.5113     2.1701     2.0226 0.0000e+00
     67.000    10.0220   3.624309    33.0658       5083     3.5294     2.1756     2.0279 0.0000e+00
     66.000    10.0280   3.624372    33.0614       5111     3.5484     2.1824     2.0310 0.0000e+00
     65.000    10.0482   3.624716    33.0469       5139     3.5677     2.1872     2.0323 0.0000e+00
     64.000    10.0561   3.624947    33.0424       5166     3.5871     2.1907     2.0362 0.0000e+00
     63.000    10.0595   3.625010    33.0404       5194     3.6064     2.1952     2.0429 0.0000e+00
     62.000    10.0692   3.625233    33.0343       5221     3.6252     2.1955     2.0474 0.0000e+00
     61.000    10.0827   3.625597    33.0261       5248     3.6437     2.1975     2.0501 0.0000e+00
     60.000    10.0922   3.625644    33.0184       5275     3.6623     2.2028     2.0527 0.0000e+00
     59.000    10.0966   3.625495    33.0132       5301     3.6809     2.2074     2.0558 0.0000e+00
     58.000    10.1038   3.625435    33.0065       5329     3.6998     2.2136     2.0575 0.0000e+00
     57.000    10.1112   3.625322    32.9991       5357     3.7198     2.2217     2.0618 0.0000e+00
     56.000    10.1153   3.625273    32.9953       5387     3.7401     2.2271     2.0668 0.0000e+00
     55.000    10.1235   3.625080    32.9863       5415     3.7595     2.2297     2.0743 0.0000e+00
     54.000    10.1308   3.624815    32.9774       5442     3.7785     2.2324     2.0792 0.0000e+00
     53.000    10.1353   3.624546    32.9711       5469     3.7975     2.2356     2.0839 0.0000e+00
     52.000    10.1393   3.624301    32.9654       5497     3.8169     2.2412     2.0897 0.0000e+00
     51.000    10.1440   3.623757    32.9560       5526     3.8365     2.2480     2.0957 0.0000e+00
     50.000    10.1516   3.623359    32.9456       5552     3.8546     2.2550     2.0989 0.0000e+00
