HB2407/CTD237.cnv
* Sea-Bird SBE 9 Data File:
* FileName = C:\cruise\data\CTD237.hex
* Software Version Seasave V 7.26.7.121
* Temperature SN = 4591
* Conductivity SN = 6006
* Number of Bytes Per Scan = 37
* Number of Voltage Words = 4
* Number of Scans Averaged by the Deck Unit = 1
* NMEA Latitude = 41 58.84 N
* NMEA Longitude = 070 31.70 W
* NMEA UTC (Time) = Nov 10 2024 05:31:10
* NMEA baud rate = 4800
** Ship: Bigelow HB2407
** Program:  Fall Bottom Trawl Survey
** Chief Scientist: John Galbraith
# nquan = 9
# nvalues = 55                          
# units = specified
# name 0 = depSM: Depth [salt water, m]
# name 1 = t090C: Temperature [ITS-90, deg C]
# name 2 = c0S/m: Conductivity [S/m]
# name 3 = sal00: Salinity, Practical [PSU]
# name 4 = scan: Scan Count
# name 5 = timeM: Time, Elapsed [minutes]
# name 6 = sbeox0V: Oxygen raw, SBE 43 [V]
# name 7 = sbeox1V: Oxygen raw, SBE 43, 2 [V]
# name 8 = flag: flag
# span 0 =      3.000,     30.000       
# span 1 =    11.7285,    11.7551       
# span 2 =   3.665392,   3.666523       
# span 3 =    31.9695,    31.9844       
# span 4 =       -341,       2125       
# span 5 =    -0.2376,     1.4753       
# span 6 =     2.4884,     2.5091       
# span 7 =     2.3215,     2.3409       
# span 8 = 0.0000e+00, 0.0000e+00       
# interval = meters: 1                  
# start_time = Nov 10 2024 05:31:10 [NMEA time, header]
# bad_flag = -9.990e-29
*END*
      3.000    11.7517   3.665726    31.9695       -341    -0.2376     2.5030     2.3404 0.0000e+00
      4.000    11.7551   3.666406    31.9728        428     0.2963     2.5071     2.3356 0.0000e+00
      5.000    11.7539   3.666339    31.9727        369     0.2559     2.5071     2.3371 0.0000e+00
      6.000    11.7439   3.665908    31.9768        398     0.2758     2.5085     2.3374 0.0000e+00
      7.000    11.7316   3.665392    31.9819        426     0.2952     2.5091     2.3374 0.0000e+00
      8.000    11.7343   3.665797    31.9831        457     0.3167     2.5089     2.3393 0.0000e+00
      9.000    11.7355   3.666045    31.9841        487     0.3373     2.5053     2.3409 0.0000e+00
     10.000    11.7362   3.666141    31.9840        511     0.3540     2.5022     2.3386 0.0000e+00
     11.000    11.7364   3.666216    31.9841        533     0.3697     2.4975     2.3367 0.0000e+00
     12.000    11.7364   3.666254    31.9841        560     0.3879     2.4958     2.3348 0.0000e+00
     13.000    11.7357   3.666241    31.9842        590     0.4091     2.4973     2.3324 0.0000e+00
     14.000    11.7363   3.666330    31.9841        619     0.4289     2.4957     2.3288 0.0000e+00
     15.000    11.7359   3.666356    31.9843        645     0.4469     2.4991     2.3303 0.0000e+00
     16.000    11.7360   3.666391    31.9842        671     0.4650     2.4990     2.3299 0.0000e+00
     17.000    11.7329   3.666176    31.9843        698     0.4838     2.4966     2.3279 0.0000e+00
     18.000    11.7328   3.666191    31.9841        724     0.5019     2.4953     2.3278 0.0000e+00
     19.000    11.7340   3.666340    31.9841        747     0.5183     2.4969     2.3286 0.0000e+00
     20.000    11.7342   3.666398    31.9841        772     0.5357     2.4973     2.3296 0.0000e+00
     21.000    11.7345   3.666479    31.9842        804     0.5575     2.4932     2.3321 0.0000e+00
     22.000    11.7330   3.666389    31.9842        837     0.5807     2.4902     2.3321 0.0000e+00
     23.000    11.7302   3.666149    31.9839        864     0.5990     2.4894     2.3308 0.0000e+00
     24.000    11.7308   3.666250    31.9839        885     0.6139     2.4890     2.3285 0.0000e+00
     25.000    11.7301   3.666216    31.9838        905     0.6281     2.4899     2.3244 0.0000e+00
     26.000    11.7299   3.666245    31.9839        929     0.6447     2.4944     2.3231 0.0000e+00
     27.000    11.7300   3.666286    31.9838        961     0.6669     2.4950     2.3218 0.0000e+00
     28.000    11.7306   3.666380    31.9837        999     0.6927     2.4912     2.3222 0.0000e+00
     29.000    11.7310   3.666467    31.9838       1042     0.7232     2.4925     2.3244 0.0000e+00
     30.000    11.7312   3.666523    31.9838       1136     0.7880     2.4931     2.3255 0.0000e+00
     29.000    11.7301   3.666398    31.9839       1301     0.9031     2.4947     2.3242 0.0000e+00
     28.000    11.7295   3.666272    31.9836       1426     0.9894     2.4971     2.3247 0.0000e+00
     27.000    11.7290   3.666212    31.9839       1441     1.0003     2.4997     2.3257 0.0000e+00
     26.000    11.7285   3.666131    31.9839       1461     1.0140     2.5003     2.3247 0.0000e+00
     25.000    11.7290   3.666105    31.9837       1482     1.0284     2.5006     2.3217 0.0000e+00
     24.000    11.7287   3.666053    31.9838       1509     1.0472     2.4987     2.3215 0.0000e+00
     23.000    11.7291   3.666023    31.9837       1545     1.0719     2.4932     2.3238 0.0000e+00
     22.000    11.7294   3.666005    31.9836       1573     1.0914     2.4918     2.3252 0.0000e+00
     21.000    11.7304   3.666058    31.9837       1594     1.1066     2.4935     2.3240 0.0000e+00
     20.000    11.7301   3.665995    31.9838       1616     1.1212     2.4967     2.3235 0.0000e+00
     19.000    11.7300   3.665950    31.9838       1640     1.1380     2.4971     2.3243 0.0000e+00
     18.000    11.7300   3.665909    31.9838       1669     1.1580     2.4970     2.3248 0.0000e+00
     17.000    11.7306   3.665900    31.9836       1697     1.1779     2.4944     2.3268 0.0000e+00
     16.000    11.7314   3.665956    31.9839       1723     1.1959     2.4903     2.3285 0.0000e+00
     15.000    11.7328   3.666041    31.9839       1748     1.2135     2.4884     2.3304 0.0000e+00
     14.000    11.7337   3.666094    31.9841       1775     1.2317     2.4916     2.3302 0.0000e+00
     13.000    11.7339   3.666071    31.9841       1800     1.2493     2.4947     2.3292 0.0000e+00
     12.000    11.7338   3.666038    31.9842       1824     1.2660     2.4965     2.3306 0.0000e+00
     11.000    11.7341   3.666028    31.9843       1849     1.2834     2.4972     2.3314 0.0000e+00
     10.000    11.7338   3.665965    31.9844       1878     1.3036     2.4984     2.3303 0.0000e+00
      9.000    11.7339   3.665921    31.9843       1907     1.3239     2.5012     2.3305 0.0000e+00
      8.000    11.7338   3.665871    31.9843       1932     1.3406     2.5035     2.3304 0.0000e+00
      7.000    11.7352   3.665854    31.9833       1954     1.3561     2.5034     2.3328 0.0000e+00
      6.000    11.7372   3.665915    31.9827       1981     1.3748     2.4988     2.3345 0.0000e+00
      5.000    11.7394   3.665949    31.9815       2013     1.3971     2.4977     2.3338 0.0000e+00
      4.000    11.7466   3.666020    31.9764       2038     1.4146     2.4988     2.3315 0.0000e+00
      3.000    11.7474   3.665948    31.9754       2125     1.4753     2.5047     2.3348 0.0000e+00
