HB2407/CTD217.cnv
* Sea-Bird SBE 9 Data File:
* FileName = C:\cruise\data\CTD217.hex
* Software Version Seasave V 7.26.7.121
* Temperature SN = 4591
* Conductivity SN = 6006
* Number of Bytes Per Scan = 37
* Number of Voltage Words = 4
* Number of Scans Averaged by the Deck Unit = 1
* NMEA Latitude = 42 58.93 N
* NMEA Longitude = 070 03.92 W
* NMEA UTC (Time) = Nov 07 2024 08:40:19
* NMEA baud rate = 4800
** Ship: Bigelow HB2407
** Program:  Fall Bottom Trawl Survey
** Chief Scientist: John Galbraith
# nquan = 9
# nvalues = 200                         
# units = specified
# name 0 = depSM: Depth [salt water, m]
# name 1 = t090C: Temperature [ITS-90, deg C]
# name 2 = c0S/m: Conductivity [S/m]
# name 3 = sal00: Salinity, Practical [PSU]
# name 4 = scan: Scan Count
# name 5 = timeM: Time, Elapsed [minutes]
# name 6 = sbeox0V: Oxygen raw, SBE 43 [V]
# name 7 = sbeox1V: Oxygen raw, SBE 43, 2 [V]
# name 8 = flag: flag
# span 0 =      2.000,    102.000       
# span 1 =     8.0038,    11.8048       
# span 2 =   3.438911,   3.698333       
# span 3 =    32.2158,    32.9958       
# span 4 =        246,       6077       
# span 5 =     0.1702,     4.2195       
# span 6 =     1.7808,     2.5467       
# span 7 =     1.6608,     2.3814       
# span 8 = 0.0000e+00, 0.0000e+00       
# interval = meters: 1                  
# start_time = Nov 07 2024 08:40:19 [NMEA time, header]
# bad_flag = -9.990e-29
*END*
[from data line 161]
     40.000    10.4897   3.632535    32.7366       4995     3.4680     2.0716     1.9307 0.0000e+00
     39.000    10.5326   3.634547    32.7186       5020     3.4854     2.0705     1.9315 0.0000e+00
     38.000    10.5487   3.635264    32.7118       5046     3.5032     2.0712     1.9318 0.0000e+00
     37.000    10.5500   3.635345    32.7118       5072     3.5218     2.0702     1.9325 0.0000e+00
     36.000    10.5657   3.635496    32.6997       5098     3.5398     2.0694     1.9314 0.0000e+00
     35.000    10.6034   3.637102    32.6824       5123     3.5570     2.0717     1.9292 0.0000e+00
     34.000    10.6354   3.638372    32.6669       5148     3.5741     2.0748     1.9290 0.0000e+00
     33.000    10.6737   3.639615    32.6455       5174     3.5922     2.0759     1.9295 0.0000e+00
     32.000    10.7021   3.640675    32.6311       5202     3.6117     2.0742     1.9308 0.0000e+00
     31.000    10.7392   3.641985    32.6115       5231     3.6322     2.0700     1.9315 0.0000e+00
     30.000    10.7807   3.644345    32.5985       5258     3.6505     2.0715     1.9314 0.0000e+00
     29.000    10.8272   3.647282    32.5866       5280     3.6661     2.0795     1.9317 0.0000e+00
     28.000    10.9126   3.648082    32.5192       5302     3.6812     2.0870     1.9326 0.0000e+00
     27.000    10.9410   3.649183    32.5053       5327     3.6988     2.0916     1.9349 0.0000e+00
     26.000    11.0523   3.652844    32.4435       5358     3.7202     2.1102     1.9391 0.0000e+00
     25.000    11.1900   3.657290    32.3665       5388     3.7409     2.1569     1.9473 0.0000e+00
     24.000    11.3515   3.664396    32.2950       5412     3.7579     2.1973     1.9600 0.0000e+00
     23.000    11.4243   3.668719    32.2742       5434     3.7728     2.2430     1.9806 0.0000e+00
     22.000    11.5102   3.674344    32.2547       5456     3.7884     2.2947     2.0183 0.0000e+00
     21.000    11.5540   3.676759    32.2405       5485     3.8082     2.3407     2.0795 0.0000e+00
     20.000    11.5716   3.678177    32.2395       5517     3.8305     2.3924     2.1519 0.0000e+00
     19.000    11.6787   3.685263    32.2158       5542     3.8480     2.4292     2.1995 0.0000e+00
     18.000    11.6811   3.686432    32.2254       5563     3.8628     2.4534     2.2276 0.0000e+00
     17.000    11.6899   3.687054    32.2242       5586     3.8786     2.4707     2.2526 0.0000e+00
     16.000    11.7171   3.689607    32.2258       5617     3.8997     2.4870     2.2867 0.0000e+00
     15.000    11.7410   3.691356    32.2226       5648     3.9214     2.5004     2.3127 0.0000e+00
     14.000    11.7649   3.693392    32.2220       5672     3.9379     2.5089     2.3248 0.0000e+00
     13.000    11.7533   3.692697    32.2257       5693     3.9526     2.5166     2.3315 0.0000e+00
     12.000    11.7688   3.693867    32.2240       5716     3.9688     2.5249     2.3384 0.0000e+00
     11.000    11.7839   3.695338    32.2256       5745     3.9889     2.5293     2.3474 0.0000e+00
     10.000    11.7930   3.696185    32.2264       5776     4.0102     2.5339     2.3558 0.0000e+00
      9.000    11.7935   3.696255    32.2270       5801     4.0275     2.5337     2.3590 0.0000e+00
      8.000    11.7934   3.696286    32.2278       5823     4.0430     2.5344     2.3623 0.0000e+00
      7.000    11.7920   3.696216    32.2288       5846     4.0593     2.5389     2.3679 0.0000e+00
      6.000    11.7912   3.696115    32.2289       5873     4.0779     2.5426     2.3701 0.0000e+00
      5.000    11.7966   3.696568    32.2290       5904     4.0996     2.5405     2.3714 0.0000e+00
      4.000    11.7973   3.696613    32.2293       5932     4.1185     2.5394     2.3712 0.0000e+00
      3.000    11.7964   3.696603    32.2304       5955     4.1345     2.5381     2.3729 0.0000e+00
      2.000    11.7962   3.696663    32.2315       6077     4.2195     2.5430     2.3765 0.0000e+00
