HB2407/CTD229.cnv
* Sea-Bird SBE 9 Data File:
* FileName = C:\cruise\data\CTD229.hex
* Software Version Seasave V 7.26.7.121
* Temperature SN = 4591
* Conductivity SN = 6006
* Number of Bytes Per Scan = 37
* Number of Voltage Words = 4
* Number of Scans Averaged by the Deck Unit = 1
* NMEA Latitude = 42 10.34 N
* NMEA Longitude = 070 16.07 W
* NMEA UTC (Time) = Nov 09 2024 01:27:16
* NMEA baud rate = 4800
** Ship: Bigelow HB2407
** Program:  Fall Bottom Trawl Survey
** Chief Scientist: John Galbraith
# nquan = 9
# nvalues = 41                          
# units = specified
# name 0 = depSM: Depth [salt water, m]
# name 1 = t090C: Temperature [ITS-90, deg C]
# name 2 = c0S/m: Conductivity [S/m]
# name 3 = sal00: Salinity, Practical [PSU]
# name 4 = scan: Scan Count
# name 5 = timeM: Time, Elapsed [minutes]
# name 6 = sbeox0V: Oxygen raw, SBE 43 [V]
# name 7 = sbeox1V: Oxygen raw, SBE 43, 2 [V]
# name 8 = flag: flag
# span 0 =      2.000,     22.000       
# span 1 =    12.3158,    12.8082       
# span 2 =   3.719952,   3.748239       
# span 3 =    31.8344,    32.0005       
# span 4 =       -349,       2439       
# span 5 =    -0.2429,     1.6931       
# span 6 =     2.4311,     2.5252       
# span 7 =     2.2555,     2.3517       
# span 8 = 0.0000e+00, 0.0000e+00       
# interval = meters: 1                  
# start_time = Nov 09 2024 01:27:16 [NMEA time, header]
# bad_flag = -9.990e-29
*END*
      2.000    12.8070   3.745441    31.8344       -349    -0.2429     2.5252     2.3517 0.0000e+00
      3.000    12.8082   3.748239    31.8597        385     0.2669     2.5148     2.3515 0.0000e+00
      4.000    12.8045   3.747308    31.8536        308     0.2131     2.5199     2.3510 0.0000e+00
      5.000    12.8033   3.747270    31.8538        337     0.2330     2.5179     2.3502 0.0000e+00
      6.000    12.7992   3.747126    31.8555        381     0.2636     2.5137     2.3473 0.0000e+00
      7.000    12.7969   3.747164    31.8574        419     0.2903     2.5163     2.3460 0.0000e+00
      8.000    12.7976   3.747187    31.8566        450     0.3117     2.5191     2.3448 0.0000e+00
      9.000    12.7972   3.747280    31.8574        491     0.3403     2.5175     2.3458 0.0000e+00
     10.000    12.7989   3.747398    31.8567        529     0.3670     2.5164     2.3444 0.0000e+00
     11.000    12.7947   3.747186    31.8578        571     0.3955     2.5132     2.3435 0.0000e+00
     12.000    12.7910   3.747025    31.8590        607     0.4206     2.5160     2.3414 0.0000e+00
     13.000    12.7902   3.747053    31.8596        641     0.4443     2.5157     2.3407 0.0000e+00
     14.000    12.7935   3.747171    31.8576        689     0.4779     2.5126     2.3397 0.0000e+00
     15.000    12.7843   3.746818    31.8616        724     0.5018     2.5127     2.3387 0.0000e+00
     16.000    12.7791   3.746658    31.8640        754     0.5229     2.5138     2.3340 0.0000e+00
     17.000    12.7758   3.746530    31.8652        794     0.5506     2.5108     2.3326 0.0000e+00
     18.000    12.7743   3.746477    31.8656        832     0.5769     2.5094     2.3309 0.0000e+00
     19.000    12.7710   3.746312    31.8664        868     0.6020     2.5089     2.3314 0.0000e+00
     20.000    12.7540   3.745393    31.8716        904     0.6271     2.5059     2.3289 0.0000e+00
     21.000    12.6194   3.737733    31.9125        939     0.6513     2.4998     2.3268 0.0000e+00
     22.000    12.3158   3.719952    32.0005       1501     1.0420     2.4311     2.2555 0.0000e+00
     21.000    12.3695   3.722563    31.9803       1417     0.9831     2.4452     2.2697 0.0000e+00
     20.000    12.5355   3.731486    31.9246       1459     1.0128     2.4444     2.2663 0.0000e+00
     19.000    12.6156   3.736468    31.9044       1490     1.0344     2.4568     2.2704 0.0000e+00
     18.000    12.6770   3.739908    31.8855       1522     1.0565     2.4697     2.2796 0.0000e+00
     17.000    12.7282   3.743018    31.8721       1557     1.0808     2.4808     2.2930 0.0000e+00
     16.000    12.7618   3.744950    31.8624       1589     1.1029     2.4873     2.3036 0.0000e+00
     15.000    12.7677   3.745431    31.8624       1620     1.1240     2.4947     2.3136 0.0000e+00
     14.000    12.7698   3.745605    31.8627       1651     1.1457     2.5006     2.3150 0.0000e+00
     13.000    12.7724   3.745765    31.8624       1684     1.1688     2.5059     2.3159 0.0000e+00
     12.000    12.7744   3.745905    31.8625       1719     1.1932     2.5098     2.3234 0.0000e+00
     11.000    12.7741   3.745871    31.8628       1751     1.2152     2.5096     2.3305 0.0000e+00
     10.000    12.7769   3.745989    31.8620       1783     1.2375     2.5112     2.3332 0.0000e+00
      9.000    12.7879   3.746474    31.8577       1813     1.2582     2.5085     2.3350 0.0000e+00
      8.000    12.7932   3.746776    31.8565       1841     1.2778     2.5080     2.3386 0.0000e+00
      7.000    12.7968   3.746943    31.8554       1874     1.3009     2.5134     2.3410 0.0000e+00
      6.000    12.7981   3.746950    31.8548       1908     1.3245     2.5164     2.3423 0.0000e+00
      5.000    12.7988   3.746945    31.8545       1940     1.3462     2.5171     2.3428 0.0000e+00
      4.000    12.7976   3.746820    31.8548       1972     1.3684     2.5179     2.3436 0.0000e+00
      3.000    12.7971   3.746736    31.8548       2010     1.3951     2.5159     2.3449 0.0000e+00
      2.000    12.7965   3.746588    31.8543       2439     1.6931     2.5192     2.3496 0.0000e+00
