HB2407/CTD215.cnv
* Sea-Bird SBE 9 Data File:
* FileName = C:\cruise\data\CTD215.hex
* Software Version Seasave V 7.26.7.121
* Temperature SN = 4591
* Conductivity SN = 6006
* Number of Bytes Per Scan = 37
* Number of Voltage Words = 4
* Number of Scans Averaged by the Deck Unit = 1
* NMEA Latitude = 43 15.92 N
* NMEA Longitude = 069 21.08 W
* NMEA UTC (Time) = Nov 07 2024 01:50:05
* NMEA baud rate = 4800
** Ship: Bigelow HB2407
** Program:  Fall Bottom Trawl Survey
** Chief Scientist: John Galbraith
# nquan = 9
# nvalues = 328                         
# units = specified
# name 0 = depSM: Depth [salt water, m]
# name 1 = t090C: Temperature [ITS-90, deg C]
# name 2 = c0S/m: Conductivity [S/m]
# name 3 = sal00: Salinity, Practical [PSU]
# name 4 = scan: Scan Count
# name 5 = timeM: Time, Elapsed [minutes]
# name 6 = sbeox0V: Oxygen raw, SBE 43 [V]
# name 7 = sbeox1V: Oxygen raw, SBE 43, 2 [V]
# name 8 = flag: flag
# span 0 =      1.000,    165.000       
# span 1 =     7.4968,    12.0126       
# span 2 =   3.431500,   3.725084       
# span 3 =    32.2620,    33.4155       
# span 4 =         67,      11042       
# span 5 =     0.0459,     7.6675       
# span 6 =     1.7715,     2.5727       
# span 7 =     1.6555,     2.4043       
# span 8 = 0.0000e+00, 0.0000e+00       
# interval = meters: 1                  
# start_time = Nov 07 2024 01:50:05 [NMEA time, header]
# bad_flag = -9.990e-29
*END*
[from data line 161]
    163.000     7.4979   3.435813    33.4152       5063     3.5154     1.7755     1.6583 0.0000e+00
    164.000     7.4968   3.435774    33.4154       5100     3.5411     1.7740     1.6576 0.0000e+00
    165.000     7.4991   3.435945    33.4147       5200     3.6102     1.7754     1.6557 0.0000e+00
    164.000     7.4974   3.435757    33.4147       5627     3.9067     1.7715     1.6555 0.0000e+00
    163.000     7.4975   3.435710    33.4145       5845     4.0587     1.7734     1.6560 0.0000e+00
    162.000     7.4977   3.435675    33.4145       5867     4.0735     1.7727     1.6568 0.0000e+00
    161.000     7.4976   3.435615    33.4144       5889     4.0891     1.7723     1.6567 0.0000e+00
    160.000     7.4981   3.435584    33.4140       5909     4.1031     1.7728     1.6569 0.0000e+00
    159.000     7.4989   3.435572    33.4136       5931     4.1182     1.7736     1.6559 0.0000e+00
    158.000     7.4992   3.435552    33.4136       5958     4.1365     1.7739     1.6559 0.0000e+00
    157.000     7.5019   3.435612    33.4122       5988     4.1576     1.7737     1.6579 0.0000e+00
    156.000     7.5055   3.435708    33.4102       6017     4.1776     1.7756     1.6591 0.0000e+00
    155.000     7.5135   3.435996    33.4061       6042     4.1951     1.7764     1.6597 0.0000e+00
    154.000     7.5199   3.436296    33.4037       6066     4.2121     1.7773     1.6603 0.0000e+00
    153.000     7.5243   3.436552    33.4027       6091     4.2293     1.7781     1.6605 0.0000e+00
    152.000     7.5281   3.436790    33.4021       6115     4.2460     1.7787     1.6610 0.0000e+00
    151.000     7.5308   3.436954    33.4017       6138     4.2618     1.7779     1.6616 0.0000e+00
    150.000     7.5330   3.437072    33.4014       6164     4.2801     1.7782     1.6620 0.0000e+00
    149.000     7.5383   3.437441    33.4007       6198     4.3035     1.7805     1.6636 0.0000e+00
    148.000     7.5408   3.437536    33.3998       6229     4.3249     1.7806     1.6647 0.0000e+00
    147.000     7.5494   3.438106    33.3982       6251     4.3406     1.7800     1.6655 0.0000e+00
    146.000     7.5508   3.438217    33.3985       6271     4.3544     1.7802     1.6655 0.0000e+00
    145.000     7.5554   3.438453    33.3972       6291     4.3680     1.7808     1.6656 0.0000e+00
    144.000     7.5613   3.438875    33.3965       6312     4.3823     1.7825     1.6663 0.0000e+00
    143.000     7.5682   3.439420    33.3963       6338     4.4006     1.7849     1.6663 0.0000e+00
    142.000     7.5807   3.440180    33.3929       6378     4.4284     1.7875     1.6657 0.0000e+00
    141.000     7.5867   3.440583    33.3920       6412     4.4524     1.7885     1.6672 0.0000e+00
    140.000     7.6123   3.442468    33.3883       6433     4.4665     1.7883     1.6685 0.0000e+00
    139.000     7.6212   3.443171    33.3877       6450     4.4786     1.7890     1.6700 0.0000e+00
    138.000     7.6399   3.444558    33.3852       6468     4.4910     1.7902     1.6711 0.0000e+00
    137.000     7.6543   3.445610    33.3832       6491     4.5070     1.7919     1.6723 0.0000e+00
    136.000     7.6642   3.446218    33.3807       6527     4.5320     1.7951     1.6748 0.0000e+00
    135.000     7.6600   3.445862    33.3814       6560     4.5550     1.7976     1.6771 0.0000e+00
    134.000     7.6609   3.445616    33.3783       6582     4.5703     1.7971     1.6774 0.0000e+00
    133.000     7.6589   3.445334    33.3778       6602     4.5842     1.7965     1.6784 0.0000e+00
    132.000     7.6469   3.443873    33.3739       6626     4.6004     1.7961     1.6790 0.0000e+00
    131.000     7.6339   3.442134    33.3682       6655     4.6207     1.7960     1.6789 0.0000e+00
    130.000     7.6218   3.440660    33.3644       6684     4.6409     1.7954     1.6767 0.0000e+00
    129.000     7.6028   3.437832    33.3526       6714     4.6616     1.7929     1.6750 0.0000e+00
    128.000     7.5933   3.436345    33.3461       6746     4.6843     1.7878     1.6727 0.0000e+00
    127.000     7.5952   3.436050    33.3417       6776     4.7047     1.7816     1.6689 0.0000e+00
    126.000     7.6027   3.436378    33.3384       6801     4.7220     1.7782     1.6645 0.0000e+00
    125.000     7.6063   3.436527    33.3371       6825     4.7389     1.7769     1.6622 0.0000e+00
    124.000     7.6115   3.436729    33.3348       6857     4.7614     1.7768     1.6612 0.0000e+00
    123.000     7.6178   3.437013    33.3323       6897     4.7892     1.7759     1.6598 0.0000e+00
    122.000     7.6411   3.438372    33.3251       6923     4.8069     1.7773     1.6600 0.0000e+00
    121.000     7.6508   3.439149    33.3246       6941     4.8197     1.7780     1.6604 0.0000e+00
    120.000     7.6622   3.439902    33.3223       6958     4.8314     1.7789     1.6614 0.0000e+00
    119.000     7.6742   3.440540    33.3181       6977     4.8444     1.7812     1.6625 0.0000e+00
    118.000     7.7024   3.442816    33.3161       7008     4.8661     1.7843     1.6643 0.0000e+00
    117.000     7.7174   3.444228    33.3175       7057     4.8999     1.7917     1.6685 0.0000e+00
    116.000     7.7407   3.444857    33.3024       7080     4.9159     1.7965     1.6719 0.0000e+00
    115.000     7.7523   3.445097    33.2944       7097     4.9279     1.7995     1.6737 0.0000e+00
    114.000     7.7736   3.446585    33.2905       7114     4.9398     1.8020     1.6761 0.0000e+00
    113.000     7.8026   3.448441    33.2832       7134     4.9536     1.8051     1.6794 0.0000e+00
    112.000     7.8102   3.447989    33.2716       7167     4.9762     1.8122     1.6867 0.0000e+00
    111.000     7.8138   3.447196    33.2602       7213     5.0081     1.8225     1.6985 0.0000e+00
    110.000     7.8341   3.448175    33.2517       7240     5.0272     1.8285     1.7059 0.0000e+00
    109.000     7.8573   3.450039    33.2501       7262     5.0424     1.8329     1.7104 0.0000e+00
    108.000     7.8839   3.452370    33.2503       7283     5.0571     1.8370     1.7139 0.0000e+00
    107.000     7.9054   3.454521    33.2532       7307     5.0735     1.8414     1.7165 0.0000e+00
    106.000     7.9228   3.456051    33.2535       7336     5.0936     1.8455     1.7207 0.0000e+00
    105.000     7.9283   3.456612    33.2547       7373     5.1197     1.8510     1.7270 0.0000e+00
    104.000     7.9358   3.457218    33.2546       7409     5.1448     1.8552     1.7316 0.0000e+00
    103.000     7.9400   3.457604    33.2552       7434     5.1618     1.8569     1.7334 0.0000e+00
    102.000     7.9387   3.457432    33.2551       7454     5.1754     1.8570     1.7346 0.0000e+00
    101.000     7.9325   3.456558    33.2521       7472     5.1880     1.8585     1.7359 0.0000e+00
    100.000     7.9286   3.455762    33.2478       7491     5.2016     1.8596     1.7369 0.0000e+00
     99.000     7.9455   3.456250    33.2374       7528     5.2271     1.8631     1.7380 0.0000e+00
     98.000     7.9400   3.454982    33.2295       7577     5.2613     1.8723     1.7415 0.0000e+00
     97.000     7.9276   3.453080    33.2214       7596     5.2742     1.8775     1.7466 0.0000e+00
     96.000     7.9226   3.452393    33.2193       7612     5.2852     1.8806     1.7509 0.0000e+00
     95.000     7.9208   3.451984    33.2172       7629     5.2971     1.8836     1.7555 0.0000e+00
     94.000     7.9207   3.451056    33.2078       7660     5.3190     1.8875     1.7634 0.0000e+00
     93.000     7.9237   3.450580    33.2003       7708     5.3519     1.8962     1.7719 0.0000e+00
     92.000     7.9264   3.450183    33.1940       7729     5.3667     1.8992     1.7742 0.0000e+00
     91.000     7.9253   3.449860    33.1921       7746     5.3787     1.9026     1.7764 0.0000e+00
     90.000     7.9288   3.449778    33.1884       7764     5.3909     1.9062     1.7792 0.0000e+00
     89.000     7.9481   3.450746    33.1808       7795     5.4124     1.9094     1.7826 0.0000e+00
     88.000     7.9629   3.451499    33.1753       7849     5.4499     1.9172     1.7897 0.0000e+00
     87.000     7.9298   3.447523    33.1647       7872     5.4662     1.9201     1.7925 0.0000e+00
     86.000     7.9368   3.447917    33.1627       7890     5.4787     1.9217     1.7939 0.0000e+00
     85.000     7.9546   3.449566    33.1640       7908     5.4908     1.9232     1.7957 0.0000e+00
     84.000     7.9809   3.452053    33.1660       7930     5.5061     1.9259     1.7970 0.0000e+00
     83.000     8.0190   3.455514    33.1673       7967     5.5320     1.9290     1.7990 0.0000e+00
     82.000     8.0180   3.454867    33.1618       8009     5.5610     1.9322     1.8017 0.0000e+00
     81.000     8.0326   3.455732    33.1577       8033     5.5775     1.9343     1.8021 0.0000e+00
     80.000     8.0408   3.456540    33.1590       8053     5.5916     1.9366     1.8032 0.0000e+00
     79.000     8.0473   3.456942    33.1576       8075     5.6067     1.9383     1.8056 0.0000e+00
     78.000     8.0405   3.455403    33.1481       8105     5.6278     1.9386     1.8082 0.0000e+00
     77.000     8.0390   3.454284    33.1381       8144     5.6548     1.9415     1.8095 0.0000e+00
     76.000     8.0599   3.453537    33.1108       8171     5.6733     1.9445     1.8112 0.0000e+00
     75.000     8.0641   3.451458    33.0852       8192     5.6882     1.9466     1.8143 0.0000e+00
     74.000     8.0450   3.447840    33.0652       8216     5.7045     1.9499     1.8176 0.0000e+00
     73.000     8.0136   3.441622    33.0290       8250     5.7286     1.9588     1.8235 0.0000e+00
     72.000     8.0104   3.437688    32.9906       8285     5.7531     1.9680     1.8301 0.0000e+00
     71.000     8.0255   3.436503    32.9642       8310     5.7705     1.9722     1.8366 0.0000e+00
     70.000     8.0310   3.436584    32.9603       8334     5.7868     1.9747     1.8408 0.0000e+00
     69.000     8.0071   3.433044    32.9457       8360     5.8049     1.9791     1.8458 0.0000e+00
     68.000     8.0193   3.431620    32.9195       8391     5.8262     1.9856     1.8510 0.0000e+00
     67.000     8.0561   3.432022    32.8896       8422     5.8476     1.9908     1.8571 0.0000e+00
     66.000     8.0795   3.432810    32.8765       8449     5.8666     1.9955     1.8626 0.0000e+00
     65.000     8.1105   3.434837    32.8695       8474     5.8844     2.0030     1.8669 0.0000e+00
     64.000     8.1687   3.437485    32.8435       8508     5.9074     2.0111     1.8725 0.0000e+00
     63.000     8.1851   3.438182    32.8361       8545     5.9334     2.0179     1.8804 0.0000e+00
     62.000     8.2230   3.439686    32.8170       8569     5.9503     2.0229     1.8843 0.0000e+00
     61.000     8.2268   3.439921    32.8164       8589     5.9641     2.0265     1.8870 0.0000e+00
     60.000     8.2287   3.439955    32.8155       8611     5.9794     2.0305     1.8908 0.0000e+00
     59.000     8.2340   3.439654    32.8078       8647     6.0039     2.0355     1.8974 0.0000e+00
     58.000     8.2413   3.439432    32.7991       8687     6.0319     2.0384     1.9030 0.0000e+00
     57.000     8.3798   3.447682    32.7577       8710     6.0480     2.0399     1.9047 0.0000e+00
     56.000     8.5732   3.463445    32.7444       8730     6.0618     2.0458     1.9070 0.0000e+00
     55.000     8.7742   3.480565    32.7381       8754     6.0782     2.0594     1.9115 0.0000e+00
     54.000     8.9712   3.498553    32.7444       8792     6.1048     2.0753     1.9242 0.0000e+00
     53.000     8.9403   3.496520    32.7523       8830     6.1313     2.0819     1.9348 0.0000e+00
     52.000     9.0455   3.505005    32.7439       8851     6.1460     2.0829     1.9382 0.0000e+00
     51.000     9.0727   3.506153    32.7313       8869     6.1585     2.0842     1.9410 0.0000e+00
     50.000     9.0648   3.502999    32.7063       8889     6.1721     2.0853     1.9431 0.0000e+00
     49.000     9.0196   3.491650    32.6305       8925     6.1971     2.0891     1.9459 0.0000e+00
     48.000     9.0253   3.489655    32.6051       8973     6.2304     2.1002     1.9546 0.0000e+00
     47.000     9.2461   3.503499    32.5469       8996     6.2462     2.1079     1.9627 0.0000e+00
     46.000     9.3369   3.512790    32.5604       9015     6.2598     2.1175     1.9702 0.0000e+00
     45.000     9.3609   3.515842    32.5704       9036     6.2742     2.1270     1.9767 0.0000e+00
     44.000     9.4614   3.523523    32.5584       9062     6.2922     2.1359     1.9822 0.0000e+00
     43.000     9.6416   3.540993    32.5743       9099     6.3183     2.1437     1.9923 0.0000e+00
     42.000     9.7680   3.552357    32.5761       9138     6.3450     2.1544     2.0001 0.0000e+00
     41.000    10.1909   3.596381    32.6414       9161     6.3609     2.1604     2.0042 0.0000e+00
     40.000    10.1990   3.597095    32.6417       9179     6.3738     2.1699     2.0125 0.0000e+00
     39.000    10.3714   3.611273    32.6299       9199     6.3876     2.1800     2.0211 0.0000e+00
     38.000    10.5531   3.626557    32.6208       9236     6.4132     2.2011     2.0340 0.0000e+00
     37.000    10.6276   3.632901    32.6180       9283     6.4460     2.2207     2.0541 0.0000e+00
     36.000    10.7690   3.637433    32.5375       9303     6.4595     2.2274     2.0627 0.0000e+00
     35.000    10.8292   3.640872    32.5186       9319     6.4710     2.2350     2.0685 0.0000e+00
     34.000    10.9080   3.645507    32.4951       9338     6.4841     2.2445     2.0771 0.0000e+00
     33.000    11.1258   3.657269    32.4194       9376     6.5102     2.2772     2.1019 0.0000e+00
     32.000    11.2047   3.662017    32.3971       9422     6.5424     2.3403     2.1454 0.0000e+00
     31.000    11.2850   3.665637    32.3625       9444     6.5574     2.3730     2.1751 0.0000e+00
     30.000    11.3093   3.667071    32.3557       9462     6.5702     2.3923     2.1982 0.0000e+00
     29.000    11.3294   3.668044    32.3480       9482     6.5843     2.4102     2.2174 0.0000e+00
     28.000    11.3485   3.669358    32.3446       9512     6.6052     2.4343     2.2436 0.0000e+00
     27.000    11.4217   3.674417    32.3306       9560     6.6385     2.4657     2.2796 0.0000e+00
     26.000    11.4340   3.674813    32.3241       9590     6.6588     2.4804     2.2946 0.0000e+00
     25.000    11.5256   3.681710    32.3119       9609     6.6720     2.4870     2.3016 0.0000e+00
     24.000    11.5411   3.683305    32.3143       9627     6.6850     2.4938     2.3092 0.0000e+00
     23.000    11.5545   3.684558    32.3152       9651     6.7016     2.5031     2.3185 0.0000e+00
     22.000    11.5834   3.686988    32.3142       9691     6.7289     2.5146     2.3335 0.0000e+00
     21.000    11.6151   3.689641    32.3128       9726     6.7536     2.5223     2.3472 0.0000e+00
     20.000    11.6647   3.694153    32.3140       9751     6.7710     2.5283     2.3537 0.0000e+00
     19.000    11.6960   3.697166    32.3165       9775     6.7873     2.5358     2.3578 0.0000e+00
     18.000    11.7616   3.702865    32.3151       9798     6.8036     2.5419     2.3613 0.0000e+00
     17.000    11.8085   3.707685    32.3215       9822     6.8204     2.5458     2.3670 0.0000e+00
     16.000    11.8553   3.711647    32.3197       9849     6.8389     2.5490     2.3703 0.0000e+00
     15.000    11.9253   3.717048    32.3116       9879     6.8594     2.5526     2.3752 0.0000e+00
     14.000    11.9570   3.719519    32.3084       9906     6.8784     2.5562     2.3824 0.0000e+00
     13.000    11.9721   3.720740    32.3076       9931     6.8955     2.5616     2.3871 0.0000e+00
     12.000    11.9763   3.721225    32.3090       9956     6.9132     2.5639     2.3917 0.0000e+00
     11.000    11.9887   3.722190    32.3080       9984     6.9330     2.5663     2.3925 0.0000e+00
     10.000    11.9910   3.722409    32.3085      10013     6.9530     2.5634     2.3927 0.0000e+00
      9.000    11.9959   3.722795    32.3085      10037     6.9698     2.5636     2.3916 0.0000e+00
