HB2407/CTD242.cnv
* Sea-Bird SBE 9 Data File:
* FileName = C:\cruise\data\CTD242.hex
* Software Version Seasave V 7.26.7.121
* Temperature SN = 4591
* Conductivity SN = 6006
* Number of Bytes Per Scan = 37
* Number of Voltage Words = 4
* Number of Scans Averaged by the Deck Unit = 1
* NMEA Latitude = 42 03.78 N
* NMEA Longitude = 070 03.11 W
* NMEA UTC (Time) = Nov 10 2024 20:48:07
* NMEA baud rate = 4800
** Ship: Bigelow HB2407
** Program:  Fall Bottom Trawl Survey
** Chief Scientist: John Galbraith
# nquan = 9
# nvalues = 45                          
# units = specified
# name 0 = depSM: Depth [salt water, m]
# name 1 = t090C: Temperature [ITS-90, deg C]
# name 2 = c0S/m: Conductivity [S/m]
# name 3 = sal00: Salinity, Practical [PSU]
# name 4 = scan: Scan Count
# name 5 = timeM: Time, Elapsed [minutes]
# name 6 = sbeox0V: Oxygen raw, SBE 43 [V]
# name 7 = sbeox1V: Oxygen raw, SBE 43, 2 [V]
# name 8 = flag: flag
# span 0 =      1.000,     24.000       
# span 1 =    11.5647,    11.6918       
# span 2 =   3.674925,   3.679557       
# span 3 =    32.1410,    32.2121       
# span 4 =        131,       2248       
# span 5 =     0.0900,     1.5607       
# span 6 =     2.4441,     2.5125       
# span 7 =     2.2716,     2.3421       
# span 8 = 0.0000e+00, 0.0000e+00       
# interval = meters: 1                  
# start_time = Nov 10 2024 20:48:07 [NMEA time, header]
# bad_flag = -9.990e-29
*END*
      3.000    11.6886   3.678908    32.1520        131     0.0900     2.5110     2.3419 0.0000e+00
      4.000    11.6888   3.678974    32.1521        223     0.1539     2.5125     2.3402 0.0000e+00
      5.000    11.6883   3.678983    32.1522        254     0.1760     2.5086     2.3394 0.0000e+00
      6.000    11.6885   3.679040    32.1522        287     0.1989     2.5075     2.3395 0.0000e+00
      7.000    11.6882   3.679069    32.1522        317     0.2196     2.5079     2.3421 0.0000e+00
      8.000    11.6887   3.679153    32.1522        343     0.2374     2.5076     2.3405 0.0000e+00
      9.000    11.6893   3.679267    32.1524        368     0.2547     2.5073     2.3396 0.0000e+00
     10.000    11.6904   3.679404    32.1524        393     0.2721     2.5074     2.3404 0.0000e+00
     11.000    11.6918   3.679557    32.1522        419     0.2903     2.5056     2.3387 0.0000e+00
     12.000    11.6898   3.679514    32.1531        447     0.3098     2.5016     2.3363 0.0000e+00
     13.000    11.6875   3.679379    32.1533        477     0.3302     2.5040     2.3366 0.0000e+00
     14.000    11.6809   3.679019    32.1552        505     0.3497     2.5026     2.3358 0.0000e+00
     15.000    11.6527   3.677647    32.1659        531     0.3678     2.4989     2.3331 0.0000e+00
     16.000    11.6406   3.677068    32.1703        556     0.3856     2.4958     2.3322 0.0000e+00
     17.000    11.6366   3.676936    32.1721        582     0.4036     2.4878     2.3265 0.0000e+00
     18.000    11.6340   3.676825    32.1729        610     0.4231     2.4784     2.3181 0.0000e+00
     19.000    11.6279   3.676635    32.1758        639     0.4434     2.4715     2.3090 0.0000e+00
     20.000    11.6212   3.676454    32.1795        666     0.4621     2.4671     2.3032 0.0000e+00
     21.000    11.6175   3.676334    32.1811        691     0.4794     2.4648     2.2973 0.0000e+00
     22.000    11.6200   3.676399    32.1792        716     0.4967     2.4620     2.2952 0.0000e+00
     23.000    11.6022   3.675849    32.1889        743     0.5154     2.4586     2.2951 0.0000e+00
     24.000    11.5647   3.674925    32.2121        769     0.5332     2.4578     2.2935 0.0000e+00
     23.000    11.5861   3.675219    32.1968       1453     1.0083     2.4441     2.2751 0.0000e+00
     22.000    11.5966   3.675420    32.1899       1520     1.0550     2.4451     2.2728 0.0000e+00
     21.000    11.6000   3.675481    32.1880       1546     1.0726     2.4457     2.2716 0.0000e+00
     20.000    11.6017   3.675499    32.1872       1573     1.0914     2.4467     2.2756 0.0000e+00
     19.000    11.6102   3.675694    32.1821       1599     1.1100     2.4470     2.2795 0.0000e+00
     18.000    11.6170   3.675876    32.1783       1624     1.1270     2.4495     2.2828 0.0000e+00
     17.000    11.6247   3.676106    32.1744       1647     1.1431     2.4519     2.2855 0.0000e+00
     16.000    11.6302   3.676327    32.1722       1671     1.1597     2.4509     2.2862 0.0000e+00
     15.000    11.6378   3.676603    32.1687       1697     1.1778     2.4525     2.2892 0.0000e+00
     14.000    11.6410   3.676724    32.1675       1726     1.1977     2.4579     2.2928 0.0000e+00
     13.000    11.6458   3.676876    32.1652       1755     1.2178     2.4612     2.2977 0.0000e+00
     12.000    11.6664   3.677878    32.1575       1780     1.2355     2.4634     2.3002 0.0000e+00
     11.000    11.6748   3.678357    32.1553       1804     1.2520     2.4685     2.2993 0.0000e+00
     10.000    11.6808   3.678681    32.1537       1828     1.2689     2.4768     2.2989 0.0000e+00
      9.000    11.6842   3.678823    32.1525       1854     1.2869     2.4855     2.3053 0.0000e+00
      8.000    11.6861   3.678895    32.1519       1882     1.3066     2.4904     2.3149 0.0000e+00
      7.000    11.6869   3.678852    32.1513       1911     1.3261     2.4964     2.3236 0.0000e+00
      6.000    11.6879   3.678935    32.1516       1937     1.3443     2.4983     2.3267 0.0000e+00
      5.000    11.6879   3.678843    32.1512       1962     1.3621     2.4999     2.3280 0.0000e+00
      4.000    11.6875   3.677719    32.1410       1987     1.3794     2.5011     2.3320 0.0000e+00
      3.000    11.6877   3.678848    32.1522       2012     1.3968     2.5030     2.3348 0.0000e+00
      2.000    11.6879   3.678774    32.1517       2201     1.5278     2.5120     2.3377 0.0000e+00
      1.000    11.6876   3.678714    32.1518       2248     1.5607     2.5119     2.3389 0.0000e+00
