HB2407/CTD225.cnv
* Sea-Bird SBE 9 Data File:
* FileName = C:\cruise\data\CTD225.hex
* Software Version Seasave V 7.26.7.121
* Temperature SN = 4591
* Conductivity SN = 6006
* Number of Bytes Per Scan = 37
* Number of Voltage Words = 4
* Number of Scans Averaged by the Deck Unit = 1
* NMEA Latitude = 42 39.37 N
* NMEA Longitude = 070 09.67 W
* NMEA UTC (Time) = Nov 08 2024 08:52:16
* NMEA baud rate = 4800
** Ship: Bigelow HB2407
** Program:  Fall Bottom Trawl Survey
** Chief Scientist: John Galbraith
# nquan = 9
# nvalues = 189                         
# units = specified
# name 0 = depSM: Depth [salt water, m]
# name 1 = t090C: Temperature [ITS-90, deg C]
# name 2 = c0S/m: Conductivity [S/m]
# name 3 = sal00: Salinity, Practical [PSU]
# name 4 = scan: Scan Count
# name 5 = timeM: Time, Elapsed [minutes]
# name 6 = sbeox0V: Oxygen raw, SBE 43 [V]
# name 7 = sbeox1V: Oxygen raw, SBE 43, 2 [V]
# name 8 = flag: flag
# span 0 =      3.000,     97.000       
# span 1 =     8.8912,    11.8316       
# span 2 =   3.522804,   3.699133       
# span 3 =    32.2152,    33.0588       
# span 4 =        271,       6387       
# span 5 =     0.1878,     4.4345       
# span 6 =     1.9307,     2.5884       
# span 7 =     1.7966,     2.4103       
# span 8 = 0.0000e+00, 0.0000e+00       
# interval = meters: 1                  
# start_time = Nov 08 2024 08:52:16 [NMEA time, header]
# bad_flag = -9.990e-29
*END*
      3.000    11.8243   3.698137    32.2211        271     0.1878     2.5871     2.4064 0.0000e+00
      4.000    11.8279   3.698490    32.2210        652     0.4522     2.5874     2.4103 0.0000e+00
      5.000    11.8263   3.698414    32.2212        644     0.4462     2.5884     2.4095 0.0000e+00
      6.000    11.8267   3.698494    32.2212        668     0.4633     2.5866     2.4087 0.0000e+00
      7.000    11.8292   3.698713    32.2208        696     0.4829     2.5826     2.4061 0.0000e+00
      8.000    11.8309   3.698896    32.2206        725     0.5026     2.5828     2.4083 0.0000e+00
      9.000    11.8311   3.698964    32.2207        750     0.5199     2.5815     2.4102 0.0000e+00
     10.000    11.8309   3.698989    32.2207        774     0.5371     2.5803     2.4100 0.0000e+00
     11.000    11.8316   3.699089    32.2207        803     0.5567     2.5836     2.4074 0.0000e+00
     12.000    11.8315   3.699133    32.2207        832     0.5768     2.5850     2.4075 0.0000e+00
     13.000    11.8307   3.699104    32.2208        856     0.5936     2.5873     2.4079 0.0000e+00
     14.000    11.8111   3.697794    32.2247        882     0.6116     2.5860     2.4074 0.0000e+00
     15.000    11.7878   3.696092    32.2279        911     0.6320     2.5813     2.4043 0.0000e+00
     16.000    11.7880   3.696127    32.2277        938     0.6506     2.5782     2.4026 0.0000e+00
     17.000    11.7829   3.695803    32.2285        962     0.6677     2.5742     2.3963 0.0000e+00
     18.000    11.7576   3.694068    32.2332        989     0.6858     2.5697     2.3897 0.0000e+00
     19.000    11.6853   3.689410    32.2503       1017     0.7055     2.5647     2.3838 0.0000e+00
     20.000    11.6776   3.688939    32.2520       1042     0.7233     2.5560     2.3761 0.0000e+00
     21.000    11.6750   3.688789    32.2524       1068     0.7410     2.5382     2.3629 0.0000e+00
     22.000    11.6679   3.688446    32.2548       1098     0.7615     2.5219     2.3488 0.0000e+00
     23.000    11.6560   3.687910    32.2595       1125     0.7805     2.5155     2.3419 0.0000e+00
     24.000    11.6486   3.687570    32.2623       1149     0.7971     2.5119     2.3378 0.0000e+00
     25.000    11.6435   3.687346    32.2641       1174     0.8146     2.5063     2.3318 0.0000e+00
     26.000    11.6306   3.686785    32.2694       1202     0.8343     2.5027     2.3267 0.0000e+00
     27.000    11.6258   3.686600    32.2714       1230     0.8532     2.5009     2.3216 0.0000e+00
     28.000    11.6241   3.686567    32.2721       1255     0.8712     2.4953     2.3162 0.0000e+00
     29.000    11.6142   3.686251    32.2772       1284     0.8908     2.4883     2.3105 0.0000e+00
     30.000    11.6097   3.686051    32.2788       1312     0.9101     2.4837     2.3077 0.0000e+00
     31.000    11.6079   3.685973    32.2792       1337     0.9275     2.4798     2.3036 0.0000e+00
     32.000    11.5901   3.685360    32.2883       1361     0.9443     2.4729     2.2999 0.0000e+00
     33.000    11.5105   3.682314    32.3276       1387     0.9628     2.4699     2.2968 0.0000e+00
     34.000    11.3770   3.675480    32.3771       1415     0.9822     2.4653     2.2901 0.0000e+00
     35.000    11.1847   3.667790    32.4703       1444     1.0019     2.4442     2.2785 0.0000e+00
     36.000    11.0118   3.660616    32.5518       1471     1.0210     2.4096     2.2576 0.0000e+00
     37.000    10.9366   3.654772    32.5603       1498     1.0393     2.3719     2.2259 0.0000e+00
     38.000    10.9020   3.652133    32.5644       1522     1.0564     2.3381     2.1912 0.0000e+00
     39.000    10.8550   3.649272    32.5774       1547     1.0737     2.3129     2.1657 0.0000e+00
     40.000    10.7966   3.645560    32.5921       1575     1.0933     2.2966     2.1473 0.0000e+00
     41.000    10.7336   3.642181    32.6141       1604     1.1133     2.2835     2.1341 0.0000e+00
     42.000    10.7125   3.641053    32.6212       1630     1.1314     2.2770     2.1264 0.0000e+00
     43.000    10.6718   3.639079    32.6376       1657     1.1500     2.2692     2.1186 0.0000e+00
     44.000    10.6236   3.636558    32.6550       1685     1.1696     2.2628     2.1117 0.0000e+00
     45.000    10.5657   3.633418    32.6750       1711     1.1874     2.2574     2.1061 0.0000e+00
     46.000    10.5245   3.631372    32.6911       1736     1.2050     2.2492     2.0985 0.0000e+00
     47.000    10.5118   3.630988    32.6982       1763     1.2237     2.2435     2.0915 0.0000e+00
     48.000    10.4462   3.629090    32.7376       1789     1.2414     2.2368     2.0821 0.0000e+00
     49.000    10.4213   3.628299    32.7517       1816     1.2602     2.2280     2.0733 0.0000e+00
     50.000    10.4054   3.627004    32.7526       1846     1.2811     2.2102     2.0582 0.0000e+00
     51.000    10.2861   3.617416    32.7633       1873     1.2999     2.1921     2.0431 0.0000e+00
     52.000    10.1152   3.604230    32.7842       1897     1.3166     2.1808     2.0351 0.0000e+00
     53.000    10.0642   3.601689    32.8042       1923     1.3350     2.1755     2.0298 0.0000e+00
     54.000    10.0421   3.600979    32.8166       1951     1.3538     2.1742     2.0243 0.0000e+00
     55.000    10.0356   3.600512    32.8174       1975     1.3710     2.1711     2.0198 0.0000e+00
     56.000    10.0232   3.599934    32.8224       2002     1.3898     2.1685     2.0189 0.0000e+00
     57.000    10.0235   3.601715    32.8397       2033     1.4111     2.1673     2.0181 0.0000e+00
     58.000    10.0495   3.604867    32.8476       2058     1.4288     2.1641     2.0159 0.0000e+00
     59.000    10.0225   3.603190    32.8547       2082     1.4449     2.1628     2.0147 0.0000e+00
     60.000     9.9625   3.597835    32.8544       2108     1.4632     2.1625     2.0134 0.0000e+00
     61.000     9.8880   3.591242    32.8548       2137     1.4835     2.1621     2.0127 0.0000e+00
     62.000     9.7813   3.583530    32.8731       2163     1.5016     2.1569     2.0104 0.0000e+00
     63.000     9.7188   3.578961    32.8831       2188     1.5188     2.1499     2.0053 0.0000e+00
     64.000     9.7095   3.578345    32.8849       2216     1.5380     2.1387     1.9976 0.0000e+00
     65.000     9.7021   3.577983    32.8875       2245     1.5580     2.1272     1.9884 0.0000e+00
     66.000     9.6797   3.576650    32.8939       2272     1.5770     2.1207     1.9800 0.0000e+00
     67.000     9.6332   3.574347    32.9124       2297     1.5946     2.1185     1.9729 0.0000e+00
     68.000     9.6097   3.573212    32.9219       2321     1.6111     2.1157     1.9689 0.0000e+00
     69.000     9.5620   3.569998    32.9322       2347     1.6289     2.1127     1.9682 0.0000e+00
     70.000     9.4459   3.559482    32.9305       2376     1.6495     2.1107     1.9669 0.0000e+00
     71.000     9.4256   3.558595    32.9396       2403     1.6681     2.1046     1.9624 0.0000e+00
     72.000     9.4012   3.556607    32.9411       2427     1.6851     2.0952     1.9563 0.0000e+00
     73.000     9.3670   3.553880    32.9440       2455     1.7038     2.0870     1.9490 0.0000e+00
     74.000     9.2642   3.547029    32.9676       2482     1.7230     2.0821     1.9425 0.0000e+00
     75.000     9.2018   3.541759    32.9703       2508     1.7413     2.0757     1.9362 0.0000e+00
     76.000     9.1747   3.539563    32.9722       2534     1.7593     2.0664     1.9285 0.0000e+00
     77.000     9.1826   3.541019    32.9795       2561     1.7778     2.0557     1.9191 0.0000e+00
     78.000     9.1994   3.544110    32.9955       2588     1.7966     2.0470     1.9100 0.0000e+00
     79.000     9.1235   3.538838    33.0107       2615     1.8152     2.0401     1.9045 0.0000e+00
     80.000     9.1039   3.538931    33.0293       2642     1.8337     2.0327     1.8969 0.0000e+00
     81.000     9.0856   3.538477    33.0411       2668     1.8521     2.0222     1.8883 0.0000e+00
     82.000     9.0330   3.534492    33.0481       2695     1.8711     2.0131     1.8792 0.0000e+00
     83.000     8.9221   3.525481    33.0569       2721     1.8891     2.0049     1.8719 0.0000e+00
     84.000     8.9152   3.524935    33.0572       2746     1.9066     1.9954     1.8631 0.0000e+00
     85.000     8.9157   3.525172    33.0588       2774     1.9254     1.9864     1.8537 0.0000e+00
     86.000     8.9126   3.524938    33.0587       2803     1.9459     1.9764     1.8433 0.0000e+00
     87.000     8.9083   3.524482    33.0576       2829     1.9640     1.9694     1.8351 0.0000e+00
     88.000     8.9060   3.524226    33.0566       2854     1.9812     1.9647     1.8299 0.0000e+00
     89.000     8.9058   3.524186    33.0558       2881     2.0001     1.9601     1.8251 0.0000e+00
     90.000     8.9054   3.524144    33.0554       2908     2.0186     1.9543     1.8207 0.0000e+00
     91.000     8.9062   3.524233    33.0551       2932     2.0357     1.9506     1.8180 0.0000e+00
     92.000     8.9067   3.524283    33.0547       2959     2.0544     1.9478     1.8153 0.0000e+00
     93.000     8.9063   3.524258    33.0544       2991     2.0764     1.9461     1.8136 0.0000e+00
     94.000     8.9051   3.524146    33.0538       3018     2.0950     1.9448     1.8123 0.0000e+00
     95.000     8.9013   3.523827    33.0536       3041     2.1110     1.9450     1.8110 0.0000e+00
     96.000     8.8957   3.523361    33.0535       3066     2.1287     1.9435     1.8095 0.0000e+00
     97.000     8.8912   3.522960    33.0531       3094     2.1480     1.9412     1.8079 0.0000e+00
     96.000     8.8956   3.522804    33.0477       4015     2.7873     1.9307     1.7966 0.0000e+00
     95.000     8.8960   3.522982    33.0497       3788     2.6302     1.9359     1.8033 0.0000e+00
     94.000     8.8990   3.523198    33.0496       3819     2.6517     1.9357     1.8034 0.0000e+00
     93.000     8.9037   3.523620    33.0501       3844     2.6685     1.9358     1.8045 0.0000e+00
     92.000     8.9071   3.523943    33.0507       3868     2.6856     1.9355     1.8055 0.0000e+00
     91.000     8.9081   3.524005    33.0509       3895     2.7040     1.9370     1.8075 0.0000e+00
     90.000     8.9086   3.524018    33.0510       3922     2.7230     1.9407     1.8082 0.0000e+00
     89.000     8.9093   3.524034    33.0510       3948     2.7408     1.9435     1.8098 0.0000e+00
     88.000     8.9101   3.524078    33.0512       3973     2.7582     1.9443     1.8111 0.0000e+00
     87.000     8.9109   3.524110    33.0512       3999     2.7761     1.9453     1.8135 0.0000e+00
     86.000     8.9116   3.524116    33.0511       4024     2.7936     1.9462     1.8145 0.0000e+00
     85.000     8.9129   3.524139    33.0506       4048     2.8104     1.9474     1.8140 0.0000e+00
     84.000     8.9143   3.524168    33.0500       4073     2.8275     1.9474     1.8121 0.0000e+00
     83.000     8.9147   3.524112    33.0496       4100     2.8466     1.9494     1.8132 0.0000e+00
     82.000     8.9195   3.524156    33.0461       4128     2.8663     1.9528     1.8132 0.0000e+00
     81.000     8.9742   3.527613    33.0317       4153     2.8835     1.9558     1.8153 0.0000e+00
     80.000     9.0403   3.532874    33.0254       4176     2.8994     1.9607     1.8186 0.0000e+00
     79.000     9.0551   3.533949    33.0233       4202     2.9171     1.9670     1.8233 0.0000e+00
     78.000     9.1050   3.536399    33.0029       4229     2.9363     1.9741     1.8291 0.0000e+00
     77.000     9.1370   3.537529    32.9855       4255     2.9542     1.9802     1.8360 0.0000e+00
     76.000     9.1553   3.537634    32.9702       4279     2.9711     1.9879     1.8421 0.0000e+00
     75.000     9.1710   3.537909    32.9589       4305     2.9888     1.9980     1.8501 0.0000e+00
     74.000     9.2033   3.540068    32.9518       4332     3.0077     2.0105     1.8596 0.0000e+00
     73.000     9.2720   3.544889    32.9387       4358     3.0259     2.0218     1.8689 0.0000e+00
     72.000     9.3365   3.549380    32.9262       4382     3.0427     2.0337     1.8779 0.0000e+00
     71.000     9.3674   3.551893    32.9241       4408     3.0601     2.0455     1.8869 0.0000e+00
     70.000     9.3822   3.552751    32.9197       4435     3.0792     2.0552     1.8981 0.0000e+00
     69.000     9.4383   3.556271    32.9049       4461     3.0975     2.0617     1.9076 0.0000e+00
     68.000     9.5233   3.563745    32.9040       4485     3.1138     2.0687     1.9135 0.0000e+00
     67.000     9.5561   3.566317    32.9008       4510     3.1309     2.0768     1.9180 0.0000e+00
     66.000     9.5920   3.569004    32.8959       4537     3.1499     2.0861     1.9262 0.0000e+00
     65.000     9.6522   3.572386    32.8759       4563     3.1677     2.0939     1.9343 0.0000e+00
     64.000     9.6690   3.573384    32.8712       4587     3.1851     2.0977     1.9401 0.0000e+00
     63.000     9.6913   3.574499    32.8627       4616     3.2045     2.1026     1.9453 0.0000e+00
     62.000     9.7321   3.576778    32.8491       4643     3.2234     2.1062     1.9508 0.0000e+00
     61.000     9.7896   3.580583    32.8359       4666     3.2399     2.1106     1.9564 0.0000e+00
     60.000     9.8526   3.585763    32.8318       4691     3.2567     2.1167     1.9603 0.0000e+00
     59.000     9.9233   3.591653    32.8278       4718     3.2754     2.1239     1.9652 0.0000e+00
     58.000     9.9708   3.595909    32.8283       4744     3.2940     2.1330     1.9743 0.0000e+00
     57.000     9.9885   3.597328    32.8270       4770     3.3115     2.1386     1.9841 0.0000e+00
     56.000     9.9915   3.596823    32.8196       4796     3.3298     2.1430     1.9943 0.0000e+00
     55.000    10.0070   3.597034    32.8081       4823     3.3484     2.1499     2.0012 0.0000e+00
     54.000    10.0309   3.597749    32.7941       4848     3.3659     2.1540     2.0054 0.0000e+00
     53.000    10.0663   3.598912    32.7742       4873     3.3834     2.1548     2.0071 0.0000e+00
     52.000    10.1645   3.604263    32.7399       4899     3.4017     2.1593     2.0085 0.0000e+00
     51.000    10.2774   3.613123    32.7279       4926     3.4204     2.1664     2.0096 0.0000e+00
     50.000    10.3583   3.620223    32.7269       4953     3.4391     2.1745     2.0147 0.0000e+00
     49.000    10.3939   3.622643    32.7195       4980     3.4574     2.1773     2.0194 0.0000e+00
     48.000    10.4353   3.624510    32.7015       5005     3.4752     2.1783     2.0213 0.0000e+00
     47.000    10.4704   3.625834    32.6837       5031     3.4929     2.1798     2.0229 0.0000e+00
     46.000    10.5055   3.627565    32.6700       5056     3.5106     2.1845     2.0250 0.0000e+00
     45.000    10.5448   3.629617    32.6558       5083     3.5291     2.1961     2.0313 0.0000e+00
     44.000    10.6148   3.632942    32.6268       5110     3.5479     2.2102     2.0391 0.0000e+00
     43.000    10.6600   3.635455    32.6119       5136     3.5659     2.2203     2.0480 0.0000e+00
     42.000    10.7205   3.638433    32.5881       5163     3.5845     2.2298     2.0568 0.0000e+00
     41.000    10.7755   3.641481    32.5698       5190     3.6032     2.2398     2.0690 0.0000e+00
     40.000    10.8297   3.644839    32.5554       5215     3.6205     2.2473     2.0796 0.0000e+00
     39.000    10.8878   3.648394    32.5395       5240     3.6381     2.2565     2.0888 0.0000e+00
     38.000    10.9218   3.650819    32.5338       5267     3.6569     2.2653     2.0968 0.0000e+00
     37.000    10.9821   3.654991    32.5221       5293     3.6751     2.2702     2.1049 0.0000e+00
     36.000    11.1275   3.660992    32.4533       5319     3.6932     2.2772     2.1110 0.0000e+00
     35.000    11.2369   3.665325    32.4001       5348     3.7134     2.2907     2.1164 0.0000e+00
     34.000    11.3252   3.669614    32.3650       5376     3.7327     2.3132     2.1282 0.0000e+00
     33.000    11.4225   3.674402    32.3272       5400     3.7495     2.3348     2.1422 0.0000e+00
     32.000    11.4904   3.678065    32.3041       5425     3.7664     2.3537     2.1599 0.0000e+00
