HB2407/ctd234.cnv
* Sea-Bird SBE 9 Data File:
* FileName = C:\cruise\data\CTD234.hex
* Software Version Seasave V 7.26.7.121
* Temperature SN = 4591
* Conductivity SN = 6006
* Number of Bytes Per Scan = 37
* Number of Voltage Words = 4
* Number of Scans Averaged by the Deck Unit = 1
* NMEA Latitude = 42 14.10 N
* NMEA Longitude = 070 35.93 W
* NMEA UTC (Time) = Nov 09 2024 20:08:04
* NMEA baud rate = 4800
** Ship: Bigelow HB2407
** Program:  Fall Bottom Trawl Survey
** Chief Scientist: John Galbraith
# nquan = 9
# nvalues = 2375                                  
# units = specified
# name 0 = depSM: Depth [salt water, m]
# name 1 = t090C: Temperature [ITS-90, deg C]
# name 2 = c0S/m: Conductivity [S/m]
# name 3 = sal00: Salinity, Practical [PSU]
# name 4 = scan: Scan Count
# name 5 = timeM: Time, Elapsed [minutes]
# name 6 = sbeox0V: Oxygen raw, SBE 43 [V]
# name 7 = sbeox1V: Oxygen raw, SBE 43, 2 [V]
# name 8 = flag:  0.000e+00
# span 0 =      1.591,     27.161                 
# span 1 =    12.0325,    12.1377                 
# span 2 =   3.682094,   3.699353                 
# span 3 =    31.8077,    31.9697                 
# span 4 =         11,       2385                 
# span 5 =     0.0069,     1.6556                 
# span 6 =     2.4811,     2.5079                 
# span 7 =     2.3004,     2.3358                 
# span 8 = 0.0000e+00, 0.0000e+00                 
# interval = seconds: 0.0416667
# start_time = Nov 09 2024 20:08:04 [NMEA time, header]
# bad_flag = -9.990e-29
*END*
[from data line 641]
     16.292    12.1240   3.698577    31.9618        652     0.4521     2.5018     2.3285  0.000e+00
     16.319    12.1237   3.698571    31.9620        653     0.4528     2.5018     2.3285  0.000e+00
     16.395    12.1237   3.698564    31.9619        654     0.4535     2.5018     2.3285  0.000e+00
     16.462    12.1237   3.698533    31.9616        655     0.4542     2.5018     2.3285  0.000e+00
     16.485    12.1236   3.698526    31.9617        656     0.4549     2.5018     2.3285  0.000e+00
     16.494    12.1236   3.698303    31.9595        657     0.4556     2.5006     2.3272  0.000e+00
     16.619    12.1236   3.698207    31.9585        658     0.4562     2.5018     2.3272  0.000e+00
     16.592    12.1236   3.698469    31.9611        659     0.4569     2.5018     2.3272  0.000e+00
     16.619    12.1234   3.698507    31.9616        660     0.4576     2.5018     2.3272  0.000e+00
     16.727    12.1229   3.698494    31.9619        661     0.4583     2.5006     2.3272  0.000e+00
     16.727    12.1226   3.698494    31.9621        662     0.4590     2.5018     2.3272  0.000e+00
     16.785    12.1224   3.698482    31.9621        663     0.4597     2.5018     2.3272  0.000e+00
     16.825    12.1227   3.698488    31.9619        664     0.4604     2.5031     2.3272  0.000e+00
     16.883    12.1229   3.698469    31.9615        665     0.4611     2.5018     2.3272  0.000e+00
     16.928    12.1229   3.698482    31.9617        666     0.4618     2.5018     2.3272  0.000e+00
     17.018    12.1224   3.698494    31.9621        667     0.4625     2.5018     2.3272  0.000e+00
     17.027    12.1227   3.698494    31.9619        668     0.4632     2.5018     2.3272  0.000e+00
     17.116    12.1227   3.698514    31.9620        669     0.4639     2.5018     2.3272  0.000e+00
     17.125    12.1226   3.698501    31.9620        670     0.4646     2.5018     2.3272  0.000e+00
     17.183    12.1224   3.698495    31.9621        671     0.4653     2.5018     2.3272  0.000e+00
     17.259    12.1224   3.698546    31.9625        672     0.4660     2.5018     2.3260  0.000e+00
     17.327    12.1224   3.698488    31.9620        673     0.4667     2.5018     2.3260  0.000e+00
     17.349    12.1227   3.698520    31.9620        674     0.4674     2.5018     2.3272  0.000e+00
     17.358    12.1226   3.698507    31.9620        675     0.4681     2.5018     2.3260  0.000e+00
     17.447    12.1227   3.698495    31.9617        676     0.4688     2.5018     2.3260  0.000e+00
     17.492    12.1226   3.698514    31.9620        677     0.4694     2.5018     2.3260  0.000e+00
     17.582    12.1226   3.698450    31.9614        678     0.4701     2.5018     2.3260  0.000e+00
     17.591    12.1226   3.698501    31.9618        679     0.4708     2.5018     2.3260  0.000e+00
     17.680    12.1226   3.698501    31.9618        680     0.4715     2.5031     2.3260  0.000e+00
     17.756    12.1224   3.698546    31.9623        681     0.4722     2.5031     2.3248  0.000e+00
     17.815    12.1226   3.698533    31.9621        682     0.4729     2.5031     2.3248  0.000e+00
     17.824    12.1229   3.698527    31.9617        683     0.4736     2.5031     2.3248  0.000e+00
     17.913    12.1229   3.698565    31.9621        684     0.4743     2.5018     2.3248  0.000e+00
     17.927    12.1234   3.698616    31.9621        685     0.4750     2.5018     2.3248  0.000e+00
     18.016    12.1236   3.698648    31.9622        686     0.4757     2.5018     2.3248  0.000e+00
     18.025    12.1236   3.698661    31.9623        687     0.4764     2.5018     2.3248  0.000e+00
     18.115    12.1234   3.698610    31.9620        688     0.4771     2.5018     2.3248  0.000e+00
     18.191    12.1233   3.698597    31.9619        689     0.4778     2.5018     2.3248  0.000e+00
     18.213    12.1234   3.698616    31.9620        690     0.4785     2.5018     2.3248  0.000e+00
     18.258    12.1233   3.698578    31.9617        691     0.4792     2.5018     2.3236  0.000e+00
     18.316    12.1233   3.698584    31.9618        692     0.4799     2.5018     2.3236  0.000e+00
     18.392    12.1236   3.698616    31.9617        693     0.4806     2.5006     2.3236  0.000e+00
     18.415    12.1237   3.698604    31.9615        694     0.4813     2.5006     2.3236  0.000e+00
     18.491    12.1240   3.698655    31.9617        695     0.4819     2.5006     2.3236  0.000e+00
     18.513    12.1246   3.698687    31.9615        696     0.4826     2.5006     2.3236  0.000e+00
     18.625    12.1246   3.698693    31.9615        697     0.4833     2.5006     2.3236  0.000e+00
     18.612    12.1246   3.698693    31.9616        698     0.4840     2.5006     2.3223  0.000e+00
     18.656    12.1246   3.698712    31.9617        699     0.4847     2.4994     2.3223  0.000e+00
     18.746    12.1237   3.698674    31.9620        700     0.4854     2.5006     2.3223  0.000e+00
     18.791    12.1236   3.698661    31.9620        701     0.4861     2.4994     2.3223  0.000e+00
     18.844    12.1234   3.698636    31.9619        702     0.4868     2.5006     2.3223  0.000e+00
     18.889    12.1237   3.698699    31.9622        703     0.4875     2.4994     2.3236  0.000e+00
     18.979    12.1244   3.698699    31.9616        704     0.4882     2.4982     2.3223  0.000e+00
     18.992    12.1249   3.698751    31.9617        705     0.4889     2.4994     2.3223  0.000e+00
     19.015    12.1249   3.698687    31.9610        706     0.4896     2.5006     2.3223  0.000e+00
     19.091    12.1254   3.698680    31.9605        707     0.4903     2.4994     2.3223  0.000e+00
     19.145    12.1253   3.698763    31.9614        708     0.4910     2.4982     2.3236  0.000e+00
     19.158    12.1253   3.698789    31.9617        709     0.4917     2.4982     2.3236  0.000e+00
     19.247    12.1246   3.698789    31.9622        710     0.4924     2.4982     2.3236  0.000e+00
     19.247    12.1236   3.698642    31.9616        711     0.4931     2.4982     2.3236  0.000e+00
     19.288    12.1226   3.698597    31.9621        712     0.4938     2.4982     2.3236  0.000e+00
     19.346    12.1219   3.698521    31.9619        713     0.4944     2.4982     2.3236  0.000e+00
     19.422    12.1211   3.698495    31.9623        714     0.4951     2.4982     2.3236  0.000e+00
     19.480    12.1209   3.698483    31.9623        715     0.4958     2.4969     2.3236  0.000e+00
     19.525    12.1205   3.698515    31.9629        716     0.4965     2.4957     2.3236  0.000e+00
     19.543    12.1205   3.698451    31.9623        717     0.4972     2.4969     2.3236  0.000e+00
     19.556    12.1204   3.698451    31.9624        718     0.4979     2.4982     2.3236  0.000e+00
     19.646    12.1202   3.698464    31.9626        719     0.4986     2.4969     2.3236  0.000e+00
     19.691    12.1197   3.698412    31.9626        720     0.4993     2.4982     2.3236  0.000e+00
     19.713    12.1187   3.698374    31.9630        721     0.5000     2.4969     2.3236  0.000e+00
     19.745    12.1182   3.698317    31.9629        722     0.5007     2.4957     2.3236  0.000e+00
     19.821    12.1179   3.698323    31.9632        723     0.5014     2.4969     2.3236  0.000e+00
     19.812    12.1175   3.698278    31.9631        724     0.5021     2.4957     2.3236  0.000e+00
     19.856    12.1175   3.698291    31.9632        725     0.5028     2.4969     2.3236  0.000e+00
     19.910    12.1174   3.698285    31.9633        726     0.5035     2.4957     2.3236  0.000e+00
     19.955    12.1165   3.698196    31.9631        727     0.5042     2.4969     2.3236  0.000e+00
     19.946    12.1162   3.698189    31.9633        728     0.5049     2.4957     2.3223  0.000e+00
     20.053    12.1163   3.698221    31.9635        729     0.5056     2.4957     2.3223  0.000e+00
     20.044    12.1160   3.698208    31.9636        730     0.5062     2.4957     2.3223  0.000e+00
     20.076    12.1160   3.698176    31.9633        731     0.5069     2.4957     2.3223  0.000e+00
     20.121    12.1159   3.698170    31.9634        732     0.5076     2.4957     2.3223  0.000e+00
     20.143    12.1157   3.698189    31.9637        733     0.5083     2.4957     2.3223  0.000e+00
     20.188    12.1159   3.698176    31.9634        734     0.5090     2.4957     2.3223  0.000e+00
     20.246    12.1153   3.698145    31.9635        735     0.5097     2.4957     2.3223  0.000e+00
     20.291    12.1147   3.698087    31.9635        736     0.5104     2.4957     2.3223  0.000e+00
     20.277    12.1138   3.698049    31.9638        737     0.5111     2.4957     2.3223  0.000e+00
     20.309    12.1135   3.698030    31.9639        738     0.5118     2.4957     2.3223  0.000e+00
     20.353    12.1132   3.698011    31.9640        739     0.5125     2.4957     2.3223  0.000e+00
     20.412    12.1133   3.698004    31.9638        740     0.5132     2.4945     2.3223  0.000e+00
     20.389    12.1128   3.698004    31.9643        741     0.5139     2.4945     2.3211  0.000e+00
     20.479    12.1130   3.698004    31.9641        742     0.5146     2.4945     2.3211  0.000e+00
     20.488    12.1138   3.698081    31.9641        743     0.5153     2.4945     2.3211  0.000e+00
     20.510    12.1145   3.698126    31.9639        744     0.5160     2.4945     2.3211  0.000e+00
     20.541    12.1147   3.698138    31.9639        745     0.5167     2.4945     2.3211  0.000e+00
     20.555    12.1145   3.698113    31.9638        746     0.5174     2.4945     2.3211  0.000e+00
     20.577    12.1142   3.698081    31.9638        747     0.5181     2.4945     2.3211  0.000e+00
     20.653    12.1140   3.698074    31.9638        748     0.5188     2.4945     2.3211  0.000e+00
     20.644    12.1145   3.698119    31.9638        749     0.5194     2.4933     2.3211  0.000e+00
     20.676    12.1145   3.698126    31.9639        750     0.5201     2.4945     2.3211  0.000e+00
     20.721    12.1152   3.698183    31.9638        751     0.5208     2.4933     2.3211  0.000e+00
     20.712    12.1159   3.698221    31.9636        752     0.5215     2.4933     2.3211  0.000e+00
     20.756    12.1175   3.698355    31.9634        753     0.5222     2.4933     2.3211  0.000e+00
     20.774    12.1184   3.698419    31.9633        754     0.5229     2.4933     2.3211  0.000e+00
     20.788    12.1192   3.698502    31.9634        755     0.5236     2.4933     2.3211  0.000e+00
     20.810    12.1197   3.698502    31.9630        756     0.5243     2.4945     2.3211  0.000e+00
     20.877    12.1201   3.698496    31.9626        757     0.5250     2.4945     2.3211  0.000e+00
     20.855    12.1196   3.698445    31.9625        758     0.5257     2.4933     2.3211  0.000e+00
     20.877    12.1182   3.698381    31.9631        759     0.5264     2.4933     2.3211  0.000e+00
     20.922    12.1187   3.698413    31.9629        760     0.5271     2.4933     2.3211  0.000e+00
     20.909    12.1192   3.698445    31.9628        761     0.5278     2.4933     2.3199  0.000e+00
     20.976    12.1194   3.698458    31.9628        762     0.5285     2.4933     2.3199  0.000e+00
     20.953    12.1192   3.698483    31.9631        763     0.5292     2.4933     2.3199  0.000e+00
     21.007    12.1187   3.698419    31.9629        764     0.5299     2.4933     2.3199  0.000e+00
     20.989    12.1185   3.698375    31.9627        765     0.5306     2.4933     2.3199  0.000e+00
     21.043    12.1184   3.698317    31.9622        766     0.5313     2.4933     2.3199  0.000e+00
     21.043    12.1179   3.698304    31.9625        767     0.5319     2.4933     2.3199  0.000e+00
     21.056    12.1168   3.698228    31.9627        768     0.5326     2.4933     2.3199  0.000e+00
     21.074    12.1155   3.698177    31.9633        769     0.5333     2.4933     2.3199  0.000e+00
     21.088    12.1150   3.698119    31.9632        770     0.5340     2.4933     2.3199  0.000e+00
     21.141    12.1145   3.698126    31.9637        771     0.5347     2.4921     2.3199  0.000e+00
     21.110    12.1140   3.698100    31.9638        772     0.5354     2.4933     2.3199  0.000e+00
     21.155    12.1140   3.698151    31.9643        773     0.5361     2.4933     2.3199  0.000e+00
     21.141    12.1140   3.698145    31.9643        774     0.5368     2.4933     2.3199  0.000e+00
     21.186    12.1137   3.698113    31.9643        775     0.5375     2.4921     2.3199  0.000e+00
     21.209    12.1127   3.697979    31.9638        776     0.5382     2.4921     2.3199  0.000e+00
     21.209    12.1115   3.697941    31.9644        777     0.5389     2.4908     2.3199  0.000e+00
     21.222    12.1101   3.697845    31.9647        778     0.5396     2.4908     2.3199  0.000e+00
     21.276    12.1092   3.697787    31.9649        779     0.5403     2.4908     2.3211  0.000e+00
     21.222    12.1080   3.697724    31.9653        780     0.5410     2.4921     2.3211  0.000e+00
     21.276    12.1075   3.697685    31.9654        781     0.5417     2.4921     2.3199  0.000e+00
     21.307    12.1072   3.697653    31.9654        782     0.5424     2.4908     2.3199  0.000e+00
     21.320    12.1068   3.697622    31.9653        783     0.5431     2.4908     2.3199  0.000e+00
     21.307    12.1063   3.697634    31.9659        784     0.5437     2.4908     2.3199  0.000e+00
     21.343    12.1061   3.697609    31.9658        785     0.5444     2.4908     2.3199  0.000e+00
     21.352    12.1061   3.697609    31.9658        786     0.5451     2.4908     2.3199  0.000e+00
     21.343    12.1067   3.697660    31.9658        787     0.5458     2.4908     2.3199  0.000e+00
     21.388    12.1080   3.697730    31.9653        788     0.5465     2.4908     2.3199  0.000e+00
     21.410    12.1083   3.697717    31.9649        789     0.5472     2.4896     2.3199  0.000e+00
     21.441    12.1078   3.697711    31.9653        790     0.5479     2.4896     2.3199  0.000e+00
     21.419    12.1070   3.697685    31.9658        791     0.5486     2.4896     2.3199  0.000e+00
     21.441    12.1063   3.697602    31.9655        792     0.5493     2.4884     2.3199  0.000e+00
     21.486    12.1055   3.697558    31.9658        793     0.5500     2.4896     2.3199  0.000e+00
     21.473    12.1050   3.697551    31.9662        794     0.5507     2.4896     2.3199  0.000e+00
     21.473    12.1040   3.697475    31.9663        795     0.5514     2.4896     2.3199  0.000e+00
     21.522    12.1032   3.697449    31.9667        796     0.5521     2.4884     2.3187  0.000e+00
     21.508    12.1026   3.697424    31.9669        797     0.5528     2.4884     2.3199  0.000e+00
     21.522    12.1021   3.697392    31.9671        798     0.5535     2.4884     2.3187  0.000e+00
     21.607    12.1026   3.697424    31.9669        799     0.5542     2.4884     2.3187  0.000e+00
     21.607    12.1028   3.697398    31.9665        800     0.5549     2.4884     2.3187  0.000e+00
     21.620    12.1033   3.697430    31.9664        801     0.5556     2.4884     2.3187  0.000e+00
     21.607    12.1035   3.697475    31.9667        802     0.5563     2.4884     2.3187  0.000e+00
     21.643    12.1036   3.697488    31.9666        803     0.5569     2.4884     2.3187  0.000e+00
     21.688    12.1035   3.697456    31.9664        804     0.5576     2.4872     2.3175  0.000e+00
     21.705    12.1040   3.697449    31.9659        805     0.5583     2.4872     2.3175  0.000e+00
     21.719    12.1036   3.697449    31.9662        806     0.5590     2.4872     2.3175  0.000e+00
     21.705    12.1033   3.697373    31.9658        807     0.5597     2.4872     2.3162  0.000e+00
     21.773    12.1021   3.697277    31.9659        808     0.5604     2.4872     2.3162  0.000e+00
     21.786    12.0999   3.697105    31.9660        809     0.5611     2.4872     2.3162  0.000e+00
     21.808    12.0977   3.697009    31.9670        810     0.5618     2.4872     2.3162  0.000e+00
