HB2407/CTD235.cnv
* Sea-Bird SBE 9 Data File:
* FileName = C:\cruise\data\CTD235.hex
* Software Version Seasave V 7.26.7.121
* Temperature SN = 4591
* Conductivity SN = 6006
* Number of Bytes Per Scan = 37
* Number of Voltage Words = 4
* Number of Scans Averaged by the Deck Unit = 1
* NMEA Latitude = 42 11.72 N
* NMEA Longitude = 070 28.36 W
* NMEA UTC (Time) = Nov 09 2024 21:07:03
* NMEA baud rate = 4800
** Ship: Bigelow HB2407
** Program:  Fall Bottom Trawl Survey
** Chief Scientist: John Galbraith
# nquan = 9
# nvalues = 115                         
# units = specified
# name 0 = depSM: Depth [salt water, m]
# name 1 = t090C: Temperature [ITS-90, deg C]
# name 2 = c0S/m: Conductivity [S/m]
# name 3 = sal00: Salinity, Practical [PSU]
# name 4 = scan: Scan Count
# name 5 = timeM: Time, Elapsed [minutes]
# name 6 = sbeox0V: Oxygen raw, SBE 43 [V]
# name 7 = sbeox1V: Oxygen raw, SBE 43, 2 [V]
# name 8 = flag: flag
# span 0 =      1.000,     59.000       
# span 1 =    10.9224,    12.2589       
# span 2 =   3.622647,   3.714021       
# span 3 =    31.9743,    32.3941       
# span 4 =         98,       4374       
# span 5 =     0.0677,     3.0366       
# span 6 =     2.0537,     2.5111       
# span 7 =     1.9173,     2.3451       
# span 8 = 0.0000e+00, 0.0000e+00       
# interval = meters: 1                  
# start_time = Nov 09 2024 21:07:03 [NMEA time, header]
# bad_flag = -9.990e-29
*END*
      3.000    12.2480   3.711929    31.9895         98     0.0677     2.5050     2.3397 0.0000e+00
      4.000    12.2477   3.711921    31.9892        215     0.1490     2.5048     2.3424 0.0000e+00
      5.000    12.2490   3.712088    31.9893        262     0.1812     2.5025     2.3381 0.0000e+00
      6.000    12.2529   3.712491    31.9894        277     0.1915     2.5024     2.3370 0.0000e+00
      7.000    12.2509   3.712388    31.9897        292     0.2021     2.4999     2.3368 0.0000e+00
      8.000    12.2500   3.712348    31.9897        311     0.2151     2.5000     2.3372 0.0000e+00
      9.000    12.2500   3.712384    31.9897        341     0.2362     2.5023     2.3376 0.0000e+00
     10.000    12.2455   3.712051    31.9899        387     0.2680     2.5070     2.3371 0.0000e+00
     11.000    12.2510   3.712535    31.9894        415     0.2878     2.5076     2.3390 0.0000e+00
     12.000    12.2485   3.712388    31.9898        435     0.3017     2.5037     2.3382 0.0000e+00
     13.000    12.2542   3.712925    31.9896        456     0.3160     2.5014     2.3369 0.0000e+00
     14.000    12.2513   3.712716    31.9897        485     0.3362     2.4998     2.3365 0.0000e+00
     15.000    12.2523   3.712872    31.9899        523     0.3625     2.4999     2.3370 0.0000e+00
     16.000    12.2564   3.713252    31.9897        546     0.3784     2.5041     2.3372 0.0000e+00
     17.000    12.2566   3.713326    31.9898        565     0.3915     2.5044     2.3371 0.0000e+00
     18.000    12.2583   3.713540    31.9900        590     0.4091     2.5035     2.3373 0.0000e+00
     19.000    12.2587   3.713651    31.9903        636     0.4413     2.5044     2.3387 0.0000e+00
     20.000    12.2589   3.713704    31.9903        662     0.4590     2.5052     2.3373 0.0000e+00
     21.000    12.2583   3.713773    31.9910        679     0.4706     2.5056     2.3370 0.0000e+00
     22.000    12.2582   3.713817    31.9911        697     0.4830     2.5055     2.3370 0.0000e+00
     23.000    12.2587   3.713907    31.9911        727     0.5041     2.5044     2.3365 0.0000e+00
     24.000    12.2584   3.713946    31.9914        771     0.5347     2.5052     2.3371 0.0000e+00
     25.000    12.2578   3.713955    31.9916        795     0.5517     2.5049     2.3352 0.0000e+00
     26.000    12.2580   3.714021    31.9916        819     0.5683     2.5021     2.3337 0.0000e+00
     27.000    12.2569   3.713981    31.9917        847     0.5874     2.4995     2.3319 0.0000e+00
     28.000    12.2557   3.713936    31.9919        872     0.6051     2.4999     2.3325 0.0000e+00
     29.000    12.2545   3.713748    31.9908        895     0.6205     2.5010     2.3334 0.0000e+00
     30.000    12.2518   3.713736    31.9926        920     0.6379     2.5010     2.3334 0.0000e+00
     31.000    12.2495   3.713621    31.9930        957     0.6642     2.5003     2.3325 0.0000e+00
     32.000    12.2485   3.713614    31.9933        994     0.6894     2.4983     2.3321 0.0000e+00
     33.000    12.2456   3.713426    31.9937       1020     0.7074     2.4975     2.3322 0.0000e+00
     34.000    12.2442   3.713379    31.9940       1040     0.7217     2.4968     2.3310 0.0000e+00
     35.000    12.2298   3.712390    31.9964       1059     0.7345     2.4947     2.3309 0.0000e+00
     36.000    12.1910   3.709667    32.0031       1078     0.7479     2.4921     2.3294 0.0000e+00
     37.000    12.0768   3.701444    32.0214       1111     0.7707     2.4828     2.3207 0.0000e+00
     38.000    11.9981   3.695864    32.0347       1163     0.8073     2.4417     2.2881 0.0000e+00
     39.000    11.5044   3.661362    32.1258       1187     0.8239     2.4162     2.2661 0.0000e+00
     40.000    11.1885   3.637822    32.1699       1208     0.8383     2.3898     2.2480 0.0000e+00
     41.000    11.0866   3.630046    32.1820       1229     0.8529     2.3445     2.2167 0.0000e+00
     42.000    10.9959   3.625055    32.2119       1252     0.8685     2.2730     2.1603 0.0000e+00
     43.000    10.9324   3.625893    32.2755       1277     0.8861     2.1996     2.0884 0.0000e+00
     44.000    10.9224   3.632424    32.3485       1309     0.9087     2.1351     2.0176 0.0000e+00
     45.000    11.0379   3.646897    32.3893       1350     0.9371     2.0901     1.9605 0.0000e+00
     46.000    11.0377   3.646952    32.3897       1380     0.9574     2.0836     1.9453 0.0000e+00
     47.000    10.9934   3.642708    32.3863       1399     0.9708     2.0899     1.9463 0.0000e+00
     48.000    10.9543   3.638875    32.3825       1416     0.9829     2.0952     1.9505 0.0000e+00
     49.000    10.9633   3.640009    32.3854       1438     0.9976     2.0929     1.9534 0.0000e+00
     50.000    10.9937   3.643346    32.3911       1481     1.0279     2.0820     1.9452 0.0000e+00
     51.000    10.9853   3.642652    32.3912       1520     1.0546     2.0802     1.9402 0.0000e+00
     52.000    10.9729   3.641687    32.3922       1539     1.0678     2.0807     1.9371 0.0000e+00
     53.000    10.9618   3.640759    32.3924       1556     1.0801     2.0798     1.9356 0.0000e+00
     54.000    10.9585   3.640467    32.3920       1577     1.0947     2.0770     1.9340 0.0000e+00
     55.000    10.9489   3.639675    32.3922       1609     1.1168     2.0735     1.9331 0.0000e+00
     56.000    10.9481   3.639630    32.3920       1646     1.1425     2.0707     1.9311 0.0000e+00
     57.000    10.9405   3.639202    32.3941       1676     1.1632     2.0646     1.9285 0.0000e+00
     58.000    10.9402   3.638973    32.3916       1983     1.3761     2.0608     1.9218 0.0000e+00
     59.000    10.9346   3.638451    32.3911       2541     1.7642     2.0554     1.9173 0.0000e+00
     58.000    10.9376   3.638709    32.3913       2373     1.6471     2.0584     1.9192 0.0000e+00
     57.000    10.9377   3.638611    32.3907       2488     1.7273     2.0569     1.9215 0.0000e+00
     56.000    10.9376   3.638537    32.3905       2505     1.7392     2.0566     1.9209 0.0000e+00
     55.000    10.9375   3.638476    32.3904       2531     1.7569     2.0583     1.9213 0.0000e+00
     54.000    10.9378   3.638433    32.3901       2563     1.7793     2.0610     1.9221 0.0000e+00
     53.000    10.9425   3.638630    32.3884       2589     1.7975     2.0617     1.9211 0.0000e+00
     52.000    10.9532   3.639449    32.3874       2609     1.8114     2.0618     1.9192 0.0000e+00
     51.000    10.9578   3.639723    32.3866       2630     1.8255     2.0628     1.9187 0.0000e+00
     50.000    10.9689   3.640634    32.3861       2655     1.8432     2.0636     1.9189 0.0000e+00
     49.000    10.9643   3.639600    32.3804       2694     1.8700     2.0657     1.9217 0.0000e+00
     48.000    10.9652   3.639657    32.3806       2728     1.8939     2.0679     1.9250 0.0000e+00
     47.000    10.9543   3.638121    32.3754       2748     1.9076     2.0683     1.9265 0.0000e+00
     46.000    10.9538   3.637785    32.3730       2764     1.9187     2.0677     1.9273 0.0000e+00
     45.000    10.9635   3.638412    32.3711       2780     1.9296     2.0681     1.9277 0.0000e+00
     44.000    10.9972   3.641509    32.3724       2800     1.9440     2.0668     1.9271 0.0000e+00
     43.000    10.9357   3.633024    32.3431       2850     1.9785     2.0694     1.9285 0.0000e+00
     42.000    10.9242   3.627101    32.2950       2885     2.0025     2.0637     1.9308 0.0000e+00
     41.000    10.9466   3.622647    32.2317       2901     2.0141     2.0572     1.9275 0.0000e+00
     40.000    11.0039   3.623443    32.1897       2918     2.0260     2.0545     1.9224 0.0000e+00
     39.000    11.0419   3.625165    32.1738       2940     2.0407     2.0537     1.9175 0.0000e+00
     38.000    11.2152   3.636340    32.1329       2969     2.0613     2.0605     1.9174 0.0000e+00
     37.000    11.4567   3.650682    32.0639       2997     2.0809     2.0772     1.9262 0.0000e+00
     36.000    11.8566   3.680929    32.0130       3022     2.0983     2.1083     1.9440 0.0000e+00
     35.000    12.0339   3.694587    31.9930       3054     2.1204     2.1916     1.9897 0.0000e+00
     34.000    12.1053   3.700764    31.9917       3087     2.1427     2.2854     2.0693 0.0000e+00
     33.000    12.1999   3.707342    31.9743       3109     2.1584     2.3324     2.1266 0.0000e+00
     32.000    12.2137   3.708905    31.9779       3129     2.1725     2.3657     2.1708 0.0000e+00
     31.000    12.2179   3.709521    31.9807       3151     2.1877     2.3992     2.2118 0.0000e+00
     30.000    12.2292   3.710544    31.9812       3176     2.2048     2.4306     2.2497 0.0000e+00
     29.000    12.2388   3.711280    31.9805       3203     2.2236     2.4544     2.2770 0.0000e+00
     28.000    12.2388   3.711446    31.9825       3234     2.2453     2.4720     2.2949 0.0000e+00
     27.000    12.2360   3.711261    31.9835       3268     2.2689     2.4799     2.3072 0.0000e+00
     26.000    12.2425   3.711761    31.9832       3294     2.2868     2.4812     2.3143 0.0000e+00
     25.000    12.2441   3.711941    31.9839       3315     2.3013     2.4829     2.3191 0.0000e+00
     24.000    12.2430   3.711961    31.9854       3336     2.3160     2.4873     2.3232 0.0000e+00
     23.000    12.2453   3.712111    31.9854       3361     2.3330     2.4930     2.3272 0.0000e+00
     22.000    12.2480   3.712386    31.9861       3387     2.3516     2.4980     2.3306 0.0000e+00
     21.000    12.2481   3.712363    31.9862       3417     2.3722     2.4993     2.3327 0.0000e+00
     20.000    12.2486   3.712424    31.9868       3450     2.3949     2.4991     2.3340 0.0000e+00
     19.000    12.2472   3.712289    31.9871       3479     2.4154     2.5019     2.3344 0.0000e+00
     18.000    12.2481   3.712352    31.9873       3501     2.4309     2.5011     2.3356 0.0000e+00
     17.000    12.2488   3.712391    31.9875       3521     2.4441     2.5009     2.3375 0.0000e+00
     16.000    12.2503   3.712519    31.9879       3541     2.4582     2.5012     2.3390 0.0000e+00
     15.000    12.2516   3.712616    31.9881       3569     2.4781     2.5031     2.3379 0.0000e+00
     14.000    12.2519   3.712608    31.9882       3610     2.5061     2.5036     2.3407 0.0000e+00
     13.000    12.2523   3.712625    31.9884       3637     2.5250     2.5023     2.3416 0.0000e+00
     12.000    12.2522   3.712600    31.9887       3657     2.5389     2.5047     2.3412 0.0000e+00
     11.000    12.2515   3.712522    31.9889       3677     2.5528     2.5067     2.3418 0.0000e+00
     10.000    12.2513   3.712456    31.9888       3700     2.5688     2.5082     2.3415 0.0000e+00
      9.000    12.2524   3.712051    31.9845       3730     2.5898     2.5068     2.3392 0.0000e+00
      8.000    12.2504   3.712337    31.9893       3772     2.6188     2.5059     2.3393 0.0000e+00
      7.000    12.2458   3.711930    31.9898       3803     2.6405     2.5087     2.3416 0.0000e+00
      6.000    12.2440   3.711583    31.9884       3821     2.6526     2.5091     2.3433 0.0000e+00
      5.000    12.2440   3.711638    31.9893       3836     2.6631     2.5102     2.3451 0.0000e+00
      4.000    12.2437   3.711607    31.9897       3893     2.7025     2.5111     2.3424 0.0000e+00
      3.000    12.2419   3.711408    31.9897       3949     2.7419     2.5086     2.3417 0.0000e+00
      2.000    12.2381   3.711124    31.9907       4215     2.9261     2.5092     2.3443 0.0000e+00
      1.000    12.2396   3.711223    31.9907       4374     3.0366     2.5098     2.3429 0.0000e+00
