HB2407/CTD245.cnv
* Sea-Bird SBE 9 Data File:
* FileName = C:\cruise\data\CTD245.hex
* Software Version Seasave V 7.26.7.121
* Temperature SN = 4591
* Conductivity SN = 6006
* Number of Bytes Per Scan = 37
* Number of Voltage Words = 4
* Number of Scans Averaged by the Deck Unit = 1
* NMEA Latitude = 42 17.85 N
* NMEA Longitude = 070 21.73 W
* NMEA UTC (Time) = Nov 11 2024 10:43:53
* NMEA baud rate = 4800
** Ship: Bigelow HB2407
** Program:  Fall Bottom Trawl Survey
** Chief Scientist: John Galbraith
# nquan = 9
# nvalues = 156                         
# units = specified
# name 0 = depSM: Depth [salt water, m]
# name 1 = t090C: Temperature [ITS-90, deg C]
# name 2 = c0S/m: Conductivity [S/m]
# name 3 = sal00: Salinity, Practical [PSU]
# name 4 = scan: Scan Count
# name 5 = timeM: Time, Elapsed [minutes]
# name 6 = sbeox0V: Oxygen raw, SBE 43 [V]
# name 7 = sbeox1V: Oxygen raw, SBE 43, 2 [V]
# name 8 = flag: flag
# span 0 =      2.000,     80.000       
# span 1 =    10.3952,    12.0081       
# span 2 =   3.589646,   3.690322       
# span 3 =    31.9870,    32.3815       
# span 4 =        127,       4660       
# span 5 =     0.0873,     3.2355       
# span 6 =     1.9424,     2.5046       
# span 7 =     1.8103,     2.3384       
# span 8 = 0.0000e+00, 0.0000e+00       
# interval = meters: 1                  
# start_time = Nov 11 2024 10:43:53 [NMEA time, header]
# bad_flag = -9.990e-29
*END*
      3.000    11.9966   3.689589    31.9899        127     0.0873     2.4889     2.3327 0.0000e+00
      4.000    11.9968   3.689664    31.9901        221     0.1531     2.4910     2.3297 0.0000e+00
      5.000    11.9970   3.689724    31.9900        259     0.1791     2.4929     2.3274 0.0000e+00
      6.000    11.9972   3.689781    31.9900        289     0.1997     2.4977     2.3277 0.0000e+00
      7.000    11.9977   3.689856    31.9899        311     0.2153     2.4994     2.3307 0.0000e+00
      8.000    11.9963   3.689784    31.9900        334     0.2311     2.4980     2.3319 0.0000e+00
      9.000    11.9959   3.689783    31.9899        362     0.2507     2.4982     2.3311 0.0000e+00
     10.000    11.9951   3.689741    31.9898        394     0.2732     2.5030     2.3325 0.0000e+00
     11.000    11.9918   3.689620    31.9910        422     0.2920     2.5046     2.3341 0.0000e+00
     12.000    11.9892   3.689467    31.9914        445     0.3083     2.5016     2.3349 0.0000e+00
     13.000    11.9852   3.689275    31.9926        469     0.3253     2.5010     2.3359 0.0000e+00
     14.000    11.9813   3.689072    31.9936        497     0.3444     2.5024     2.3346 0.0000e+00
     15.000    11.9817   3.689159    31.9936        526     0.3647     2.5036     2.3341 0.0000e+00
     16.000    11.9806   3.689141    31.9940        554     0.3843     2.5017     2.3320 0.0000e+00
     17.000    11.9709   3.688698    31.9976        581     0.4027     2.5013     2.3298 0.0000e+00
     18.000    11.9431   3.687364    32.0082        606     0.4201     2.5001     2.3275 0.0000e+00
     19.000    11.9253   3.686491    32.0147        630     0.4369     2.4968     2.3244 0.0000e+00
     20.000    11.8871   3.684831    32.0310        657     0.4556     2.4943     2.3217 0.0000e+00
     21.000    11.8201   3.682170    32.0626        689     0.4775     2.4889     2.3199 0.0000e+00
     22.000    11.7817   3.680935    32.0833        717     0.4975     2.4800     2.3160 0.0000e+00
     23.000    11.7759   3.680595    32.0846        741     0.5142     2.4698     2.3061 0.0000e+00
     24.000    11.7718   3.680395    32.0857        766     0.5309     2.4550     2.2917 0.0000e+00
     25.000    11.7705   3.680599    32.0885        794     0.5506     2.4412     2.2778 0.0000e+00
     26.000    11.7688   3.680930    32.0927        824     0.5714     2.4305     2.2698 0.0000e+00
     27.000    11.7611   3.680353    32.0934        850     0.5895     2.4238     2.2635 0.0000e+00
     28.000    11.7631   3.681265    32.1000        874     0.6063     2.4186     2.2592 0.0000e+00
     29.000    11.7419   3.679711    32.1028        901     0.6252     2.4153     2.2539 0.0000e+00
     30.000    11.7338   3.679852    32.1109        931     0.6460     2.4113     2.2477 0.0000e+00
     31.000    11.7190   3.679145    32.1164        959     0.6655     2.4056     2.2396 0.0000e+00
     32.000    11.7228   3.679715    32.1182        985     0.6830     2.4019     2.2360 0.0000e+00
     33.000    11.7172   3.679516    32.1207       1010     0.7008     2.3966     2.2318 0.0000e+00
     34.000    11.7066   3.679424    32.1285       1038     0.7201     2.3895     2.2278 0.0000e+00
     35.000    11.6894   3.678694    32.1359       1067     0.7401     2.3822     2.2233 0.0000e+00
     36.000    11.6709   3.677466    32.1396       1095     0.7597     2.3727     2.2165 0.0000e+00
     37.000    11.6436   3.675750    32.1461       1121     0.7778     2.3642     2.2085 0.0000e+00
     38.000    11.6438   3.676773    32.1555       1146     0.7954     2.3583     2.2010 0.0000e+00
     39.000    11.5580   3.671814    32.1812       1173     0.8142     2.3530     2.1952 0.0000e+00
     40.000    11.5178   3.668702    32.1854       1204     0.8351     2.3447     2.1894 0.0000e+00
     41.000    11.5047   3.667637    32.1860       1232     0.8551     2.3380     2.1836 0.0000e+00
     42.000    11.4969   3.666994    32.1861       1258     0.8727     2.3349     2.1768 0.0000e+00
     43.000    11.4848   3.666097    32.1874       1284     0.8910     2.3334     2.1755 0.0000e+00
     44.000    11.4785   3.665638    32.1880       1311     0.9100     2.3316     2.1755 0.0000e+00
     45.000    11.4738   3.665380    32.1891       1338     0.9284     2.3335     2.1739 0.0000e+00
     46.000    11.4709   3.665718    32.1946       1365     0.9473     2.3331     2.1735 0.0000e+00
     47.000    11.4651   3.665508    32.1972       1394     0.9675     2.3300     2.1736 0.0000e+00
     48.000    11.4594   3.665301    32.1997       1422     0.9869     2.3247     2.1707 0.0000e+00
     49.000    11.4534   3.665134    32.2029       1448     1.0051     2.3204     2.1662 0.0000e+00
     50.000    11.4471   3.664677    32.2034       1474     1.0233     2.3156     2.1629 0.0000e+00
     51.000    11.4298   3.663405    32.2057       1501     1.0420     2.3133     2.1578 0.0000e+00
     52.000    11.4214   3.663072    32.2093       1529     1.0610     2.3118     2.1513 0.0000e+00
     53.000    11.4179   3.662878    32.2100       1557     1.0807     2.3089     2.1493 0.0000e+00
     54.000    11.4066   3.662086    32.2117       1586     1.1007     2.3053     2.1499 0.0000e+00
     55.000    11.3840   3.660333    32.2138       1612     1.1186     2.3037     2.1506 0.0000e+00
     56.000    11.3575   3.658523    32.2188       1635     1.1349     2.3043     2.1510 0.0000e+00
     57.000    11.3503   3.658541    32.2249       1661     1.1529     2.3037     2.1494 0.0000e+00
     58.000    11.3408   3.658468    32.2320       1694     1.1757     2.3001     2.1466 0.0000e+00
     59.000    11.3159   3.656757    32.2365       1723     1.1961     2.2962     2.1441 0.0000e+00
     60.000    11.2976   3.655961    32.2443       1747     1.2123     2.2884     2.1381 0.0000e+00
     61.000    11.2718   3.654742    32.2544       1771     1.2289     2.2807     2.1299 0.0000e+00
     62.000    11.2448   3.652910    32.2597       1799     1.2486     2.2729     2.1227 0.0000e+00
     63.000    11.2180   3.651603    32.2699       1828     1.2690     2.2661     2.1163 0.0000e+00
     64.000    11.1520   3.647632    32.2882       1855     1.2874     2.2604     2.1091 0.0000e+00
     65.000    11.1018   3.644169    32.2978       1881     1.3057     2.2471     2.1005 0.0000e+00
     66.000    11.0934   3.643606    32.2992       1910     1.3258     2.2248     2.0840 0.0000e+00
     67.000    11.0396   3.640294    32.3133       1938     1.3448     2.2031     2.0631 0.0000e+00
     68.000    10.9707   3.635209    32.3233       1962     1.3621     2.1893     2.0460 0.0000e+00
     69.000    10.9273   3.631814    32.3275       1988     1.3801     2.1697     2.0300 0.0000e+00
     70.000    10.9080   3.631234    32.3383       2017     1.4001     2.1436     2.0071 0.0000e+00
     71.000    10.8868   3.629841    32.3428       2044     1.4189     2.1232     1.9873 0.0000e+00
     72.000    10.8498   3.626782    32.3447       2070     1.4371     2.1089     1.9728 0.0000e+00
     73.000    10.8165   3.624069    32.3468       2097     1.4555     2.0979     1.9606 0.0000e+00
     74.000    10.7590   3.619547    32.3522       2124     1.4741     2.0861     1.9504 0.0000e+00
     75.000    10.6510   3.610830    32.3607       2150     1.4926     2.0739     1.9406 0.0000e+00
     76.000    10.6006   3.606617    32.3628       2176     1.5107     2.0623     1.9281 0.0000e+00
     77.000    10.5556   3.603518    32.3714       2203     1.5289     2.0469     1.9135 0.0000e+00
     78.000    10.4464   3.594873    32.3815       2231     1.5489     2.0325     1.8991 0.0000e+00
     79.000    10.4058   3.591062    32.3790       2262     1.5699     2.0165     1.8853 0.0000e+00
     80.000    10.3952   3.589646    32.3738       2405     1.6692     1.9594     1.8300 0.0000e+00
     79.000    10.4072   3.590227    32.3694       2567     1.7822     1.9441     1.8110 0.0000e+00
     78.000    10.4151   3.590875    32.3693       2596     1.8019     1.9428     1.8103 0.0000e+00
     77.000    10.4252   3.591577    32.3678       2622     1.8201     1.9424     1.8112 0.0000e+00
     76.000    10.4948   3.596791    32.3585       2647     1.8374     1.9452     1.8129 0.0000e+00
     75.000    10.5414   3.600521    32.3549       2674     1.8565     1.9534     1.8157 0.0000e+00
     74.000    10.5740   3.603006    32.3512       2704     1.8768     1.9683     1.8247 0.0000e+00
     73.000    10.6743   3.610507    32.3377       2729     1.8946     1.9823     1.8345 0.0000e+00
     72.000    10.7344   3.615617    32.3357       2752     1.9107     1.9964     1.8438 0.0000e+00
     71.000    10.7547   3.617609    32.3381       2776     1.9272     2.0101     1.8561 0.0000e+00
     70.000    10.8099   3.621736    32.3307       2803     1.9456     2.0253     1.8712 0.0000e+00
     69.000    10.8567   3.625727    32.3294       2830     1.9644     2.0395     1.8862 0.0000e+00
     68.000    10.8825   3.627458    32.3243       2854     1.9815     2.0513     1.8972 0.0000e+00
     67.000    10.9121   3.629201    32.3159       2878     1.9980     2.0591     1.9063 0.0000e+00
     66.000    10.9500   3.631960    32.3102       2905     2.0167     2.0683     1.9184 0.0000e+00
     65.000    11.0101   3.636358    32.3012       2938     2.0394     2.0851     1.9313 0.0000e+00
     64.000    11.0650   3.639572    32.2851       2966     2.0591     2.1019     1.9416 0.0000e+00
     63.000    11.1165   3.643311    32.2772       2989     2.0747     2.1178     1.9526 0.0000e+00
     62.000    11.1574   3.645974    32.2680       3010     2.0896     2.1334     1.9647 0.0000e+00
     61.000    11.1859   3.647737    32.2608       3034     2.1064     2.1546     1.9836 0.0000e+00
     60.000    11.2248   3.650093    32.2503       3062     2.1258     2.1857     2.0082 0.0000e+00
     59.000    11.2565   3.652068    32.2425       3089     2.1442     2.2085     2.0308 0.0000e+00
     58.000    11.2875   3.653652    32.2314       3113     2.1614     2.2232     2.0465 0.0000e+00
     57.000    11.3056   3.654628    32.2255       3138     2.1785     2.2355     2.0629 0.0000e+00
     56.000    11.3246   3.655576    32.2186       3164     2.1965     2.2479     2.0792 0.0000e+00
     55.000    11.3475   3.656816    32.2112       3192     2.2159     2.2635     2.0940 0.0000e+00
     54.000    11.3588   3.657424    32.2078       3220     2.2354     2.2778     2.1081 0.0000e+00
     53.000    11.3724   3.658032    32.2023       3245     2.2527     2.2846     2.1189 0.0000e+00
     52.000    11.3886   3.659121    32.1992       3270     2.2702     2.2939     2.1310 0.0000e+00
     51.000    11.4014   3.660191    32.1990       3297     2.2892     2.3061     2.1417 0.0000e+00
     50.000    11.4087   3.660785    32.1989       3323     2.3068     2.3126     2.1493 0.0000e+00
     49.000    11.4140   3.661276    32.1994       3346     2.3229     2.3163     2.1530 0.0000e+00
     48.000    11.4266   3.662250    32.1984       3370     2.3398     2.3179     2.1558 0.0000e+00
     47.000    11.4397   3.663212    32.1968       3399     2.3594     2.3186     2.1536 0.0000e+00
     46.000    11.4450   3.663153    32.1921       3425     2.3776     2.3126     2.1540 0.0000e+00
     45.000    11.4542   3.663372    32.1866       3448     2.3938     2.3102     2.1551 0.0000e+00
     44.000    11.4651   3.663930    32.1830       3475     2.4128     2.3155     2.1564 0.0000e+00
     43.000    11.4744   3.664459    32.1805       3507     2.4347     2.3233     2.1608 0.0000e+00
     42.000    11.4808   3.664861    32.1793       3533     2.4526     2.3267     2.1670 0.0000e+00
     41.000    11.4867   3.665246    32.1784       3556     2.4686     2.3285     2.1696 0.0000e+00
     40.000    11.4932   3.665719    32.1777       3580     2.4855     2.3315     2.1714 0.0000e+00
     39.000    11.5038   3.666490    32.1765       3607     2.5041     2.3324     2.1724 0.0000e+00
     38.000    11.5139   3.667182    32.1748       3635     2.5235     2.3321     2.1739 0.0000e+00
     37.000    11.5653   3.670439    32.1623       3660     2.5410     2.3316     2.1732 0.0000e+00
     36.000    11.6146   3.673402    32.1488       3684     2.5576     2.3338     2.1742 0.0000e+00
     35.000    11.6324   3.674085    32.1405       3711     2.5762     2.3362     2.1756 0.0000e+00
     34.000    11.6577   3.675219    32.1300       3739     2.5959     2.3420     2.1775 0.0000e+00
     33.000    11.6737   3.675688    32.1211       3765     2.6140     2.3463     2.1820 0.0000e+00
     32.000    11.6766   3.675428    32.1166       3792     2.6326     2.3534     2.1878 0.0000e+00
     31.000    11.6856   3.675465    32.1095       3821     2.6525     2.3630     2.1955 0.0000e+00
     30.000    11.7082   3.677352    32.1087       3846     2.6702     2.3738     2.2013 0.0000e+00
     29.000    11.7223   3.678466    32.1077       3869     2.6861     2.3819     2.2085 0.0000e+00
     28.000    11.7348   3.679021    32.1027       3894     2.7033     2.3854     2.2150 0.0000e+00
     27.000    11.7408   3.678790    32.0957       3922     2.7230     2.3860     2.2178 0.0000e+00
     26.000    11.7490   3.678813    32.0893       3950     2.7426     2.3895     2.2197 0.0000e+00
     25.000    11.7611   3.679451    32.0855       3978     2.7619     2.3993     2.2276 0.0000e+00
     24.000    11.7666   3.679575    32.0823       4006     2.7813     2.4036     2.2364 0.0000e+00
     23.000    11.7702   3.679624    32.0801       4031     2.7987     2.4059     2.2427 0.0000e+00
     22.000    11.7872   3.680256    32.0720       4055     2.8153     2.4114     2.2478 0.0000e+00
     21.000    11.8423   3.682192    32.0436       4084     2.8356     2.4173     2.2475 0.0000e+00
     20.000    11.8517   3.682505    32.0390       4116     2.8578     2.4287     2.2560 0.0000e+00
     19.000    11.8604   3.682770    32.0345       4140     2.8742     2.4402     2.2630 0.0000e+00
     18.000    11.8617   3.682893    32.0350       4161     2.8887     2.4452     2.2681 0.0000e+00
     17.000    11.8581   3.682777    32.0374       4185     2.9054     2.4508     2.2765 0.0000e+00
     16.000    11.8556   3.682687    32.0391       4218     2.9284     2.4572     2.2848 0.0000e+00
     15.000    11.8663   3.683095    32.0342       4247     2.9488     2.4581     2.2867 0.0000e+00
     14.000    11.9166   3.685101    32.0107       4270     2.9642     2.4603     2.2877 0.0000e+00
     13.000    11.9431   3.686491    32.0018       4293     2.9804     2.4647     2.2895 0.0000e+00
     12.000    11.9264   3.685931    32.0112       4324     3.0020     2.4730     2.2963 0.0000e+00
     11.000    11.9388   3.686280    32.0043       4355     3.0233     2.4760     2.3054 0.0000e+00
     10.000    11.9498   3.686882    32.0010       4378     3.0393     2.4773     2.3122 0.0000e+00
      9.000    11.9672   3.687650    31.9940       4402     3.0559     2.4797     2.3149 0.0000e+00
      8.000    11.9804   3.688367    31.9900       4429     3.0752     2.4846     2.3170 0.0000e+00
      7.000    11.9875   3.688743    31.9879       4457     3.0943     2.4929     2.3200 0.0000e+00
      6.000    11.9912   3.688987    31.9875       4481     3.1111     2.4962     2.3259 0.0000e+00
      5.000    11.9952   3.689250    31.9870       4510     3.1309     2.4970     2.3285 0.0000e+00
      4.000    12.0018   3.689806    31.9871       4540     3.1523     2.5015     2.3307 0.0000e+00
      3.000    12.0051   3.690051    31.9871       4564     3.1688     2.5032     2.3334 0.0000e+00
      2.000    12.0081   3.690322    31.9876       4660     3.2355     2.5002     2.3384 0.0000e+00
