HB2407/CTD223.cnv
* Sea-Bird SBE 9 Data File:
* FileName = C:\cruise\data\CTD223.hex
* Software Version Seasave V 7.26.7.121
* Temperature SN = 4591
* Conductivity SN = 6006
* Number of Bytes Per Scan = 37
* Number of Voltage Words = 4
* Number of Scans Averaged by the Deck Unit = 1
* NMEA Latitude = 42 34.86 N
* NMEA Longitude = 070 36.45 W
* NMEA UTC (Time) = Nov 08 2024 02:12:38
* NMEA baud rate = 4800
** Ship: Bigelow HB2407
** Program:  Fall Bottom Trawl Survey
** Chief Scientist: John Galbraith
# nquan = 9
# nvalues = 79                          
# units = specified
# name 0 = depSM: Depth [salt water, m]
# name 1 = t090C: Temperature [ITS-90, deg C]
# name 2 = c0S/m: Conductivity [S/m]
# name 3 = sal00: Salinity, Practical [PSU]
# name 4 = scan: Scan Count
# name 5 = timeM: Time, Elapsed [minutes]
# name 6 = sbeox0V: Oxygen raw, SBE 43 [V]
# name 7 = sbeox1V: Oxygen raw, SBE 43, 2 [V]
# name 8 = flag: flag
# span 0 =      3.000,     42.000       
# span 1 =    10.3858,    11.9469       
# span 2 =   3.609188,   3.701470       
# span 3 =    32.1371,    32.6103       
# span 4 =        193,       3177       
# span 5 =     0.1335,     2.2055       
# span 6 =     2.0171,     2.6313       
# span 7 =     1.8795,     2.4516       
# span 8 = 0.0000e+00, 0.0000e+00       
# interval = meters: 1                  
# start_time = Nov 08 2024 02:12:38 [NMEA time, header]
# bad_flag = -9.990e-29
*END*
      3.000    11.9390   3.699984    32.1398        193     0.1335     2.6235     2.4461 0.0000e+00
      4.000    11.9391   3.700039    32.1398        411     0.2844     2.6218     2.4425 0.0000e+00
      5.000    11.9430   3.700420    32.1397        437     0.3029     2.6211     2.4431 0.0000e+00
      6.000    11.9469   3.700845    32.1400        464     0.3213     2.6234     2.4432 0.0000e+00
      7.000    11.9461   3.700833    32.1402        490     0.3397     2.6241     2.4441 0.0000e+00
      8.000    11.9437   3.700737    32.1409        516     0.3578     2.6203     2.4445 0.0000e+00
      9.000    11.9202   3.699704    32.1508        543     0.3764     2.6203     2.4460 0.0000e+00
     10.000    11.9074   3.699556    32.1600        571     0.3956     2.6232     2.4476 0.0000e+00
     11.000    11.9105   3.700577    32.1668        598     0.4146     2.6283     2.4478 0.0000e+00
     12.000    11.9114   3.701274    32.1723        624     0.4328     2.6313     2.4516 0.0000e+00
     13.000    11.8972   3.701470    32.1862        650     0.4506     2.6238     2.4492 0.0000e+00
     14.000    11.8701   3.700827    32.2029        676     0.4685     2.6079     2.4386 0.0000e+00
     15.000    11.8295   3.699766    32.2274        702     0.4865     2.5921     2.4252 0.0000e+00
     16.000    11.8119   3.699281    32.2375        729     0.5053     2.5703     2.4081 0.0000e+00
     17.000    11.7929   3.699561    32.2563        757     0.5249     2.5512     2.3879 0.0000e+00
     18.000    11.7691   3.699469    32.2757        785     0.5444     2.5378     2.3714 0.0000e+00
     19.000    11.7244   3.697263    32.2927        812     0.5629     2.5298     2.3615 0.0000e+00
     20.000    11.6936   3.695543    32.3023        837     0.5807     2.5214     2.3525 0.0000e+00
     21.000    11.6850   3.695212    32.3061        862     0.5982     2.5130     2.3436 0.0000e+00
     22.000    11.6780   3.694928    32.3090        888     0.6162     2.5082     2.3354 0.0000e+00
     23.000    11.6510   3.693625    32.3194        915     0.6350     2.5029     2.3302 0.0000e+00
     24.000    11.5988   3.691120    32.3402        943     0.6541     2.4952     2.3273 0.0000e+00
     25.000    11.5477   3.688386    32.3577        971     0.6733     2.4868     2.3214 0.0000e+00
     26.000    11.4748   3.684226    32.3805        998     0.6921     2.4726     2.3075 0.0000e+00
     27.000    11.3415   3.675411    32.4106       1023     0.7100     2.4538     2.2922 0.0000e+00
     28.000    11.3182   3.673139    32.4083       1049     0.7280     2.4296     2.2749 0.0000e+00
     29.000    11.3065   3.672269    32.4096       1076     0.7464     2.3998     2.2520 0.0000e+00
     30.000    11.2994   3.672616    32.4188       1103     0.7650     2.3751     2.2247 0.0000e+00
     31.000    11.3174   3.676069    32.4365       1130     0.7839     2.3594     2.2052 0.0000e+00
     32.000    11.2676   3.674236    32.4619       1157     0.8026     2.3496     2.1915 0.0000e+00
     33.000    11.1831   3.669115    32.4856       1183     0.8211     2.3372     2.1768 0.0000e+00
     34.000    11.1477   3.666734    32.4929       1209     0.8388     2.3194     2.1624 0.0000e+00
     35.000    11.0827   3.663688    32.5199       1234     0.8564     2.3056     2.1505 0.0000e+00
     36.000    10.9384   3.654526    32.5567       1261     0.8750     2.2938     2.1398 0.0000e+00
     37.000    10.8664   3.648703    32.5625       1289     0.8943     2.2770     2.1289 0.0000e+00
     38.000    10.8128   3.645087    32.5738       1316     0.9133     2.2507     2.1086 0.0000e+00
     39.000    10.7247   3.638610    32.5874       1343     0.9322     2.2224     2.0827 0.0000e+00
     40.000    10.6282   3.630400    32.5911       1370     0.9506     2.2025     2.0592 0.0000e+00
     41.000    10.4344   3.615035    32.6103       1396     0.9685     2.1844     2.0426 0.0000e+00
     42.000    10.3858   3.609188    32.5948       1418     0.9838     2.1656     2.0273 0.0000e+00
     41.000    10.4117   3.609706    32.5772       2084     1.4462     2.0171     1.8795 0.0000e+00
     40.000    10.4622   3.613467    32.5701       2107     1.4626     2.0440     1.9060 0.0000e+00
     39.000    10.5660   3.622045    32.5636       2132     1.4801     2.0486     1.9071 0.0000e+00
     38.000    10.6488   3.629599    32.5656       2157     1.4976     2.0599     1.9114 0.0000e+00
     37.000    10.7476   3.636987    32.5517       2182     1.5147     2.0779     1.9248 0.0000e+00
     36.000    10.7883   3.639744    32.5433       2207     1.5318     2.0976     1.9448 0.0000e+00
     35.000    10.8635   3.645190    32.5310       2232     1.5494     2.1180     1.9669 0.0000e+00
     34.000    10.9820   3.653059    32.5044       2259     1.5679     2.1364     1.9889 0.0000e+00
     33.000    11.0444   3.657342    32.4920       2286     1.5866     2.1575     2.0072 0.0000e+00
     32.000    11.1118   3.661542    32.4742       2313     1.6054     2.1812     2.0275 0.0000e+00
     31.000    11.1769   3.665514    32.4564       2339     1.6237     2.2046     2.0492 0.0000e+00
     30.000    11.2489   3.670067    32.4382       2364     1.6412     2.2282     2.0657 0.0000e+00
     29.000    11.2534   3.669266    32.4268       2389     1.6584     2.2500     2.0820 0.0000e+00
     28.000    11.2697   3.668821    32.4085       2414     1.6757     2.2653     2.0969 0.0000e+00
     27.000    11.2706   3.668819    32.4081       2439     1.6933     2.2805     2.1109 0.0000e+00
     26.000    11.2929   3.669846    32.3990       2466     1.7116     2.2927     2.1254 0.0000e+00
     25.000    11.3212   3.671835    32.3941       2493     1.7308     2.3016     2.1400 0.0000e+00
     24.000    11.3925   3.675342    32.3665       2520     1.7494     2.3091     2.1528 0.0000e+00
     23.000    11.5043   3.682578    32.3398       2545     1.7670     2.3174     2.1632 0.0000e+00
     22.000    11.5589   3.686111    32.3270       2570     1.7843     2.3325     2.1753 0.0000e+00
     21.000    11.6058   3.688531    32.3101       2595     1.8016     2.3548     2.1939 0.0000e+00
     20.000    11.6227   3.689825    32.3084       2621     1.8192     2.3813     2.2194 0.0000e+00
     19.000    11.6375   3.690636    32.3039       2647     1.8374     2.4060     2.2442 0.0000e+00
     18.000    11.6538   3.691404    32.2975       2674     1.8561     2.4281     2.2671 0.0000e+00
     17.000    11.6840   3.693029    32.2875       2700     1.8744     2.4448     2.2805 0.0000e+00
     16.000    11.7225   3.695052    32.2740       2726     1.8926     2.4633     2.2907 0.0000e+00
     15.000    11.7563   3.696009    32.2545       2752     1.9107     2.4808     2.3020 0.0000e+00
     14.000    11.7641   3.696099    32.2490       2778     1.9284     2.4945     2.3114 0.0000e+00
     13.000    11.7905   3.696698    32.2322       2803     1.9461     2.5052     2.3198 0.0000e+00
     12.000    11.8259   3.697759    32.2123       2829     1.9640     2.5155     2.3293 0.0000e+00
     11.000    11.8474   3.698376    32.2001       2855     1.9821     2.5256     2.3377 0.0000e+00
     10.000    11.8740   3.698796    32.1815       2881     2.0003     2.5382     2.3452 0.0000e+00
      9.000    11.8897   3.698522    32.1658       2909     2.0192     2.5559     2.3551 0.0000e+00
      8.000    11.8913   3.698475    32.1644       2935     2.0372     2.5763     2.3663 0.0000e+00
      7.000    11.9073   3.698651    32.1526       2959     2.0543     2.5929     2.3807 0.0000e+00
      6.000    11.9131   3.698927    32.1507       2985     2.0720     2.6027     2.3988 0.0000e+00
      5.000    11.9174   3.698716    32.1453       3011     2.0902     2.6091     2.4156 0.0000e+00
      4.000    11.9286   3.699044    32.1393       3036     2.1079     2.6121     2.4257 0.0000e+00
      3.000    11.9324   3.699118    32.1371       3177     2.2055     2.6200     2.4449 0.0000e+00
