HB2407/CTD221.cnv
* Sea-Bird SBE 9 Data File:
* FileName = C:\cruise\data\CTD221.hex
* Software Version Seasave V 7.26.7.121
* Temperature SN = 4591
* Conductivity SN = 6006
* Number of Bytes Per Scan = 37
* Number of Voltage Words = 4
* Number of Scans Averaged by the Deck Unit = 1
* NMEA Latitude = 42 42.07 N
* NMEA Longitude = 070 32.58 W
* NMEA UTC (Time) = Nov 07 2024 19:35:07
* NMEA baud rate = 4800
** Ship: Bigelow HB2407
** Program:  Fall Bottom Trawl Survey
** Chief Scientist: John Galbraith
# nquan = 9
# nvalues = 151                         
# units = specified
# name 0 = depSM: Depth [salt water, m]
# name 1 = t090C: Temperature [ITS-90, deg C]
# name 2 = c0S/m: Conductivity [S/m]
# name 3 = sal00: Salinity, Practical [PSU]
# name 4 = scan: Scan Count
# name 5 = timeM: Time, Elapsed [minutes]
# name 6 = sbeox0V: Oxygen raw, SBE 43 [V]
# name 7 = sbeox1V: Oxygen raw, SBE 43, 2 [V]
# name 8 = flag: flag
# span 0 =      1.000,     77.000       
# span 1 =     7.6749,    12.2272       
# span 2 =   3.354651,   3.722571       
# span 3 =    32.0996,    32.6012       
# span 4 =        131,       5212       
# span 5 =     0.0900,     3.6187       
# span 6 =     1.7511,     2.7023       
# span 7 =     1.6287,     2.5118       
# span 8 = 0.0000e+00, 0.0000e+00       
# interval = meters: 1                  
# start_time = Nov 07 2024 19:35:07 [NMEA time, header]
# bad_flag = -9.990e-29
*END*
      3.000    12.2024   3.721292    32.1183        131     0.0900     2.6965     2.5102 0.0000e+00
      4.000    12.2031   3.721398    32.1184        303     0.2099     2.6932     2.4937 0.0000e+00
      5.000    12.2041   3.721515    32.1182        340     0.2354     2.6922     2.4930 0.0000e+00
      6.000    12.2048   3.721625    32.1182        374     0.2593     2.6956     2.4965 0.0000e+00
      7.000    12.2026   3.721510    32.1187        409     0.2832     2.6913     2.5013 0.0000e+00
      8.000    12.1939   3.720859    32.1195        445     0.3081     2.6914     2.5035 0.0000e+00
      9.000    12.1592   3.718291    32.1242        481     0.3330     2.6883     2.5042 0.0000e+00
     10.000    12.0147   3.706605    32.1355        514     0.3562     2.6844     2.5033 0.0000e+00
     11.000    11.9314   3.700844    32.1514        542     0.3760     2.6721     2.4937 0.0000e+00
     12.000    11.9123   3.699788    32.1572        570     0.3950     2.6472     2.4761 0.0000e+00
     13.000    11.8816   3.697720    32.1633        597     0.4140     2.6184     2.4488 0.0000e+00
     14.000    11.8389   3.697397    32.1967        626     0.4342     2.5907     2.4230 0.0000e+00
     15.000    11.8083   3.697092    32.2199        656     0.4552     2.5639     2.3996 0.0000e+00
     16.000    11.7970   3.697357    32.2318        688     0.4769     2.5381     2.3732 0.0000e+00
     17.000    11.7899   3.697608    32.2399        717     0.4974     2.5172     2.3477 0.0000e+00
     18.000    11.7869   3.698394    32.2498        745     0.5163     2.4990     2.3299 0.0000e+00
     19.000    11.7611   3.699060    32.2782        771     0.5349     2.4855     2.3162 0.0000e+00
     20.000    11.7003   3.698239    32.3227        799     0.5544     2.4798     2.3097 0.0000e+00
     21.000    11.6503   3.696018    32.3443        830     0.5757     2.4631     2.2977 0.0000e+00
     22.000    11.6028   3.694189    32.3675        860     0.5966     2.4337     2.2721 0.0000e+00
     23.000    11.5717   3.692399    32.3767        888     0.6163     2.4097     2.2471 0.0000e+00
     24.000    11.5328   3.689489    32.3820        915     0.6345     2.3895     2.2308 0.0000e+00
     25.000    11.4716   3.683742    32.3789        941     0.6525     2.3712     2.2143 0.0000e+00
     26.000    11.3453   3.675192    32.4055        969     0.6722     2.3511     2.1970 0.0000e+00
     27.000    11.1557   3.659907    32.4215        998     0.6926     2.3276     2.1786 0.0000e+00
     28.000    11.0377   3.649597    32.4234       1028     0.7129     2.3012     2.1548 0.0000e+00
     29.000    10.8292   3.630780    32.4209       1055     0.7322     2.2739     2.1284 0.0000e+00
     30.000    10.6122   3.611692    32.4230       1082     0.7507     2.2455     2.1027 0.0000e+00
     31.000    10.5545   3.606474    32.4217       1108     0.7689     2.2148     2.0763 0.0000e+00
     32.000    10.4835   3.599641    32.4161       1135     0.7875     2.1868     2.0499 0.0000e+00
     33.000    10.4251   3.594858    32.4198       1163     0.8068     2.1653     2.0257 0.0000e+00
     34.000    10.4149   3.593976    32.4196       1192     0.8270     2.1484     2.0064 0.0000e+00
     35.000    10.4184   3.595090    32.4272       1222     0.8479     2.1358     1.9930 0.0000e+00
     36.000    10.3519   3.590496    32.4400       1251     0.8681     2.1290     1.9824 0.0000e+00
     37.000    10.3075   3.587867    32.4528       1278     0.8865     2.1239     1.9771 0.0000e+00
     38.000    10.2417   3.583983    32.4721       1303     0.9044     2.1167     1.9741 0.0000e+00
     39.000    10.2272   3.583433    32.4791       1329     0.9226     2.1084     1.9681 0.0000e+00
     40.000    10.2229   3.583219    32.4803       1358     0.9425     2.0997     1.9591 0.0000e+00
     41.000    10.2188   3.582988    32.4813       1389     0.9636     2.0926     1.9521 0.0000e+00
     42.000    10.2148   3.582765    32.4822       1418     0.9842     2.0897     1.9478 0.0000e+00
     43.000    10.1890   3.581965    32.4968       1446     1.0034     2.0875     1.9455 0.0000e+00
     44.000    10.1695   3.581747    32.5117       1472     1.0212     2.0856     1.9412 0.0000e+00
     45.000    10.1488   3.581393    32.5262       1497     1.0389     2.0826     1.9389 0.0000e+00
     46.000    10.0317   3.572584    32.5420       1525     1.0582     2.0800     1.9390 0.0000e+00
     47.000     9.8785   3.558092    32.5325       1555     1.0792     2.0744     1.9355 0.0000e+00
     48.000     9.7875   3.549260    32.5244       1586     1.1006     2.0621     1.9272 0.0000e+00
     49.000     9.7329   3.544625    32.5261       1616     1.1214     2.0508     1.9162 0.0000e+00
     50.000     9.7588   3.547760    32.5341       1643     1.1404     2.0424     1.9080 0.0000e+00
     51.000     9.8168   3.554975    32.5548       1668     1.1580     2.0391     1.9033 0.0000e+00
     52.000     9.7586   3.550565    32.5621       1694     1.1755     2.0383     1.9006 0.0000e+00
     53.000     9.6135   3.537186    32.5564       1721     1.1941     2.0359     1.8985 0.0000e+00
     54.000     9.4665   3.523157    32.5455       1750     1.2149     2.0299     1.8926 0.0000e+00
     55.000     9.4815   3.525005    32.5505       1781     1.2362     2.0204     1.8844 0.0000e+00
     56.000     9.3462   3.511626    32.5354       1810     1.2564     2.0136     1.8773 0.0000e+00
     57.000     8.7436   3.453578    32.4833       1838     1.2759     2.0034     1.8703 0.0000e+00
     58.000     8.2437   3.405674    32.4396       1866     1.2951     1.9812     1.8562 0.0000e+00
     59.000     7.9995   3.382650    32.4209       1893     1.3137     1.9516     1.8346 0.0000e+00
     60.000     7.9038   3.373436    32.4111       1919     1.3323     1.9243     1.8097 0.0000e+00
     61.000     7.8780   3.370994    32.4084       1947     1.3515     1.9012     1.7872 0.0000e+00
     62.000     7.8324   3.366904    32.4067       1976     1.3715     1.8852     1.7675 0.0000e+00
     63.000     7.7751   3.361930    32.4063       2005     1.3916     1.8740     1.7504 0.0000e+00
     64.000     7.7016   3.355516    32.4055       2033     1.4111     1.8650     1.7404 0.0000e+00
     65.000     7.6749   3.354651    32.4206       2060     1.4300     1.8563     1.7328 0.0000e+00
     66.000     7.6874   3.356735    32.4308       2088     1.4492     1.8476     1.7251 0.0000e+00
     67.000     7.8137   3.372878    32.4855       2117     1.4693     1.8378     1.7161 0.0000e+00
     68.000     7.8941   3.383989    32.5289       2146     1.4895     1.8291     1.7090 0.0000e+00
     69.000     7.8863   3.384848    32.5449       2174     1.5087     1.8221     1.7017 0.0000e+00
     70.000     7.8529   3.382378    32.5491       2202     1.5282     1.8153     1.6937 0.0000e+00
     71.000     7.8488   3.383322    32.5626       2230     1.5477     1.8090     1.6875 0.0000e+00
     72.000     7.8455   3.384474    32.5775       2258     1.5675     1.8003     1.6797 0.0000e+00
     73.000     7.8481   3.385937    32.5903       2287     1.5872     1.7908     1.6717 0.0000e+00
     74.000     7.8551   3.387115    32.5958       2314     1.6060     1.7822     1.6638 0.0000e+00
     75.000     7.8614   3.388208    32.6011       2341     1.6248     1.7748     1.6550 0.0000e+00
     76.000     7.8622   3.388328    32.6012       2369     1.6443     1.7685     1.6469 0.0000e+00
     77.000     7.8637   3.388221    32.5981       2679     1.8595     1.7546     1.6336 0.0000e+00
     76.000     7.8666   3.388170    32.5954       3063     2.1266     1.7511     1.6292 0.0000e+00
     75.000     7.8652   3.388010    32.5954       3095     2.1485     1.7513     1.6287 0.0000e+00
     74.000     7.8645   3.387831    32.5947       3121     2.1665     1.7516     1.6293 0.0000e+00
     73.000     7.8646   3.387713    32.5938       3147     2.1848     1.7517     1.6299 0.0000e+00
     72.000     7.8621   3.387278    32.5919       3173     2.2030     1.7522     1.6301 0.0000e+00
     71.000     7.8570   3.386236    32.5860       3199     2.2211     1.7516     1.6316 0.0000e+00
     70.000     7.8536   3.384661    32.5728       3225     2.2386     1.7512     1.6324 0.0000e+00
     69.000     7.8556   3.383472    32.5587       3249     2.2554     1.7531     1.6320 0.0000e+00
     68.000     7.8686   3.383389    32.5462       3273     2.2724     1.7591     1.6340 0.0000e+00
     67.000     7.8895   3.383871    32.5324       3299     2.2905     1.7665     1.6371 0.0000e+00
     66.000     7.8825   3.382337    32.5229       3327     2.3098     1.7751     1.6424 0.0000e+00
     65.000     7.8116   3.372373    32.4831       3354     2.3286     1.7832     1.6508 0.0000e+00
     64.000     7.7383   3.362521    32.4464       3380     2.3464     1.7863     1.6571 0.0000e+00
     63.000     7.7115   3.356989    32.4125       3404     2.3635     1.7901     1.6619 0.0000e+00
     62.000     7.7323   3.357124    32.3951       3429     2.3809     1.7963     1.6677 0.0000e+00
     61.000     7.7872   3.360422    32.3798       3455     2.3988     1.8043     1.6747 0.0000e+00
     60.000     7.8580   3.366050    32.3747       3482     2.4173     1.8149     1.6813 0.0000e+00
     59.000     7.8896   3.368722    32.3744       3509     2.4360     1.8259     1.6871 0.0000e+00
     58.000     7.9209   3.371158    32.3718       3535     2.4542     1.8359     1.6951 0.0000e+00
     57.000     7.9702   3.374976    32.3674       3561     2.4720     1.8421     1.7051 0.0000e+00
     56.000     8.1424   3.389102    32.3586       3586     2.4897     1.8501     1.7120 0.0000e+00
     55.000     8.6162   3.430891    32.3638       3612     2.5079     1.8640     1.7207 0.0000e+00
     54.000     9.1378   3.483237    32.4330       3639     2.5261     1.8904     1.7336 0.0000e+00
     53.000     9.3845   3.508858    32.4736       3664     2.5439     1.9178     1.7506 0.0000e+00
     52.000     9.5423   3.524176    32.4882       3690     2.5619     1.9439     1.7732 0.0000e+00
     51.000     9.7179   3.540884    32.5006       3717     2.5805     1.9691     1.7998 0.0000e+00
     50.000     9.7375   3.543754    32.5126       3744     2.5995     1.9889     1.8249 0.0000e+00
     49.000     9.7125   3.540127    32.4986       3771     2.6178     2.0011     1.8446 0.0000e+00
     48.000     9.7418   3.541687    32.4886       3797     2.6358     2.0104     1.8580 0.0000e+00
     47.000     9.8199   3.548804    32.4910       3822     2.6538     2.0174     1.8679 0.0000e+00
     46.000     9.9244   3.558974    32.5006       3849     2.6720     2.0228     1.8749 0.0000e+00
     45.000    10.0434   3.569543    32.5011       3875     2.6905     2.0303     1.8818 0.0000e+00
     44.000    10.1123   3.574399    32.4888       3902     2.7090     2.0393     1.8897 0.0000e+00
     43.000    10.1474   3.576643    32.4804       3929     2.7276     2.0491     1.8975 0.0000e+00
     42.000    10.1707   3.577526    32.4689       3956     2.7464     2.0566     1.9064 0.0000e+00
     41.000    10.1965   3.578761    32.4587       3983     2.7651     2.0637     1.9154 0.0000e+00
     40.000    10.2062   3.579294    32.4558       4009     2.7836     2.0690     1.9202 0.0000e+00
     39.000    10.2129   3.579658    32.4539       4036     2.8018     2.0736     1.9236 0.0000e+00
     38.000    10.2277   3.580319    32.4478       4062     2.8200     2.0764     1.9272 0.0000e+00
     37.000    10.2460   3.581062    32.4393       4089     2.8391     2.0798     1.9289 0.0000e+00
     36.000    10.2808   3.583053    32.4286       4117     2.8584     2.0811     1.9297 0.0000e+00
     35.000    10.3272   3.586203    32.4194       4144     2.8769     2.0825     1.9330 0.0000e+00
     34.000    10.3664   3.588763    32.4106       4170     2.8948     2.0872     1.9370 0.0000e+00
     33.000    10.4003   3.590832    32.4015       4195     2.9128     2.0951     1.9409 0.0000e+00
     32.000    10.4260   3.592434    32.3951       4222     2.9315     2.1010     1.9468 0.0000e+00
     31.000    10.4779   3.596648    32.3915       4250     2.9507     2.1060     1.9515 0.0000e+00
     30.000    10.4992   3.598575    32.3923       4277     2.9696     2.1129     1.9565 0.0000e+00
     29.000    10.5306   3.601322    32.3924       4303     2.9877     2.1191     1.9608 0.0000e+00
     28.000    10.5651   3.604270    32.3916       4329     3.0056     2.1223     1.9641 0.0000e+00
     27.000    10.6977   3.614401    32.3755       4355     3.0238     2.1266     1.9715 0.0000e+00
     26.000    10.9173   3.634042    32.3767       4382     3.0423     2.1358     1.9789 0.0000e+00
     25.000    11.1381   3.653410    32.3739       4409     3.0609     2.1566     1.9903 0.0000e+00
     24.000    11.3112   3.667353    32.3594       4435     3.0794     2.1833     2.0070 0.0000e+00
     23.000    11.4400   3.678050    32.3517       4462     3.0978     2.2183     2.0308 0.0000e+00
     22.000    11.5006   3.683493    32.3524       4488     3.1162     2.2542     2.0589 0.0000e+00
     21.000    11.5427   3.686836    32.3486       4515     3.1344     2.2817     2.0885 0.0000e+00
     20.000    11.5833   3.688782    32.3326       4541     3.1524     2.3008     2.1129 0.0000e+00
     19.000    11.6402   3.691166    32.3067       4567     3.1708     2.3187     2.1359 0.0000e+00
     18.000    11.7006   3.692650    32.2689       4594     3.1894     2.3407     2.1573 0.0000e+00
     17.000    11.7300   3.692966    32.2468       4621     3.2080     2.3618     2.1775 0.0000e+00
     16.000    11.7577   3.693963    32.2330       4647     3.2266     2.3864     2.2029 0.0000e+00
     15.000    11.7801   3.694734    32.2214       4674     3.2449     2.4111     2.2271 0.0000e+00
     14.000    11.7980   3.694289    32.2020       4699     3.2627     2.4289     2.2434 0.0000e+00
     13.000    11.8324   3.694262    32.1724       4725     3.2803     2.4465     2.2549 0.0000e+00
     12.000    11.8679   3.695001    32.1492       4751     3.2984     2.4668     2.2701 0.0000e+00
     11.000    11.8840   3.695421    32.1398       4778     3.3176     2.4936     2.2946 0.0000e+00
     10.000    11.9244   3.697418    32.1247       4806     3.3370     2.5229     2.3229 0.0000e+00
      9.000    12.0431   3.705867    32.1044       4833     3.3553     2.5461     2.3444 0.0000e+00
      8.000    12.1361   3.713860    32.1018       4858     3.3730     2.5729     2.3618 0.0000e+00
      7.000    12.1755   3.717573    32.1041       4884     3.3908     2.6071     2.3913 0.0000e+00
      6.000    12.2002   3.719609    32.1028       4910     3.4092     2.6359     2.4232 0.0000e+00
      5.000    12.2031   3.719487    32.0996       4938     3.4283     2.6548     2.4514 0.0000e+00
      4.000    12.2088   3.720613    32.1060       4965     3.4472     2.6681     2.4694 0.0000e+00
      3.000    12.2125   3.720947    32.1064       4991     3.4656     2.6790     2.4796 0.0000e+00
      2.000    12.2272   3.722571    32.1097       5120     3.5552     2.7009     2.5111 0.0000e+00
      1.000    12.2209   3.722072    32.1108       5212     3.6187     2.7023     2.5118 0.0000e+00
