HB2407/CTD207.cnv
* Sea-Bird SBE 9 Data File:
* FileName = C:\cruise\data\CTD207.hex
* Software Version Seasave V 7.26.7.121
* Temperature SN = 4591
* Conductivity SN = 6006
* Number of Bytes Per Scan = 37
* Number of Voltage Words = 4
* Number of Scans Averaged by the Deck Unit = 1
* NMEA Latitude = 44 15.33 N
* NMEA Longitude = 067 39.20 W
* NMEA UTC (Time) = Nov 04 2024 18:47:32
* NMEA baud rate = 4800
** Ship: Bigelow HB2407
** Program:  Fall Bottom Trawl Survey
** Chief Scientist: John Galbraith
# nquan = 9
# nvalues = 203                         
# units = specified
# name 0 = depSM: Depth [salt water, m]
# name 1 = t090C: Temperature [ITS-90, deg C]
# name 2 = c0S/m: Conductivity [S/m]
# name 3 = sal00: Salinity, Practical [PSU]
# name 4 = scan: Scan Count
# name 5 = timeM: Time, Elapsed [minutes]
# name 6 = sbeox0V: Oxygen raw, SBE 43 [V]
# name 7 = sbeox1V: Oxygen raw, SBE 43, 2 [V]
# name 8 = flag: flag
# span 0 =      1.000,    103.000       
# span 1 =     9.7815,    10.4363       
# span 2 =   3.618128,   3.636435       
# span 3 =    32.7904,    33.2231       
# span 4 =        204,       7464       
# span 5 =     0.1407,     5.1826       
# span 6 =     2.1106,     2.3645       
# span 7 =     1.9743,     2.2020       
# span 8 = 0.0000e+00, 0.0000e+00       
# interval = meters: 1                  
# start_time = Nov 04 2024 18:47:32 [NMEA time, header]
# bad_flag = -9.990e-29
*END*
      3.000    10.4252   3.630501    32.7905        204     0.1407     2.3570     2.1992 0.0000e+00
      4.000    10.4224   3.630416    32.7916        380     0.2630     2.3645     2.2020 0.0000e+00
      5.000    10.4215   3.630486    32.7928        415     0.2876     2.3597     2.2005 0.0000e+00
      6.000    10.4203   3.630726    32.7958        456     0.3157     2.3550     2.1997 0.0000e+00
      7.000    10.4186   3.630698    32.7966        496     0.3436     2.3517     2.1981 0.0000e+00
      8.000    10.4177   3.630779    32.7978        534     0.3699     2.3529     2.1967 0.0000e+00
      9.000    10.4201   3.631248    32.7999        570     0.3953     2.3507     2.1948 0.0000e+00
     10.000    10.4219   3.631564    32.8010        604     0.4190     2.3479     2.1923 0.0000e+00
     11.000    10.4220   3.631659    32.8015        732     0.5075     2.3436     2.1891 0.0000e+00
     12.000    10.4234   3.631934    32.8025        809     0.5610     2.3428     2.1911 0.0000e+00
     13.000    10.4240   3.632089    32.8031        844     0.5857     2.3442     2.1892 0.0000e+00
     14.000    10.4256   3.632391    32.8042        877     0.6082     2.3426     2.1880 0.0000e+00
     15.000    10.4272   3.632694    32.8054        907     0.6295     2.3415     2.1880 0.0000e+00
     16.000    10.4284   3.632945    32.8064        937     0.6500     2.3391     2.1873 0.0000e+00
     17.000    10.4255   3.633086    32.8100        965     0.6696     2.3365     2.1819 0.0000e+00
     18.000    10.4192   3.633351    32.8179        992     0.6885     2.3352     2.1787 0.0000e+00
     19.000    10.4163   3.633816    32.8247       1020     0.7075     2.3358     2.1782 0.0000e+00
     20.000    10.4166   3.634050    32.8264       1048     0.7268     2.3346     2.1757 0.0000e+00
     21.000    10.4165   3.634193    32.8275       1076     0.7465     2.3299     2.1738 0.0000e+00
     22.000    10.4161   3.634300    32.8285       1103     0.7655     2.3274     2.1714 0.0000e+00
     23.000    10.4149   3.634425    32.8304       1131     0.7844     2.3229     2.1673 0.0000e+00
     24.000    10.4147   3.634601    32.8319       1158     0.8036     2.3189     2.1650 0.0000e+00
     25.000    10.4141   3.634713    32.8331       1186     0.8230     2.3173     2.1645 0.0000e+00
     26.000    10.4134   3.634828    32.8345       1214     0.8425     2.3184     2.1638 0.0000e+00
     27.000    10.4128   3.634933    32.8356       1242     0.8621     2.3157     2.1628 0.0000e+00
     28.000    10.4089   3.635547    32.8448       1270     0.8814     2.3129     2.1615 0.0000e+00
     29.000    10.3985   3.636305    32.8614       1297     0.8999     2.3145     2.1611 0.0000e+00
     30.000    10.3892   3.636435    32.8707       1323     0.9183     2.3132     2.1604 0.0000e+00
     31.000    10.3712   3.636431    32.8865       1352     0.9385     2.3074     2.1534 0.0000e+00
     32.000    10.3427   3.635393    32.9014       1382     0.9593     2.2980     2.1464 0.0000e+00
     33.000    10.3249   3.634358    32.9067       1410     0.9786     2.2882     2.1388 0.0000e+00
     34.000    10.3243   3.634530    32.9085       1436     0.9967     2.2797     2.1299 0.0000e+00
     35.000    10.3225   3.634404    32.9084       1463     1.0151     2.2742     2.1245 0.0000e+00
     36.000    10.3206   3.634195    32.9077       1490     1.0342     2.2701     2.1212 0.0000e+00
     37.000    10.3149   3.633680    32.9072       1518     1.0538     2.2671     2.1176 0.0000e+00
     38.000    10.3073   3.632799    32.9048       1546     1.0731     2.2646     2.1156 0.0000e+00
     39.000    10.2859   3.630651    32.9021       1573     1.0917     2.2627     2.1137 0.0000e+00
     40.000    10.2767   3.629524    32.8986       1601     1.1108     2.2658     2.1140 0.0000e+00
     41.000    10.2711   3.628931    32.8973       1629     1.1305     2.2696     2.1190 0.0000e+00
     42.000    10.2598   3.627812    32.8958       1657     1.1503     2.2725     2.1236 0.0000e+00
     43.000    10.2493   3.626765    32.8943       1685     1.1695     2.2749     2.1270 0.0000e+00
     44.000    10.2479   3.626734    32.8948       1712     1.1882     2.2812     2.1302 0.0000e+00
     45.000    10.2471   3.626763    32.8954       1738     1.2065     2.2859     2.1357 0.0000e+00
     46.000    10.2484   3.626909    32.8953       1765     1.2249     2.2882     2.1381 0.0000e+00
     47.000    10.2450   3.626710    32.8958       1792     1.2438     2.2890     2.1387 0.0000e+00
     48.000    10.2303   3.625528    32.8968       1820     1.2635     2.2908     2.1391 0.0000e+00
     49.000    10.2138   3.624019    32.8961       1849     1.2833     2.2929     2.1397 0.0000e+00
     50.000    10.2088   3.623623    32.8963       1877     1.3029     2.2955     2.1405 0.0000e+00
     51.000    10.2140   3.624522    32.9001       1904     1.3218     2.2982     2.1433 0.0000e+00
     52.000    10.2130   3.624665    32.9020       1931     1.3402     2.2990     2.1452 0.0000e+00
     53.000    10.2026   3.623680    32.9011       1957     1.3587     2.2957     2.1434 0.0000e+00
     54.000    10.1947   3.622808    32.8990       1985     1.3776     2.2932     2.1413 0.0000e+00
     55.000    10.1823   3.621635    32.8980       2013     1.3973     2.2937     2.1410 0.0000e+00
     56.000    10.1614   3.619539    32.8953       2041     1.4166     2.2950     2.1428 0.0000e+00
     57.000    10.1523   3.618820    32.8959       2067     1.4350     2.2977     2.1439 0.0000e+00
     58.000    10.1500   3.618800    32.8973       2094     1.4532     2.2996     2.1461 0.0000e+00
     59.000    10.1414   3.618917    32.9059       2122     1.4726     2.3039     2.1498 0.0000e+00
     60.000    10.1186   3.619093    32.9280       2151     1.4928     2.3075     2.1524 0.0000e+00
     61.000    10.1110   3.620247    32.9461       2178     1.5121     2.3027     2.1512 0.0000e+00
     62.000    10.0931   3.620199    32.9615       2205     1.5304     2.2968     2.1490 0.0000e+00
     63.000    10.0583   3.620981    33.0006       2231     1.5485     2.2908     2.1427 0.0000e+00
     64.000    10.0393   3.621186    33.0197       2258     1.5671     2.2804     2.1335 0.0000e+00
     65.000    10.0254   3.622018    33.0403       2285     1.5864     2.2666     2.1210 0.0000e+00
     66.000    10.0139   3.622958    33.0599       2313     1.6054     2.2546     2.1097 0.0000e+00
     67.000    10.0055   3.622966    33.0672       2339     1.6237     2.2454     2.0984 0.0000e+00
     68.000    10.0060   3.623108    33.0678       2366     1.6424     2.2330     2.0860 0.0000e+00
     69.000    10.0113   3.623742    33.0689       2395     1.6623     2.2213     2.0763 0.0000e+00
     70.000    10.0078   3.624235    33.0767       2424     1.6827     2.2126     2.0686 0.0000e+00
     71.000    10.0018   3.624247    33.0819       2451     1.7015     2.2068     2.0632 0.0000e+00
     72.000     9.9949   3.624216    33.0874       2476     1.7190     2.2033     2.0572 0.0000e+00
     73.000     9.9907   3.624078    33.0894       2502     1.7366     2.1999     2.0533 0.0000e+00
     74.000     9.9631   3.623210    33.1055       2529     1.7554     2.1979     2.0501 0.0000e+00
     75.000     9.9343   3.623144    33.1307       2558     1.7757     2.1932     2.0481 0.0000e+00
     76.000     9.9324   3.623220    33.1328       2588     1.7963     2.1877     2.0435 0.0000e+00
     77.000     9.9324   3.623280    33.1330       2615     1.8154     2.1824     2.0370 0.0000e+00
     78.000     9.9235   3.623002    33.1379       2641     1.8331     2.1761     2.0310 0.0000e+00
     79.000     9.8885   3.622091    33.1603       2666     1.8505     2.1715     2.0273 0.0000e+00
     80.000     9.8693   3.621700    33.1735       2692     1.8690     2.1677     2.0238 0.0000e+00
     81.000     9.8595   3.621521    33.1803       2720     1.8880     2.1646     2.0205 0.0000e+00
     82.000     9.8490   3.621316    33.1874       2748     1.9078     2.1586     2.0152 0.0000e+00
     83.000     9.8407   3.621128    33.1926       2777     1.9277     2.1509     2.0102 0.0000e+00
     84.000     9.8390   3.621078    33.1932       2805     1.9471     2.1439     2.0038 0.0000e+00
     85.000     9.8383   3.621081    33.1935       2831     1.9653     2.1407     1.9999 0.0000e+00
     86.000     9.8384   3.621108    33.1933       2856     1.9827     2.1387     1.9973 0.0000e+00
     87.000     9.8359   3.621082    33.1948       2882     2.0006     2.1382     1.9956 0.0000e+00
     88.000     9.8313   3.620987    33.1977       2909     2.0198     2.1382     1.9956 0.0000e+00
     89.000     9.8268   3.620907    33.2005       2938     2.0395     2.1363     1.9956 0.0000e+00
     90.000     9.8249   3.620871    33.2015       2966     2.0593     2.1352     1.9966 0.0000e+00
     91.000     9.8231   3.620860    33.2025       2995     2.0790     2.1337     1.9965 0.0000e+00
     92.000     9.8218   3.620863    33.2034       3022     2.0976     2.1330     1.9956 0.0000e+00
     93.000     9.8211   3.620868    33.2036       3046     2.1149     2.1332     1.9948 0.0000e+00
     94.000     9.8205   3.620881    33.2038       3072     2.1325     2.1339     1.9933 0.0000e+00
     95.000     9.8192   3.620867    33.2044       3099     2.1516     2.1320     1.9917 0.0000e+00
     96.000     9.8176   3.620799    33.2048       3128     2.1716     2.1296     1.9908 0.0000e+00
     97.000     9.8039   3.620381    33.2127       3156     2.1907     2.1299     1.9901 0.0000e+00
     98.000     9.7986   3.620193    33.2153       3182     2.2091     2.1295     1.9902 0.0000e+00
     99.000     9.7981   3.620188    33.2152       3209     2.2278     2.1274     1.9880 0.0000e+00
    100.000     9.7961   3.620151    33.2162       3237     2.2470     2.1254     1.9832 0.0000e+00
    101.000     9.7921   3.620043    33.2183       3264     2.2661     2.1221     1.9817 0.0000e+00
    102.000     9.7896   3.619989    33.2196       3291     2.2847     2.1208     1.9805 0.0000e+00
    103.000     9.7872   3.619878    33.2202       3642     2.5282     2.1177     1.9755 0.0000e+00
    102.000     9.7815   3.619594    33.2231       3993     2.7724     2.1106     1.9744 0.0000e+00
    101.000     9.7872   3.619729    33.2196       4025     2.7945     2.1106     1.9744 0.0000e+00
    100.000     9.7914   3.619810    33.2171       4054     2.8148     2.1124     1.9743 0.0000e+00
     99.000     9.7951   3.619891    33.2149       4082     2.8338     2.1143     1.9746 0.0000e+00
     98.000     9.7955   3.619878    33.2148       4106     2.8507     2.1159     1.9755 0.0000e+00
     97.000     9.7963   3.619866    33.2144       4130     2.8675     2.1180     1.9764 0.0000e+00
     96.000     9.8016   3.619979    33.2112       4156     2.8855     2.1185     1.9773 0.0000e+00
     95.000     9.8058   3.620100    33.2090       4183     2.9042     2.1184     1.9773 0.0000e+00
     94.000     9.8109   3.620246    33.2062       4210     2.9226     2.1192     1.9782 0.0000e+00
     93.000     9.8154   3.620411    33.2042       4235     2.9402     2.1231     1.9782 0.0000e+00
     92.000     9.8153   3.620406    33.2046       4260     2.9574     2.1235     1.9795 0.0000e+00
     91.000     9.8152   3.620382    33.2050       4285     2.9751     2.1235     1.9831 0.0000e+00
     90.000     9.8148   3.620324    33.2052       4312     2.9937     2.1255     1.9859 0.0000e+00
     89.000     9.8155   3.620299    33.2048       4340     3.0129     2.1267     1.9883 0.0000e+00
     88.000     9.8176   3.620306    33.2033       4367     3.0319     2.1299     1.9883 0.0000e+00
     87.000     9.8212   3.620359    33.2010       4393     3.0501     2.1322     1.9895 0.0000e+00
     86.000     9.8233   3.620382    33.1997       4418     3.0675     2.1315     1.9915 0.0000e+00
     85.000     9.8265   3.620412    33.1975       4444     3.0852     2.1306     1.9927 0.0000e+00
     84.000     9.8292   3.620429    33.1957       4470     3.1033     2.1305     1.9937 0.0000e+00
     83.000     9.8329   3.620505    33.1935       4496     3.1214     2.1291     1.9932 0.0000e+00
     82.000     9.8356   3.620523    33.1917       4523     3.1399     2.1294     1.9927 0.0000e+00
     81.000     9.8372   3.620531    33.1907       4550     3.1589     2.1310     1.9938 0.0000e+00
     80.000     9.8396   3.620547    33.1891       4578     3.1787     2.1328     1.9950 0.0000e+00
     79.000     9.8425   3.620565    33.1871       4609     3.1997     2.1360     1.9945 0.0000e+00
     78.000     9.8436   3.620535    33.1862       4638     3.2204     2.1378     1.9937 0.0000e+00
     77.000     9.8572   3.620734    33.1762       4666     3.2397     2.1378     1.9943 0.0000e+00
     76.000     9.8674   3.620893    33.1688       4693     3.2584     2.1379     1.9976 0.0000e+00
     75.000     9.8782   3.621028    33.1607       4721     3.2775     2.1388     1.9992 0.0000e+00
     74.000     9.8826   3.621118    33.1581       4748     3.2967     2.1424     2.0017 0.0000e+00
     73.000     9.9072   3.621650    33.1413       4775     3.3151     2.1479     2.0043 0.0000e+00
     72.000     9.9112   3.621886    33.1405       4801     3.3334     2.1520     2.0083 0.0000e+00
     71.000     9.9197   3.621980    33.1341       4828     3.3520     2.1542     2.0120 0.0000e+00
     70.000     9.9261   3.621968    33.1286       4855     3.3710     2.1562     2.0139 0.0000e+00
     69.000     9.9416   3.622077    33.1159       4884     3.3909     2.1620     2.0165 0.0000e+00
     68.000     9.9570   3.622332    33.1048       4913     3.4113     2.1682     2.0188 0.0000e+00
     67.000     9.9700   3.622599    33.0961       4941     3.4304     2.1734     2.0222 0.0000e+00
     66.000     9.9878   3.622903    33.0832       4967     3.4487     2.1783     2.0264 0.0000e+00
     65.000     9.9886   3.622848    33.0825       4995     3.4678     2.1827     2.0306 0.0000e+00
     64.000     9.9900   3.622495    33.0780       5023     3.4875     2.1875     2.0338 0.0000e+00
     63.000     9.9974   3.622296    33.0696       5049     3.5055     2.1903     2.0374 0.0000e+00
     62.000    10.0080   3.621881    33.0562       5074     3.5227     2.1953     2.0408 0.0000e+00
     61.000    10.0179   3.621154    33.0403       5099     3.5404     2.2023     2.0424 0.0000e+00
     60.000    10.0210   3.621069    33.0370       5127     3.5597     2.2104     2.0474 0.0000e+00
     59.000    10.0478   3.620308    33.0052       5156     3.5801     2.2167     2.0536 0.0000e+00
     58.000    10.0634   3.619782    32.9861       5185     3.6002     2.2262     2.0620 0.0000e+00
     57.000    10.0879   3.619397    32.9603       5213     3.6195     2.2355     2.0715 0.0000e+00
     56.000    10.0920   3.619105    32.9541       5239     3.6376     2.2431     2.0809 0.0000e+00
     55.000    10.1147   3.618490    32.9276       5265     3.6553     2.2533     2.0907 0.0000e+00
     54.000    10.1261   3.618128    32.9140       5291     3.6738     2.2669     2.1016 0.0000e+00
     53.000    10.1309   3.618160    32.9104       5320     3.6938     2.2817     2.1129 0.0000e+00
     52.000    10.1431   3.618393    32.9022       5349     3.7139     2.2924     2.1224 0.0000e+00
     51.000    10.1539   3.619105    32.9000       5376     3.7324     2.2980     2.1292 0.0000e+00
     50.000    10.1770   3.620792    32.8965       5401     3.7500     2.3001     2.1364 0.0000e+00
     49.000    10.1833   3.621628    32.8996       5427     3.7681     2.3007     2.1408 0.0000e+00
     48.000    10.1877   3.621957    32.8994       5455     3.7875     2.3004     2.1436 0.0000e+00
     47.000    10.2022   3.623119    32.8985       5485     3.8085     2.2972     2.1436 0.0000e+00
     46.000    10.2050   3.623202    32.8972       5515     3.8292     2.2957     2.1418 0.0000e+00
     45.000    10.2123   3.623478    32.8938       5542     3.8477     2.2964     2.1415 0.0000e+00
     44.000    10.2278   3.624725    32.8927       5567     3.8653     2.2982     2.1401 0.0000e+00
