HB2407/CTD201.cnv
* Sea-Bird SBE 9 Data File:
* FileName = C:\cruise\data\CTD201.hex
* Software Version Seasave V 7.26.7.121
* Temperature SN = 4591
* Conductivity SN = 6006
* Number of Bytes Per Scan = 37
* Number of Voltage Words = 4
* Number of Scans Averaged by the Deck Unit = 1
* NMEA Latitude = 43 23.56 N
* NMEA Longitude = 066 42.02 W
* NMEA UTC (Time) = Nov 03 2024 15:28:26
* NMEA baud rate = 4800
** Ship: Bigelow HB2407
** Program:  Fall Bottom Trawl Survey
** Chief Scientist: John Galbraith
# nquan = 9
# nvalues = 246                         
# units = specified
# name 0 = depSM: Depth [salt water, m]
# name 1 = t090C: Temperature [ITS-90, deg C]
# name 2 = c0S/m: Conductivity [S/m]
# name 3 = sal00: Salinity, Practical [PSU]
# name 4 = scan: Scan Count
# name 5 = timeM: Time, Elapsed [minutes]
# name 6 = sbeox0V: Oxygen raw, SBE 43 [V]
# name 7 = sbeox1V: Oxygen raw, SBE 43, 2 [V]
# name 8 = flag: flag
# span 0 =      2.000,    125.000       
# span 1 =     8.5605,    11.2481       
# span 2 =   3.541223,   3.662902       
# span 3 =    32.3799,    33.5435       
# span 4 =        287,       7461       
# span 5 =     0.1986,     5.1805       
# span 6 =     2.0147,     2.5226       
# span 7 =     1.8805,     2.3585       
# span 8 = 0.0000e+00, 0.0000e+00       
# interval = meters: 1                  
# start_time = Nov 03 2024 15:28:26 [NMEA time, header]
# bad_flag = -9.990e-29
*END*
      3.000    11.1864   3.661302    32.4184        287     0.1986     2.5017     2.3377 0.0000e+00
      4.000    11.1903   3.661558    32.4171        532     0.3686     2.4975     2.3389 0.0000e+00
      5.000    11.1902   3.661578    32.4169        543     0.3763     2.4990     2.3375 0.0000e+00
      6.000    11.1920   3.661521    32.4144        564     0.3911     2.5022     2.3398 0.0000e+00
      7.000    11.1909   3.661518    32.4149        591     0.4097     2.5019     2.3411 0.0000e+00
      8.000    11.1909   3.661545    32.4147        624     0.4327     2.5028     2.3408 0.0000e+00
      9.000    11.1916   3.661692    32.4151        651     0.4511     2.5023     2.3397 0.0000e+00
     10.000    11.1924   3.661828    32.4154        672     0.4660     2.5005     2.3389 0.0000e+00
     11.000    11.1920   3.661887    32.4158        695     0.4816     2.5002     2.3383 0.0000e+00
     12.000    11.1913   3.661893    32.4161        722     0.5004     2.4998     2.3363 0.0000e+00
     13.000    11.1918   3.661955    32.4158        754     0.5226     2.4995     2.3368 0.0000e+00
     14.000    11.1926   3.662029    32.4155        783     0.5428     2.4998     2.3388 0.0000e+00
     15.000    11.1824   3.662075    32.4245        810     0.5618     2.5003     2.3381 0.0000e+00
     16.000    11.1633   3.662128    32.4414        838     0.5812     2.5018     2.3369 0.0000e+00
     17.000    11.1426   3.661289    32.4510        866     0.6007     2.4955     2.3342 0.0000e+00
     18.000    11.0830   3.658355    32.4742        893     0.6192     2.4844     2.3280 0.0000e+00
     19.000    10.9852   3.653259    32.5100        919     0.6376     2.4750     2.3181 0.0000e+00
     20.000    10.8752   3.647088    32.5459        945     0.6555     2.4653     2.3064 0.0000e+00
     21.000    10.8102   3.643285    32.5655        970     0.6728     2.4555     2.2964 0.0000e+00
     22.000    10.6649   3.634682    32.6089        995     0.6903     2.4483     2.2906 0.0000e+00
     23.000    10.5836   3.629832    32.6327       1022     0.7088     2.4441     2.2869 0.0000e+00
     24.000    10.5435   3.627245    32.6423       1052     0.7301     2.4401     2.2825 0.0000e+00
     25.000    10.5302   3.626297    32.6443       1083     0.7513     2.4342     2.2768 0.0000e+00
     26.000    10.5211   3.625693    32.6460       1110     0.7702     2.4300     2.2701 0.0000e+00
     27.000    10.5005   3.624431    32.6514       1138     0.7895     2.4239     2.2662 0.0000e+00
     28.000    10.4446   3.621131    32.6680       1164     0.8078     2.4202     2.2645 0.0000e+00
     29.000    10.3871   3.617580    32.6836       1189     0.8250     2.4148     2.2621 0.0000e+00
     30.000    10.3422   3.614532    32.6929       1216     0.8441     2.4090     2.2580 0.0000e+00
     31.000    10.3051   3.612068    32.7011       1245     0.8641     2.4031     2.2495 0.0000e+00
     32.000    10.2663   3.609542    32.7101       1272     0.8829     2.3963     2.2418 0.0000e+00
     33.000    10.2485   3.608506    32.7153       1296     0.8996     2.3911     2.2351 0.0000e+00
     34.000    10.2370   3.607610    32.7161       1320     0.9159     2.3837     2.2283 0.0000e+00
     35.000    10.2258   3.606701    32.7167       1349     0.9364     2.3727     2.2201 0.0000e+00
     36.000    10.2176   3.606084    32.7174       1382     0.9592     2.3591     2.2108 0.0000e+00
     37.000    10.2143   3.605927    32.7183       1409     0.9775     2.3498     2.2016 0.0000e+00
     38.000    10.2133   3.605820    32.7177       1435     0.9957     2.3451     2.1944 0.0000e+00
     39.000    10.2119   3.605791    32.7183       1463     1.0156     2.3437     2.1898 0.0000e+00
     40.000    10.2017   3.605206    32.7211       1488     1.0327     2.3415     2.1878 0.0000e+00
     41.000    10.1936   3.604566    32.7215       1511     1.0487     2.3386     2.1869 0.0000e+00
     42.000    10.1891   3.604162    32.7211       1538     1.0673     2.3371     2.1864 0.0000e+00
     43.000    10.1778   3.603166    32.7208       1568     1.0881     2.3330     2.1834 0.0000e+00
     44.000    10.1616   3.602036    32.7236       1596     1.1076     2.3276     2.1808 0.0000e+00
     45.000    10.1509   3.601593    32.7283       1620     1.1244     2.3220     2.1743 0.0000e+00
     46.000    10.1599   3.602777    32.7318       1645     1.1417     2.3159     2.1681 0.0000e+00
     47.000    10.1602   3.603157    32.7349       1676     1.1631     2.3121     2.1639 0.0000e+00
     48.000    10.1458   3.602351    32.7393       1709     1.1858     2.3160     2.1666 0.0000e+00
     49.000    10.1377   3.601969    32.7423       1734     1.2033     2.3224     2.1703 0.0000e+00
     50.000    10.1102   3.599971    32.7465       1758     1.2198     2.3254     2.1713 0.0000e+00
     51.000    10.0919   3.599031    32.7531       1783     1.2378     2.3236     2.1720 0.0000e+00
     52.000    10.0666   3.597249    32.7575       1811     1.2567     2.3177     2.1695 0.0000e+00
     53.000    10.0432   3.595603    32.7617       1837     1.2748     2.3115     2.1640 0.0000e+00
     54.000    10.0449   3.595645    32.7601       1863     1.2929     2.3046     2.1569 0.0000e+00
     55.000    10.0411   3.595407    32.7606       1891     1.3122     2.2960     2.1482 0.0000e+00
     56.000    10.0430   3.595459    32.7591       1919     1.3317     2.2919     2.1405 0.0000e+00
     57.000    10.0439   3.595487    32.7581       1946     1.3509     2.2898     2.1364 0.0000e+00
     58.000    10.0424   3.595369    32.7578       1974     1.3703     2.2861     2.1338 0.0000e+00
     59.000    10.0416   3.595326    32.7577       2002     1.3899     2.2823     2.1320 0.0000e+00
     60.000    10.0419   3.595381    32.7575       2031     1.4100     2.2798     2.1318 0.0000e+00
     61.000    10.0415   3.595409    32.7577       2058     1.4283     2.2783     2.1290 0.0000e+00
     62.000    10.0406   3.595399    32.7579       2082     1.4451     2.2784     2.1273 0.0000e+00
     63.000    10.0406   3.595434    32.7579       2107     1.4624     2.2790     2.1279 0.0000e+00
     64.000    10.0397   3.595409    32.7580       2133     1.4806     2.2796     2.1287 0.0000e+00
     65.000    10.0399   3.595457    32.7578       2161     1.4998     2.2783     2.1282 0.0000e+00
     66.000    10.0227   3.594347    32.7618       2190     1.5201     2.2777     2.1277 0.0000e+00
     67.000     9.9567   3.590261    32.7797       2219     1.5404     2.2793     2.1263 0.0000e+00
     68.000     9.9234   3.587921    32.7857       2248     1.5601     2.2763     2.1237 0.0000e+00
     69.000     9.9123   3.587309    32.7891       2274     1.5786     2.2680     2.1180 0.0000e+00
     70.000     9.9053   3.586995    32.7919       2299     1.5958     2.2581     2.1093 0.0000e+00
     71.000     9.8872   3.586121    32.7990       2323     1.6127     2.2505     2.1023 0.0000e+00
     72.000     9.8771   3.585618    32.8027       2349     1.6306     2.2466     2.0972 0.0000e+00
     73.000     9.8658   3.584979    32.8060       2378     1.6510     2.2438     2.0927 0.0000e+00
     74.000     9.8532   3.584395    32.8110       2408     1.6715     2.2420     2.0911 0.0000e+00
     75.000     9.8318   3.583264    32.8185       2435     1.6905     2.2383     2.0905 0.0000e+00
     76.000     9.8086   3.582106    32.8274       2463     1.7095     2.2341     2.0888 0.0000e+00
     77.000     9.7870   3.581254    32.8380       2490     1.7286     2.2324     2.0846 0.0000e+00
     78.000     9.7574   3.580262    32.8544       2516     1.7463     2.2291     2.0797 0.0000e+00
     79.000     9.7315   3.579074    32.8655       2541     1.7638     2.2261     2.0770 0.0000e+00
     80.000     9.7085   3.577966    32.8748       2567     1.7823     2.2232     2.0768 0.0000e+00
     81.000     9.6626   3.575159    32.8876       2595     1.8016     2.2195     2.0752 0.0000e+00
     82.000     9.6440   3.573817    32.8904       2623     1.8207     2.2171     2.0713 0.0000e+00
     83.000     9.6304   3.573104    32.8951       2652     1.8409     2.2111     2.0679 0.0000e+00
     84.000     9.6100   3.572231    32.9044       2679     1.8597     2.2052     2.0642 0.0000e+00
     85.000     9.5303   3.568192    32.9357       2703     1.8763     2.2014     2.0597 0.0000e+00
     86.000     9.3536   3.559868    33.0123       2729     1.8942     2.1956     2.0547 0.0000e+00
     87.000     9.3219   3.558390    33.0257       2758     1.9144     2.1854     2.0439 0.0000e+00
     88.000     9.3056   3.558153    33.0380       2787     1.9348     2.1718     2.0336 0.0000e+00
     89.000     9.2937   3.558367    33.0507       2817     1.9555     2.1608     2.0244 0.0000e+00
     90.000     9.2483   3.558066    33.0891       2846     1.9758     2.1560     2.0160 0.0000e+00
     91.000     9.1967   3.556322    33.1185       2872     1.9936     2.1517     2.0116 0.0000e+00
     92.000     9.1905   3.555775    33.1181       2895     2.0099     2.1463     2.0083 0.0000e+00
     93.000     9.1780   3.554675    33.1179       2919     2.0262     2.1412     2.0050 0.0000e+00
     94.000     9.1645   3.553525    33.1181       2945     2.0442     2.1367     2.0005 0.0000e+00
     95.000     9.1521   3.552710    33.1207       2973     2.0639     2.1320     1.9968 0.0000e+00
     96.000     9.1152   3.551165    33.1385       3002     2.0842     2.1292     1.9939 0.0000e+00
     97.000     9.0691   3.550929    33.1785       3031     2.1045     2.1278     1.9913 0.0000e+00
     98.000     9.0604   3.551194    33.1888       3059     2.1235     2.1227     1.9877 0.0000e+00
     99.000     9.0566   3.551227    33.1922       3084     2.1412     2.1191     1.9836 0.0000e+00
    100.000     9.0545   3.551901    33.2008       3111     2.1595     2.1153     1.9799 0.0000e+00
    101.000     9.0469   3.552167    33.2102       3140     2.1798     2.1121     1.9756 0.0000e+00
    102.000     9.0256   3.552920    33.2375       3170     2.2004     2.1111     1.9743 0.0000e+00
    103.000     8.9869   3.553543    33.2796       3195     2.2180     2.1114     1.9732 0.0000e+00
    104.000     8.9793   3.553444    33.2853       3217     2.2332     2.1096     1.9723 0.0000e+00
    105.000     8.9704   3.553291    33.2916       3239     2.2485     2.1069     1.9709 0.0000e+00
    106.000     8.9508   3.552850    33.3049       3265     2.2666     2.1044     1.9664 0.0000e+00
    107.000     8.9160   3.551791    33.3259       3296     2.2883     2.0994     1.9613 0.0000e+00
    108.000     8.8949   3.551008    33.3372       3329     2.3114     2.0917     1.9560 0.0000e+00
    109.000     8.8773   3.550450    33.3474       3360     2.3326     2.0856     1.9516 0.0000e+00
    110.000     8.8634   3.550044    33.3557       3384     2.3493     2.0814     1.9481 0.0000e+00
    111.000     8.8495   3.549619    33.3639       3405     2.3641     2.0769     1.9451 0.0000e+00
    112.000     8.8339   3.549077    33.3724       3430     2.3812     2.0719     1.9404 0.0000e+00
    113.000     8.8200   3.548609    33.3801       3460     2.4018     2.0698     1.9354 0.0000e+00
    114.000     8.7708   3.547091    33.4102       3488     2.4216     2.0667     1.9321 0.0000e+00
    115.000     8.7321   3.545890    33.4336       3513     2.4389     2.0613     1.9299 0.0000e+00
    116.000     8.7049   3.545020    33.4497       3538     2.4561     2.0567     1.9263 0.0000e+00
    117.000     8.6735   3.544089    33.4691       3565     2.4751     2.0524     1.9216 0.0000e+00
    118.000     8.6583   3.543613    33.4780       3594     2.4953     2.0464     1.9158 0.0000e+00
    119.000     8.6387   3.543118    33.4909       3623     2.5153     2.0413     1.9103 0.0000e+00
    120.000     8.6085   3.542470    33.5122       3649     2.5333     2.0383     1.9064 0.0000e+00
    121.000     8.6011   3.542258    33.5165       3674     2.5510     2.0355     1.9040 0.0000e+00
    122.000     8.5784   3.541832    33.5331       3702     2.5703     2.0319     1.9002 0.0000e+00
    123.000     8.5748   3.541727    33.5350       3729     2.5887     2.0291     1.8966 0.0000e+00
    124.000     8.5707   3.541646    33.5375       3754     2.6065     2.0263     1.8934 0.0000e+00
    125.000     8.5605   3.541346    33.5435       3949     2.7419     2.0177     1.8805 0.0000e+00
    124.000     8.5609   3.541283    33.5431       4048     2.8102     2.0156     1.8829 0.0000e+00
    123.000     8.5647   3.541302    33.5401       4082     2.8343     2.0158     1.8818 0.0000e+00
    122.000     8.5657   3.541247    33.5390       4108     2.8518     2.0147     1.8827 0.0000e+00
    121.000     8.5687   3.541223    33.5364       4134     2.8701     2.0157     1.8827 0.0000e+00
    120.000     8.5761   3.541284    33.5305       4160     2.8879     2.0176     1.8827 0.0000e+00
    119.000     8.5828   3.541344    33.5252       4186     2.9061     2.0178     1.8827 0.0000e+00
    118.000     8.5925   3.541448    33.5176       4210     2.9232     2.0176     1.8816 0.0000e+00
    117.000     8.6135   3.541768    33.5015       4233     2.9391     2.0194     1.8824 0.0000e+00
    116.000     8.6325   3.542127    33.4878       4256     2.9550     2.0218     1.8840 0.0000e+00
    115.000     8.6548   3.542622    33.4723       4281     2.9723     2.0242     1.8857 0.0000e+00
    114.000     8.6803   3.543251    33.4552       4310     2.9926     2.0264     1.8887 0.0000e+00
    113.000     8.7303   3.544526    33.4219       4342     3.0146     2.0291     1.8917 0.0000e+00
    112.000     8.7769   3.545886    33.3927       4369     3.0333     2.0329     1.8952 0.0000e+00
    111.000     8.8029   3.546803    33.3782       4394     3.0506     2.0371     1.8992 0.0000e+00
    110.000     8.8157   3.547333    33.3723       4419     3.0684     2.0411     1.9041 0.0000e+00
    109.000     8.8363   3.547993    33.3602       4445     3.0864     2.0466     1.9095 0.0000e+00
    108.000     8.8525   3.548488    33.3506       4471     3.1044     2.0526     1.9144 0.0000e+00
    107.000     8.8676   3.548997    33.3422       4498     3.1229     2.0577     1.9184 0.0000e+00
    106.000     8.8774   3.549333    33.3370       4524     3.1411     2.0612     1.9231 0.0000e+00
    105.000     8.8899   3.549693    33.3295       4548     3.1580     2.0644     1.9268 0.0000e+00
    104.000     8.9088   3.550271    33.3182       4572     3.1747     2.0684     1.9309 0.0000e+00
    103.000     8.9330   3.550967    33.3033       4599     3.1933     2.0726     1.9351 0.0000e+00
    102.000     8.9528   3.551498    33.2907       4628     3.2132     2.0765     1.9386 0.0000e+00
    101.000     8.9768   3.552093    33.2749       4655     3.2323     2.0814     1.9417 0.0000e+00
    100.000     8.9978   3.551991    33.2546       4683     3.2517     2.0854     1.9447 0.0000e+00
     99.000     9.0159   3.551568    33.2338       4711     3.2709     2.0888     1.9482 0.0000e+00
     98.000     9.0271   3.551278    33.2208       4737     3.2887     2.0949     1.9510 0.0000e+00
     97.000     9.0350   3.551121    33.2122       4763     3.3069     2.0982     1.9555 0.0000e+00
     96.000     9.0457   3.550426    33.1955       4788     3.3245     2.1000     1.9595 0.0000e+00
     95.000     9.0559   3.549870    33.1807       4811     3.3399     2.1013     1.9630 0.0000e+00
     94.000     9.0699   3.549484    33.1641       4832     3.3550     2.1045     1.9664 0.0000e+00
     93.000     9.1162   3.550306    33.1300       4859     3.3739     2.1089     1.9689 0.0000e+00
     92.000     9.1388   3.551098    33.1177       4894     3.3977     2.1152     1.9716 0.0000e+00
     91.000     9.1550   3.551636    33.1086       4922     3.4176     2.1192     1.9738 0.0000e+00
     90.000     9.1760   3.552854    33.1022       4947     3.4346     2.1218     1.9752 0.0000e+00
     89.000     9.1846   3.553563    33.1021       4973     3.4528     2.1235     1.9783 0.0000e+00
     88.000     9.2014   3.554226    33.0938       5000     3.4718     2.1266     1.9818 0.0000e+00
