HB2407/CTD206.cnv
* Sea-Bird SBE 9 Data File:
* FileName = C:\cruise\data\CTD206.hex
* Software Version Seasave V 7.26.7.121
* Temperature SN = 4591
* Conductivity SN = 6006
* Number of Bytes Per Scan = 37
* Number of Voltage Words = 4
* Number of Scans Averaged by the Deck Unit = 1
* NMEA Latitude = 44 06.97 N
* NMEA Longitude = 066 52.73 W
* NMEA UTC (Time) = Nov 04 2024 07:58:23
* NMEA baud rate = 4800
** Ship: Bigelow HB2407
** Program:  Fall Bottom Trawl Survey
** Chief Scientist: John Galbraith
# nquan = 9
# nvalues = 325                         
# units = specified
# name 0 = depSM: Depth [salt water, m]
# name 1 = t090C: Temperature [ITS-90, deg C]
# name 2 = c0S/m: Conductivity [S/m]
# name 3 = sal00: Salinity, Practical [PSU]
# name 4 = scan: Scan Count
# name 5 = timeM: Time, Elapsed [minutes]
# name 6 = sbeox0V: Oxygen raw, SBE 43 [V]
# name 7 = sbeox1V: Oxygen raw, SBE 43, 2 [V]
# name 8 = flag: flag
# span 0 =      3.000,    165.000       
# span 1 =     8.2400,    10.7691       
# span 2 =   3.547156,   3.637711       
# span 3 =    32.4820,    33.9210       
# span 4 =        216,       9439       
# span 5 =     0.1491,     6.5540       
# span 6 =     1.8898,     2.5139       
# span 7 =     1.7674,     2.3454       
# span 8 = 0.0000e+00, 0.0000e+00       
# interval = meters: 1                  
# start_time = Nov 04 2024 07:58:23 [NMEA time, header]
# bad_flag = -9.990e-29
*END*
      3.000    10.7422   3.628052    32.4822        216     0.1491     2.5125     2.3445 0.0000e+00
      4.000    10.7399   3.627955    32.4828        494     0.3422     2.5103     2.3443 0.0000e+00
      5.000    10.7393   3.627923    32.4826        520     0.3607     2.5123     2.3443 0.0000e+00
      6.000    10.7492   3.628797    32.4821        558     0.3867     2.5139     2.3454 0.0000e+00
      7.000    10.7514   3.629047    32.4822        578     0.4008     2.5130     2.3443 0.0000e+00
      8.000    10.7529   3.629205    32.4820        596     0.4135     2.5108     2.3432 0.0000e+00
      9.000    10.7524   3.629223    32.4822        625     0.4330     2.5107     2.3437 0.0000e+00
     10.000    10.7527   3.629288    32.4821        664     0.4603     2.5124     2.3421 0.0000e+00
     11.000    10.7521   3.629279    32.4822        688     0.4768     2.5115     2.3421 0.0000e+00
     12.000    10.7531   3.629419    32.4822        707     0.4900     2.5099     2.3425 0.0000e+00
     13.000    10.7506   3.629254    32.4824        730     0.5061     2.5098     2.3428 0.0000e+00
     14.000    10.7472   3.629011    32.4825        766     0.5311     2.5096     2.3442 0.0000e+00
     15.000    10.7515   3.629410    32.4823        800     0.5550     2.5079     2.3434 0.0000e+00
     16.000    10.7502   3.629327    32.4822        820     0.5691     2.5049     2.3448 0.0000e+00
     17.000    10.7501   3.629367    32.4821        840     0.5825     2.5023     2.3446 0.0000e+00
     18.000    10.7506   3.629444    32.4821        864     0.5994     2.5005     2.3421 0.0000e+00
     19.000    10.7509   3.629514    32.4821        901     0.6247     2.5015     2.3405 0.0000e+00
     20.000    10.7511   3.629593    32.4823        932     0.6468     2.5064     2.3413 0.0000e+00
     21.000    10.7515   3.629694    32.4825        952     0.6607     2.5066     2.3408 0.0000e+00
     22.000    10.7522   3.629823    32.4827        972     0.6742     2.5068     2.3396 0.0000e+00
     23.000    10.7513   3.629766    32.4826        998     0.6921     2.5052     2.3411 0.0000e+00
     24.000    10.7510   3.629781    32.4825       1037     0.7197     2.5058     2.3431 0.0000e+00
     25.000    10.7514   3.629855    32.4825       1066     0.7393     2.5052     2.3417 0.0000e+00
     26.000    10.7528   3.630034    32.4826       1085     0.7527     2.5035     2.3394 0.0000e+00
     27.000    10.7548   3.630335    32.4834       1105     0.7664     2.5028     2.3376 0.0000e+00
     28.000    10.7583   3.630825    32.4847       1133     0.7863     2.5019     2.3377 0.0000e+00
     29.000    10.7656   3.631800    32.4874       1173     0.8137     2.5017     2.3372 0.0000e+00
     30.000    10.7691   3.632336    32.4893       1197     0.8304     2.5000     2.3382 0.0000e+00
     31.000    10.7674   3.632338    32.4904       1216     0.8436     2.4998     2.3376 0.0000e+00
     32.000    10.7664   3.632688    32.4943       1238     0.8588     2.5003     2.3364 0.0000e+00
     33.000    10.7640   3.633838    32.5075       1273     0.8834     2.4982     2.3344 0.0000e+00
     34.000    10.7552   3.634791    32.5244       1306     0.9059     2.4969     2.3329 0.0000e+00
     35.000    10.7499   3.635168    32.5324       1328     0.9213     2.4956     2.3296 0.0000e+00
     36.000    10.7299   3.637711    32.5751       1350     0.9367     2.4928     2.3250 0.0000e+00
     37.000    10.6233   3.634944    32.6422       1379     0.9570     2.4874     2.3179 0.0000e+00
     38.000    10.5828   3.633531    32.6639       1411     0.9795     2.4709     2.3071 0.0000e+00
     39.000    10.5779   3.633225    32.6648       1437     0.9974     2.4554     2.2962 0.0000e+00
     40.000    10.5562   3.632006    32.6716       1460     1.0130     2.4457     2.2867 0.0000e+00
     41.000    10.5361   3.630815    32.6772       1485     1.0305     2.4378     2.2781 0.0000e+00
     42.000    10.5199   3.629866    32.6819       1516     1.0522     2.4283     2.2692 0.0000e+00
     43.000    10.5008   3.628746    32.6874       1545     1.0726     2.4185     2.2627 0.0000e+00
     44.000    10.4692   3.627084    32.6986       1569     1.0891     2.4125     2.2558 0.0000e+00
     45.000    10.4293   3.625060    32.7137       1594     1.1062     2.4058     2.2507 0.0000e+00
     46.000    10.3301   3.620662    32.7584       1623     1.1263     2.3938     2.2413 0.0000e+00
     47.000    10.2801   3.618076    32.7771       1652     1.1467     2.3753     2.2264 0.0000e+00
     48.000    10.2463   3.616272    32.7889       1678     1.1643     2.3516     2.2066 0.0000e+00
     49.000    10.1971   3.613831    32.8084       1701     1.1804     2.3295     2.1862 0.0000e+00
     50.000    10.1865   3.613335    32.8126       1727     1.1989     2.3100     2.1633 0.0000e+00
     51.000    10.1802   3.613358    32.8181       1761     1.2223     2.2906     2.1430 0.0000e+00
     52.000    10.1297   3.611971    32.8494       1790     1.2420     2.2798     2.1330 0.0000e+00
     53.000    10.0948   3.609986    32.8605       1811     1.2569     2.2738     2.1276 0.0000e+00
     54.000    10.0718   3.608317    32.8641       1832     1.2716     2.2677     2.1215 0.0000e+00
     55.000    10.0565   3.607512    32.8694       1859     1.2902     2.2607     2.1132 0.0000e+00
     56.000    10.0334   3.605993    32.8745       1893     1.3138     2.2529     2.1036 0.0000e+00
     57.000     9.9911   3.603547    32.8878       1922     1.3338     2.2484     2.0979 0.0000e+00
     58.000     9.9629   3.601734    32.8945       1946     1.3507     2.2449     2.0935 0.0000e+00
     59.000     9.9412   3.600308    32.8994       1969     1.3670     2.2395     2.0886 0.0000e+00
     60.000     9.9287   3.599458    32.9017       1993     1.3835     2.2335     2.0843 0.0000e+00
     61.000     9.8955   3.597516    32.9118       2020     1.4020     2.2273     2.0800 0.0000e+00
     62.000     9.8431   3.594681    32.9303       2053     1.4251     2.2193     2.0735 0.0000e+00
     63.000     9.8062   3.592730    32.9437       2082     1.4454     2.2128     2.0692 0.0000e+00
     64.000     9.7618   3.590772    32.9639       2104     1.4601     2.2071     2.0657 0.0000e+00
     65.000     9.6782   3.587456    33.0063       2124     1.4743     2.2012     2.0613 0.0000e+00
     66.000     9.6446   3.587724    33.0394       2153     1.4943     2.1927     2.0531 0.0000e+00
     67.000     9.6844   3.594906    33.0758       2190     1.5201     2.1823     2.0388 0.0000e+00
     68.000     9.7279   3.601921    33.1072       2216     1.5383     2.1779     2.0313 0.0000e+00
     69.000     9.6151   3.592385    33.1130       2237     1.5526     2.1752     2.0283 0.0000e+00
     70.000     9.5385   3.587184    33.1298       2258     1.5677     2.1684     2.0237 0.0000e+00
     71.000     9.5419   3.588442    33.1391       2288     1.5885     2.1576     2.0163 0.0000e+00
     72.000     9.5641   3.590955    33.1440       2324     1.6129     2.1485     2.0075 0.0000e+00
     73.000     9.6064   3.595300    33.1491       2349     1.6302     2.1452     2.0037 0.0000e+00
     74.000     9.6196   3.597221    33.1561       2372     1.6462     2.1432     2.0011 0.0000e+00
     75.000     9.6000   3.597014    33.1716       2398     1.6644     2.1401     1.9998 0.0000e+00
     76.000     9.6000   3.597414    33.1753       2427     1.6850     2.1388     1.9983 0.0000e+00
     77.000     9.5850   3.596359    33.1779       2457     1.7058     2.1375     1.9954 0.0000e+00
     78.000     9.5173   3.590301    33.1778       2484     1.7242     2.1343     1.9939 0.0000e+00
     79.000     9.4550   3.584864    33.1791       2508     1.7410     2.1306     1.9928 0.0000e+00
     80.000     9.4219   3.582747    33.1876       2534     1.7588     2.1273     1.9912 0.0000e+00
     81.000     9.3915   3.580673    33.1939       2564     1.7798     2.1256     1.9885 0.0000e+00
     82.000     9.3783   3.579734    33.1960       2596     1.8020     2.1228     1.9839 0.0000e+00
     83.000     9.3646   3.578784    33.1984       2621     1.8196     2.1213     1.9790 0.0000e+00
     84.000     9.3462   3.577536    33.2022       2643     1.8348     2.1186     1.9766 0.0000e+00
     85.000     9.3273   3.576755    33.2113       2667     1.8516     2.1159     1.9751 0.0000e+00
     86.000     9.3214   3.576718    33.2159       2700     1.8743     2.1137     1.9707 0.0000e+00
     87.000     9.3140   3.576459    33.2196       2734     1.8976     2.1102     1.9681 0.0000e+00
     88.000     9.2937   3.575520    33.2284       2758     1.9145     2.1075     1.9671 0.0000e+00
     89.000     9.2844   3.575541    33.2367       2780     1.9299     2.1060     1.9660 0.0000e+00
     90.000     9.2718   3.575443    33.2470       2805     1.9474     2.1032     1.9639 0.0000e+00
     91.000     9.2655   3.575300    33.2510       2835     1.9681     2.0974     1.9610 0.0000e+00
     92.000     9.2555   3.574902    33.2556       2867     1.9901     2.0937     1.9585 0.0000e+00
     93.000     9.2273   3.573684    33.2688       2895     2.0100     2.0917     1.9565 0.0000e+00
     94.000     9.1642   3.571816    33.3078       2919     2.0264     2.0896     1.9529 0.0000e+00
     95.000     9.1515   3.573685    33.3387       2943     2.0431     2.0863     1.9507 0.0000e+00
     96.000     9.1206   3.575181    33.3827       2974     2.0644     2.0816     1.9463 0.0000e+00
     97.000     9.0759   3.573561    33.4073       3005     2.0861     2.0742     1.9387 0.0000e+00
     98.000     9.0499   3.573385    33.4294       3028     2.1022     2.0679     1.9343 0.0000e+00
     99.000     9.0403   3.573449    33.4387       3051     2.1184     2.0617     1.9292 0.0000e+00
    100.000     9.0303   3.573678    33.4499       3082     2.1397     2.0537     1.9211 0.0000e+00
    101.000     9.0285   3.574103    33.4556       3114     2.1618     2.0454     1.9139 0.0000e+00
    102.000     9.0233   3.574594    33.4652       3138     2.1784     2.0415     1.9100 0.0000e+00
    103.000     9.0164   3.574814    33.4734       3161     2.1945     2.0386     1.9076 0.0000e+00
    104.000     9.0125   3.575092    33.4795       3191     2.2153     2.0344     1.9047 0.0000e+00
    105.000     9.0014   3.575413    33.4929       3225     2.2390     2.0321     1.9020 0.0000e+00
    106.000     8.9936   3.575843    33.5043       3250     2.2562     2.0296     1.8992 0.0000e+00
    107.000     8.9869   3.576149    33.5133       3274     2.2730     2.0276     1.8959 0.0000e+00
    108.000     8.9599   3.577529    33.5526       3301     2.2916     2.0246     1.8923 0.0000e+00
    109.000     8.9476   3.578887    33.5780       3329     2.3111     2.0225     1.8897 0.0000e+00
    110.000     8.9505   3.580275    33.5893       3357     2.3304     2.0191     1.8862 0.0000e+00
    111.000     8.9531   3.581007    33.5940       3383     2.3488     2.0130     1.8812 0.0000e+00
    112.000     8.9449   3.580785    33.5989       3410     2.3674     2.0069     1.8766 0.0000e+00
    113.000     8.9374   3.580725    33.6050       3440     2.3879     2.0028     1.8721 0.0000e+00
    114.000     8.9350   3.581480    33.6147       3470     2.4093     2.0011     1.8680 0.0000e+00
    115.000     8.9255   3.581543    33.6238       3496     2.4272     1.9985     1.8651 0.0000e+00
    116.000     8.9059   3.580687    33.6329       3519     2.4431     1.9966     1.8629 0.0000e+00
    117.000     8.8926   3.580158    33.6396       3547     2.4623     1.9933     1.8605 0.0000e+00
    118.000     8.8745   3.578869    33.6428       3580     2.4852     1.9905     1.8573 0.0000e+00
    119.000     8.8681   3.579016    33.6500       3606     2.5033     1.9881     1.8559 0.0000e+00
    120.000     8.8673   3.579232    33.6525       3628     2.5189     1.9864     1.8541 0.0000e+00
    121.000     8.8617   3.578969    33.6545       3654     2.5365     1.9847     1.8525 0.0000e+00
    122.000     8.8616   3.579112    33.6557       3686     2.5594     1.9822     1.8504 0.0000e+00
    123.000     8.8654   3.579704    33.6579       3717     2.5809     1.9781     1.8489 0.0000e+00
    124.000     8.8642   3.579801    33.6595       3741     2.5969     1.9773     1.8495 0.0000e+00
    125.000     8.8514   3.578996    33.6628       3763     2.6127     1.9761     1.8484 0.0000e+00
    126.000     8.8296   3.577642    33.6688       3794     2.6337     1.9734     1.8471 0.0000e+00
    127.000     8.8179   3.576924    33.6719       3827     2.6569     1.9732     1.8460 0.0000e+00
    128.000     8.8042   3.576062    33.6755       3851     2.6738     1.9728     1.8449 0.0000e+00
    129.000     8.8052   3.576120    33.6746       3874     2.6895     1.9736     1.8439 0.0000e+00
    130.000     8.7824   3.574845    33.6825       3901     2.7081     1.9727     1.8425 0.0000e+00
    131.000     8.7748   3.574417    33.6847       3931     2.7292     1.9694     1.8414 0.0000e+00
    132.000     8.7765   3.574570    33.6843       3960     2.7490     1.9665     1.8410 0.0000e+00
    133.000     8.7555   3.573502    33.6925       3986     2.7672     1.9662     1.8400 0.0000e+00
    134.000     8.7383   3.572706    33.7001       4011     2.7850     1.9654     1.8380 0.0000e+00
    135.000     8.7286   3.572285    33.7044       4037     2.8027     1.9634     1.8374 0.0000e+00
    136.000     8.6758   3.569843    33.7286       4064     2.8214     1.9610     1.8361 0.0000e+00
    137.000     8.6419   3.567914    33.7401       4092     2.8410     1.9571     1.8337 0.0000e+00
    138.000     8.6356   3.567665    33.7430       4118     2.8592     1.9527     1.8320 0.0000e+00
    139.000     8.5927   3.565778    33.7637       4145     2.8780     1.9502     1.8295 0.0000e+00
    140.000     8.5366   3.563954    33.7976       4176     2.8992     1.9483     1.8260 0.0000e+00
    141.000     8.5238   3.562927    33.7986       4202     2.9175     1.9448     1.8221 0.0000e+00
    142.000     8.5035   3.561930    33.8070       4224     2.9324     1.9415     1.8190 0.0000e+00
    143.000     8.5010   3.562787    33.8180       4247     2.9486     1.9389     1.8156 0.0000e+00
    144.000     8.4994   3.563602    33.8277       4280     2.9714     1.9361     1.8123 0.0000e+00
    145.000     8.4944   3.564461    33.8410       4312     2.9941     1.9347     1.8098 0.0000e+00
    146.000     8.4532   3.563244    33.8673       4334     3.0093     1.9331     1.8081 0.0000e+00
    147.000     8.3927   3.559050    33.8806       4355     3.0236     1.9299     1.8051 0.0000e+00
    148.000     8.3758   3.557971    33.8849       4380     3.0410     1.9251     1.8008 0.0000e+00
    149.000     8.3085   3.552695    33.8932       4413     3.0639     1.9186     1.7963 0.0000e+00
    150.000     8.2587   3.548521    33.8964       4443     3.0848     1.9140     1.7910 0.0000e+00
    151.000     8.2493   3.547816    33.8975       4466     3.1004     1.9108     1.7866 0.0000e+00
    152.000     8.2476   3.547697    33.8974       4487     3.1153     1.9078     1.7832 0.0000e+00
    153.000     8.2452   3.547594    33.8982       4515     3.1346     1.9057     1.7808 0.0000e+00
    154.000     8.2432   3.547552    33.8992       4549     3.1581     1.9026     1.7788 0.0000e+00
    155.000     8.2419   3.547549    33.9000       4573     3.1752     1.9007     1.7776 0.0000e+00
    156.000     8.2415   3.547566    33.9000       4594     3.1898     1.8994     1.7763 0.0000e+00
    157.000     8.2403   3.548094    33.9063       4620     3.2076     1.8977     1.7754 0.0000e+00
    158.000     8.2400   3.548258    33.9079       4653     3.2305     1.8974     1.7736 0.0000e+00
    159.000     8.2425   3.549127    33.9142       4679     3.2483     1.8979     1.7733 0.0000e+00
    160.000     8.2425   3.549169    33.9142       4700     3.2629     1.8981     1.7732 0.0000e+00
    161.000     8.2432   3.549356    33.9151       4723     3.2791     1.8970     1.7731 0.0000e+00
    162.000     8.2431   3.549360    33.9147       4751     3.2985     1.8965     1.7736 0.0000e+00
