HB2407/CTD212.cnv
* Sea-Bird SBE 9 Data File:
* FileName = C:\cruise\data\CTD212.hex
* Software Version Seasave V 7.26.7.121
* Temperature SN = 4591
* Conductivity SN = 6006
* Number of Bytes Per Scan = 37
* Number of Voltage Words = 4
* Number of Scans Averaged by the Deck Unit = 1
* NMEA Latitude = 43 39.84 N
* NMEA Longitude = 068 53.24 W
* NMEA UTC (Time) = Nov 06 2024 02:41:56
* NMEA baud rate = 4800
** Ship: Bigelow HB2407
** Program:  Fall Bottom Trawl Survey
** Chief Scientist: John Galbraith
# nquan = 9
# nvalues = 209                         
# units = specified
# name 0 = depSM: Depth [salt water, m]
# name 1 = t090C: Temperature [ITS-90, deg C]
# name 2 = c0S/m: Conductivity [S/m]
# name 3 = sal00: Salinity, Practical [PSU]
# name 4 = scan: Scan Count
# name 5 = timeM: Time, Elapsed [minutes]
# name 6 = sbeox0V: Oxygen raw, SBE 43 [V]
# name 7 = sbeox1V: Oxygen raw, SBE 43, 2 [V]
# name 8 = flag: flag
# span 0 =      3.000,    107.000       
# span 1 =     9.2038,    11.2228       
# span 2 =   3.557786,   3.669097       
# span 3 =    32.4549,    33.1232       
# span 4 =        103,       7841       
# span 5 =     0.0706,     5.4442       
# span 6 =     1.9893,     2.5372       
# span 7 =     1.8578,     2.3655       
# span 8 = 0.0000e+00, 0.0000e+00       
# interval = meters: 1                  
# start_time = Nov 06 2024 02:41:56 [NMEA time, header]
# bad_flag = -9.990e-29
*END*
[from data line 161]
     50.000    10.5694   3.635152    32.6869       5683     3.9456     2.2027     2.0508 0.0000e+00
     49.000    10.6455   3.639540    32.6630       5715     3.9678     2.2144     2.0636 0.0000e+00
     48.000    10.7287   3.644551    32.6391       5740     3.9857     2.2248     2.0713 0.0000e+00
     47.000    10.7964   3.648167    32.6151       5764     4.0023     2.2341     2.0793 0.0000e+00
     46.000    10.9120   3.653866    32.5693       5795     4.0238     2.2556     2.0921 0.0000e+00
     45.000    11.0236   3.658048    32.5122       5833     4.0497     2.2920     2.1152 0.0000e+00
     44.000    11.1112   3.662042    32.4746       5860     4.0687     2.3234     2.1412 0.0000e+00
     43.000    11.1231   3.662669    32.4707       5884     4.0853     2.3516     2.1681 0.0000e+00
     42.000    11.1295   3.663126    32.4700       5911     4.1042     2.3907     2.2060 0.0000e+00
     41.000    11.1347   3.663411    32.4686       5941     4.1248     2.4221     2.2429 0.0000e+00
     40.000    11.1486   3.664045    32.4630       5969     4.1442     2.4403     2.2649 0.0000e+00
     39.000    11.1529   3.664252    32.4617       5998     4.1644     2.4525     2.2810 0.0000e+00
     38.000    11.1531   3.664210    32.4615       6034     4.1895     2.4641     2.2952 0.0000e+00
     37.000    11.1588   3.664463    32.4595       6065     4.2112     2.4700     2.3032 0.0000e+00
     36.000    11.1606   3.664569    32.4593       6087     4.2265     2.4754     2.3063 0.0000e+00
     35.000    11.1621   3.664617    32.4589       6108     4.2410     2.4804     2.3087 0.0000e+00
     34.000    11.1659   3.664850    32.4583       6135     4.2595     2.4811     2.3120 0.0000e+00
     33.000    11.1680   3.664975    32.4581       6169     4.2836     2.4855     2.3149 0.0000e+00
     32.000    11.1724   3.665245    32.4572       6199     4.3045     2.4890     2.3162 0.0000e+00
     31.000    11.1794   3.665773    32.4567       6225     4.3225     2.4886     2.3180 0.0000e+00
     30.000    11.1872   3.666341    32.4558       6253     4.3416     2.4908     2.3202 0.0000e+00
     29.000    11.1918   3.666722    32.4560       6281     4.3611     2.4929     2.3232 0.0000e+00
     28.000    11.1960   3.667030    32.4558       6306     4.3784     2.4985     2.3257 0.0000e+00
     27.000    11.1983   3.667190    32.4558       6328     4.3937     2.5049     2.3289 0.0000e+00
     26.000    11.2002   3.667357    32.4561       6352     4.4102     2.5046     2.3322 0.0000e+00
     25.000    11.1983   3.667200    32.4566       6385     4.4334     2.5052     2.3386 0.0000e+00
     24.000    11.2078   3.667841    32.4550       6424     4.4607     2.5082     2.3416 0.0000e+00
     23.000    11.2161   3.668523    32.4549       6449     4.4778     2.5106     2.3441 0.0000e+00
     22.000    11.2171   3.668589    32.4551       6470     4.4927     2.5157     2.3456 0.0000e+00
     21.000    11.2176   3.668613    32.4553       6496     4.5101     2.5197     2.3483 0.0000e+00
     20.000    11.2178   3.668620    32.4556       6530     4.5343     2.5212     2.3506 0.0000e+00
     19.000    11.2181   3.668610    32.4556       6567     4.5598     2.5239     2.3542 0.0000e+00
     18.000    11.2195   3.668685    32.4556       6596     4.5799     2.5254     2.3555 0.0000e+00
     17.000    11.2196   3.668665    32.4558       6621     4.5971     2.5261     2.3558 0.0000e+00
     16.000    11.2195   3.668637    32.4560       6645     4.6136     2.5286     2.3558 0.0000e+00
     15.000    11.2196   3.668607    32.4560       6672     4.6327     2.5280     2.3574 0.0000e+00
     14.000    11.2196   3.668581    32.4562       6712     4.6602     2.5277     2.3589 0.0000e+00
     13.000    11.2196   3.668541    32.4562       6748     4.6852     2.5308     2.3594 0.0000e+00
     12.000    11.2197   3.668509    32.4562       6769     4.7001     2.5285     2.3592 0.0000e+00
     11.000    11.2195   3.668460    32.4564       6788     4.7132     2.5283     2.3597 0.0000e+00
     10.000    11.2195   3.668421    32.4564       6809     4.7279     2.5310     2.3598 0.0000e+00
      9.000    11.2199   3.668425    32.4565       6845     4.7528     2.5314     2.3590 0.0000e+00
      8.000    11.2204   3.668428    32.4565       6888     4.7824     2.5293     2.3587 0.0000e+00
      7.000    11.2202   3.668379    32.4566       6911     4.7989     2.5274     2.3610 0.0000e+00
      6.000    11.2202   3.668403    32.4573       7440     5.1660     2.5322     2.3636 0.0000e+00
      5.000    11.2203   3.668382    32.4574       7752     5.3825     2.5269     2.3626 0.0000e+00
      4.000    11.2200   3.668299    32.4573       7794     5.4116     2.5273     2.3626 0.0000e+00
      3.000    11.2196   3.668233    32.4574       7841     5.4442     2.5337     2.3593 0.0000e+00
