HB2407/CTD246.cnv
* Sea-Bird SBE 9 Data File:
* FileName = C:\cruise\data\CTD246.hex
* Software Version Seasave V 7.26.7.121
* Temperature SN = 4591
* Conductivity SN = 6006
* Number of Bytes Per Scan = 37
* Number of Voltage Words = 4
* Number of Scans Averaged by the Deck Unit = 1
* NMEA Latitude = 42 16.80 N
* NMEA Longitude = 070 26.25 W
* NMEA UTC (Time) = Nov 11 2024 12:33:32
* NMEA baud rate = 4800
** Ship: Bigelow HB2407
** Program:  Fall Bottom Trawl Survey
** Chief Scientist: John Galbraith
# nquan = 9
# nvalues = 149                         
# units = specified
# name 0 = depSM: Depth [salt water, m]
# name 1 = t090C: Temperature [ITS-90, deg C]
# name 2 = c0S/m: Conductivity [S/m]
# name 3 = sal00: Salinity, Practical [PSU]
# name 4 = scan: Scan Count
# name 5 = timeM: Time, Elapsed [minutes]
# name 6 = sbeox0V: Oxygen raw, SBE 43 [V]
# name 7 = sbeox1V: Oxygen raw, SBE 43, 2 [V]
# name 8 = flag: flag
# span 0 =      3.000,     77.000       
# span 1 =    10.1093,    12.1146       
# span 2 =   3.566963,   3.701930       
# span 3 =    31.9934,    32.5068       
# span 4 =        205,       4767       
# span 5 =     0.1413,     3.3095       
# span 6 =     1.9143,     2.4999       
# span 7 =     1.7867,     2.3356       
# span 8 = 0.0000e+00, 0.0000e+00       
# interval = meters: 1                  
# start_time = Nov 11 2024 12:33:32 [NMEA time, header]
# bad_flag = -9.990e-29
*END*
      3.000    12.1132   3.701225    32.0021        205     0.1413     2.4996     2.3356 0.0000e+00
      4.000    12.1124   3.701229    32.0023        415     0.2879     2.4963     2.3299 0.0000e+00
      5.000    12.1146   3.701451    32.0022        438     0.3031     2.4975     2.3292 0.0000e+00
      6.000    12.1128   3.701357    32.0024        464     0.3214     2.4973     2.3270 0.0000e+00
      7.000    12.1127   3.701371    32.0022        492     0.3412     2.4969     2.3305 0.0000e+00
      8.000    12.1109   3.701282    32.0024        518     0.3593     2.4975     2.3322 0.0000e+00
      9.000    12.1114   3.701354    32.0024        542     0.3760     2.4976     2.3308 0.0000e+00
     10.000    12.1111   3.701380    32.0024        569     0.3945     2.4992     2.3325 0.0000e+00
     11.000    12.1109   3.701394    32.0023        598     0.4146     2.4994     2.3332 0.0000e+00
     12.000    12.1107   3.701436    32.0025        625     0.4330     2.4981     2.3334 0.0000e+00
     13.000    12.1096   3.701386    32.0025        651     0.4510     2.4971     2.3351 0.0000e+00
     14.000    12.1085   3.701334    32.0026        679     0.4706     2.4977     2.3335 0.0000e+00
     15.000    12.1089   3.701402    32.0025        707     0.4903     2.4991     2.3290 0.0000e+00
     16.000    12.1084   3.701416    32.0026        733     0.5086     2.4999     2.3276 0.0000e+00
     17.000    12.1076   3.701227    32.0011        759     0.5261     2.4981     2.3265 0.0000e+00
     18.000    12.1078   3.701443    32.0026        784     0.5436     2.4935     2.3279 0.0000e+00
     19.000    12.1063   3.701336    32.0024        810     0.5621     2.4921     2.3307 0.0000e+00
     20.000    12.1064   3.701400    32.0026        837     0.5806     2.4926     2.3304 0.0000e+00
     21.000    12.1065   3.701454    32.0026        863     0.5983     2.4926     2.3294 0.0000e+00
     22.000    12.1068   3.701501    32.0023        889     0.6170     2.4899     2.3270 0.0000e+00
     23.000    12.1064   3.701534    32.0026        919     0.6375     2.4902     2.3239 0.0000e+00
     24.000    12.1067   3.701586    32.0024        946     0.6563     2.4926     2.3234 0.0000e+00
     25.000    12.1047   3.701405    32.0020        970     0.6728     2.4907     2.3218 0.0000e+00
     26.000    12.1044   3.701472    32.0025        996     0.6911     2.4907     2.3208 0.0000e+00
     27.000    12.1065   3.701697    32.0025       1026     0.7120     2.4885     2.3202 0.0000e+00
     28.000    12.1063   3.701724    32.0025       1053     0.7307     2.4889     2.3182 0.0000e+00
     29.000    12.1071   3.701833    32.0025       1077     0.7475     2.4870     2.3211 0.0000e+00
     30.000    12.1078   3.701930    32.0024       1102     0.7647     2.4885     2.3226 0.0000e+00
     31.000    12.0996   3.701285    32.0027       1130     0.7840     2.4901     2.3212 0.0000e+00
     32.000    12.0960   3.701024    32.0029       1159     0.8043     2.4887     2.3229 0.0000e+00
     33.000    12.0950   3.700994    32.0031       1185     0.8224     2.4880     2.3249 0.0000e+00
     34.000    12.0926   3.700856    32.0034       1209     0.8391     2.4879     2.3238 0.0000e+00
     35.000    12.0908   3.700755    32.0036       1236     0.8579     2.4896     2.3221 0.0000e+00
     36.000    12.0904   3.700762    32.0035       1267     0.8789     2.4904     2.3234 0.0000e+00
     37.000    12.0870   3.700571    32.0043       1293     0.8974     2.4885     2.3222 0.0000e+00
     38.000    12.0832   3.700416    32.0056       1318     0.9148     2.4861     2.3193 0.0000e+00
     39.000    12.0778   3.700226    32.0080       1345     0.9334     2.4835     2.3157 0.0000e+00
     40.000    12.0752   3.700468    32.0121       1372     0.9524     2.4828     2.3163 0.0000e+00
     41.000    12.0688   3.700711    32.0195       1398     0.9705     2.4836     2.3161 0.0000e+00
     42.000    11.9614   3.695322    32.0594       1423     0.9878     2.4808     2.3141 0.0000e+00
     43.000    11.8851   3.692743    32.0998       1451     1.0069     2.4714     2.3070 0.0000e+00
     44.000    11.8408   3.691325    32.1239       1482     1.0281     2.4424     2.2867 0.0000e+00
     45.000    11.5761   3.676308    32.2068       1509     1.0469     2.4164     2.2607 0.0000e+00
     46.000    11.5068   3.671825    32.2229       1532     1.0635     2.3926     2.2392 0.0000e+00
     47.000    11.3289   3.659115    32.2533       1558     1.0810     2.3617     2.2130 0.0000e+00
     48.000    11.1171   3.644825    32.2980       1587     1.1010     2.3262     2.1808 0.0000e+00
     49.000    10.8594   3.625526    32.3336       1615     1.1211     2.2816     2.1435 0.0000e+00
     50.000    10.7428   3.616692    32.3485       1641     1.1390     2.2340     2.1033 0.0000e+00
     51.000    10.6939   3.613057    32.3551       1668     1.1574     2.1896     2.0605 0.0000e+00
     52.000    10.6417   3.608604    32.3566       1694     1.1760     2.1536     2.0227 0.0000e+00
     53.000    10.6073   3.606770    32.3683       1720     1.1937     2.1281     1.9963 0.0000e+00
     54.000    10.4987   3.599154    32.3882       1746     1.2118     2.1081     1.9780 0.0000e+00
     55.000    10.3573   3.585686    32.3786       1774     1.2310     2.0891     1.9604 0.0000e+00
     56.000    10.2712   3.577820    32.3759       1801     1.2497     2.0692     1.9426 0.0000e+00
     57.000    10.2488   3.576604    32.3832       1827     1.2684     2.0464     1.9209 0.0000e+00
     58.000    10.1981   3.572810    32.3898       1855     1.2876     2.0262     1.8988 0.0000e+00
     59.000    10.1903   3.572900    32.3973       1883     1.3070     2.0103     1.8802 0.0000e+00
     60.000    10.1997   3.574022    32.3998       1910     1.3254     1.9949     1.8667 0.0000e+00
     61.000    10.2073   3.574696    32.3993       1934     1.3425     1.9836     1.8574 0.0000e+00
     62.000    10.2391   3.578858    32.4125       1959     1.3599     1.9782     1.8502 0.0000e+00
     63.000    10.2060   3.576000    32.4128       1986     1.3782     1.9756     1.8443 0.0000e+00
     64.000    10.1736   3.573189    32.4129       2013     1.3970     1.9744     1.8419 0.0000e+00
     65.000    10.1093   3.566963    32.4072       2043     1.4182     1.9678     1.8375 0.0000e+00
     66.000    10.1119   3.567518    32.4101       2073     1.4386     1.9561     1.8272 0.0000e+00
     67.000    10.1219   3.568966    32.4153       2097     1.4558     1.9418     1.8140 0.0000e+00
     68.000    10.1393   3.571062    32.4204       2123     1.4738     1.9293     1.8008 0.0000e+00
     69.000    10.1418   3.571573    32.4229       2152     1.4937     1.9209     1.7931 0.0000e+00
     70.000    10.1654   3.574112    32.4270       2179     1.5123     1.9190     1.7891 0.0000e+00
     71.000    10.2335   3.582080    32.4459       2204     1.5297     1.9192     1.7867 0.0000e+00
     72.000    10.2908   3.588595    32.4598       2230     1.5476     1.9217     1.7875 0.0000e+00
     73.000    10.3121   3.592126    32.4759       2257     1.5668     1.9317     1.7956 0.0000e+00
     74.000    10.3049   3.593798    32.4987       2285     1.5862     1.9473     1.8102 0.0000e+00
     75.000    10.2826   3.592459    32.5047       2312     1.6050     1.9604     1.8228 0.0000e+00
     76.000    10.2706   3.591579    32.5062       2340     1.6244     1.9692     1.8300 0.0000e+00
     77.000    10.2495   3.589812    32.5068       2632     1.8271     1.9537     1.8254 0.0000e+00
     76.000    10.2557   3.590260    32.5062       2755     1.9124     1.9558     1.8235 0.0000e+00
     75.000    10.2607   3.590481    32.5045       2794     1.9398     1.9549     1.8237 0.0000e+00
     74.000    10.2729   3.591280    32.5020       2820     1.9575     1.9535     1.8228 0.0000e+00
     73.000    10.2841   3.592079    32.5005       2846     1.9755     1.9542     1.8231 0.0000e+00
     72.000    10.2951   3.592760    32.4979       2872     1.9935     1.9573     1.8259 0.0000e+00
     71.000    10.3094   3.592919    32.4871       2898     2.0115     1.9615     1.8300 0.0000e+00
     70.000    10.3002   3.591128    32.4778       2923     2.0293     1.9649     1.8332 0.0000e+00
     69.000    10.2640   3.586430    32.4633       2948     2.0469     1.9696     1.8369 0.0000e+00
     68.000    10.2147   3.580669    32.4498       2974     2.0643     1.9684     1.8399 0.0000e+00
     67.000    10.1888   3.577246    32.4389       2999     2.0818     1.9580     1.8385 0.0000e+00
     66.000    10.1543   3.572914    32.4265       3024     2.0992     1.9442     1.8328 0.0000e+00
     65.000    10.1423   3.571121    32.4197       3049     2.1167     1.9341     1.8221 0.0000e+00
     64.000    10.1298   3.569391    32.4138       3076     2.1355     1.9256     1.8100 0.0000e+00
     63.000    10.1201   3.567458    32.4034       3103     2.1542     1.9192     1.8011 0.0000e+00
     62.000    10.1457   3.569350    32.4000       3128     2.1718     1.9143     1.7943 0.0000e+00
     61.000    10.1826   3.572506    32.3993       3154     2.1897     1.9153     1.7894 0.0000e+00
     60.000    10.2017   3.574155    32.3993       3183     2.2094     1.9250     1.7901 0.0000e+00
     59.000    10.2108   3.574680    32.3969       3210     2.2282     1.9365     1.7959 0.0000e+00
     58.000    10.2043   3.573649    32.3928       3234     2.2452     1.9458     1.8057 0.0000e+00
     57.000    10.1954   3.572327    32.3878       3257     2.2613     1.9522     1.8133 0.0000e+00
     56.000    10.2021   3.572094    32.3799       3282     2.2784     1.9555     1.8193 0.0000e+00
     55.000    10.2261   3.572832    32.3664       3309     2.2972     1.9577     1.8234 0.0000e+00
     54.000    10.2752   3.575752    32.3524       3336     2.3160     1.9643     1.8279 0.0000e+00
     53.000    10.3611   3.583220    32.3513       3363     2.3350     1.9753     1.8330 0.0000e+00
     52.000    10.5233   3.596195    32.3377       3391     2.3543     1.9919     1.8419 0.0000e+00
     51.000    10.5830   3.601146    32.3346       3416     2.3718     2.0122     1.8532 0.0000e+00
     50.000    10.6404   3.605512    32.3278       3441     2.3889     2.0297     1.8686 0.0000e+00
     49.000    10.7235   3.611385    32.3132       3468     2.4075     2.0456     1.8883 0.0000e+00
     48.000    10.8388   3.619714    32.2946       3495     2.4262     2.0618     1.9069 0.0000e+00
     47.000    10.9758   3.629355    32.2698       3520     2.4436     2.0788     1.9221 0.0000e+00
     46.000    11.1863   3.643332    32.2235       3545     2.4612     2.1032     1.9375 0.0000e+00
     45.000    11.3649   3.656627    32.1984       3571     2.4792     2.1414     1.9591 0.0000e+00
     44.000    11.4604   3.663984    32.1876       3597     2.4975     2.1856     1.9892 0.0000e+00
     43.000    11.6089   3.672779    32.1448       3624     2.5160     2.2267     2.0259 0.0000e+00
     42.000    11.7974   3.683487    32.0862       3650     2.5338     2.2572     2.0629 0.0000e+00
     41.000    11.8941   3.688182    32.0488       3676     2.5519     2.2895     2.0960 0.0000e+00
     40.000    11.9846   3.692509    32.0132       3703     2.5708     2.3293     2.1302 0.0000e+00
     39.000    12.0164   3.694663    32.0070       3730     2.5893     2.3626     2.1649 0.0000e+00
     38.000    12.0427   3.696204    31.9997       3756     2.6078     2.3930     2.2003 0.0000e+00
     37.000    12.0513   3.696605    31.9966       3782     2.6255     2.4184     2.2314 0.0000e+00
     36.000    12.0642   3.697390    31.9936       3807     2.6429     2.4382     2.2545 0.0000e+00
     35.000    12.0711   3.697945    31.9934       3834     2.6619     2.4531     2.2726 0.0000e+00
     34.000    12.0726   3.698133    31.9943       3863     2.6821     2.4638     2.2853 0.0000e+00
     33.000    12.0773   3.698405    31.9934       3890     2.7005     2.4695     2.2949 0.0000e+00
     32.000    12.0797   3.698745    31.9950       3916     2.7184     2.4742     2.2996 0.0000e+00
     31.000    12.0849   3.699138    31.9947       3941     2.7363     2.4749     2.3047 0.0000e+00
     30.000    12.0873   3.699316    31.9948       3966     2.7534     2.4781     2.3069 0.0000e+00
     29.000    12.0901   3.699565    31.9952       3991     2.7710     2.4814     2.3095 0.0000e+00
     28.000    12.0922   3.699763    31.9957       4019     2.7903     2.4833     2.3138 0.0000e+00
     27.000    12.0931   3.699838    31.9960       4046     2.8093     2.4865     2.3150 0.0000e+00
     26.000    12.0940   3.699919    31.9965       4073     2.8278     2.4873     2.3175 0.0000e+00
     25.000    12.0948   3.699985    31.9969       4100     2.8466     2.4888     2.3179 0.0000e+00
     24.000    12.0982   3.700255    31.9969       4126     2.8646     2.4926     2.3175 0.0000e+00
     23.000    12.0997   3.700404    31.9975       4150     2.8814     2.4931     2.3178 0.0000e+00
     22.000    12.0998   3.700428    31.9980       4175     2.8987     2.4907     2.3148 0.0000e+00
     21.000    12.1013   3.700518    31.9980       4202     2.9175     2.4886     2.3156 0.0000e+00
     20.000    12.1014   3.700535    31.9986       4230     2.9366     2.4903     2.3175 0.0000e+00
     19.000    12.1024   3.700598    31.9986       4256     2.9548     2.4933     2.3173 0.0000e+00
     18.000    12.1027   3.700604    31.9989       4282     2.9730     2.4931     2.3174 0.0000e+00
     17.000    12.1028   3.700600    31.9991       4309     2.9918     2.4937     2.3192 0.0000e+00
     16.000    12.1045   3.700670    31.9988       4336     3.0102     2.4936     2.3223 0.0000e+00
     15.000    12.1062   3.700796    31.9989       4361     3.0281     2.4933     2.3219 0.0000e+00
     14.000    12.1084   3.700996    31.9994       4388     3.0468     2.4933     2.3201 0.0000e+00
     13.000    12.1083   3.700984    31.9998       4415     3.0654     2.4943     2.3206 0.0000e+00
     12.000    12.1086   3.700969    31.9998       4440     3.0825     2.4948     2.3209 0.0000e+00
     11.000    12.1088   3.700941    31.9998       4465     3.1002     2.4951     2.3209 0.0000e+00
     10.000    12.1086   3.700858    31.9995       4494     3.1201     2.4975     2.3256 0.0000e+00
      9.000    12.1087   3.700893    32.0002       4521     3.1390     2.4989     2.3265 0.0000e+00
      8.000    12.1094   3.700933    32.0004       4545     3.1555     2.4984     2.3289 0.0000e+00
      7.000    12.1091   3.700866    32.0004       4571     3.1737     2.4999     2.3287 0.0000e+00
      6.000    12.1084   3.700795    32.0007       4602     3.1950     2.4988     2.3275 0.0000e+00
      5.000    12.1089   3.700774    32.0005       4627     3.2127     2.4975     2.3283 0.0000e+00
      4.000    12.1105   3.700637    31.9982       4652     3.2302     2.4971     2.3273 0.0000e+00
      3.000    12.1105   3.700824    32.0004       4767     3.3095     2.4962     2.3284 0.0000e+00
