HB2407/CTD211.cnv
* Sea-Bird SBE 9 Data File:
* FileName = C:\cruise\data\CTD211.hex
* Software Version Seasave V 7.26.7.121
* Temperature SN = 4591
* Conductivity SN = 6006
* Number of Bytes Per Scan = 37
* Number of Voltage Words = 4
* Number of Scans Averaged by the Deck Unit = 1
* NMEA Latitude = 43 52.90 N
* NMEA Longitude = 068 24.97 W
* NMEA UTC (Time) = Nov 05 2024 17:10:38
* NMEA baud rate = 4800
** Ship: Bigelow HB2407
** Program:  Fall Bottom Trawl Survey
** Chief Scientist: John Galbraith
# nquan = 9
# nvalues = 221                         
# units = specified
# name 0 = depSM: Depth [salt water, m]
# name 1 = t090C: Temperature [ITS-90, deg C]
# name 2 = c0S/m: Conductivity [S/m]
# name 3 = sal00: Salinity, Practical [PSU]
# name 4 = scan: Scan Count
# name 5 = timeM: Time, Elapsed [minutes]
# name 6 = sbeox0V: Oxygen raw, SBE 43 [V]
# name 7 = sbeox1V: Oxygen raw, SBE 43, 2 [V]
# name 8 = flag: flag
# span 0 =      1.000,    112.000       
# span 1 =     9.2216,    10.9385       
# span 2 =   3.585483,   3.649302       
# span 3 =    32.4498,    33.3877       
# span 4 =        -67,       7731       
# span 5 =    -0.0475,     5.3681       
# span 6 =     2.0016,     2.5350       
# span 7 =     1.8690,     2.3658       
# span 8 = 0.0000e+00, 0.0000e+00       
# interval = meters: 1                  
# start_time = Nov 05 2024 17:10:38 [NMEA time, header]
# bad_flag = -9.990e-29
*END*
[from data line 161]
     60.000    10.5911   3.645461    32.7662       5380     3.7354     2.2347     2.0764 0.0000e+00
     59.000    10.6122   3.646455    32.7576       5397     3.7475     2.2444     2.0817 0.0000e+00
     58.000    10.6201   3.646894    32.7554       5423     3.7652     2.2554     2.0914 0.0000e+00
     57.000    10.6440   3.647958    32.7450       5478     3.8035     2.2722     2.1136 0.0000e+00
     56.000    10.6411   3.647535    32.7437       5508     3.8246     2.2753     2.1192 0.0000e+00
     55.000    10.6434   3.647400    32.7408       5525     3.8361     2.2771     2.1216 0.0000e+00
     54.000    10.6404   3.646552    32.7354       5540     3.8466     2.2786     2.1251 0.0000e+00
     53.000    10.6362   3.645217    32.7263       5556     3.8577     2.2805     2.1273 0.0000e+00
     52.000    10.6422   3.644891    32.7181       5591     3.8823     2.2864     2.1304 0.0000e+00
     51.000    10.6474   3.644153    32.7065       5656     3.9269     2.2960     2.1407 0.0000e+00
     50.000    10.6547   3.643940    32.6983       5672     3.9385     2.3003     2.1440 0.0000e+00
     49.000    10.6557   3.643587    32.6942       5690     3.9510     2.3025     2.1452 0.0000e+00
     48.000    10.6568   3.642996    32.6879       5713     3.9669     2.3089     2.1497 0.0000e+00
     47.000    10.6553   3.641904    32.6787       5753     3.9944     2.3211     2.1562 0.0000e+00
     46.000    10.6523   3.640803    32.6708       5788     4.0189     2.3326     2.1649 0.0000e+00
     45.000    10.6466   3.638915    32.6575       5811     4.0344     2.3433     2.1741 0.0000e+00
     44.000    10.6434   3.638025    32.6520       5833     4.0499     2.3528     2.1830 0.0000e+00
     43.000    10.6338   3.636289    32.6437       5859     4.0678     2.3660     2.1928 0.0000e+00
     42.000    10.6255   3.634673    32.6354       5888     4.0885     2.3829     2.2057 0.0000e+00
     41.000    10.6228   3.632884    32.6203       5916     4.1076     2.3954     2.2182 0.0000e+00
     40.000    10.6269   3.632832    32.6166       5938     4.1228     2.4051     2.2305 0.0000e+00
     39.000    10.6248   3.632535    32.6160       5960     4.1378     2.4139     2.2432 0.0000e+00
     38.000    10.6248   3.632175    32.6128       5993     4.1609     2.4319     2.2598 0.0000e+00
     37.000    10.6284   3.632285    32.6110       6029     4.1860     2.4491     2.2704 0.0000e+00
     36.000    10.6411   3.633168    32.6090       6049     4.2000     2.4520     2.2745 0.0000e+00
     35.000    10.6406   3.633043    32.6086       6067     4.2127     2.4528     2.2798 0.0000e+00
     34.000    10.6404   3.632841    32.6073       6091     4.2294     2.4509     2.2848 0.0000e+00
     33.000    10.6533   3.632464    32.5923       6141     4.2637     2.4556     2.2880 0.0000e+00
     32.000    10.6712   3.632572    32.5779       6171     4.2848     2.4612     2.2915 0.0000e+00
     31.000    10.6844   3.632914    32.5700       6189     4.2974     2.4656     2.2965 0.0000e+00
     30.000    10.6938   3.633328    32.5662       6206     4.3092     2.4700     2.3003 0.0000e+00
     29.000    10.6987   3.633590    32.5648       6227     4.3235     2.4762     2.3052 0.0000e+00
     28.000    10.7277   3.633152    32.5350       6273     4.3553     2.4810     2.3145 0.0000e+00
     27.000    10.7467   3.633015    32.5172       6314     4.3839     2.4870     2.3197 0.0000e+00
     26.000    10.7666   3.632892    32.4987       6332     4.3965     2.4890     2.3208 0.0000e+00
     25.000    10.7703   3.632927    32.4962       6350     4.4089     2.4912     2.3234 0.0000e+00
     24.000    10.7783   3.633249    32.4928       6372     4.4242     2.4930     2.3235 0.0000e+00
     23.000    10.7899   3.633790    32.4882       6409     4.4497     2.4937     2.3236 0.0000e+00
     22.000    10.8042   3.634341    32.4815       6446     4.4755     2.4942     2.3273 0.0000e+00
     21.000    10.8074   3.634509    32.4807       6470     4.4922     2.4957     2.3306 0.0000e+00
     20.000    10.8091   3.634614    32.4807       6491     4.5071     2.4982     2.3312 0.0000e+00
     19.000    10.8310   3.635817    32.4737       6514     4.5228     2.4994     2.3310 0.0000e+00
     18.000    10.8336   3.636054    32.4742       6541     4.5418     2.5013     2.3312 0.0000e+00
     17.000    10.8534   3.636961    32.4660       6573     4.5641     2.5042     2.3320 0.0000e+00
     16.000    10.8715   3.637931    32.4600       6598     4.5812     2.5044     2.3337 0.0000e+00
     15.000    10.8783   3.638423    32.4593       6621     4.5973     2.5066     2.3361 0.0000e+00
     14.000    10.8853   3.638847    32.4577       6648     4.6161     2.5088     2.3368 0.0000e+00
     13.000    10.8919   3.639319    32.4570       6682     4.6398     2.5113     2.3391 0.0000e+00
     12.000    10.8965   3.639424    32.4544       6714     4.6617     2.5141     2.3426 0.0000e+00
     11.000    10.9051   3.639943    32.4523       6740     4.6802     2.5158     2.3435 0.0000e+00
     10.000    10.9107   3.640375    32.4522       6767     4.6986     2.5144     2.3451 0.0000e+00
      9.000    10.9136   3.640565    32.4519       6794     4.7177     2.5151     2.3469 0.0000e+00
      8.000    10.9269   3.641498    32.4498       6819     4.7348     2.5182     2.3479 0.0000e+00
      7.000    10.9289   3.641693    32.4504       6841     4.7503     2.5209     2.3492 0.0000e+00
      6.000    10.9351   3.642284    32.4512       7236     5.0244     2.5320     2.3593 0.0000e+00
      5.000    10.9299   3.641854    32.4519       7558     5.2482     2.5274     2.3554 0.0000e+00
      4.000    10.9313   3.641959    32.4521       7657     5.3169     2.5295     2.3566 0.0000e+00
      3.000    10.9306   3.641843    32.4521       7680     5.3327     2.5319     2.3555 0.0000e+00
      2.000    10.9319   3.641895    32.4519       7702     5.3483     2.5321     2.3554 0.0000e+00
      1.000    10.9376   3.642268    32.4509       7731     5.3681     2.5303     2.3504 0.0000e+00
