HB2407/ctd234.cnv
* Sea-Bird SBE 9 Data File:
* FileName = C:\cruise\data\CTD234.hex
* Software Version Seasave V 7.26.7.121
* Temperature SN = 4591
* Conductivity SN = 6006
* Number of Bytes Per Scan = 37
* Number of Voltage Words = 4
* Number of Scans Averaged by the Deck Unit = 1
* NMEA Latitude = 42 14.10 N
* NMEA Longitude = 070 35.93 W
* NMEA UTC (Time) = Nov 09 2024 20:08:04
* NMEA baud rate = 4800
** Ship: Bigelow HB2407
** Program:  Fall Bottom Trawl Survey
** Chief Scientist: John Galbraith
# nquan = 9
# nvalues = 2375                                  
# units = specified
# name 0 = depSM: Depth [salt water, m]
# name 1 = t090C: Temperature [ITS-90, deg C]
# name 2 = c0S/m: Conductivity [S/m]
# name 3 = sal00: Salinity, Practical [PSU]
# name 4 = scan: Scan Count
# name 5 = timeM: Time, Elapsed [minutes]
# name 6 = sbeox0V: Oxygen raw, SBE 43 [V]
# name 7 = sbeox1V: Oxygen raw, SBE 43, 2 [V]
# name 8 = flag:  0.000e+00
# span 0 =      1.591,     27.161                 
# span 1 =    12.0325,    12.1377                 
# span 2 =   3.682094,   3.699353                 
# span 3 =    31.8077,    31.9697                 
# span 4 =         11,       2385                 
# span 5 =     0.0069,     1.6556                 
# span 6 =     2.4811,     2.5079                 
# span 7 =     2.3004,     2.3358                 
# span 8 = 0.0000e+00, 0.0000e+00                 
# interval = seconds: 0.0416667
# start_time = Nov 09 2024 20:08:04 [NMEA time, header]
# bad_flag = -9.990e-29
*END*
[from data line 321]
      5.713    12.1323   3.698784    31.9611        332     0.2299     2.5018     2.3333  0.000e+00
      5.713    12.1323   3.698759    31.9609        333     0.2306     2.5018     2.3333  0.000e+00
      5.781    12.1320   3.698765    31.9612        334     0.2313     2.5018     2.3333  0.000e+00
      5.812    12.1313   3.698707    31.9612        335     0.2319     2.5018     2.3333  0.000e+00
      5.848    12.1313   3.698707    31.9612        336     0.2326     2.5018     2.3333  0.000e+00
      5.915    12.1316   3.698765    31.9614        337     0.2333     2.5006     2.3333  0.000e+00
      5.946    12.1314   3.698759    31.9615        338     0.2340     2.5018     2.3333  0.000e+00
      5.978    12.1313   3.698727    31.9613        339     0.2347     2.5018     2.3333  0.000e+00
      5.978    12.1314   3.698720    31.9611        340     0.2354     2.4994     2.3333  0.000e+00
      6.080    12.1321   3.698797    31.9612        341     0.2361     2.5006     2.3333  0.000e+00
      6.112    12.1325   3.698822    31.9611        342     0.2368     2.4994     2.3333  0.000e+00
      6.148    12.1331   3.698867    31.9610        343     0.2375     2.5006     2.3333  0.000e+00
      6.179    12.1338   3.698918    31.9609        344     0.2382     2.4994     2.3333  0.000e+00
      6.210    12.1336   3.698944    31.9613        345     0.2389     2.5006     2.3333  0.000e+00
      6.246    12.1335   3.698925    31.9612        346     0.2396     2.4982     2.3333  0.000e+00
      6.313    12.1338   3.698963    31.9613        347     0.2403     2.4994     2.3333  0.000e+00
      6.345    12.1346   3.699027    31.9612        348     0.2410     2.5006     2.3333  0.000e+00
      6.380    12.1351   3.699097    31.9614        349     0.2417     2.4994     2.3333  0.000e+00
      6.479    12.1360   3.699135    31.9610        350     0.2424     2.4982     2.3321  0.000e+00
      6.479    12.1365   3.699193    31.9611        351     0.2431     2.4982     2.3321  0.000e+00
      6.510    12.1372   3.699231    31.9609        352     0.2437     2.5006     2.3321  0.000e+00
      6.577    12.1373   3.699282    31.9612        353     0.2444     2.4994     2.3333  0.000e+00
      6.613    12.1376   3.699276    31.9609        354     0.2451     2.4982     2.3321  0.000e+00
      6.712    12.1377   3.699353    31.9616        355     0.2458     2.4994     2.3321  0.000e+00
      6.712    12.1377   3.699302    31.9611        356     0.2465     2.5006     2.3321  0.000e+00
      6.810    12.1363   3.699276    31.9619        357     0.2472     2.4994     2.3321  0.000e+00
      6.846    12.1355   3.699199    31.9619        358     0.2479     2.4982     2.3321  0.000e+00
      6.877    12.1348   3.699129    31.9618        359     0.2486     2.4994     2.3321  0.000e+00
      6.945    12.1345   3.699091    31.9617        360     0.2493     2.4994     2.3321  0.000e+00
      7.012    12.1346   3.699085    31.9615        361     0.2500     2.4994     2.3321  0.000e+00
      7.079    12.1343   3.699065    31.9615        362     0.2507     2.5006     2.3321  0.000e+00
      7.110    12.1329   3.699002    31.9621        363     0.2514     2.5006     2.3309  0.000e+00
      7.177    12.1325   3.698861    31.9611        364     0.2521     2.5006     2.3321  0.000e+00
      7.245    12.1311   3.698791    31.9615        365     0.2528     2.5006     2.3309  0.000e+00
      7.245    12.1311   3.698810    31.9617        366     0.2535     2.5018     2.3309  0.000e+00
      7.276    12.1318   3.698868    31.9617        367     0.2542     2.5006     2.3309  0.000e+00
      7.343    12.1325   3.698906    31.9614        368     0.2549     2.5006     2.3309  0.000e+00
      7.441    12.1323   3.698938    31.9619        369     0.2556     2.5006     2.3309  0.000e+00
      7.477    12.1325   3.698970    31.9620        370     0.2562     2.5006     2.3309  0.000e+00
      7.509    12.1320   3.698932    31.9621        371     0.2569     2.5018     2.3297  0.000e+00
      7.576    12.1326   3.698900    31.9612        372     0.2576     2.5018     2.3297  0.000e+00
      7.674    12.1328   3.698938    31.9613        373     0.2583     2.5018     2.3297  0.000e+00
      7.710    12.1289   3.698727    31.9626        374     0.2590     2.5031     2.3297  0.000e+00
      7.710    12.1248   3.698383    31.9629        375     0.2597     2.5031     2.3297  0.000e+00
      7.777    12.1219   3.698070    31.9623        376     0.2604     2.5031     2.3297  0.000e+00
      7.777    12.1224   3.698051    31.9617        377     0.2611     2.5018     2.3297  0.000e+00
      7.844    12.1251   3.698185    31.9606        378     0.2618     2.5031     2.3284  0.000e+00
      7.876    12.1274   3.698421    31.9609        379     0.2625     2.5031     2.3284  0.000e+00
      7.943    12.1298   3.698612    31.9607        380     0.2632     2.5031     2.3284  0.000e+00
      8.006    12.1303   3.698778    31.9618        381     0.2639     2.5018     2.3284  0.000e+00
      8.041    12.1301   3.698785    31.9620        382     0.2646     2.5018     2.3284  0.000e+00
      8.109    12.1274   3.698613    31.9626        383     0.2653     2.5031     2.3284  0.000e+00
      8.140    12.1244   3.698306    31.9622        384     0.2660     2.5031     2.3284  0.000e+00
      8.207    12.1216   3.698051    31.9622        385     0.2667     2.5018     2.3284  0.000e+00
      8.207    12.1199   3.697904    31.9622        386     0.2674     2.5018     2.3284  0.000e+00
      8.310    12.1190   3.697795    31.9619        387     0.2681     2.5018     2.3284  0.000e+00
      8.310    12.1184   3.697751    31.9620        388     0.2687     2.5018     2.3284  0.000e+00
      8.337    12.1174   3.697687    31.9623        389     0.2694     2.5031     2.3284  0.000e+00
      8.373    12.1160   3.697578    31.9623        390     0.2701     2.5031     2.3284  0.000e+00
      8.440    12.1150   3.697496    31.9624        391     0.2708     2.5031     2.3284  0.000e+00
      8.507    12.1145   3.697451    31.9624        392     0.2715     2.5018     2.3284  0.000e+00
      8.574    12.1145   3.697419    31.9620        393     0.2722     2.5018     2.3284  0.000e+00
      8.574    12.1144   3.697432    31.9623        394     0.2729     2.5031     2.3284  0.000e+00
      8.641    12.1142   3.697470    31.9628        395     0.2736     2.5031     2.3284  0.000e+00
      8.673    12.1144   3.697496    31.9628        396     0.2743     2.5018     2.3284  0.000e+00
      8.740    12.1147   3.697508    31.9627        397     0.2750     2.5018     2.3297  0.000e+00
      8.776    12.1147   3.697515    31.9627        398     0.2757     2.5018     2.3284  0.000e+00
      8.807    12.1143   3.697515    31.9630        399     0.2764     2.5018     2.3284  0.000e+00
      8.838    12.1147   3.697457    31.9621        400     0.2771     2.5018     2.3297  0.000e+00
      8.874    12.1144   3.697496    31.9628        401     0.2778     2.5018     2.3297  0.000e+00
      8.937    12.1144   3.697457    31.9624        402     0.2785     2.5018     2.3284  0.000e+00
      8.973    12.1145   3.697445    31.9621        403     0.2792     2.5018     2.3284  0.000e+00
      8.973    12.1145   3.697470    31.9623        404     0.2799     2.5018     2.3284  0.000e+00
      9.040    12.1149   3.697502    31.9623        405     0.2806     2.5018     2.3297  0.000e+00
      9.076    12.1152   3.697515    31.9621        406     0.2813     2.5018     2.3297  0.000e+00
      9.107    12.1155   3.697534    31.9620        407     0.2819     2.5006     2.3297  0.000e+00
      9.170    12.1159   3.697566    31.9620        408     0.2826     2.5006     2.3297  0.000e+00
      9.205    12.1160   3.697598    31.9622        409     0.2833     2.5006     2.3297  0.000e+00
      9.174    12.1162   3.697623    31.9623        410     0.2840     2.5018     2.3297  0.000e+00
      9.273    12.1164   3.697636    31.9622        411     0.2847     2.5018     2.3297  0.000e+00
      9.273    12.1165   3.697643    31.9622        412     0.2854     2.5006     2.3284  0.000e+00
      9.308    12.1164   3.697617    31.9620        413     0.2861     2.5018     2.3297  0.000e+00
      9.371    12.1162   3.697630    31.9623        414     0.2868     2.5006     2.3284  0.000e+00
      9.407    12.1164   3.697643    31.9622        415     0.2875     2.5006     2.3284  0.000e+00
      9.407    12.1162   3.697617    31.9621        416     0.2882     2.5006     2.3284  0.000e+00
      9.438    12.1165   3.697611    31.9618        417     0.2889     2.5006     2.3284  0.000e+00
      9.505    12.1165   3.697655    31.9622        418     0.2896     2.5006     2.3284  0.000e+00
      9.505    12.1162   3.697649    31.9624        419     0.2903     2.5006     2.3284  0.000e+00
      9.568    12.1165   3.697643    31.9620        420     0.2910     2.5006     2.3284  0.000e+00
      9.572    12.1165   3.697662    31.9622        421     0.2917     2.5006     2.3284  0.000e+00
      9.604    12.1160   3.697624    31.9622        422     0.2924     2.5006     2.3284  0.000e+00
      9.640    12.1165   3.697630    31.9619        423     0.2931     2.5006     2.3284  0.000e+00
      9.640    12.1162   3.697630    31.9622        424     0.2938     2.5006     2.3284  0.000e+00
      9.635    12.1164   3.697636    31.9621        425     0.2944     2.5006     2.3284  0.000e+00
      9.707    12.1167   3.697687    31.9623        426     0.2951     2.5018     2.3284  0.000e+00
      9.738    12.1174   3.697758    31.9624        427     0.2958     2.5006     2.3284  0.000e+00
      9.738    12.1187   3.697822    31.9618        428     0.2965     2.5006     2.3284  0.000e+00
      9.738    12.1194   3.697860    31.9616        429     0.2972     2.5018     2.3284  0.000e+00
      9.801    12.1199   3.697917    31.9617        430     0.2979     2.5018     2.3297  0.000e+00
      9.805    12.1202   3.697981    31.9620        431     0.2986     2.5018     2.3297  0.000e+00
      9.837    12.1202   3.697949    31.9617        432     0.2993     2.5018     2.3284  0.000e+00
      9.837    12.1201   3.697936    31.9617        433     0.3000     2.5018     2.3284  0.000e+00
      9.837    12.1204   3.697981    31.9619        434     0.3007     2.5018     2.3284  0.000e+00
      9.872    12.1212   3.698077    31.9620        435     0.3014     2.5018     2.3284  0.000e+00
      9.868    12.1219   3.698185    31.9625        436     0.3021     2.5018     2.3284  0.000e+00
      9.904    12.1219   3.698179    31.9625        437     0.3028     2.5018     2.3297  0.000e+00
      9.904    12.1216   3.698115    31.9621        438     0.3035     2.5018     2.3284  0.000e+00
      9.940    12.1209   3.698077    31.9623        439     0.3042     2.5018     2.3297  0.000e+00
      9.940    12.1214   3.698090    31.9620        440     0.3049     2.5031     2.3297  0.000e+00
      9.935    12.1222   3.698173    31.9621        441     0.3056     2.5031     2.3297  0.000e+00
      9.940    12.1214   3.698122    31.9623        442     0.3063     2.5018     2.3297  0.000e+00
      9.971    12.1201   3.698000    31.9623        443     0.3069     2.5018     2.3297  0.000e+00
      9.971    12.1197   3.697892    31.9615        444     0.3076     2.5031     2.3297  0.000e+00
     10.007    12.1212   3.697917    31.9605        445     0.3083     2.5031     2.3297  0.000e+00
     10.002    12.1227   3.698032    31.9603        446     0.3090     2.5031     2.3297  0.000e+00
     10.007    12.1227   3.698115    31.9611        447     0.3097     2.5031     2.3297  0.000e+00
     10.007    12.1221   3.698122    31.9617        448     0.3104     2.5031     2.3297  0.000e+00
     10.038    12.1227   3.698103    31.9609        449     0.3111     2.5043     2.3297  0.000e+00
     10.038    12.1233   3.698147    31.9609        450     0.3118     2.5043     2.3297  0.000e+00
     10.069    12.1249   3.698237    31.9604        451     0.3125     2.5043     2.3297  0.000e+00
     10.038    12.1269   3.698409    31.9603        452     0.3132     2.5043     2.3297  0.000e+00
     10.069    12.1283   3.698581    31.9608        453     0.3139     2.5031     2.3297  0.000e+00
     10.069    12.1296   3.698696    31.9608        454     0.3146     2.5043     2.3297  0.000e+00
     10.105    12.1308   3.698798    31.9607        455     0.3153     2.5043     2.3297  0.000e+00
     10.101    12.1320   3.698869    31.9604        456     0.3160     2.5043     2.3297  0.000e+00
     10.069    12.1325   3.698958    31.9608        457     0.3167     2.5043     2.3297  0.000e+00
     10.136    12.1328   3.698958    31.9605        458     0.3174     2.5043     2.3297  0.000e+00
     10.105    12.1326   3.698990    31.9610        459     0.3181     2.5055     2.3297  0.000e+00
     10.136    12.1321   3.698984    31.9614        460     0.3187     2.5055     2.3297  0.000e+00
     10.132    12.1325   3.698984    31.9611        461     0.3194     2.5043     2.3297  0.000e+00
     10.172    12.1331   3.699003    31.9607        462     0.3201     2.5043     2.3297  0.000e+00
     10.172    12.1335   3.699067    31.9610        463     0.3208     2.5043     2.3297  0.000e+00
     10.136    12.1340   3.699105    31.9609        464     0.3215     2.5043     2.3297  0.000e+00
     10.204    12.1341   3.699162    31.9613        465     0.3222     2.5043     2.3297  0.000e+00
     10.199    12.1343   3.699182    31.9614        466     0.3229     2.5043     2.3297  0.000e+00
     10.204    12.1340   3.699182    31.9616        467     0.3236     2.5043     2.3297  0.000e+00
     10.239    12.1340   3.699143    31.9613        468     0.3243     2.5043     2.3297  0.000e+00
     10.239    12.1338   3.699169    31.9617        469     0.3250     2.5043     2.3297  0.000e+00
     10.239    12.1343   3.699182    31.9613        470     0.3257     2.5031     2.3309  0.000e+00
     10.235    12.1341   3.699201    31.9617        471     0.3264     2.5031     2.3309  0.000e+00
     10.271    12.1340   3.699188    31.9617        472     0.3271     2.5031     2.3309  0.000e+00
     10.271    12.1338   3.699182    31.9618        473     0.3278     2.5031     2.3309  0.000e+00
     10.302    12.1320   3.699079    31.9623        474     0.3285     2.5043     2.3309  0.000e+00
     10.298    12.1289   3.698754    31.9618        475     0.3292     2.5043     2.3309  0.000e+00
     10.338    12.1259   3.698460    31.9615        476     0.3299     2.5043     2.3309  0.000e+00
     10.338    12.1249   3.698332    31.9612        477     0.3306     2.5043     2.3309  0.000e+00
     10.369    12.1249   3.698396    31.9618        478     0.3312     2.5043     2.3309  0.000e+00
     10.369    12.1264   3.698524    31.9617        479     0.3319     2.5031     2.3321  0.000e+00
     10.401    12.1269   3.698581    31.9618        480     0.3326     2.5031     2.3309  0.000e+00
     10.405    12.1273   3.698569    31.9614        481     0.3333     2.5043     2.3321  0.000e+00
     10.472    12.1276   3.698633    31.9617        482     0.3340     2.5043     2.3321  0.000e+00
     10.472    12.1283   3.698633    31.9611        483     0.3347     2.5043     2.3309  0.000e+00
     10.472    12.1288   3.698645    31.9608        484     0.3354     2.5043     2.3321  0.000e+00
     10.499    12.1291   3.698754    31.9616        485     0.3361     2.5043     2.3321  0.000e+00
     10.503    12.1301   3.698709    31.9603        486     0.3368     2.5043     2.3309  0.000e+00
     10.535    12.1305   3.698096    31.9541        487     0.3375     2.5043     2.3309  0.000e+00
     10.571    12.1309   3.698262    31.9553        488     0.3382     2.5055     2.3309  0.000e+00
     10.633    12.1309   3.698709    31.9595        489     0.3389     2.5043     2.3309  0.000e+00
     10.638    12.1310   3.698824    31.9606        490     0.3396     2.5043     2.3309  0.000e+00
