HB2407/CTD233.cnv
* Sea-Bird SBE 9 Data File:
* FileName = C:\cruise\data\CTD233.hex
* Software Version Seasave V 7.26.7.121
* Temperature SN = 4591
* Conductivity SN = 6006
* Number of Bytes Per Scan = 37
* Number of Voltage Words = 4
* Number of Scans Averaged by the Deck Unit = 1
* NMEA Latitude = 42 13.87 N
* NMEA Longitude = 070 35.29 W
* NMEA UTC (Time) = Nov 09 2024 15:16:53
* NMEA baud rate = 4800
** Ship: Bigelow HB2407
** Program:  Fall Bottom Trawl Survey
** Chief Scientist: John Galbraith
# nquan = 9
# nvalues = 40                          
# units = specified
# name 0 = depSM: Depth [salt water, m]
# name 1 = t090C: Temperature [ITS-90, deg C]
# name 2 = c0S/m: Conductivity [S/m]
# name 3 = sal00: Salinity, Practical [PSU]
# name 4 = scan: Scan Count
# name 5 = timeM: Time, Elapsed [minutes]
# name 6 = sbeox0V: Oxygen raw, SBE 43 [V]
# name 7 = sbeox1V: Oxygen raw, SBE 43, 2 [V]
# name 8 = flag: flag
# span 0 =      2.000,     22.000       
# span 1 =    12.0713,    12.1907       
# span 2 =   3.693875,   3.702216       
# span 3 =    31.9410,    31.9594       
# span 4 =        -48,       1921       
# span 5 =    -0.0339,     1.3333       
# span 6 =     2.4632,     2.5061       
# span 7 =     2.2903,     2.3327       
# span 8 = 0.0000e+00, 0.0000e+00       
# interval = meters: 1                  
# start_time = Nov 09 2024 15:16:53 [NMEA time, header]
# bad_flag = -9.990e-29
*END*
      3.000    12.1811   3.701108    31.9428        -48    -0.0339     2.5061     2.3299 0.0000e+00
      4.000    12.1807   3.701140    31.9431        430     0.2977     2.5018     2.3290 0.0000e+00
      5.000    12.1814   3.701243    31.9430        616     0.4273     2.4997     2.3286 0.0000e+00
      6.000    12.1835   3.701426    31.9426        630     0.4370     2.4978     2.3254 0.0000e+00
      7.000    12.1875   3.701740    31.9418        649     0.4502     2.4969     2.3248 0.0000e+00
      8.000    12.1885   3.701877    31.9418        679     0.4711     2.4965     2.3243 0.0000e+00
      9.000    12.1880   3.701889    31.9419        721     0.4998     2.5013     2.3268 0.0000e+00
     10.000    12.1878   3.701914    31.9420        749     0.5198     2.4996     2.3251 0.0000e+00
     11.000    12.1896   3.702094    31.9417        771     0.5348     2.4990     2.3245 0.0000e+00
     12.000    12.1907   3.702216    31.9416        792     0.5491     2.5004     2.3238 0.0000e+00
     13.000    12.1884   3.702112    31.9422        814     0.5646     2.4994     2.3249 0.0000e+00
     14.000    12.1879   3.702117    31.9422        841     0.5835     2.4995     2.3234 0.0000e+00
     15.000    12.1852   3.701958    31.9426        876     0.6074     2.4987     2.3192 0.0000e+00
     16.000    12.1851   3.701991    31.9426        910     0.6313     2.4962     2.3176 0.0000e+00
     17.000    12.1836   3.701937    31.9429        934     0.6481     2.4952     2.3165 0.0000e+00
     18.000    12.1707   3.700788    31.9425        954     0.6616     2.4966     2.3162 0.0000e+00
     19.000    12.1613   3.700436    31.9467        975     0.6763     2.4968     2.3162 0.0000e+00
     20.000    12.1490   3.699539    31.9482       1007     0.6990     2.4942     2.3144 0.0000e+00
     21.000    12.1333   3.698438    31.9506       1047     0.7263     2.4882     2.3135 0.0000e+00
     22.000    12.0713   3.693875    31.9594       1131     0.7848     2.4766     2.3072 0.0000e+00
     21.000    12.0963   3.695427    31.9533       1299     0.9012     2.4652     2.2908 0.0000e+00
     20.000    12.1136   3.696754    31.9517       1369     0.9498     2.4632     2.2903 0.0000e+00
     19.000    12.1437   3.698724    31.9453       1401     0.9722     2.4674     2.2930 0.0000e+00
     18.000    12.1548   3.699627    31.9449       1435     0.9962     2.4775     2.2964 0.0000e+00
     17.000    12.1646   3.700153    31.9421       1464     1.0157     2.4852     2.3021 0.0000e+00
     16.000    12.1803   3.701403    31.9410       1487     1.0316     2.4887     2.3056 0.0000e+00
     15.000    12.1822   3.701544    31.9411       1511     1.0483     2.4903     2.3044 0.0000e+00
     14.000    12.1816   3.701510    31.9418       1539     1.0683     2.4933     2.3065 0.0000e+00
     13.000    12.1818   3.701465    31.9416       1566     1.0870     2.4953     2.3125 0.0000e+00
     12.000    12.1847   3.701651    31.9413       1586     1.1010     2.4969     2.3149 0.0000e+00
     11.000    12.1853   3.701694    31.9416       1605     1.1137     2.4974     2.3150 0.0000e+00
     10.000    12.1854   3.701690    31.9419       1628     1.1302     2.4984     2.3117 0.0000e+00
      9.000    12.1845   3.701596    31.9422       1680     1.1658     2.5003     2.3123 0.0000e+00
      8.000    12.1845   3.701552    31.9422       1705     1.1832     2.5003     2.3152 0.0000e+00
      7.000    12.1845   3.701513    31.9422       1720     1.1937     2.4991     2.3167 0.0000e+00
      6.000    12.1839   3.701437    31.9424       1733     1.2031     2.4997     2.3195 0.0000e+00
      5.000    12.1826   3.701308    31.9427       1751     1.2151     2.5022     2.3219 0.0000e+00
      4.000    12.1814   3.701184    31.9428       1796     1.2464     2.5013     2.3267 0.0000e+00
      3.000    12.1813   3.701123    31.9428       1857     1.2889     2.4957     2.3327 0.0000e+00
      2.000    12.1811   3.701055    31.9427       1921     1.3333     2.4999     2.3249 0.0000e+00
