HB2407/CTD205.cnv
* Sea-Bird SBE 9 Data File:
* FileName = C:\cruise\data\CTD205.hex
* Software Version Seasave V 7.26.7.121
* Temperature SN = 4591
* Conductivity SN = 6006
* Number of Bytes Per Scan = 37
* Number of Voltage Words = 4
* Number of Scans Averaged by the Deck Unit = 1
* NMEA Latitude = 44 06.21 N
* NMEA Longitude = 067 01.35 W
* NMEA UTC (Time) = Nov 04 2024 05:54:12
* NMEA baud rate = 4800
** Ship: Bigelow HB2407
** Program:  Fall Bottom Trawl Survey
** Chief Scientist: John Galbraith
# nquan = 9
# nvalues = 294                         
# units = specified
# name 0 = depSM: Depth [salt water, m]
# name 1 = t090C: Temperature [ITS-90, deg C]
# name 2 = c0S/m: Conductivity [S/m]
# name 3 = sal00: Salinity, Practical [PSU]
# name 4 = scan: Scan Count
# name 5 = timeM: Time, Elapsed [minutes]
# name 6 = sbeox0V: Oxygen raw, SBE 43 [V]
# name 7 = sbeox1V: Oxygen raw, SBE 43, 2 [V]
# name 8 = flag: flag
# span 0 =      2.000,    149.000       
# span 1 =     8.9887,    10.1810       
# span 2 =   3.588834,   3.620880       
# span 3 =    32.8305,    33.6249       
# span 4 =        118,       8328       
# span 5 =     0.0815,     5.7824       
# span 6 =     1.9783,     2.3815       
# span 7 =     1.8483,     2.2324       
# span 8 = 0.0000e+00, 0.0000e+00       
# interval = meters: 1                  
# start_time = Nov 04 2024 05:54:12 [NMEA time, header]
# bad_flag = -9.990e-29
*END*
      3.000    10.0902   3.604520    32.8314        118     0.0815     2.3793     2.2293 0.0000e+00
      4.000    10.0934   3.604823    32.8312        327     0.2264     2.3802     2.2324 0.0000e+00
      5.000    10.0929   3.604821    32.8311        364     0.2519     2.3783     2.2309 0.0000e+00
      6.000    10.0937   3.604884    32.8306        384     0.2661     2.3785     2.2307 0.0000e+00
      7.000    10.0916   3.604774    32.8310        402     0.2784     2.3786     2.2318 0.0000e+00
      8.000    10.0895   3.604634    32.8311        424     0.2935     2.3782     2.2319 0.0000e+00
      9.000    10.0887   3.604597    32.8310        462     0.3198     2.3781     2.2287 0.0000e+00
     10.000    10.0883   3.604609    32.8310        495     0.3432     2.3810     2.2260 0.0000e+00
     11.000    10.0887   3.604695    32.8310        516     0.3576     2.3804     2.2246 0.0000e+00
     12.000    10.0910   3.604923    32.8309        536     0.3713     2.3788     2.2222 0.0000e+00
     13.000    10.0928   3.605139    32.8309        559     0.3876     2.3796     2.2221 0.0000e+00
     14.000    10.0925   3.605150    32.8309        593     0.4110     2.3808     2.2228 0.0000e+00
     15.000    10.0962   3.605513    32.8308        626     0.4342     2.3811     2.2226 0.0000e+00
     16.000    10.0970   3.605616    32.8306        649     0.4503     2.3798     2.2232 0.0000e+00
     17.000    10.0973   3.605671    32.8305        670     0.4648     2.3786     2.2225 0.0000e+00
     18.000    10.0973   3.605723    32.8305        693     0.4808     2.3769     2.2214 0.0000e+00
     19.000    10.0979   3.605840    32.8308        724     0.5023     2.3774     2.2210 0.0000e+00
     20.000    10.0980   3.605914    32.8309        757     0.5253     2.3805     2.2215 0.0000e+00
     21.000    10.0980   3.605966    32.8310        783     0.5430     2.3811     2.2207 0.0000e+00
     22.000    10.0988   3.606113    32.8314        805     0.5587     2.3815     2.2207 0.0000e+00
     23.000    10.1021   3.606531    32.8322        829     0.5750     2.3806     2.2215 0.0000e+00
     24.000    10.1003   3.606422    32.8322        854     0.5927     2.3774     2.2211 0.0000e+00
     25.000    10.1014   3.606564    32.8323        884     0.6130     2.3744     2.2199 0.0000e+00
     26.000    10.1029   3.606781    32.8326        916     0.6353     2.3705     2.2173 0.0000e+00
     27.000    10.1038   3.606950    32.8331        943     0.6538     2.3676     2.2162 0.0000e+00
     28.000    10.1035   3.606951    32.8329        965     0.6694     2.3712     2.2159 0.0000e+00
     29.000    10.1068   3.607369    32.8338        987     0.6849     2.3712     2.2149 0.0000e+00
     30.000    10.1120   3.608103    32.8360       1014     0.7034     2.3709     2.2149 0.0000e+00
     31.000    10.1126   3.608236    32.8364       1049     0.7278     2.3709     2.2128 0.0000e+00
     32.000    10.1098   3.607942    32.8355       1079     0.7485     2.3714     2.2127 0.0000e+00
     33.000    10.1126   3.608284    32.8360       1100     0.7630     2.3705     2.2115 0.0000e+00
     34.000    10.1394   3.611951    32.8483       1119     0.7762     2.3686     2.2089 0.0000e+00
     35.000    10.1471   3.613803    32.8596       1143     0.7930     2.3673     2.2075 0.0000e+00
     36.000    10.1743   3.618765    32.8846       1181     0.8194     2.3608     2.2025 0.0000e+00
     37.000    10.1810   3.620203    32.8927       1213     0.8417     2.3517     2.1939 0.0000e+00
     38.000    10.1795   3.620276    32.8943       1234     0.8560     2.3396     2.1847 0.0000e+00
     39.000    10.1782   3.620436    32.8966       1253     0.8693     2.3284     2.1747 0.0000e+00
     40.000    10.1768   3.620563    32.8988       1276     0.8857     2.3193     2.1653 0.0000e+00
     41.000    10.1755   3.620566    32.8995       1311     0.9099     2.3081     2.1549 0.0000e+00
     42.000    10.1617   3.620880    32.9148       1343     0.9320     2.2993     2.1497 0.0000e+00
     43.000    10.1093   3.620842    32.9617       1367     0.9486     2.2969     2.1459 0.0000e+00
     44.000    10.0752   3.620479    32.9886       1390     0.9645     2.2931     2.1412 0.0000e+00
     45.000    10.0604   3.620227    32.9991       1414     0.9815     2.2832     2.1346 0.0000e+00
     46.000    10.0554   3.620159    33.0025       1440     0.9993     2.2676     2.1222 0.0000e+00
     47.000    10.0505   3.620136    33.0063       1468     1.0185     2.2508     2.1076 0.0000e+00
     48.000    10.0469   3.620143    33.0093       1500     1.0411     2.2363     2.0948 0.0000e+00
     49.000    10.0465   3.620187    33.0096       1528     1.0605     2.2296     2.0873 0.0000e+00
     50.000    10.0446   3.620175    33.0107       1549     1.0751     2.2273     2.0808 0.0000e+00
     51.000    10.0418   3.620171    33.0129       1571     1.0900     2.2235     2.0771 0.0000e+00
     52.000    10.0327   3.619998    33.0190       1600     1.1103     2.2211     2.0728 0.0000e+00
     53.000    10.0218   3.619739    33.0259       1635     1.1348     2.2199     2.0712 0.0000e+00
     54.000    10.0037   3.619212    33.0366       1659     1.1512     2.2155     2.0703 0.0000e+00
     55.000     9.9993   3.619108    33.0391       1679     1.1653     2.2142     2.0697 0.0000e+00
     56.000     9.9908   3.618926    33.0446       1702     1.1815     2.2105     2.0679 0.0000e+00
     57.000     9.9850   3.618810    33.0483       1734     1.2033     2.2072     2.0620 0.0000e+00
     58.000     9.9811   3.618736    33.0506       1768     1.2268     2.2037     2.0583 0.0000e+00
     59.000     9.9827   3.618794    33.0493       1792     1.2438     2.2030     2.0572 0.0000e+00
     60.000     9.9777   3.618761    33.0531       1813     1.2582     2.2032     2.0555 0.0000e+00
     61.000     9.9647   3.618454    33.0614       1835     1.2737     2.2027     2.0544 0.0000e+00
     62.000     9.9505   3.618058    33.0700       1865     1.2944     2.1989     2.0517 0.0000e+00
     63.000     9.9252   3.617271    33.0847       1900     1.3185     2.1917     2.0471 0.0000e+00
     64.000     9.9162   3.616959    33.0893       1926     1.3368     2.1878     2.0450 0.0000e+00
     65.000     9.9127   3.616851    33.0910       1946     1.3510     2.1849     2.0422 0.0000e+00
     66.000     9.9114   3.616841    33.0917       1967     1.3653     2.1841     2.0391 0.0000e+00
     67.000     9.8864   3.616153    33.1072       1994     1.3841     2.1833     2.0370 0.0000e+00
     68.000     9.8634   3.615410    33.1202       2034     1.4115     2.1797     2.0344 0.0000e+00
     69.000     9.8438   3.614841    33.1320       2062     1.4315     2.1759     2.0324 0.0000e+00
     70.000     9.8295   3.614349    33.1397       2083     1.4455     2.1732     2.0308 0.0000e+00
     71.000     9.8272   3.614255    33.1404       2102     1.4588     2.1700     2.0278 0.0000e+00
     72.000     9.8221   3.614126    33.1434       2125     1.4751     2.1664     2.0234 0.0000e+00
     73.000     9.8097   3.613762    33.1506       2162     1.5005     2.1634     2.0192 0.0000e+00
     74.000     9.8048   3.613630    33.1532       2195     1.5239     2.1589     2.0147 0.0000e+00
     75.000     9.8020   3.613580    33.1549       2217     1.5386     2.1569     2.0133 0.0000e+00
     76.000     9.7987   3.613531    33.1570       2236     1.5518     2.1554     2.0123 0.0000e+00
     77.000     9.7945   3.613451    33.1596       2257     1.5670     2.1538     2.0114 0.0000e+00
     78.000     9.7929   3.613422    33.1603       2291     1.5902     2.1512     2.0105 0.0000e+00
     79.000     9.7910   3.613392    33.1613       2328     1.6159     2.1523     2.0109 0.0000e+00
     80.000     9.7879   3.613352    33.1633       2351     1.6317     2.1513     2.0105 0.0000e+00
     81.000     9.7850   3.613331    33.1653       2370     1.6449     2.1501     2.0101 0.0000e+00
     82.000     9.7740   3.613106    33.1727       2390     1.6590     2.1491     2.0091 0.0000e+00
     83.000     9.7547   3.612503    33.1838       2421     1.6807     2.1483     2.0086 0.0000e+00
     84.000     9.7461   3.612197    33.1882       2461     1.7081     2.1490     2.0073 0.0000e+00
     85.000     9.7358   3.611957    33.1948       2483     1.7238     2.1492     2.0071 0.0000e+00
     86.000     9.6870   3.610562    33.2252       2502     1.7370     2.1481     2.0058 0.0000e+00
     87.000     9.6528   3.609332    33.2437       2525     1.7527     2.1442     2.0040 0.0000e+00
     88.000     9.6432   3.608884    33.2475       2560     1.7769     2.1362     1.9999 0.0000e+00
     89.000     9.6291   3.608443    33.2556       2592     1.7993     2.1291     1.9936 0.0000e+00
     90.000     9.6115   3.607879    33.2657       2614     1.8143     2.1256     1.9884 0.0000e+00
     91.000     9.5860   3.607037    33.2802       2635     1.8289     2.1251     1.9840 0.0000e+00
     92.000     9.5706   3.606428    33.2878       2660     1.8464     2.1199     1.9801 0.0000e+00
     93.000     9.5565   3.605947    33.2955       2691     1.8678     2.1127     1.9750 0.0000e+00
     94.000     9.5494   3.605666    33.2987       2721     1.8891     2.1097     1.9687 0.0000e+00
     95.000     9.5472   3.605599    33.2996       2746     1.9063     2.1062     1.9649 0.0000e+00
     96.000     9.5462   3.605593    33.3001       2770     1.9226     2.1022     1.9626 0.0000e+00
     97.000     9.5361   3.605329    33.3062       2795     1.9405     2.0977     1.9625 0.0000e+00
     98.000     9.5319   3.605191    33.3083       2825     1.9608     2.0936     1.9603 0.0000e+00
     99.000     9.5285   3.605122    33.3103       2853     1.9809     2.0921     1.9575 0.0000e+00
    100.000     9.5277   3.605131    33.3106       2878     1.9980     2.0929     1.9560 0.0000e+00
    101.000     9.5264   3.605135    33.3115       2901     2.0139     2.0947     1.9560 0.0000e+00
    102.000     9.5270   3.605178    33.3109       2928     2.0324     2.0949     1.9549 0.0000e+00
    103.000     9.5277   3.605228    33.3103       2961     2.0554     2.0936     1.9537 0.0000e+00
    104.000     9.5276   3.605268    33.3103       2988     2.0742     2.0934     1.9535 0.0000e+00
    105.000     9.5243   3.605250    33.3128       3009     2.0890     2.0934     1.9540 0.0000e+00
    106.000     9.5192   3.605172    33.3162       3032     2.1052     2.0919     1.9548 0.0000e+00
    107.000     9.5049   3.604759    33.3249       3064     2.1270     2.0906     1.9548 0.0000e+00
    108.000     9.4802   3.603922    33.3388       3097     2.1499     2.0904     1.9529 0.0000e+00
    109.000     9.4736   3.603654    33.3416       3121     2.1669     2.0879     1.9516 0.0000e+00
    110.000     9.4634   3.603268    33.3467       3143     2.1817     2.0854     1.9499 0.0000e+00
    111.000     9.4615   3.603186    33.3472       3166     2.1980     2.0826     1.9484 0.0000e+00
    112.000     9.4549   3.602933    33.3502       3195     2.2184     2.0810     1.9478 0.0000e+00
    113.000     9.4432   3.602601    33.3573       3227     2.2402     2.0772     1.9456 0.0000e+00
    114.000     9.4339   3.602343    33.3628       3255     2.2596     2.0739     1.9432 0.0000e+00
    115.000     9.4181   3.601870    33.3722       3278     2.2759     2.0733     1.9414 0.0000e+00
    116.000     9.4001   3.601320    33.3829       3302     2.2921     2.0733     1.9378 0.0000e+00
    117.000     9.3206   3.598748    33.4301       3328     2.3102     2.0710     1.9359 0.0000e+00
    118.000     9.3021   3.597901    33.4382       3358     2.3313     2.0646     1.9332 0.0000e+00
    119.000     9.2976   3.597708    33.4399       3388     2.3519     2.0569     1.9268 0.0000e+00
    120.000     9.2975   3.597704    33.4395       3413     2.3697     2.0509     1.9218 0.0000e+00
    121.000     9.2963   3.597673    33.4399       3438     2.3868     2.0464     1.9172 0.0000e+00
    122.000     9.2898   3.597531    33.4440       3464     2.4048     2.0442     1.9128 0.0000e+00
    123.000     9.2818   3.597300    33.4487       3490     2.4231     2.0432     1.9106 0.0000e+00
    124.000     9.2728   3.597094    33.4545       3516     2.4412     2.0429     1.9095 0.0000e+00
    125.000     9.2568   3.596636    33.4643       3544     2.4601     2.0406     1.9088 0.0000e+00
    126.000     9.2408   3.596178    33.4740       3573     2.4804     2.0375     1.9081 0.0000e+00
    127.000     9.2356   3.595981    33.4764       3600     2.4993     2.0357     1.9067 0.0000e+00
    128.000     9.2324   3.595936    33.4785       3624     2.5163     2.0341     1.9054 0.0000e+00
    129.000     9.2083   3.595191    33.4929       3648     2.5327     2.0325     1.9025 0.0000e+00
    130.000     9.1814   3.594249    33.5080       3674     2.5508     2.0316     1.9004 0.0000e+00
    131.000     9.1784   3.594087    33.5086       3704     2.5719     2.0280     1.8974 0.0000e+00
    132.000     9.1767   3.594035    33.5092       3734     2.5925     2.0233     1.8936 0.0000e+00
    133.000     9.1730   3.593944    33.5113       3760     2.6103     2.0200     1.8915 0.0000e+00
    134.000     9.1722   3.593954    33.5117       3784     2.6270     2.0185     1.8897 0.0000e+00
    135.000     9.1657   3.593811    33.5159       3808     2.6437     2.0173     1.8882 0.0000e+00
    136.000     9.1634   3.593789    33.5173       3834     2.6620     2.0158     1.8873 0.0000e+00
    137.000     9.1345   3.593079    33.5366       3863     2.6821     2.0153     1.8863 0.0000e+00
    138.000     9.1045   3.592243    33.5557       3891     2.7014     2.0146     1.8857 0.0000e+00
    139.000     9.0794   3.591560    33.5718       3916     2.7188     2.0131     1.8826 0.0000e+00
    140.000     9.0718   3.591296    33.5758       3940     2.7356     2.0104     1.8795 0.0000e+00
    141.000     9.0549   3.590832    33.5864       3968     2.7548     2.0056     1.8750 0.0000e+00
    142.000     9.0328   3.590161    33.5998       3998     2.7759     2.0017     1.8712 0.0000e+00
    143.000     9.0242   3.589904    33.6048       4026     2.7955     1.9991     1.8694 0.0000e+00
    144.000     9.0171   3.589718    33.6091       4050     2.8121     1.9955     1.8667 0.0000e+00
    145.000     9.0082   3.589474    33.6145       4073     2.8277     1.9921     1.8651 0.0000e+00
    146.000     9.0057   3.589400    33.6156       4098     2.8448     1.9888     1.8624 0.0000e+00
    147.000     9.0042   3.589385    33.6165       4127     2.8655     1.9866     1.8585 0.0000e+00
    148.000     8.9987   3.589260    33.6199       4159     2.8874     1.9850     1.8553 0.0000e+00
    149.000     8.9932   3.589106    33.6230       4348     3.0187     1.9808     1.8495 0.0000e+00
    148.000     8.9887   3.588834    33.6249       4567     3.1706     1.9802     1.8483 0.0000e+00
    147.000     8.9919   3.588926    33.6233       4525     3.1417     1.9793     1.8486 0.0000e+00
    146.000     8.9930   3.588891    33.6224       4550     3.1593     1.9789     1.8496 0.0000e+00
    145.000     8.9964   3.588892    33.6196       4576     3.1771     1.9794     1.8489 0.0000e+00
    144.000     9.0027   3.588965    33.6149       4599     3.1932     1.9789     1.8488 0.0000e+00
    143.000     9.0070   3.589022    33.6118       4622     3.2088     1.9783     1.8489 0.0000e+00
    142.000     9.0104   3.589070    33.6097       4648     3.2273     1.9801     1.8511 0.0000e+00
    141.000     9.0121   3.589077    33.6085       4682     3.2509     1.9815     1.8544 0.0000e+00
    140.000     9.0195   3.589222    33.6036       4712     3.2716     1.9824     1.8542 0.0000e+00
    139.000     9.0350   3.589596    33.5933       4735     3.2872     1.9820     1.8547 0.0000e+00
    138.000     9.0417   3.589727    33.5887       4755     3.3012     1.9835     1.8546 0.0000e+00
    137.000     9.0559   3.590070    33.5794       4776     3.3161     1.9857     1.8550 0.0000e+00
    136.000     9.0491   3.589981    33.5853       4805     3.3360     1.9903     1.8559 0.0000e+00
