HB2407/CTD216.cnv
* Sea-Bird SBE 9 Data File:
* FileName = C:\cruise\data\CTD216.hex
* Software Version Seasave V 7.26.7.121
* Temperature SN = 4591
* Conductivity SN = 6006
* Number of Bytes Per Scan = 37
* Number of Voltage Words = 4
* Number of Scans Averaged by the Deck Unit = 1
* NMEA Latitude = 43 07.69 N
* NMEA Longitude = 069 28.09 W
* NMEA UTC (Time) = Nov 07 2024 04:34:25
* NMEA baud rate = 4800
** Ship: Bigelow HB2407
** Program:  Fall Bottom Trawl Survey
** Chief Scientist: John Galbraith
# nquan = 9
# nvalues = 268                         
# units = specified
# name 0 = depSM: Depth [salt water, m]
# name 1 = t090C: Temperature [ITS-90, deg C]
# name 2 = c0S/m: Conductivity [S/m]
# name 3 = sal00: Salinity, Practical [PSU]
# name 4 = scan: Scan Count
# name 5 = timeM: Time, Elapsed [minutes]
# name 6 = sbeox0V: Oxygen raw, SBE 43 [V]
# name 7 = sbeox1V: Oxygen raw, SBE 43, 2 [V]
# name 8 = flag: flag
# span 0 =      2.000,    136.000       
# span 1 =     7.5558,    11.7702       
# span 2 =   3.427046,   3.705883       
# span 3 =    32.3317,    33.3136       
# span 4 =         41,       8155       
# span 5 =     0.0279,     5.6626       
# span 6 =     1.8130,     2.5559       
# span 7 =     1.6898,     2.3861       
# span 8 = 0.0000e+00, 0.0000e+00       
# interval = meters: 1                  
# start_time = Nov 07 2024 04:34:25 [NMEA time, header]
# bad_flag = -9.990e-29
*END*
      3.000    11.7608   3.705602    32.3487         41     0.0279     2.5520     2.3861 0.0000e+00
      4.000    11.7579   3.705424    32.3491        345     0.2386     2.5526     2.3851 0.0000e+00
      5.000    11.7537   3.705199    32.3501        425     0.2944     2.5509     2.3841 0.0000e+00
      6.000    11.7427   3.704346    32.3510        452     0.3134     2.5496     2.3813 0.0000e+00
      7.000    11.7446   3.704542    32.3508        476     0.3298     2.5510     2.3788 0.0000e+00
      8.000    11.7428   3.704436    32.3509        502     0.3482     2.5507     2.3776 0.0000e+00
      9.000    11.7417   3.704335    32.3505        531     0.3679     2.5519     2.3801 0.0000e+00
     10.000    11.7395   3.704245    32.3511        560     0.3884     2.5550     2.3825 0.0000e+00
     11.000    11.7233   3.703102    32.3537        590     0.4091     2.5559     2.3830 0.0000e+00
     12.000    11.7091   3.701951    32.3544        616     0.4269     2.5526     2.3818 0.0000e+00
     13.000    11.6972   3.701067    32.3558        638     0.4423     2.5514     2.3809 0.0000e+00
     14.000    11.6654   3.698618    32.3593        660     0.4574     2.5500     2.3808 0.0000e+00
     15.000    11.5667   3.690896    32.3698        686     0.4755     2.5451     2.3781 0.0000e+00
     16.000    11.5355   3.687804    32.3665        719     0.4987     2.5431     2.3757 0.0000e+00
     17.000    11.5057   3.685191    32.3666        751     0.5210     2.5455     2.3774 0.0000e+00
     18.000    11.4734   3.682176    32.3650        777     0.5391     2.5426     2.3783 0.0000e+00
     19.000    11.4637   3.681217    32.3636        801     0.5555     2.5395     2.3778 0.0000e+00
     20.000    11.4564   3.680515    32.3627        822     0.5704     2.5424     2.3791 0.0000e+00
     21.000    11.4500   3.679879    32.3617        844     0.5854     2.5441     2.3794 0.0000e+00
     22.000    11.4413   3.679054    32.3608        871     0.6044     2.5445     2.3807 0.0000e+00
     23.000    11.4358   3.678495    32.3598        911     0.6320     2.5441     2.3807 0.0000e+00
     24.000    11.4234   3.677370    32.3592        941     0.6525     2.5445     2.3800 0.0000e+00
     25.000    11.4160   3.676734    32.3590        960     0.6658     2.5469     2.3785 0.0000e+00
     26.000    11.3961   3.675015    32.3592        978     0.6787     2.5475     2.3781 0.0000e+00
     27.000    11.3760   3.673980    32.3662       1003     0.6961     2.5467     2.3751 0.0000e+00
     28.000    11.3756   3.674558    32.3718       1044     0.7240     2.5430     2.3702 0.0000e+00
     29.000    11.3694   3.674231    32.3737       1073     0.7447     2.5368     2.3634 0.0000e+00
     30.000    11.3185   3.673829    32.4140       1093     0.7582     2.5341     2.3595 0.0000e+00
     31.000    10.9516   3.652293    32.5250       1111     0.7711     2.5307     2.3573 0.0000e+00
     32.000    10.7419   3.637332    32.5624       1135     0.7872     2.5066     2.3465 0.0000e+00
     33.000    10.6284   3.630061    32.5906       1171     0.8122     2.4202     2.2850 0.0000e+00
     34.000    10.2569   3.602605    32.6478       1207     0.8374     2.3356     2.2026 0.0000e+00
     35.000    10.1156   3.590427    32.6518       1229     0.8531     2.2940     2.1604 0.0000e+00
     36.000    10.0393   3.583129    32.6463       1249     0.8668     2.2630     2.1314 0.0000e+00
     37.000    10.0008   3.579258    32.6414       1271     0.8817     2.2372     2.1049 0.0000e+00
     38.000     9.9075   3.571678    32.6484       1301     0.9026     2.2099     2.0779 0.0000e+00
     39.000     9.8709   3.568658    32.6504       1337     0.9275     2.1889     2.0551 0.0000e+00
     40.000     9.8512   3.567367    32.6546       1362     0.9454     2.1819     2.0430 0.0000e+00
     41.000     9.8081   3.564517    32.6643       1383     0.9597     2.1779     2.0376 0.0000e+00
     42.000     9.7532   3.560500    32.6727       1404     0.9744     2.1726     2.0322 0.0000e+00
     43.000     9.6592   3.553415    32.6853       1430     0.9926     2.1651     2.0251 0.0000e+00
     44.000     9.5174   3.542606    32.7033       1465     1.0167     2.1564     2.0154 0.0000e+00
     45.000     9.3798   3.532610    32.7258       1499     1.0404     2.1455     2.0070 0.0000e+00
     46.000     9.3424   3.530095    32.7337       1523     1.0571     2.1378     1.9985 0.0000e+00
     47.000     9.3143   3.528121    32.7386       1543     1.0708     2.1283     1.9932 0.0000e+00
     48.000     9.2873   3.526250    32.7436       1563     1.0848     2.1208     1.9880 0.0000e+00
     49.000     9.2161   3.521389    32.7582       1590     1.1034     2.1155     1.9823 0.0000e+00
     50.000     9.1092   3.513354    32.7729       1627     1.1294     2.1109     1.9755 0.0000e+00
     51.000     9.0280   3.507627    32.7877       1658     1.1508     2.1070     1.9685 0.0000e+00
     52.000     8.9722   3.504175    32.8028       1679     1.1654     2.1026     1.9644 0.0000e+00
     53.000     8.9278   3.500762    32.8079       1699     1.1792     2.0985     1.9612 0.0000e+00
     54.000     8.9188   3.500002    32.8079       1724     1.1963     2.0920     1.9564 0.0000e+00
     55.000     8.8967   3.498224    32.8092       1760     1.2215     2.0860     1.9510 0.0000e+00
     56.000     8.8708   3.496328    32.8130       1792     1.2441     2.0815     1.9465 0.0000e+00
     57.000     8.8571   3.495296    32.8144       1814     1.2591     2.0800     1.9441 0.0000e+00
     58.000     8.8140   3.492468    32.8244       1833     1.2723     2.0783     1.9418 0.0000e+00
     59.000     8.7669   3.489338    32.8348       1855     1.2876     2.0761     1.9389 0.0000e+00
     60.000     8.7610   3.488940    32.8357       1889     1.3110     2.0714     1.9352 0.0000e+00
     61.000     8.7186   3.487383    32.8583       1924     1.3353     2.0669     1.9315 0.0000e+00
     62.000     8.6683   3.484603    32.8754       1948     1.3523     2.0645     1.9289 0.0000e+00
     63.000     8.6216   3.482023    32.8913       1970     1.3674     2.0615     1.9256 0.0000e+00
     64.000     8.5697   3.479069    32.9082       1994     1.3837     2.0578     1.9216 0.0000e+00
     65.000     8.5297   3.478191    32.9358       2021     1.4027     2.0510     1.9178 0.0000e+00
     66.000     8.4491   3.475944    32.9870       2053     1.4248     2.0436     1.9128 0.0000e+00
     67.000     8.4202   3.478604    33.0416       2083     1.4455     2.0339     1.9054 0.0000e+00
     68.000     8.4270   3.482637    33.0773       2106     1.4617     2.0255     1.8966 0.0000e+00
     69.000     8.1984   3.463446    33.0888       2126     1.4760     2.0160     1.8868 0.0000e+00
     70.000     8.1607   3.458856    33.0751       2151     1.4930     1.9988     1.8731 0.0000e+00
     71.000     8.1106   3.454072    33.0710       2186     1.5173     1.9791     1.8540 0.0000e+00
     72.000     8.0420   3.448975    33.0810       2217     1.5391     1.9684     1.8429 0.0000e+00
     73.000     7.9953   3.446363    33.0969       2239     1.5540     1.9637     1.8378 0.0000e+00
     74.000     7.9882   3.446391    33.1034       2260     1.5686     1.9598     1.8331 0.0000e+00
     75.000     7.9812   3.445963    33.1050       2288     1.5882     1.9543     1.8266 0.0000e+00
     76.000     7.9776   3.445809    33.1063       2322     1.6116     1.9450     1.8188 0.0000e+00
     77.000     7.9766   3.445689    33.1055       2346     1.6283     1.9417     1.8151 0.0000e+00
     78.000     7.9558   3.444103    33.1078       2366     1.6426     1.9400     1.8115 0.0000e+00
     79.000     7.9425   3.442613    33.1040       2391     1.6596     1.9377     1.8087 0.0000e+00
     80.000     7.9168   3.440635    33.1067       2428     1.6857     1.9339     1.8052 0.0000e+00
     81.000     7.8872   3.439146    33.1184       2462     1.7088     1.9311     1.8037 0.0000e+00
     82.000     7.8472   3.437286    33.1360       2482     1.7230     1.9297     1.8020 0.0000e+00
     83.000     7.8106   3.435379    33.1498       2500     1.7356     1.9285     1.8003 0.0000e+00
     84.000     7.8124   3.435704    33.1511       2521     1.7501     1.9267     1.7983 0.0000e+00
     85.000     7.7795   3.434336    33.1673       2553     1.7719     1.9210     1.7945 0.0000e+00
     86.000     7.6918   3.428561    33.1883       2587     1.7959     1.9140     1.7882 0.0000e+00
     87.000     7.6825   3.427460    33.1848       2611     1.8125     1.9080     1.7824 0.0000e+00
     88.000     7.6783   3.427092    33.1844       2634     1.8286     1.9018     1.7773 0.0000e+00
     89.000     7.6738   3.427269    33.1901       2662     1.8477     1.8962     1.7718 0.0000e+00
     90.000     7.6734   3.428020    33.1981       2693     1.8697     1.8930     1.7683 0.0000e+00
     91.000     7.6744   3.429099    33.2083       2720     1.8885     1.8922     1.7664 0.0000e+00
     92.000     7.6726   3.429885    33.2179       2742     1.9037     1.8902     1.7645 0.0000e+00
     93.000     7.6709   3.430297    33.2235       2764     1.9185     1.8875     1.7624 0.0000e+00
     94.000     7.6650   3.430434    33.2301       2789     1.9364     1.8835     1.7594 0.0000e+00
     95.000     7.6571   3.430655    33.2396       2824     1.9606     1.8792     1.7559 0.0000e+00
     96.000     7.6532   3.430670    33.2430       2856     1.9829     1.8758     1.7521 0.0000e+00
     97.000     7.6504   3.430733    33.2459       2879     1.9986     1.8741     1.7481 0.0000e+00
     98.000     7.6499   3.430883    33.2474       2899     2.0122     1.8709     1.7445 0.0000e+00
     99.000     7.6493   3.431112    33.2500       2919     2.0267     1.8674     1.7422 0.0000e+00
    100.000     7.6484   3.431234    33.2517       2948     2.0467     1.8641     1.7405 0.0000e+00
    101.000     7.6497   3.431516    33.2530       2985     2.0723     1.8627     1.7382 0.0000e+00
    102.000     7.6504   3.431736    33.2543       3014     2.0923     1.8616     1.7371 0.0000e+00
    103.000     7.6429   3.431495    33.2584       3037     2.1087     1.8593     1.7355 0.0000e+00
    104.000     7.6348   3.431086    33.2612       3059     2.1237     1.8564     1.7349 0.0000e+00
    105.000     7.6315   3.430892    33.2618       3082     2.1397     1.8558     1.7341 0.0000e+00
    106.000     7.6283   3.430778    33.2632       3110     2.1590     1.8556     1.7325 0.0000e+00
    107.000     7.6244   3.430615    33.2647       3141     2.1803     1.8548     1.7299 0.0000e+00
    108.000     7.6242   3.430623    33.2645       3168     2.1996     1.8546     1.7288 0.0000e+00
    109.000     7.6239   3.430639    33.2644       3193     2.2168     1.8535     1.7275 0.0000e+00
    110.000     7.6238   3.430681    33.2646       3218     2.2342     1.8517     1.7263 0.0000e+00
    111.000     7.6210   3.430552    33.2653       3245     2.2527     1.8511     1.7275 0.0000e+00
    112.000     7.6160   3.430289    33.2669       3273     2.2722     1.8495     1.7288 0.0000e+00
    113.000     7.6105   3.430188    33.2705       3300     2.2912     1.8493     1.7288 0.0000e+00
    114.000     7.6078   3.430487    33.2758       3326     2.3093     1.8481     1.7280 0.0000e+00
    115.000     7.5999   3.430477    33.2828       3353     2.3275     1.8480     1.7270 0.0000e+00
    116.000     7.5943   3.430404    33.2869       3378     2.3451     1.8473     1.7239 0.0000e+00
    117.000     7.5896   3.430581    33.2928       3404     2.3629     1.8455     1.7224 0.0000e+00
    118.000     7.5879   3.430726    33.2956       3432     2.3825     1.8426     1.7211 0.0000e+00
    119.000     7.5881   3.430753    33.2952       3459     2.4014     1.8390     1.7189 0.0000e+00
    120.000     7.5876   3.430795    33.2956       3483     2.4181     1.8357     1.7160 0.0000e+00
    121.000     7.5877   3.430841    33.2955       3508     2.4351     1.8327     1.7130 0.0000e+00
    122.000     7.5872   3.430879    33.2959       3535     2.4543     1.8307     1.7099 0.0000e+00
    123.000     7.5862   3.430938    33.2971       3566     2.4755     1.8299     1.7086 0.0000e+00
    124.000     7.5862   3.430976    33.2970       3595     2.4960     1.8290     1.7077 0.0000e+00
    125.000     7.5885   3.431028    33.2949       3621     2.5138     1.8272     1.7065 0.0000e+00
    126.000     7.5867   3.431081    33.2967       3643     2.5293     1.8255     1.7060 0.0000e+00
    127.000     7.5788   3.431092    33.3039       3665     2.5445     1.8243     1.7055 0.0000e+00
    128.000     7.5739   3.431130    33.3085       3691     2.5627     1.8227     1.7050 0.0000e+00
    129.000     7.5715   3.431008    33.3090       3726     2.5868     1.8201     1.7024 0.0000e+00
    130.000     7.5697   3.430967    33.3098       3756     2.6079     1.8181     1.6989 0.0000e+00
    131.000     7.5664   3.430806    33.3108       3779     2.6233     1.8154     1.6973 0.0000e+00
    132.000     7.5610   3.430450    33.3117       3800     2.6380     1.8132     1.6959 0.0000e+00
    133.000     7.5610   3.430489    33.3116       3824     2.6547     1.8130     1.6957 0.0000e+00
    134.000     7.5605   3.430604    33.3129       3853     2.6750     1.8147     1.6961 0.0000e+00
    135.000     7.5580   3.430498    33.3136       3884     2.6969     1.8155     1.6962 0.0000e+00
    136.000     7.5558   3.430292    33.3130       4169     2.8944     1.8133     1.6917 0.0000e+00
    135.000     7.5574   3.430120    33.3102       4404     3.0579     1.8138     1.6898 0.0000e+00
    134.000     7.5601   3.430356    33.3105       4429     3.0751     1.8148     1.6898 0.0000e+00
    133.000     7.5612   3.430402    33.3105       4464     3.0995     1.8146     1.6898 0.0000e+00
    132.000     7.5631   3.430352    33.3086       4501     3.1253     1.8145     1.6912 0.0000e+00
    131.000     7.5655   3.430564    33.3091       4522     3.1398     1.8140     1.6922 0.0000e+00
    130.000     7.5664   3.430351    33.3064       4540     3.1520     1.8134     1.6918 0.0000e+00
    129.000     7.5686   3.430645    33.3080       4558     3.1648     1.8130     1.6915 0.0000e+00
    128.000     7.5705   3.430750    33.3077       4588     3.1857     1.8137     1.6925 0.0000e+00
    127.000     7.5730   3.430798    33.3062       4628     3.2135     1.8144     1.6938 0.0000e+00
    126.000     7.5787   3.430816    33.3015       4651     3.2290     1.8153     1.6940 0.0000e+00
    125.000     7.5824   3.430801    33.2983       4670     3.2421     1.8165     1.6940 0.0000e+00
    124.000     7.5856   3.430776    33.2955       4692     3.2579     1.8170     1.6928 0.0000e+00
    123.000     7.5859   3.430743    33.2953       4723     3.2793     1.8179     1.6933 0.0000e+00
    122.000     7.5864   3.430695    33.2947       4753     3.3000     1.8207     1.6953 0.0000e+00
    121.000     7.5883   3.430642    33.2928       4777     3.3166     1.8233     1.6969 0.0000e+00
    120.000     7.5882   3.430615    33.2932       4801     3.3331     1.8234     1.6988 0.0000e+00
    119.000     7.5881   3.430573    33.2932       4826     3.3510     1.8233     1.7004 0.0000e+00
    118.000     7.5881   3.430529    33.2933       4853     3.3691     1.8252     1.7027 0.0000e+00
    117.000     7.5881   3.430489    33.2933       4877     3.3861     1.8268     1.7041 0.0000e+00
    116.000     7.5881   3.430441    33.2933       4901     3.4031     1.8263     1.7043 0.0000e+00
    115.000     7.5879   3.430367    33.2931       4930     3.4232     1.8254     1.7026 0.0000e+00
    114.000     7.5884   3.430296    33.2923       4962     3.4450     1.8258     1.7023 0.0000e+00
    113.000     7.5947   3.430131    33.2850       4988     3.4633     1.8264     1.7029 0.0000e+00
    112.000     7.6003   3.430070    33.2795       5011     3.4791     1.8267     1.7019 0.0000e+00
    111.000     7.6066   3.429912    33.2722       5033     3.4948     1.8266     1.7024 0.0000e+00
    110.000     7.6089   3.429781    33.2691       5057     3.5114     1.8274     1.7044 0.0000e+00
