HB2407/CTD224.cnv
* Sea-Bird SBE 9 Data File:
* FileName = C:\cruise\data\CTD224.hex
* Software Version Seasave V 7.26.7.121
* Temperature SN = 4591
* Conductivity SN = 6006
* Number of Bytes Per Scan = 37
* Number of Voltage Words = 4
* Number of Scans Averaged by the Deck Unit = 1
* NMEA Latitude = 42 36.11 N
* NMEA Longitude = 070 22.77 W
* NMEA UTC (Time) = Nov 08 2024 05:29:55
* NMEA baud rate = 4800
** Ship: Bigelow HB2407
** Program:  Fall Bottom Trawl Survey
** Chief Scientist: John Galbraith
# nquan = 9
# nvalues = 173                         
# units = specified
# name 0 = depSM: Depth [salt water, m]
# name 1 = t090C: Temperature [ITS-90, deg C]
# name 2 = c0S/m: Conductivity [S/m]
# name 3 = sal00: Salinity, Practical [PSU]
# name 4 = scan: Scan Count
# name 5 = timeM: Time, Elapsed [minutes]
# name 6 = sbeox0V: Oxygen raw, SBE 43 [V]
# name 7 = sbeox1V: Oxygen raw, SBE 43, 2 [V]
# name 8 = flag: flag
# span 0 =      3.000,     89.000       
# span 1 =     9.5841,    12.1712       
# span 2 =   3.566751,   3.722642       
# span 3 =    32.1480,    32.8698       
# span 4 =        488,       5521       
# span 5 =     0.3381,     3.8337       
# span 6 =     2.0205,     2.6395       
# span 7 =     1.8851,     2.4606       
# span 8 = 0.0000e+00, 0.0000e+00       
# interval = meters: 1                  
# start_time = Nov 08 2024 05:29:55 [NMEA time, header]
# bad_flag = -9.990e-29
*END*
      3.000    12.1670   3.722006    32.1556        488     0.3381     2.6377     2.4543 0.0000e+00
      4.000    12.1712   3.722413    32.1555        766     0.5314     2.6349     2.4580 0.0000e+00
      5.000    12.1706   3.722388    32.1554        779     0.5404     2.6350     2.4551 0.0000e+00
      6.000    12.1704   3.722452    32.1557        805     0.5587     2.6370     2.4577 0.0000e+00
      7.000    12.1710   3.722514    32.1554        831     0.5766     2.6379     2.4606 0.0000e+00
      8.000    12.1709   3.722590    32.1558        859     0.5956     2.6395     2.4593 0.0000e+00
      9.000    12.1696   3.722530    32.1559        886     0.6144     2.6342     2.4586 0.0000e+00
     10.000    12.1704   3.722639    32.1559        912     0.6327     2.6349     2.4584 0.0000e+00
     11.000    12.1676   3.722464    32.1563        938     0.6507     2.6357     2.4587 0.0000e+00
     12.000    12.1670   3.722457    32.1563        964     0.6689     2.6344     2.4570 0.0000e+00
     13.000    12.1685   3.722642    32.1564        991     0.6878     2.6326     2.4588 0.0000e+00
     14.000    12.1468   3.721286    32.1616       1019     0.7070     2.6347     2.4592 0.0000e+00
     15.000    12.0953   3.717665    32.1707       1046     0.7256     2.6332     2.4572 0.0000e+00
     16.000    12.0160   3.712052    32.1845       1072     0.7439     2.6257     2.4521 0.0000e+00
     17.000    11.9684   3.708209    32.1881       1098     0.7616     2.6112     2.4408 0.0000e+00
     18.000    11.9275   3.705420    32.1960       1124     0.7796     2.5910     2.4250 0.0000e+00
     19.000    11.7840   3.694214    32.2113       1150     0.7977     2.5754     2.4059 0.0000e+00
     20.000    11.7760   3.693118    32.2072       1176     0.8159     2.5590     2.3910 0.0000e+00
     21.000    11.7758   3.692997    32.2058       1203     0.8344     2.5470     2.3777 0.0000e+00
     22.000    11.7735   3.692765    32.2052       1230     0.8537     2.5415     2.3674 0.0000e+00
     23.000    11.7734   3.692718    32.2043       1258     0.8727     2.5361     2.3632 0.0000e+00
     24.000    11.7736   3.692725    32.2038       1285     0.8915     2.5359     2.3593 0.0000e+00
     25.000    11.7708   3.692486    32.2035       1311     0.9098     2.5360     2.3578 0.0000e+00
     26.000    11.7720   3.692555    32.2028       1337     0.9276     2.5340     2.3579 0.0000e+00
     27.000    11.7704   3.692454    32.2027       1363     0.9461     2.5320     2.3540 0.0000e+00
     28.000    11.7582   3.691627    32.2048       1390     0.9648     2.5285     2.3542 0.0000e+00
     29.000    11.7468   3.690752    32.2058       1417     0.9831     2.5271     2.3552 0.0000e+00
     30.000    11.7392   3.690174    32.2063       1443     1.0012     2.5266     2.3537 0.0000e+00
     31.000    11.7325   3.689748    32.2076       1469     1.0192     2.5266     2.3508 0.0000e+00
     32.000    11.7226   3.689193    32.2104       1495     1.0377     2.5251     2.3517 0.0000e+00
     33.000    11.7056   3.688279    32.2158       1523     1.0570     2.5267     2.3522 0.0000e+00
     34.000    11.6729   3.686750    32.2290       1550     1.0757     2.5241     2.3521 0.0000e+00
     35.000    11.6348   3.685628    32.2508       1577     1.0943     2.5195     2.3476 0.0000e+00
     36.000    11.5767   3.684193    32.2869       1603     1.1122     2.5125     2.3403 0.0000e+00
     37.000    11.5177   3.682659    32.3230       1628     1.1298     2.5012     2.3283 0.0000e+00
     38.000    11.4809   3.682277    32.3510       1654     1.1481     2.4858     2.3159 0.0000e+00
     39.000    11.4222   3.680187    32.3815       1681     1.1667     2.4598     2.2969 0.0000e+00
     40.000    11.4049   3.679905    32.3935       1709     1.1862     2.4287     2.2722 0.0000e+00
     41.000    11.3782   3.680016    32.4175       1737     1.2058     2.4043     2.2485 0.0000e+00
     42.000    11.3553   3.680707    32.4440       1763     1.2239     2.3865     2.2299 0.0000e+00
     43.000    11.2675   3.676296    32.4776       1789     1.2414     2.3702     2.2112 0.0000e+00
     44.000    11.1628   3.668494    32.4927       1814     1.2589     2.3486     2.1941 0.0000e+00
     45.000    11.0049   3.660124    32.5493       1839     1.2764     2.3289     2.1751 0.0000e+00
     46.000    10.9723   3.659703    32.5736       1866     1.2951     2.3081     2.1570 0.0000e+00
     47.000    10.9403   3.658706    32.5917       1894     1.3148     2.2853     2.1362 0.0000e+00
     48.000    10.9218   3.657405    32.5948       1922     1.3341     2.2697     2.1142 0.0000e+00
     49.000    10.8759   3.654833    32.6097       1949     1.3528     2.2581     2.1023 0.0000e+00
     50.000    10.8448   3.652839    32.6172       1976     1.3712     2.2476     2.0950 0.0000e+00
     51.000    10.7755   3.649783    32.6481       2001     1.3891     2.2383     2.0875 0.0000e+00
     52.000    10.6587   3.642368    32.6781       2028     1.4073     2.2315     2.0835 0.0000e+00
     53.000    10.6332   3.640047    32.6773       2054     1.4258     2.2226     2.0762 0.0000e+00
     54.000    10.6138   3.638478    32.6786       2081     1.4444     2.2130     2.0649 0.0000e+00
     55.000    10.6047   3.637693    32.6785       2107     1.4626     2.2073     2.0561 0.0000e+00
     56.000    10.5795   3.635977    32.6835       2133     1.4809     2.2025     2.0515 0.0000e+00
     57.000    10.5295   3.632453    32.6927       2160     1.4993     2.1990     2.0481 0.0000e+00
     58.000    10.5169   3.631368    32.6926       2187     1.5180     2.1932     2.0434 0.0000e+00
     59.000    10.5033   3.630401    32.6947       2214     1.5371     2.1891     2.0406 0.0000e+00
     60.000    10.4601   3.627308    32.7021       2241     1.5555     2.1856     2.0387 0.0000e+00
     61.000    10.2947   3.615582    32.7327       2267     1.5737     2.1828     2.0357 0.0000e+00
     62.000    10.2394   3.610186    32.7277       2294     1.5922     2.1762     2.0302 0.0000e+00
     63.000    10.1727   3.605172    32.7369       2321     1.6108     2.1646     2.0228 0.0000e+00
     64.000    10.1277   3.601701    32.7420       2347     1.6289     2.1517     2.0108 0.0000e+00
     65.000    10.0802   3.598257    32.7497       2373     1.6474     2.1395     1.9992 0.0000e+00
     66.000     9.9986   3.592786    32.7678       2399     1.6655     2.1297     1.9890 0.0000e+00
     67.000     9.9206   3.587190    32.7813       2426     1.6839     2.1183     1.9800 0.0000e+00
     68.000     9.8671   3.583118    32.7881       2454     1.7032     2.1062     1.9704 0.0000e+00
     69.000     9.8367   3.580651    32.7902       2481     1.7224     2.0958     1.9591 0.0000e+00
     70.000     9.8087   3.578687    32.7952       2507     1.7404     2.0874     1.9486 0.0000e+00
     71.000     9.7742   3.576100    32.7998       2532     1.7575     2.0797     1.9412 0.0000e+00
     72.000     9.7564   3.574740    32.8017       2557     1.7751     2.0728     1.9352 0.0000e+00
     73.000     9.7398   3.573602    32.8048       2585     1.7942     2.0684     1.9289 0.0000e+00
     74.000     9.7373   3.573564    32.8062       2613     1.8137     2.0648     1.9236 0.0000e+00
     75.000     9.7378   3.573817    32.8079       2640     1.8328     2.0609     1.9196 0.0000e+00
     76.000     9.7385   3.574270    32.8114       2667     1.8510     2.0589     1.9170 0.0000e+00
     77.000     9.7364   3.574313    32.8133       2692     1.8686     2.0583     1.9164 0.0000e+00
     78.000     9.7353   3.574464    32.8155       2718     1.8865     2.0568     1.9149 0.0000e+00
     79.000     9.7306   3.574233    32.8169       2744     1.9051     2.0564     1.9145 0.0000e+00
     80.000     9.7236   3.573818    32.8186       2771     1.9237     2.0569     1.9128 0.0000e+00
     81.000     9.7104   3.573698    32.8290       2799     1.9430     2.0592     1.9109 0.0000e+00
     82.000     9.6649   3.571675    32.8494       2826     1.9622     2.0580     1.9118 0.0000e+00
     83.000     9.6256   3.569167    32.8593       2853     1.9804     2.0563     1.9113 0.0000e+00
     84.000     9.6160   3.568477    32.8605       2879     1.9989     2.0522     1.9090 0.0000e+00
     85.000     9.6093   3.568106    32.8624       2905     2.0167     2.0461     1.9044 0.0000e+00
     86.000     9.6059   3.567889    32.8628       2931     2.0346     2.0426     1.9009 0.0000e+00
     87.000     9.6030   3.567758    32.8637       2957     2.0526     2.0399     1.8988 0.0000e+00
     88.000     9.5949   3.567456    32.8675       2983     2.0709     2.0387     1.8960 0.0000e+00
     89.000     9.5841   3.566751    32.8698       3022     2.0979     2.0381     1.8942 0.0000e+00
     88.000     9.5978   3.567306    32.8633       3377     2.3442     2.0205     1.8851 0.0000e+00
     87.000     9.6002   3.567427    32.8629       3275     2.2737     2.0318     1.8882 0.0000e+00
     86.000     9.6043   3.567579    32.8611       3300     2.2912     2.0321     1.8896 0.0000e+00
     85.000     9.6055   3.567515    32.8598       3326     2.3089     2.0317     1.8911 0.0000e+00
     84.000     9.6080   3.567546    32.8583       3353     2.3275     2.0327     1.8921 0.0000e+00
     83.000     9.6111   3.567679    32.8573       3379     2.3457     2.0332     1.8928 0.0000e+00
     82.000     9.6151   3.567833    32.8556       3405     2.3641     2.0339     1.8938 0.0000e+00
     81.000     9.6188   3.568014    32.8546       3431     2.3822     2.0318     1.8950 0.0000e+00
     80.000     9.6571   3.569950    32.8398       3456     2.3994     2.0327     1.8964 0.0000e+00
     79.000     9.6749   3.571014    32.8349       3482     2.4173     2.0376     1.8973 0.0000e+00
     78.000     9.6779   3.570924    32.8316       3508     2.4352     2.0412     1.8982 0.0000e+00
     77.000     9.7011   3.571845    32.8203       3533     2.4529     2.0426     1.9008 0.0000e+00
     76.000     9.7112   3.572376    32.8170       3559     2.4708     2.0438     1.9045 0.0000e+00
     75.000     9.7195   3.572727    32.8135       3585     2.4888     2.0462     1.9074 0.0000e+00
     74.000     9.7283   3.572963    32.8083       3611     2.5069     2.0488     1.9089 0.0000e+00
     73.000     9.7282   3.572872    32.8078       3638     2.5255     2.0512     1.9113 0.0000e+00
     72.000     9.7289   3.572793    32.8069       3664     2.5437     2.0534     1.9128 0.0000e+00
     71.000     9.7337   3.572641    32.8014       3690     2.5616     2.0543     1.9135 0.0000e+00
     70.000     9.7409   3.572703    32.7959       3715     2.5794     2.0551     1.9136 0.0000e+00
     69.000     9.7485   3.573029    32.7928       3740     2.5965     2.0548     1.9154 0.0000e+00
     68.000     9.7630   3.573923    32.7891       3766     2.6145     2.0569     1.9156 0.0000e+00
     67.000     9.7760   3.574755    32.7862       3793     2.6336     2.0587     1.9152 0.0000e+00
     66.000     9.8034   3.576547    32.7800       3820     2.6521     2.0587     1.9142 0.0000e+00
     65.000     9.8277   3.578012    32.7733       3846     2.6702     2.0619     1.9132 0.0000e+00
     64.000     9.8697   3.580886    32.7647       3872     2.6881     2.0686     1.9143 0.0000e+00
     63.000     9.9355   3.585079    32.7481       3896     2.7051     2.0755     1.9165 0.0000e+00
     62.000     9.9831   3.588918    32.7444       3921     2.7219     2.0836     1.9209 0.0000e+00
     61.000    10.0638   3.594351    32.7268       3946     2.7397     2.0934     1.9267 0.0000e+00
     60.000    10.0707   3.595234    32.7300       3974     2.7587     2.0995     1.9353 0.0000e+00
     59.000    10.1241   3.599013    32.7203       4001     2.7779     2.1039     1.9415 0.0000e+00
     58.000    10.2595   3.608781    32.6972       4028     2.7966     2.1139     1.9480 0.0000e+00
     57.000    10.3444   3.615269    32.6865       4053     2.8141     2.1278     1.9563 0.0000e+00
     56.000    10.4039   3.619824    32.6792       4078     2.8313     2.1423     1.9656 0.0000e+00
     55.000    10.4611   3.624386    32.6741       4103     2.8487     2.1551     1.9762 0.0000e+00
     54.000    10.4853   3.626216    32.6711       4129     2.8665     2.1647     1.9896 0.0000e+00
     53.000    10.5160   3.628537    32.6673       4155     2.8848     2.1692     2.0006 0.0000e+00
     52.000    10.5494   3.630980    32.6623       4181     2.9028     2.1710     2.0091 0.0000e+00
     51.000    10.5748   3.633133    32.6614       4208     2.9212     2.1745     2.0157 0.0000e+00
     50.000    10.6120   3.635493    32.6522       4235     2.9400     2.1796     2.0220 0.0000e+00
     49.000    10.6925   3.640493    32.6305       4260     2.9579     2.1844     2.0276 0.0000e+00
     48.000    10.7683   3.644809    32.6063       4285     2.9752     2.1918     2.0317 0.0000e+00
     47.000    10.8011   3.647055    32.5999       4311     2.9930     2.2022     2.0380 0.0000e+00
     46.000    10.8426   3.649626    32.5889       4337     3.0109     2.2106     2.0441 0.0000e+00
     45.000    10.8795   3.651966    32.5797       4363     3.0290     2.2159     2.0506 0.0000e+00
     44.000    10.9149   3.653006    32.5590       4390     3.0476     2.2198     2.0570 0.0000e+00
     43.000    10.9390   3.653929    32.5472       4416     3.0657     2.2241     2.0646 0.0000e+00
     42.000    10.9762   3.655585    32.5311       4442     3.0838     2.2355     2.0701 0.0000e+00
     41.000    11.0667   3.660577    32.5007       4468     3.1018     2.2506     2.0736 0.0000e+00
     40.000    11.1588   3.665495    32.4684       4492     3.1189     2.2647     2.0798 0.0000e+00
     39.000    11.1938   3.667819    32.4608       4517     3.1363     2.2770     2.0881 0.0000e+00
     38.000    11.2808   3.671254    32.4184       4544     3.1549     2.2924     2.0999 0.0000e+00
     37.000    11.3163   3.672568    32.4005       4571     3.1739     2.3099     2.1152 0.0000e+00
     36.000    11.3961   3.675312    32.3579       4599     3.1928     2.3286     2.1290 0.0000e+00
     35.000    11.4460   3.676771    32.3290       4625     3.2109     2.3476     2.1447 0.0000e+00
     34.000    11.5115   3.678873    32.2928       4649     3.2276     2.3744     2.1636 0.0000e+00
     33.000    11.5146   3.679131    32.2930       4673     3.2446     2.4036     2.1841 0.0000e+00
     32.000    11.5703   3.680721    32.2604       4699     3.2628     2.4283     2.2061 0.0000e+00
     31.000    11.6198   3.682750    32.2374       4727     3.2817     2.4562     2.2272 0.0000e+00
     30.000    11.6693   3.684619    32.2131       4753     3.3000     2.4759     2.2474 0.0000e+00
     29.000    11.6791   3.685490    32.2134       4779     3.3178     2.4888     2.2684 0.0000e+00
     28.000    11.6903   3.686129    32.2103       4804     3.3354     2.4995     2.2871 0.0000e+00
     27.000    11.7113   3.687143    32.2024       4829     3.3531     2.5054     2.3024 0.0000e+00
     26.000    11.7241   3.688053    32.2005       4856     3.3714     2.5099     2.3135 0.0000e+00
     25.000    11.7386   3.688911    32.1967       4883     3.3902     2.5115     2.3202 0.0000e+00
     24.000    11.7540   3.689960    32.1939       4909     3.4080     2.5130     2.3281 0.0000e+00
     23.000    11.7560   3.690198    32.1949       4934     3.4257     2.5164     2.3359 0.0000e+00
     22.000    11.7575   3.690250    32.1945       4960     3.4436     2.5197     2.3410 0.0000e+00
     21.000    11.7639   3.690731    32.1941       4985     3.4612     2.5214     2.3436 0.0000e+00
     20.000    11.7645   3.690837    32.1951       5011     3.4794     2.5223     2.3448 0.0000e+00
     19.000    11.7687   3.691104    32.1944       5037     3.4974     2.5233     2.3466 0.0000e+00
     18.000    11.7841   3.692077    32.1909       5063     3.5151     2.5275     2.3468 0.0000e+00
     17.000    11.8248   3.695212    32.1865       5089     3.5332     2.5350     2.3487 0.0000e+00
     16.000    11.8779   3.698830    32.1760       5115     3.5513     2.5410     2.3534 0.0000e+00
