HB2407/CTD227.cnv
* Sea-Bird SBE 9 Data File:
* FileName = C:\cruise\data\CTD227.hex
* Software Version Seasave V 7.26.7.121
* Temperature SN = 4591
* Conductivity SN = 6006
* Number of Bytes Per Scan = 37
* Number of Voltage Words = 4
* Number of Scans Averaged by the Deck Unit = 1
* NMEA Latitude = 42 20.31 N
* NMEA Longitude = 069 20.68 W
* NMEA UTC (Time) = Nov 08 2024 17:51:51
* NMEA baud rate = 4800
** Ship: Bigelow HB2407
** Program:  Fall Bottom Trawl Survey
** Chief Scientist: John Galbraith
# nquan = 9
# nvalues = 443                         
# units = specified
# name 0 = depSM: Depth [salt water, m]
# name 1 = t090C: Temperature [ITS-90, deg C]
# name 2 = c0S/m: Conductivity [S/m]
# name 3 = sal00: Salinity, Practical [PSU]
# name 4 = scan: Scan Count
# name 5 = timeM: Time, Elapsed [minutes]
# name 6 = sbeox0V: Oxygen raw, SBE 43 [V]
# name 7 = sbeox1V: Oxygen raw, SBE 43, 2 [V]
# name 8 = flag: flag
# span 0 =      2.000,    223.000       
# span 1 =     7.3313,    13.2101       
# span 2 =   3.392390,   3.797805       
# span 3 =    31.9830,    34.1112       
# span 4 =          3,      15267       
# span 5 =     0.0013,    10.6013       
# span 6 =     1.6829,     2.5701       
# span 7 =     1.5706,     2.3907       
# span 8 = 0.0000e+00, 0.0000e+00       
# interval = meters: 1                  
# start_time = Nov 08 2024 17:51:51 [NMEA time, header]
# bad_flag = -9.990e-29
*END*
[from data line 161]
    163.000     7.4534   3.452255    33.6361       5159     3.5818     1.7755     1.6551 0.0000e+00
    164.000     7.4570   3.453234    33.6427       5183     3.5984     1.7722     1.6524 0.0000e+00
    165.000     7.4634   3.454957    33.6547       5233     3.6331     1.7648     1.6481 0.0000e+00
    166.000     7.4754   3.457435    33.6694       5265     3.6553     1.7602     1.6445 0.0000e+00
    167.000     7.4921   3.460366    33.6845       5282     3.6676     1.7576     1.6426 0.0000e+00
    168.000     7.5083   3.463389    33.7009       5304     3.6825     1.7551     1.6396 0.0000e+00
    169.000     7.5221   3.465826    33.7134       5361     3.7224     1.7500     1.6321 0.0000e+00
    170.000     7.5233   3.466231    33.7161       5393     3.7441     1.7481     1.6280 0.0000e+00
    171.000     7.5277   3.467032    33.7201       5411     3.7568     1.7451     1.6254 0.0000e+00
    172.000     7.5299   3.468053    33.7285       5432     3.7713     1.7419     1.6239 0.0000e+00
    173.000     7.5282   3.468262    33.7319       5467     3.7959     1.7397     1.6228 0.0000e+00
    174.000     7.5267   3.468423    33.7346       5516     3.8300     1.7321     1.6177 0.0000e+00
    175.000     7.5270   3.468666    33.7364       5541     3.8472     1.7277     1.6135 0.0000e+00
    176.000     7.5304   3.469637    33.7431       5561     3.8609     1.7247     1.6109 0.0000e+00
    177.000     7.5388   3.471312    33.7526       5584     3.8771     1.7224     1.6078 0.0000e+00
    178.000     7.5461   3.472652    33.7595       5628     3.9077     1.7181     1.6020 0.0000e+00
    179.000     7.5524   3.473862    33.7660       5668     3.9355     1.7141     1.5983 0.0000e+00
    180.000     7.5610   3.475360    33.7734       5692     3.9518     1.7132     1.5978 0.0000e+00
    181.000     7.5850   3.479861    33.7982       5716     3.9684     1.7117     1.5978 0.0000e+00
    182.000     7.6077   3.483801    33.8182       5754     3.9948     1.7129     1.5975 0.0000e+00
    183.000     7.6274   3.487449    33.8379       5789     4.0198     1.7120     1.5966 0.0000e+00
    184.000     7.6357   3.488915    33.8452       5809     4.0332     1.7111     1.5967 0.0000e+00
    185.000     7.6360   3.489037    33.8457       5830     4.0481     1.7105     1.5953 0.0000e+00
    186.000     7.6381   3.489495    33.8481       5881     4.0833     1.7093     1.5925 0.0000e+00
    187.000     7.6411   3.490119    33.8515       5915     4.1070     1.7074     1.5918 0.0000e+00
    188.000     7.6450   3.490944    33.8561       5933     4.1197     1.7067     1.5919 0.0000e+00
    189.000     7.6569   3.493101    33.8673       5956     4.1354     1.7063     1.5907 0.0000e+00
    190.000     7.6767   3.496410    33.8833       6004     4.1684     1.7049     1.5876 0.0000e+00
    191.000     7.7046   3.501354    33.9088       6046     4.1978     1.7043     1.5886 0.0000e+00
    192.000     7.7124   3.502673    33.9150       6065     4.2108     1.7049     1.5894 0.0000e+00
    193.000     7.7248   3.504976    33.9273       6083     4.2239     1.7052     1.5896 0.0000e+00
    194.000     7.7485   3.509026    33.9473       6119     4.2486     1.7047     1.5896 0.0000e+00
    195.000     7.8216   3.522369    34.0191       6168     4.2829     1.7037     1.5895 0.0000e+00
    196.000     7.8329   3.524532    34.0308       6191     4.2985     1.7034     1.5904 0.0000e+00
    197.000     7.8530   3.528842    34.0571       6214     4.3144     1.7025     1.5900 0.0000e+00
    198.000     7.8591   3.530246    34.0657       6255     4.3434     1.7014     1.5875 0.0000e+00
    199.000     7.8617   3.531021    34.0710       6299     4.3739     1.6992     1.5853 0.0000e+00
    200.000     7.8642   3.531696    34.0753       6322     4.3893     1.6979     1.5846 0.0000e+00
    201.000     7.8662   3.532231    34.0787       6342     4.4034     1.6977     1.5836 0.0000e+00
    202.000     7.8701   3.533226    34.0851       6385     4.4330     1.6972     1.5828 0.0000e+00
    203.000     7.8733   3.534088    34.0907       6441     4.4726     1.6940     1.5807 0.0000e+00
    204.000     7.8755   3.534644    34.0941       6460     4.4854     1.6937     1.5798 0.0000e+00
    205.000     7.8764   3.534910    34.0955       6476     4.4965     1.6933     1.5790 0.0000e+00
    206.000     7.8788   3.535509    34.0992       6497     4.5108     1.6923     1.5785 0.0000e+00
    207.000     7.8792   3.535660    34.0999       6573     4.5636     1.6913     1.5769 0.0000e+00
    208.000     7.8806   3.536074    34.1024       6597     4.5806     1.6911     1.5772 0.0000e+00
    209.000     7.8813   3.536266    34.1033       6613     4.5914     1.6900     1.5773 0.0000e+00
    210.000     7.8824   3.536570    34.1051       6633     4.6053     1.6895     1.5763 0.0000e+00
    211.000     7.8828   3.536682    34.1054       6708     4.6579     1.6860     1.5756 0.0000e+00
    212.000     7.8831   3.536808    34.1060       6734     4.6760     1.6870     1.5749 0.0000e+00
    213.000     7.8838   3.536998    34.1069       6753     4.6891     1.6875     1.5741 0.0000e+00
    214.000     7.8840   3.537074    34.1070       6782     4.7091     1.6872     1.5737 0.0000e+00
    215.000     7.8841   3.537131    34.1071       6836     4.7465     1.6871     1.5735 0.0000e+00
    216.000     7.8841   3.537193    34.1072       6872     4.7713     1.6871     1.5736 0.0000e+00
    217.000     7.8843   3.537266    34.1073       6896     4.7883     1.6866     1.5730 0.0000e+00
    218.000     7.8844   3.537315    34.1073       6927     4.8100     1.6849     1.5727 0.0000e+00
    219.000     7.8848   3.537426    34.1076       6977     4.8445     1.6851     1.5728 0.0000e+00
    220.000     7.8870   3.537934    34.1104       7008     4.8661     1.6853     1.5736 0.0000e+00
    221.000     7.8870   3.537959    34.1103       7035     4.8845     1.6845     1.5735 0.0000e+00
    222.000     7.8872   3.538042    34.1104       7073     4.9113     1.6829     1.5726 0.0000e+00
    223.000     7.8878   3.538205    34.1112       7112     4.9385     1.6839     1.5722 0.0000e+00
    222.000     7.8877   3.538111    34.1107       7166     4.9758     1.6829     1.5722 0.0000e+00
    221.000     7.8878   3.538122    34.1112       7294     5.0644     1.6841     1.5711 0.0000e+00
    220.000     7.8868   3.537884    34.1101       7398     5.1370     1.6832     1.5706 0.0000e+00
    219.000     7.8862   3.537712    34.1093       7534     5.2315     1.6843     1.5720 0.0000e+00
    218.000     7.8857   3.537583    34.1089       7627     5.2956     1.6842     1.5708 0.0000e+00
    217.000     7.8850   3.537389    34.1080       7718     5.3593     1.6834     1.5714 0.0000e+00
    216.000     7.8847   3.537267    34.1075       7818     5.4285     1.6846     1.5732 0.0000e+00
    215.000     7.8838   3.537068    34.1066       7916     5.4964     1.6855     1.5741 0.0000e+00
    214.000     7.8845   3.537142    34.1072       7955     5.5235     1.6861     1.5736 0.0000e+00
    213.000     7.8839   3.537015    34.1069       7985     5.5447     1.6869     1.5744 0.0000e+00
    212.000     7.8835   3.536865    34.1062       8033     5.5779     1.6860     1.5748 0.0000e+00
    211.000     7.8834   3.536775    34.1059       8054     5.5924     1.6862     1.5749 0.0000e+00
    210.000     7.8832   3.536689    34.1056       8068     5.6022     1.6869     1.5754 0.0000e+00
    209.000     7.8828   3.536596    34.1054       8081     5.6111     1.6865     1.5760 0.0000e+00
    208.000     7.8825   3.536495    34.1051       8095     5.6206     1.6866     1.5758 0.0000e+00
    207.000     7.8820   3.536349    34.1045       8114     5.6341     1.6870     1.5749 0.0000e+00
    206.000     7.8797   3.535810    34.1014       8154     5.6616     1.6876     1.5739 0.0000e+00
    205.000     7.8782   3.535403    34.0990       8181     5.6803     1.6890     1.5744 0.0000e+00
    204.000     7.8776   3.535170    34.0977       8196     5.6912     1.6899     1.5742 0.0000e+00
    203.000     7.8770   3.535012    34.0970       8211     5.7012     1.6894     1.5743 0.0000e+00
    202.000     7.8747   3.534464    34.0938       8226     5.7121     1.6889     1.5752 0.0000e+00
    201.000     7.8719   3.533779    34.0897       8246     5.7258     1.6898     1.5761 0.0000e+00
    200.000     7.8690   3.533044    34.0851       8274     5.7453     1.6912     1.5765 0.0000e+00
    199.000     7.8668   3.532480    34.0817       8305     5.7667     1.6923     1.5773 0.0000e+00
    198.000     7.8620   3.531209    34.0732       8329     5.7831     1.6915     1.5782 0.0000e+00
    197.000     7.8583   3.530342    34.0679       8348     5.7963     1.6912     1.5786 0.0000e+00
    196.000     7.8555   3.529609    34.0633       8364     5.8079     1.6915     1.5777 0.0000e+00
    195.000     7.8496   3.528353    34.0561       8381     5.8196     1.6921     1.5775 0.0000e+00
    194.000     7.8342   3.525395    34.0398       8401     5.8331     1.6936     1.5783 0.0000e+00
    193.000     7.7885   3.516901    33.9935       8429     5.8530     1.6935     1.5800 0.0000e+00
    192.000     7.7450   3.509357    33.9553       8459     5.8737     1.6945     1.5816 0.0000e+00
    191.000     7.7236   3.505063    33.9303       8479     5.8875     1.6962     1.5825 0.0000e+00
    190.000     7.7194   3.504275    33.9265       8496     5.8992     1.6975     1.5834 0.0000e+00
    189.000     7.7011   3.501224    33.9119       8513     5.9112     1.6986     1.5847 0.0000e+00
    188.000     7.6730   3.496428    33.8880       8537     5.9281     1.6996     1.5863 0.0000e+00
    187.000     7.6552   3.492984    33.8687       8571     5.9515     1.7000     1.5871 0.0000e+00
    186.000     7.6304   3.488518    33.8451       8596     5.9685     1.6996     1.5870 0.0000e+00
    185.000     7.6228   3.486890    33.8354       8615     5.9816     1.6989     1.5867 0.0000e+00
    184.000     7.6171   3.485835    33.8301       8633     5.9944     1.6994     1.5860 0.0000e+00
    183.000     7.6084   3.484316    33.8226       8655     6.0101     1.7002     1.5869 0.0000e+00
    182.000     7.5920   3.481370    33.8072       8683     6.0289     1.7010     1.5892 0.0000e+00
    181.000     7.5680   3.477131    33.7853       8709     6.0474     1.7022     1.5909 0.0000e+00
    180.000     7.5536   3.474233    33.7684       8734     6.0642     1.7045     1.5916 0.0000e+00
    179.000     7.5495   3.473503    33.7649       8756     6.0798     1.7060     1.5918 0.0000e+00
    178.000     7.5449   3.472614    33.7604       8779     6.0960     1.7067     1.5923 0.0000e+00
    177.000     7.5401   3.471697    33.7556       8803     6.1127     1.7067     1.5926 0.0000e+00
    176.000     7.5367   3.470902    33.7507       8828     6.1301     1.7068     1.5932 0.0000e+00
    175.000     7.5355   3.470411    33.7471       8855     6.1487     1.7076     1.5933 0.0000e+00
    174.000     7.5337   3.469712    33.7417       8884     6.1691     1.7089     1.5932 0.0000e+00
    173.000     7.5341   3.469021    33.7344       8914     6.1894     1.7102     1.5933 0.0000e+00
    172.000     7.5324   3.467972    33.7251       8938     6.2065     1.7121     1.5933 0.0000e+00
    171.000     7.5307   3.467378    33.7209       8960     6.2217     1.7154     1.5944 0.0000e+00
    170.000     7.5279   3.466812    33.7179       8983     6.2378     1.7213     1.5985 0.0000e+00
    169.000     7.5257   3.466200    33.7139       9015     6.2596     1.7291     1.6064 0.0000e+00
    168.000     7.5189   3.464920    33.7072       9047     6.2819     1.7339     1.6122 0.0000e+00
    167.000     7.5124   3.463496    33.6986       9071     6.2986     1.7368     1.6162 0.0000e+00
    166.000     7.5121   3.463217    33.6963       9093     6.3139     1.7388     1.6188 0.0000e+00
    165.000     7.5044   3.461849    33.6895       9119     6.3319     1.7400     1.6214 0.0000e+00
    164.000     7.4995   3.460931    33.6848       9152     6.3551     1.7421     1.6246 0.0000e+00
    163.000     7.4842   3.458126    33.6698       9184     6.3768     1.7446     1.6274 0.0000e+00
    162.000     7.4708   3.455128    33.6508       9209     6.3947     1.7459     1.6293 0.0000e+00
    161.000     7.4600   3.452759    33.6361       9235     6.4122     1.7477     1.6313 0.0000e+00
    160.000     7.4521   3.451082    33.6261       9260     6.4301     1.7509     1.6328 0.0000e+00
    159.000     7.4404   3.448830    33.6136       9288     6.4491     1.7553     1.6352 0.0000e+00
    158.000     7.4160   3.444256    33.5881       9315     6.4683     1.7582     1.6388 0.0000e+00
    157.000     7.4004   3.440612    33.5642       9345     6.4891     1.7606     1.6426 0.0000e+00
    156.000     7.3880   3.436263    33.5295       9373     6.5084     1.7641     1.6456 0.0000e+00
    155.000     7.3869   3.433814    33.5045       9395     6.5239     1.7679     1.6479 0.0000e+00
    154.000     7.3872   3.433241    33.4985       9417     6.5392     1.7734     1.6510 0.0000e+00
    153.000     7.3873   3.432914    33.4954       9449     6.5613     1.7818     1.6581 0.0000e+00
    152.000     7.3852   3.431859    33.4864       9492     6.5909     1.7917     1.6678 0.0000e+00
    151.000     7.3819   3.430828    33.4789       9513     6.6056     1.7955     1.6713 0.0000e+00
    150.000     7.3768   3.429434    33.4692       9531     6.6181     1.7978     1.6743 0.0000e+00
    149.000     7.3709   3.427802    33.4576       9551     6.6320     1.7999     1.6771 0.0000e+00
    148.000     7.3559   3.422609    33.4163       9586     6.6566     1.8039     1.6816 0.0000e+00
    147.000     7.3434   3.416569    33.3633       9624     6.6827     1.8094     1.6863 0.0000e+00
    146.000     7.3389   3.414066    33.3410       9645     6.6973     1.8153     1.6888 0.0000e+00
    145.000     7.3350   3.411044    33.3124       9666     6.7116     1.8195     1.6934 0.0000e+00
    144.000     7.3375   3.408491    33.2828       9694     6.7313     1.8275     1.7012 0.0000e+00
    143.000     7.3416   3.407152    33.2649       9730     6.7565     1.8370     1.7106 0.0000e+00
    142.000     7.3450   3.406013    33.2498       9756     6.7741     1.8434     1.7171 0.0000e+00
    141.000     7.3451   3.405889    33.2488       9777     6.7887     1.8474     1.7220 0.0000e+00
    140.000     7.3450   3.405740    33.2478       9802     6.8061     1.8529     1.7278 0.0000e+00
    139.000     7.3453   3.405583    33.2462       9842     6.8343     1.8614     1.7351 0.0000e+00
    138.000     7.3455   3.405390    33.2444       9874     6.8560     1.8657     1.7385 0.0000e+00
    137.000     7.3461   3.405028    33.2404       9895     6.8709     1.8672     1.7403 0.0000e+00
    136.000     7.3462   3.404827    33.2386       9917     6.8858     1.8668     1.7408 0.0000e+00
    135.000     7.3462   3.404645    33.2371       9942     6.9037     1.8665     1.7418 0.0000e+00
    134.000     7.3461   3.404367    33.2346       9975     6.9261     1.8683     1.7428 0.0000e+00
    133.000     7.3460   3.404146    33.2329      10012     6.9522     1.8706     1.7446 0.0000e+00
    132.000     7.3460   3.403821    33.2298      10042     6.9727     1.8695     1.7455 0.0000e+00
    131.000     7.3461   3.403596    33.2278      10064     6.9880     1.8693     1.7457 0.0000e+00
    130.000     7.3461   3.402939    33.2211      10085     7.0029     1.8714     1.7458 0.0000e+00
    129.000     7.3457   3.402370    33.2158      10119     7.0262     1.8742     1.7468 0.0000e+00
    128.000     7.3433   3.400669    33.2002      10165     7.0582     1.8770     1.7494 0.0000e+00
    127.000     7.3406   3.398105    33.1754      10195     7.0789     1.8780     1.7501 0.0000e+00
    126.000     7.3405   3.397049    33.1646      10229     7.1031     1.8792     1.7516 0.0000e+00
    125.000     7.3567   3.393708    33.1134      10263     7.1265     1.8833     1.7543 0.0000e+00
