HB2407/CTD228.cnv
* Sea-Bird SBE 9 Data File:
* FileName = C:\cruise\data\CTD228.hex
* Software Version Seasave V 7.26.7.121
* Temperature SN = 4591
* Conductivity SN = 6006
* Number of Bytes Per Scan = 37
* Number of Voltage Words = 4
* Number of Scans Averaged by the Deck Unit = 1
* NMEA Latitude = 42 15.99 N
* NMEA Longitude = 069 53.50 W
* NMEA UTC (Time) = Nov 08 2024 22:54:08
* NMEA baud rate = 4800
** Ship: Bigelow HB2407
** Program:  Fall Bottom Trawl Survey
** Chief Scientist: John Galbraith
# nquan = 9
# nvalues = 344                         
# units = specified
# name 0 = depSM: Depth [salt water, m]
# name 1 = t090C: Temperature [ITS-90, deg C]
# name 2 = c0S/m: Conductivity [S/m]
# name 3 = sal00: Salinity, Practical [PSU]
# name 4 = scan: Scan Count
# name 5 = timeM: Time, Elapsed [minutes]
# name 6 = sbeox0V: Oxygen raw, SBE 43 [V]
# name 7 = sbeox1V: Oxygen raw, SBE 43, 2 [V]
# name 8 = flag: flag
# span 0 =      3.000,    175.000       
# span 1 =     6.9968,    12.3396       
# span 2 =   3.340498,   3.748012       
# span 3 =    32.2393,    33.8809       
# span 4 =        160,      11361       
# span 5 =     0.1106,     7.8888       
# span 6 =     1.7312,     2.5538       
# span 7 =     1.6169,     2.3815       
# span 8 = 0.0000e+00, 0.0000e+00       
# interval = meters: 1                  
# start_time = Nov 08 2024 22:54:08 [NMEA time, header]
# bad_flag = -9.990e-29
*END*
[from data line 161]
    164.000     7.6153   3.481691    33.7967       4904     3.4049     1.7642     1.6451 0.0000e+00
    165.000     7.6159   3.481882    33.7977       4932     3.4240     1.7625     1.6431 0.0000e+00
    166.000     7.6174   3.482606    33.8036       4961     3.4445     1.7615     1.6417 0.0000e+00
    167.000     7.6189   3.483271    33.8088       4990     3.4646     1.7604     1.6398 0.0000e+00
    168.000     7.6215   3.483965    33.8133       5014     3.4815     1.7599     1.6396 0.0000e+00
    169.000     7.6330   3.487077    33.8352       5038     3.4979     1.7582     1.6394 0.0000e+00
    170.000     7.6380   3.488456    33.8447       5067     3.5183     1.7569     1.6391 0.0000e+00
    171.000     7.6411   3.489261    33.8500       5100     3.5408     1.7549     1.6384 0.0000e+00
    172.000     7.6451   3.490265    33.8564       5124     3.5579     1.7530     1.6366 0.0000e+00
    173.000     7.6461   3.490543    33.8579       5147     3.5733     1.7515     1.6348 0.0000e+00
    174.000     7.6486   3.491178    33.8619       5172     3.5908     1.7494     1.6323 0.0000e+00
    175.000     7.6588   3.493910    33.8809       5206     3.6143     1.7478     1.6290 0.0000e+00
    174.000     7.6505   3.491626    33.8649       5939     4.1235     1.7312     1.6169 0.0000e+00
    173.000     7.6458   3.490461    33.8573       5981     4.1529     1.7402     1.6249 0.0000e+00
    172.000     7.6455   3.490341    33.8568       5992     4.1602     1.7412     1.6264 0.0000e+00
    171.000     7.6435   3.489878    33.8542       6015     4.1762     1.7425     1.6262 0.0000e+00
    170.000     7.6415   3.489357    33.8510       6040     4.1934     1.7424     1.6263 0.0000e+00
    169.000     7.6400   3.488909    33.8482       6066     4.2116     1.7434     1.6266 0.0000e+00
    168.000     7.6359   3.487901    33.8417       6092     4.2300     1.7447     1.6272 0.0000e+00
    167.000     7.6286   3.485939    33.8282       6118     4.2482     1.7455     1.6277 0.0000e+00
    166.000     7.6241   3.484639    33.8190       6143     4.2653     1.7476     1.6274 0.0000e+00
    165.000     7.6220   3.483986    33.8145       6167     4.2822     1.7491     1.6290 0.0000e+00
    164.000     7.6208   3.483526    33.8111       6192     4.2994     1.7508     1.6307 0.0000e+00
    163.000     7.6190   3.482809    33.8056       6217     4.3165     1.7529     1.6327 0.0000e+00
    162.000     7.6163   3.481834    33.7982       6242     4.3342     1.7536     1.6347 0.0000e+00
    161.000     7.6148   3.481149    33.7928       6270     4.3535     1.7560     1.6361 0.0000e+00
    160.000     7.6135   3.480571    33.7883       6298     4.3733     1.7583     1.6375 0.0000e+00
    159.000     7.6118   3.479942    33.7836       6324     4.3913     1.7582     1.6397 0.0000e+00
    158.000     7.6100   3.479307    33.7790       6347     4.4068     1.7586     1.6411 0.0000e+00
    157.000     7.6084   3.478857    33.7762       6368     4.4218     1.7595     1.6425 0.0000e+00
    156.000     7.6046   3.477793    33.7689       6395     4.4402     1.7605     1.6433 0.0000e+00
    155.000     7.6012   3.476253    33.7561       6428     4.4630     1.7621     1.6443 0.0000e+00
    154.000     7.5979   3.475036    33.7466       6456     4.4824     1.7629     1.6436 0.0000e+00
    153.000     7.5904   3.472609    33.7281       6478     4.4982     1.7644     1.6436 0.0000e+00
    152.000     7.5868   3.471681    33.7221       6501     4.5138     1.7659     1.6457 0.0000e+00
    151.000     7.5799   3.469996    33.7111       6525     4.5306     1.7685     1.6472 0.0000e+00
    150.000     7.5702   3.467387    33.6928       6551     4.5489     1.7712     1.6484 0.0000e+00
    149.000     7.5665   3.466200    33.6841       6579     4.5684     1.7738     1.6503 0.0000e+00
    148.000     7.5621   3.465143    33.6773       6608     4.5885     1.7771     1.6544 0.0000e+00
    147.000     7.5603   3.464704    33.6748       6635     4.6072     1.7801     1.6571 0.0000e+00
    146.000     7.5581   3.464077    33.6707       6660     4.6245     1.7828     1.6587 0.0000e+00
    145.000     7.5570   3.463609    33.6672       6686     4.6425     1.7857     1.6594 0.0000e+00
    144.000     7.5561   3.463375    33.6660       6715     4.6623     1.7873     1.6612 0.0000e+00
    143.000     7.5538   3.462629    33.6606       6743     4.6817     1.7852     1.6630 0.0000e+00
    142.000     7.5519   3.462083    33.6570       6770     4.7006     1.7843     1.6647 0.0000e+00
    141.000     7.5503   3.461481    33.6526       6798     4.7202     1.7866     1.6662 0.0000e+00
    140.000     7.5491   3.461012    33.6492       6826     4.7393     1.7866     1.6669 0.0000e+00
    139.000     7.5477   3.460629    33.6469       6854     4.7593     1.7867     1.6674 0.0000e+00
    138.000     7.5464   3.460271    33.6447       6886     4.7811     1.7872     1.6675 0.0000e+00
    137.000     7.5461   3.460046    33.6431       6914     4.8009     1.7884     1.6664 0.0000e+00
    136.000     7.5454   3.459878    33.6425       6940     4.8184     1.7886     1.6657 0.0000e+00
    135.000     7.5450   3.459743    33.6418       6965     4.8362     1.7889     1.6660 0.0000e+00
    134.000     7.5445   3.459603    33.6413       6993     4.8552     1.7909     1.6665 0.0000e+00
    133.000     7.5442   3.459249    33.6382       7021     4.8749     1.7902     1.6680 0.0000e+00
    132.000     7.5429   3.458358    33.6303       7049     4.8941     1.7895     1.6692 0.0000e+00
    131.000     7.5403   3.457441    33.6235       7075     4.9125     1.7887     1.6685 0.0000e+00
    130.000     7.5375   3.456378    33.6152       7103     4.9318     1.7900     1.6679 0.0000e+00
    129.000     7.5344   3.455201    33.6059       7133     4.9526     1.7903     1.6671 0.0000e+00
    128.000     7.5319   3.454256    33.5986       7161     4.9723     1.7901     1.6677 0.0000e+00
    127.000     7.5284   3.453283    33.5920       7186     4.9897     1.7911     1.6680 0.0000e+00
    126.000     7.5212   3.451557    33.5807       7211     5.0073     1.7914     1.6697 0.0000e+00
    125.000     7.5192   3.450942    33.5764       7241     5.0278     1.7930     1.6705 0.0000e+00
    124.000     7.5148   3.449543    33.5661       7270     5.0481     1.7944     1.6732 0.0000e+00
    123.000     7.5113   3.447034    33.5429       7295     5.0654     1.7959     1.6747 0.0000e+00
    122.000     7.5101   3.442583    33.4964       7319     5.0823     1.7984     1.6752 0.0000e+00
    121.000     7.5085   3.438341    33.4526       7345     5.0997     1.8026     1.6765 0.0000e+00
    120.000     7.4989   3.433801    33.4131       7370     5.1176     1.8072     1.6793 0.0000e+00
    119.000     7.4850   3.429031    33.3755       7397     5.1364     1.8125     1.6840 0.0000e+00
    118.000     7.4694   3.424757    33.3447       7426     5.1561     1.8204     1.6899 0.0000e+00
    117.000     7.4596   3.421327    33.3176       7453     5.1750     1.8279     1.6951 0.0000e+00
    116.000     7.4539   3.418936    33.2977       7479     5.1927     1.8326     1.7008 0.0000e+00
    115.000     7.4453   3.416611    33.2812       7505     5.2108     1.8370     1.7067 0.0000e+00
    114.000     7.3950   3.409711    33.2553       7532     5.2300     1.8419     1.7128 0.0000e+00
    113.000     7.2449   3.390535    33.1917       7560     5.2491     1.8473     1.7165 0.0000e+00
    112.000     7.1261   3.376211    33.1504       7586     5.2670     1.8507     1.7194 0.0000e+00
    111.000     7.0667   3.367831    33.1165       7611     5.2851     1.8575     1.7239 0.0000e+00
    110.000     7.0336   3.363146    33.0976       7640     5.3048     1.8670     1.7303 0.0000e+00
    109.000     7.0203   3.360249    33.0792       7667     5.3236     1.8776     1.7402 0.0000e+00
    108.000     7.0215   3.359050    33.0654       7692     5.3406     1.8865     1.7486 0.0000e+00
    107.000     7.0164   3.356592    33.0440       7717     5.3580     1.8932     1.7562 0.0000e+00
    106.000     7.0147   3.354604    33.0244       7746     5.3785     1.8977     1.7633 0.0000e+00
    105.000     7.0136   3.352901    33.0073       7779     5.4012     1.9038     1.7702 0.0000e+00
    104.000     7.0110   3.350589    32.9850       7808     5.4217     1.9107     1.7776 0.0000e+00
    103.000     7.0110   3.349616    32.9749       7838     5.4427     1.9180     1.7854 0.0000e+00
    102.000     7.0117   3.348613    32.9637       7871     5.4654     1.9283     1.7931 0.0000e+00
    101.000     7.0113   3.347955    32.9573       7903     5.4872     1.9376     1.8012 0.0000e+00
    100.000     7.0076   3.346767    32.9484       7930     5.5061     1.9421     1.8071 0.0000e+00
     99.000     7.0065   3.345338    32.9343       7958     5.5254     1.9480     1.8125 0.0000e+00
     98.000     7.0167   3.344572    32.9167       7987     5.5457     1.9530     1.8170 0.0000e+00
     97.000     7.0302   3.344212    32.9004       8012     5.5633     1.9579     1.8207 0.0000e+00
     96.000     7.0394   3.343938    32.8891       8037     5.5803     1.9628     1.8255 0.0000e+00
     95.000     7.0459   3.343666    32.8804       8065     5.6002     1.9690     1.8307 0.0000e+00
     94.000     7.0505   3.343550    32.8753       8094     5.6205     1.9745     1.8358 0.0000e+00
     93.000     7.0547   3.343421    32.8703       8120     5.6385     1.9782     1.8396 0.0000e+00
     92.000     7.0553   3.343285    32.8688       8147     5.6573     1.9814     1.8421 0.0000e+00
     91.000     7.0558   3.343101    32.8667       8177     5.6776     1.9844     1.8459 0.0000e+00
     90.000     7.0569   3.342649    32.8612       8203     5.6958     1.9877     1.8475 0.0000e+00
     89.000     7.0577   3.342167    32.8556       8227     5.7125     1.9899     1.8486 0.0000e+00
     88.000     7.0595   3.341664    32.8490       8254     5.7313     1.9899     1.8506 0.0000e+00
     87.000     7.0615   3.341288    32.8435       8284     5.7523     1.9902     1.8522 0.0000e+00
     86.000     7.0644   3.341049    32.8386       8312     5.7714     1.9940     1.8550 0.0000e+00
     85.000     7.0661   3.340893    32.8357       8337     5.7892     1.9958     1.8577 0.0000e+00
     84.000     7.0738   3.340591    32.8256       8363     5.8072     1.9980     1.8596 0.0000e+00
     83.000     7.0839   3.340498    32.8154       8391     5.8264     1.9995     1.8606 0.0000e+00
     82.000     7.0997   3.340698    32.8030       8420     5.8467     1.9992     1.8622 0.0000e+00
     81.000     7.1237   3.341060    32.7846       8450     5.8671     2.0012     1.8641 0.0000e+00
     80.000     7.1559   3.340938    32.7532       8482     5.8894     2.0059     1.8675 0.0000e+00
     79.000     7.1774   3.340770    32.7315       8513     5.9113     2.0101     1.8716 0.0000e+00
     78.000     7.1905   3.340860    32.7205       8545     5.9334     2.0185     1.8773 0.0000e+00
     77.000     7.1951   3.340964    32.7178       8575     5.9542     2.0247     1.8833 0.0000e+00
     76.000     7.1991   3.341076    32.7156       8605     5.9751     2.0287     1.8872 0.0000e+00
     75.000     7.2065   3.341308    32.7116       8636     5.9968     2.0305     1.8899 0.0000e+00
     74.000     7.2236   3.341915    32.7026       8664     6.0162     2.0317     1.8936 0.0000e+00
     73.000     7.2707   3.343800    32.6789       8690     6.0341     2.0333     1.8954 0.0000e+00
     72.000     7.2996   3.345268    32.6681       8716     6.0524     2.0361     1.8965 0.0000e+00
     71.000     7.3365   3.347320    32.6559       8743     6.0709     2.0407     1.8988 0.0000e+00
     70.000     7.3771   3.350124    32.6484       8770     6.0892     2.0445     1.9020 0.0000e+00
     69.000     7.4300   3.354081    32.6418       8797     6.1087     2.0478     1.9065 0.0000e+00
     68.000     7.4637   3.356857    32.6406       8827     6.1288     2.0507     1.9098 0.0000e+00
     67.000     7.5263   3.361597    32.6333       8855     6.1489     2.0541     1.9126 0.0000e+00
     66.000     7.5573   3.364184    32.6325       8882     6.1671     2.0573     1.9161 0.0000e+00
     65.000     7.5762   3.365792    32.6325       8907     6.1848     2.0606     1.9176 0.0000e+00
     64.000     7.5856   3.366446    32.6313       8935     6.2039     2.0638     1.9204 0.0000e+00
     63.000     7.6201   3.368750    32.6240       8964     6.2243     2.0660     1.9217 0.0000e+00
     62.000     7.6578   3.371492    32.6187       8994     6.2449     2.0668     1.9224 0.0000e+00
     61.000     7.6819   3.373205    32.6149       9023     6.2655     2.0676     1.9253 0.0000e+00
     60.000     7.6866   3.373477    32.6140       9051     6.2847     2.0699     1.9276 0.0000e+00
     59.000     7.6924   3.373620    32.6105       9076     6.3023     2.0717     1.9286 0.0000e+00
     58.000     7.7620   3.378200    32.5949       9102     6.3201     2.0746     1.9275 0.0000e+00
     57.000     7.9112   3.389117    32.5727       9130     6.3397     2.0789     1.9302 0.0000e+00
     56.000     8.0639   3.401212    32.5599       9161     6.3613     2.0851     1.9349 0.0000e+00
     55.000     8.1461   3.408442    32.5607       9191     6.3819     2.0905     1.9399 0.0000e+00
     54.000     8.2095   3.414419    32.5657       9219     6.4013     2.0945     1.9426 0.0000e+00
     53.000     8.2590   3.418753    32.5661       9246     6.4201     2.0973     1.9459 0.0000e+00
     52.000     8.3138   3.423892    32.5702       9273     6.4389     2.0971     1.9488 0.0000e+00
     51.000     8.3637   3.428409    32.5721       9301     6.4583     2.0984     1.9511 0.0000e+00
     50.000     8.3985   3.431439    32.5723       9330     6.4787     2.0981     1.9524 0.0000e+00
     49.000     8.4714   3.437620    32.5705       9360     6.4993     2.0975     1.9540 0.0000e+00
     48.000     8.5602   3.445137    32.5680       9388     6.5186     2.1005     1.9557 0.0000e+00
     47.000     8.6973   3.456348    32.5596       9414     6.5367     2.1056     1.9567 0.0000e+00
     46.000     8.8005   3.465503    32.5609       9441     6.5557     2.1130     1.9598 0.0000e+00
     45.000     8.9265   3.476638    32.5617       9469     6.5751     2.1179     1.9641 0.0000e+00
     44.000     9.0327   3.485650    32.5585       9498     6.5948     2.1178     1.9683 0.0000e+00
     43.000     9.0930   3.491449    32.5639       9526     6.6148     2.1208     1.9718 0.0000e+00
     42.000     9.1715   3.497695    32.5572       9554     6.6341     2.1253     1.9752 0.0000e+00
     41.000     9.3809   3.514759    32.5429       9580     6.6519     2.1321     1.9771 0.0000e+00
     40.000     9.4824   3.523831    32.5443       9607     6.6707     2.1415     1.9808 0.0000e+00
     39.000     9.5873   3.533220    32.5458       9637     6.6917     2.1459     1.9854 0.0000e+00
     38.000     9.6217   3.536309    32.5467       9665     6.7113     2.1452     1.9908 0.0000e+00
     37.000     9.6751   3.540676    32.5434       9692     6.7298     2.1464     1.9952 0.0000e+00
     36.000     9.7961   3.549798    32.5274       9720     6.7496     2.1520     1.9980 0.0000e+00
     35.000    10.1320   3.576006    32.4913       9749     6.7692     2.1611     2.0018 0.0000e+00
     34.000    10.4013   3.599545    32.4876       9774     6.7871     2.1736     2.0073 0.0000e+00
     33.000    10.5862   3.615654    32.4844       9801     6.8053     2.1883     2.0162 0.0000e+00
     32.000    10.7214   3.627373    32.4814       9829     6.8251     2.2014     2.0312 0.0000e+00
     31.000    10.9032   3.641736    32.4632       9858     6.8450     2.2158     2.0459 0.0000e+00
     30.000    11.0328   3.651905    32.4497       9884     6.8633     2.2289     2.0583 0.0000e+00
     29.000    11.2292   3.666771    32.4235       9911     6.8822     2.2465     2.0723 0.0000e+00
     28.000    11.4235   3.682165    32.4043       9943     6.9039     2.2748     2.0933 0.0000e+00
