HB2407/CTD226.cnv
* Sea-Bird SBE 9 Data File:
* FileName = C:\cruise\data\CTD226.hex
* Software Version Seasave V 7.26.7.121
* Temperature SN = 4591
* Conductivity SN = 6006
* Number of Bytes Per Scan = 37
* Number of Voltage Words = 4
* Number of Scans Averaged by the Deck Unit = 1
* NMEA Latitude = 42 35.25 N
* NMEA Longitude = 069 55.91 W
* NMEA UTC (Time) = Nov 08 2024 13:43:16
* NMEA baud rate = 4800
** Ship: Bigelow HB2407
** Program:  Fall Bottom Trawl Survey
** Chief Scientist: John Galbraith
# nquan = 9
# nvalues = 326                         
# units = specified
# name 0 = depSM: Depth [salt water, m]
# name 1 = t090C: Temperature [ITS-90, deg C]
# name 2 = c0S/m: Conductivity [S/m]
# name 3 = sal00: Salinity, Practical [PSU]
# name 4 = scan: Scan Count
# name 5 = timeM: Time, Elapsed [minutes]
# name 6 = sbeox0V: Oxygen raw, SBE 43 [V]
# name 7 = sbeox1V: Oxygen raw, SBE 43, 2 [V]
# name 8 = flag: flag
# span 0 =      2.000,    165.000       
# span 1 =     7.3008,    11.6845       
# span 2 =   3.397351,   3.698054       
# span 3 =    32.2133,    33.7611       
# span 4 =        171,       9703       
# span 5 =     0.1184,     6.7376       
# span 6 =     1.7266,     2.5799       
# span 7 =     1.6121,     2.4025       
# span 8 = 0.0000e+00, 0.0000e+00       
# interval = meters: 1                  
# start_time = Nov 08 2024 13:43:16 [NMEA time, header]
# bad_flag = -9.990e-29
*END*
      3.000    11.6776   3.684633    32.2172        171     0.1184     2.5759     2.3970 0.0000e+00
      4.000    11.6777   3.684704    32.2174        422     0.2921     2.5747     2.4025 0.0000e+00
      5.000    11.6781   3.684770    32.2174        458     0.3170     2.5717     2.4020 0.0000e+00
      6.000    11.6780   3.684810    32.2174        485     0.3362     2.5727     2.3989 0.0000e+00
      7.000    11.6777   3.684817    32.2173        511     0.3544     2.5740     2.3982 0.0000e+00
      8.000    11.6773   3.684837    32.2174        537     0.3721     2.5756     2.3983 0.0000e+00
      9.000    11.6778   3.684930    32.2175        564     0.3910     2.5719     2.3979 0.0000e+00
     10.000    11.6777   3.684970    32.2175        594     0.4116     2.5698     2.3997 0.0000e+00
     11.000    11.6773   3.684972    32.2175        622     0.4312     2.5710     2.3993 0.0000e+00
     12.000    11.6770   3.684989    32.2175        648     0.4491     2.5741     2.3996 0.0000e+00
     13.000    11.6756   3.684894    32.2173        674     0.4671     2.5735     2.3989 0.0000e+00
     14.000    11.6744   3.684864    32.2176        701     0.4860     2.5704     2.3967 0.0000e+00
     15.000    11.6744   3.684913    32.2177        728     0.5050     2.5693     2.3942 0.0000e+00
     16.000    11.6748   3.684947    32.2173        756     0.5244     2.5690     2.3897 0.0000e+00
     17.000    11.6742   3.685048    32.2184        785     0.5442     2.5719     2.3895 0.0000e+00
     18.000    11.6743   3.685150    32.2188        810     0.5618     2.5725     2.3894 0.0000e+00
     19.000    11.6746   3.685216    32.2188        832     0.5774     2.5680     2.3871 0.0000e+00
     20.000    11.6750   3.685295    32.2188        858     0.5952     2.5640     2.3877 0.0000e+00
     21.000    11.6752   3.685363    32.2189        891     0.6179     2.5625     2.3899 0.0000e+00
     22.000    11.6756   3.685481    32.2193        921     0.6390     2.5654     2.3898 0.0000e+00
     23.000    11.6771   3.685774    32.2204        945     0.6558     2.5644     2.3890 0.0000e+00
     24.000    11.6753   3.685731    32.2211        969     0.6722     2.5649     2.3873 0.0000e+00
     25.000    11.6736   3.685689    32.2218        995     0.6906     2.5660     2.3849 0.0000e+00
     26.000    11.6707   3.685644    32.2235       1024     0.7102     2.5622     2.3819 0.0000e+00
     27.000    11.6624   3.685131    32.2252       1051     0.7289     2.5612     2.3803 0.0000e+00
     28.000    11.6500   3.684399    32.2285       1077     0.7473     2.5599     2.3791 0.0000e+00
     29.000    11.6379   3.683826    32.2330       1105     0.7670     2.5558     2.3763 0.0000e+00
     30.000    11.6208   3.682678    32.2363       1133     0.7860     2.5483     2.3718 0.0000e+00
     31.000    11.5830   3.680915    32.2515       1160     0.8049     2.5387     2.3643 0.0000e+00
     32.000    11.5329   3.680942    32.2951       1189     0.8248     2.5246     2.3563 0.0000e+00
     33.000    11.5156   3.684782    32.3473       1215     0.8431     2.5100     2.3432 0.0000e+00
     34.000    11.5173   3.688026    32.3770       1239     0.8596     2.4926     2.3265 0.0000e+00
     35.000    11.5170   3.692742    32.4229       1265     0.8777     2.4665     2.3029 0.0000e+00
     36.000    11.5113   3.695055    32.4501       1296     0.8991     2.4372     2.2768 0.0000e+00
     37.000    11.5011   3.698054    32.4879       1324     0.9188     2.4114     2.2502 0.0000e+00
     38.000    11.4432   3.695917    32.5175       1349     0.9364     2.3894     2.2272 0.0000e+00
     39.000    11.2822   3.687634    32.5777       1375     0.9542     2.3680     2.2062 0.0000e+00
     40.000    11.1033   3.676525    32.6262       1402     0.9729     2.3451     2.1852 0.0000e+00
     41.000    11.0012   3.668866    32.6407       1432     0.9939     2.3122     2.1570 0.0000e+00
     42.000    10.9047   3.661831    32.6565       1461     1.0137     2.2840     2.1322 0.0000e+00
     43.000    10.8683   3.659119    32.6616       1485     1.0309     2.2668     2.1169 0.0000e+00
     44.000    10.7568   3.650874    32.6787       1511     1.0486     2.2547     2.1037 0.0000e+00
     45.000    10.6358   3.642269    32.7006       1539     1.0682     2.2410     2.0904 0.0000e+00
     46.000    10.5819   3.638257    32.7085       1569     1.0889     2.2299     2.0793 0.0000e+00
     47.000    10.5541   3.636135    32.7118       1598     1.1093     2.2210     2.0719 0.0000e+00
     48.000    10.5283   3.634098    32.7141       1626     1.1286     2.2159     2.0658 0.0000e+00
     49.000    10.4438   3.627905    32.7275       1653     1.1472     2.2120     2.0604 0.0000e+00
     50.000    10.2286   3.611650    32.7575       1678     1.1643     2.2063     2.0543 0.0000e+00
     51.000    10.1434   3.604986    32.7668       1702     1.1811     2.1972     2.0466 0.0000e+00
     52.000    10.1049   3.602023    32.7712       1730     1.2008     2.1842     2.0373 0.0000e+00
     53.000    10.0297   3.596644    32.7844       1762     1.2226     2.1715     2.0250 0.0000e+00
     54.000     9.9517   3.591491    32.8026       1791     1.2430     2.1610     2.0162 0.0000e+00
     55.000     9.8612   3.585841    32.8269       1818     1.2616     2.1512     2.0086 0.0000e+00
     56.000     9.8433   3.584768    32.8318       1843     1.2792     2.1414     2.0016 0.0000e+00
     57.000     9.7831   3.581883    32.8569       1869     1.2971     2.1330     1.9949 0.0000e+00
     58.000     9.7517   3.579835    32.8642       1898     1.3174     2.1235     1.9850 0.0000e+00
     59.000     9.7166   3.577349    32.8704       1929     1.3386     2.1127     1.9737 0.0000e+00
     60.000     9.6818   3.574818    32.8759       1955     1.3567     2.1046     1.9647 0.0000e+00
     61.000     9.6203   3.570537    32.8879       1979     1.3737     2.0985     1.9588 0.0000e+00
     62.000     9.5812   3.568131    32.8987       2005     1.3919     2.0933     1.9538 0.0000e+00
     63.000     9.5297   3.564444    32.9076       2035     1.4124     2.0889     1.9474 0.0000e+00
     64.000     9.5123   3.563215    32.9105       2066     1.4341     2.0825     1.9407 0.0000e+00
     65.000     9.4011   3.554958    32.9274       2092     1.4523     2.0763     1.9355 0.0000e+00
     66.000     9.2680   3.543947    32.9359       2116     1.4687     2.0683     1.9305 0.0000e+00
     67.000     9.1281   3.533862    32.9603       2142     1.4869     2.0576     1.9228 0.0000e+00
     68.000     9.0262   3.526217    32.9748       2172     1.5076     2.0448     1.9113 0.0000e+00
     69.000     8.9905   3.523017    32.9742       2200     1.5271     2.0346     1.8987 0.0000e+00
     70.000     8.9288   3.517948    32.9782       2227     1.5455     2.0239     1.8893 0.0000e+00
     71.000     8.8868   3.514438    32.9802       2255     1.5650     2.0154     1.8816 0.0000e+00
     72.000     8.8715   3.513077    32.9797       2281     1.5832     2.0095     1.8752 0.0000e+00
     73.000     8.8631   3.512284    32.9788       2306     1.6009     2.0041     1.8688 0.0000e+00
     74.000     8.8553   3.511578    32.9782       2335     1.6209     2.0013     1.8640 0.0000e+00
     75.000     8.8517   3.511216    32.9773       2363     1.6401     2.0002     1.8622 0.0000e+00
     76.000     8.8483   3.510880    32.9765       2389     1.6581     1.9999     1.8632 0.0000e+00
     77.000     8.8368   3.509919    32.9768       2417     1.6776     1.9988     1.8626 0.0000e+00
     78.000     8.8327   3.509551    32.9762       2447     1.6986     1.9977     1.8611 0.0000e+00
     79.000     8.8260   3.508979    32.9760       2474     1.7171     1.9957     1.8607 0.0000e+00
     80.000     8.7937   3.506481    32.9795       2497     1.7336     1.9950     1.8606 0.0000e+00
     81.000     8.7777   3.505251    32.9811       2524     1.7521     1.9935     1.8598 0.0000e+00
     82.000     8.7768   3.505195    32.9809       2556     1.7741     1.9915     1.8570 0.0000e+00
     83.000     8.7743   3.504999    32.9807       2586     1.7952     1.9928     1.8539 0.0000e+00
     84.000     8.7607   3.503925    32.9816       2612     1.8132     1.9930     1.8536 0.0000e+00
     85.000     8.7500   3.503153    32.9831       2636     1.8301     1.9921     1.8516 0.0000e+00
     86.000     8.6961   3.499172    32.9911       2662     1.8481     1.9911     1.8517 0.0000e+00
     87.000     8.6779   3.497762    32.9928       2692     1.8684     1.9881     1.8509 0.0000e+00
     88.000     8.6657   3.496819    32.9939       2721     1.8890     1.9844     1.8477 0.0000e+00
     89.000     8.6122   3.492699    33.0002       2749     1.9083     1.9807     1.8452 0.0000e+00
     90.000     8.5473   3.487732    33.0081       2776     1.9269     1.9774     1.8424 0.0000e+00
     91.000     8.5151   3.485513    33.0144       2804     1.9463     1.9712     1.8390 0.0000e+00
     92.000     8.5051   3.485629    33.0245       2832     1.9659     1.9654     1.8363 0.0000e+00
     93.000     8.4967   3.485316    33.0286       2859     1.9844     1.9627     1.8325 0.0000e+00
     94.000     8.4880   3.484784    33.0307       2884     2.0024     1.9605     1.8290 0.0000e+00
     95.000     8.4559   3.481919    33.0301       2911     2.0208     1.9582     1.8251 0.0000e+00
     96.000     8.3841   3.475063    33.0246       2940     2.0409     1.9556     1.8228 0.0000e+00
     97.000     8.3521   3.472543    33.0275       2970     2.0615     1.9520     1.8192 0.0000e+00
     98.000     8.3334   3.471585    33.0345       2996     2.0798     1.9507     1.8168 0.0000e+00
     99.000     8.2674   3.466522    33.0424       3019     2.0960     1.9493     1.8148 0.0000e+00
    100.000     8.2845   3.468827    33.0503       3044     2.1134     1.9463     1.8121 0.0000e+00
    101.000     8.2826   3.469117    33.0547       3079     2.1376     1.9422     1.8093 0.0000e+00
    102.000     8.1546   3.458464    33.0617       3110     2.1593     1.9381     1.8050 0.0000e+00
    103.000     8.1153   3.455201    33.0636       3131     2.1740     1.9335     1.8012 0.0000e+00
    104.000     8.0725   3.451797    33.0673       3152     2.1881     1.9294     1.7981 0.0000e+00
    105.000     7.9169   3.438712    33.0743       3176     2.2051     1.9248     1.7960 0.0000e+00
    106.000     7.8726   3.434552    33.0714       3209     2.2279     1.9179     1.7914 0.0000e+00
    107.000     7.8456   3.432019    33.0693       3242     2.2508     1.9140     1.7860 0.0000e+00
    108.000     7.7846   3.426770    33.0704       3270     2.2698     1.9117     1.7826 0.0000e+00
    109.000     7.7359   3.424196    33.0885       3293     2.2863     1.9084     1.7791 0.0000e+00
    110.000     7.7110   3.423675    33.1061       3316     2.3019     1.9049     1.7759 0.0000e+00
    111.000     7.6853   3.421931    33.1114       3340     2.3191     1.9014     1.7726 0.0000e+00
    112.000     7.6735   3.420875    33.1107       3372     2.3409     1.8984     1.7713 0.0000e+00
    113.000     7.6515   3.419056    33.1116       3402     2.3616     1.8962     1.7702 0.0000e+00
    114.000     7.6465   3.418619    33.1112       3427     2.3792     1.8946     1.7670 0.0000e+00
    115.000     7.6397   3.418084    33.1114       3453     2.3971     1.8936     1.7653 0.0000e+00
    116.000     7.6339   3.417642    33.1117       3479     2.4154     1.8946     1.7654 0.0000e+00
    117.000     7.6244   3.416899    33.1123       3503     2.4322     1.8956     1.7654 0.0000e+00
    118.000     7.6069   3.415527    33.1137       3530     2.4505     1.8962     1.7654 0.0000e+00
    119.000     7.5788   3.413360    33.1167       3564     2.4746     1.8938     1.7633 0.0000e+00
    120.000     7.5478   3.411191    33.1223       3594     2.4953     1.8922     1.7642 0.0000e+00
    121.000     7.4453   3.404084    33.1428       3616     2.5102     1.8912     1.7644 0.0000e+00
    122.000     7.3974   3.400988    33.1547       3637     2.5250     1.8889     1.7629 0.0000e+00
    123.000     7.3863   3.400425    33.1587       3662     2.5426     1.8854     1.7594 0.0000e+00
    124.000     7.3930   3.401291    33.1612       3693     2.5639     1.8809     1.7562 0.0000e+00
    125.000     7.4166   3.403893    33.1664       3725     2.5858     1.8777     1.7531 0.0000e+00
    126.000     7.4257   3.405191    33.1711       3753     2.6057     1.8770     1.7495 0.0000e+00
    127.000     7.4045   3.403973    33.1778       3776     2.6218     1.8755     1.7474 0.0000e+00
    128.000     7.4263   3.407211    33.1915       3797     2.6363     1.8743     1.7459 0.0000e+00
    129.000     7.3881   3.404531    33.1986       3821     2.6531     1.8724     1.7438 0.0000e+00
    130.000     7.3241   3.398394    33.1930       3854     2.6757     1.8673     1.7413 0.0000e+00
    131.000     7.3090   3.397351    33.1956       3887     2.6983     1.8622     1.7369 0.0000e+00
    132.000     7.3054   3.397445    33.1996       3912     2.7162     1.8613     1.7357 0.0000e+00
    133.000     7.3008   3.397677    33.2061       3936     2.7324     1.8600     1.7354 0.0000e+00
    134.000     7.3026   3.398502    33.2128       3960     2.7493     1.8587     1.7336 0.0000e+00
    135.000     7.3089   3.400735    33.2305       3985     2.7668     1.8584     1.7319 0.0000e+00
    136.000     7.3357   3.409974    33.3045       4012     2.7852     1.8574     1.7313 0.0000e+00
    137.000     7.3434   3.412351    33.3224       4042     2.8063     1.8550     1.7302 0.0000e+00
    138.000     7.3455   3.413693    33.3345       4070     2.8259     1.8507     1.7265 0.0000e+00
    139.000     7.3473   3.414628    33.3424       4095     2.8428     1.8449     1.7215 0.0000e+00
    140.000     7.3491   3.415800    33.3529       4119     2.8598     1.8392     1.7179 0.0000e+00
    141.000     7.3565   3.417526    33.3640       4146     2.8786     1.8355     1.7136 0.0000e+00
    142.000     7.3638   3.418572    33.3678       4173     2.8975     1.8329     1.7097 0.0000e+00
    143.000     7.3693   3.419392    33.3710       4200     2.9157     1.8289     1.7069 0.0000e+00
    144.000     7.3756   3.420175    33.3729       4227     2.9345     1.8252     1.7049 0.0000e+00
    145.000     7.4044   3.423918    33.3852       4254     2.9532     1.8224     1.7032 0.0000e+00
    146.000     7.4803   3.435348    33.4354       4279     2.9707     1.8216     1.7011 0.0000e+00
    147.000     7.5320   3.446306    33.5035       4304     2.9879     1.8218     1.6993 0.0000e+00
    148.000     7.5505   3.451312    33.5392       4330     3.0065     1.8168     1.6960 0.0000e+00
    149.000     7.5499   3.451834    33.5450       4359     3.0266     1.8060     1.6869 0.0000e+00
    150.000     7.5505   3.452186    33.5477       4387     3.0460     1.7950     1.6750 0.0000e+00
    151.000     7.5475   3.452754    33.5563       4413     3.0638     1.7872     1.6664 0.0000e+00
    152.000     7.5408   3.454647    33.5827       4439     3.0822     1.7821     1.6609 0.0000e+00
    153.000     7.5315   3.456623    33.6125       4465     3.0998     1.7785     1.6564 0.0000e+00
    154.000     7.5449   3.461951    33.6566       4487     3.1153     1.7754     1.6531 0.0000e+00
    155.000     7.5607   3.466402    33.6890       4512     3.1327     1.7719     1.6503 0.0000e+00
    156.000     7.5746   3.470703    33.7214       4545     3.1555     1.7666     1.6468 0.0000e+00
    157.000     7.5843   3.473346    33.7401       4573     3.1749     1.7599     1.6428 0.0000e+00
    158.000     7.5878   3.474320    33.7468       4596     3.1912     1.7551     1.6382 0.0000e+00
    159.000     7.5886   3.474612    33.7486       4622     3.2087     1.7508     1.6330 0.0000e+00
    160.000     7.5886   3.474678    33.7489       4648     3.2274     1.7466     1.6279 0.0000e+00
    161.000     7.5911   3.475267    33.7523       4674     3.2449     1.7426     1.6237 0.0000e+00
    162.000     7.5943   3.476074    33.7574       4699     3.2628     1.7395     1.6215 0.0000e+00
