HB2407/CTD200.cnv
* Sea-Bird SBE 9 Data File:
* FileName = C:\cruise\data\CTD200.hex
* Software Version Seasave V 7.26.7.121
* Temperature SN = 4591
* Conductivity SN = 6006
* Number of Bytes Per Scan = 37
* Number of Voltage Words = 4
* Number of Scans Averaged by the Deck Unit = 1
* NMEA Latitude = 43 14.37 N
* NMEA Longitude = 066 47.08 W
* NMEA UTC (Time) = Nov 03 2024 09:49:28
* NMEA baud rate = 4800
** Ship: Bigelow HB2407
** Program:  Fall Bottom Trawl Survey
** Chief Scientist: John Galbraith
# nquan = 9
# nvalues = 272                         
# units = specified
# name 0 = depSM: Depth [salt water, m]
# name 1 = t090C: Temperature [ITS-90, deg C]
# name 2 = c0S/m: Conductivity [S/m]
# name 3 = sal00: Salinity, Practical [PSU]
# name 4 = scan: Scan Count
# name 5 = timeM: Time, Elapsed [minutes]
# name 6 = sbeox0V: Oxygen raw, SBE 43 [V]
# name 7 = sbeox1V: Oxygen raw, SBE 43, 2 [V]
# name 8 = flag: flag
# span 0 =      2.000,    138.000       
# span 1 =     8.3303,    10.9354       
# span 2 =   3.532184,   3.647598       
# span 3 =    32.4888,    33.7171       
# span 4 =        315,       8910       
# span 5 =     0.2182,     6.1869       
# span 6 =     1.9872,     2.5113       
# span 7 =     1.8570,     2.3459       
# span 8 = 0.0000e+00, 0.0000e+00       
# interval = meters: 1                  
# start_time = Nov 03 2024 09:49:28 [NMEA time, header]
# bad_flag = -9.990e-29
*END*
      3.000    10.9266   3.645509    32.4920        315     0.2182     2.5082     2.3434 0.0000e+00
      4.000    10.9281   3.645709    32.4922        581     0.4027     2.5111     2.3453 0.0000e+00
      5.000    10.9281   3.645731    32.4920        589     0.4082     2.5113     2.3423 0.0000e+00
      6.000    10.9282   3.645798    32.4921        610     0.4232     2.5087     2.3420 0.0000e+00
      7.000    10.9287   3.645895    32.4921        635     0.4403     2.5078     2.3432 0.0000e+00
      8.000    10.9276   3.645831    32.4921        660     0.4574     2.5077     2.3431 0.0000e+00
      9.000    10.9289   3.645971    32.4919        689     0.4776     2.5088     2.3400 0.0000e+00
     10.000    10.9297   3.646087    32.4919        725     0.5025     2.5056     2.3400 0.0000e+00
     11.000    10.9354   3.646536    32.4909        753     0.5219     2.5050     2.3416 0.0000e+00
     12.000    10.9345   3.646542    32.4913        775     0.5377     2.5042     2.3430 0.0000e+00
     13.000    10.9354   3.646632    32.4910        800     0.5547     2.5043     2.3444 0.0000e+00
     14.000    10.9308   3.646307    32.4914        828     0.5740     2.5013     2.3453 0.0000e+00
     15.000    10.9305   3.646339    32.4916        855     0.5929     2.4998     2.3455 0.0000e+00
     16.000    10.9319   3.646564    32.4921        877     0.6087     2.5012     2.3442 0.0000e+00
     17.000    10.9326   3.647101    32.4964        900     0.6242     2.5014     2.3439 0.0000e+00
     18.000    10.9280   3.647584    32.5048        927     0.6430     2.5010     2.3432 0.0000e+00
     19.000    10.9282   3.647557    32.5039        960     0.6663     2.4994     2.3402 0.0000e+00
     20.000    10.9274   3.647598    32.5046        990     0.6865     2.4977     2.3384 0.0000e+00
     21.000    10.9239   3.647538    32.5067       1013     0.7027     2.4978     2.3354 0.0000e+00
     22.000    10.9232   3.647540    32.5069       1039     0.7212     2.4982     2.3328 0.0000e+00
     23.000    10.8844   3.645896    32.5246       1071     0.7433     2.4989     2.3321 0.0000e+00
     24.000    10.7965   3.641444    32.5581       1100     0.7629     2.4951     2.3321 0.0000e+00
     25.000    10.6998   3.636166    32.5912       1123     0.7790     2.4889     2.3293 0.0000e+00
     26.000    10.6442   3.632972    32.6086       1147     0.7959     2.4766     2.3188 0.0000e+00
     27.000    10.5450   3.627332    32.6405       1174     0.8143     2.4609     2.3076 0.0000e+00
     28.000    10.4479   3.621612    32.6698       1200     0.8323     2.4489     2.2951 0.0000e+00
     29.000    10.3939   3.618186    32.6835       1224     0.8492     2.4360     2.2827 0.0000e+00
     30.000    10.3684   3.616497    32.6890       1249     0.8667     2.4213     2.2699 0.0000e+00
     31.000    10.3453   3.614932    32.6936       1280     0.8882     2.4053     2.2547 0.0000e+00
     32.000    10.2503   3.609393    32.7230       1315     0.9125     2.3921     2.2405 0.0000e+00
     33.000    10.1779   3.605321    32.7469       1345     0.9332     2.3853     2.2325 0.0000e+00
     34.000    10.1408   3.603428    32.7609       1370     0.9506     2.3776     2.2244 0.0000e+00
     35.000    10.1302   3.602959    32.7653       1392     0.9662     2.3716     2.2172 0.0000e+00
     36.000    10.0884   3.601174    32.7846       1415     0.9822     2.3658     2.2097 0.0000e+00
     37.000    10.0609   3.599630    32.7935       1443     1.0013     2.3561     2.2030 0.0000e+00
     38.000    10.0566   3.599657    32.7972       1470     1.0203     2.3458     2.1965 0.0000e+00
     39.000    10.0468   3.599443    32.8035       1495     1.0373     2.3403     2.1907 0.0000e+00
     40.000    10.0363   3.599044    32.8085       1520     1.0550     2.3385     2.1851 0.0000e+00
     41.000    10.0058   3.597270    32.8177       1554     1.0785     2.3345     2.1772 0.0000e+00
     42.000     9.9752   3.596108    32.8333       1590     1.1037     2.3281     2.1712 0.0000e+00
     43.000     9.9420   3.594910    32.8510       1615     1.1208     2.3239     2.1699 0.0000e+00
     44.000     9.9007   3.593097    32.8697       1637     1.1363     2.3186     2.1674 0.0000e+00
     45.000     9.8685   3.591207    32.8794       1662     1.1535     2.3110     2.1623 0.0000e+00
     46.000     9.7685   3.587869    32.9362       1693     1.1747     2.3013     2.1555 0.0000e+00
     47.000     9.6659   3.585952    33.0102       1721     1.1946     2.2906     2.1486 0.0000e+00
     48.000     9.6257   3.584936    33.0363       1743     1.2100     2.2793     2.1398 0.0000e+00
     49.000     9.6144   3.584361    33.0403       1766     1.2256     2.2676     2.1275 0.0000e+00
     50.000     9.6052   3.583921    33.0438       1795     1.2458     2.2553     2.1122 0.0000e+00
     51.000     9.5892   3.583249    33.0513       1831     1.2711     2.2433     2.0973 0.0000e+00
     52.000     9.5648   3.582387    33.0644       1860     1.2907     2.2378     2.0891 0.0000e+00
     53.000     9.5364   3.581334    33.0793       1883     1.3066     2.2351     2.0854 0.0000e+00
     54.000     9.5143   3.580431    33.0900       1909     1.3251     2.2303     2.0821 0.0000e+00
     55.000     9.4827   3.579086    33.1049       1947     1.3514     2.2208     2.0769 0.0000e+00
     56.000     9.4647   3.578254    33.1126       1978     1.3731     2.2132     2.0725 0.0000e+00
     57.000     9.4483   3.577482    33.1193       1999     1.3874     2.2077     2.0687 0.0000e+00
     58.000     9.4369   3.576880    33.1232       2019     1.4013     2.2043     2.0650 0.0000e+00
     59.000     9.4074   3.575253    33.1333       2044     1.4189     2.2028     2.0615 0.0000e+00
     60.000     9.3870   3.574117    33.1399       2079     1.4428     2.1997     2.0583 0.0000e+00
     61.000     9.3463   3.571984    33.1552       2113     1.4667     2.1949     2.0535 0.0000e+00
     62.000     9.2815   3.568806    33.1821       2143     1.4874     2.1898     2.0472 0.0000e+00
     63.000     9.2407   3.567607    33.2072       2172     1.5076     2.1837     2.0422 0.0000e+00
     64.000     9.2255   3.567014    33.2147       2202     1.5282     2.1771     2.0379 0.0000e+00
     65.000     9.1871   3.565151    33.2307       2231     1.5483     2.1707     2.0316 0.0000e+00
     66.000     9.1592   3.563726    33.2415       2257     1.5670     2.1655     2.0264 0.0000e+00
     67.000     9.1396   3.562781    33.2495       2282     1.5840     2.1598     2.0218 0.0000e+00
     68.000     9.1245   3.561947    33.2545       2309     1.6026     2.1533     2.0164 0.0000e+00
     69.000     9.1146   3.561324    33.2568       2342     1.6259     2.1489     2.0112 0.0000e+00
     70.000     9.1024   3.560666    33.2609       2374     1.6482     2.1448     2.0065 0.0000e+00
     71.000     9.0800   3.559431    33.2686       2403     1.6678     2.1401     2.0045 0.0000e+00
     72.000     9.0695   3.558693    33.2702       2432     1.6879     2.1365     2.0016 0.0000e+00
     73.000     9.0533   3.557512    33.2726       2464     1.7104     2.1347     1.9977 0.0000e+00
     74.000     9.0338   3.556160    33.2763       2495     1.7318     2.1332     1.9949 0.0000e+00
     75.000     9.0280   3.555757    33.2771       2520     1.7494     2.1332     1.9935 0.0000e+00
     76.000     9.0213   3.555364    33.2788       2547     1.7680     2.1328     1.9893 0.0000e+00
     77.000     8.9822   3.552838    33.2886       2580     1.7910     2.1295     1.9860 0.0000e+00
     78.000     8.8814   3.546322    33.3147       2611     1.8125     2.1237     1.9851 0.0000e+00
     79.000     8.8022   3.540798    33.3309       2637     1.8306     2.1176     1.9833 0.0000e+00
     80.000     8.7125   3.534272    33.3464       2666     1.8505     2.1106     1.9789 0.0000e+00
     81.000     8.6855   3.532960    33.3577       2698     1.8733     2.1025     1.9703 0.0000e+00
     82.000     8.6760   3.532914    33.3656       2732     1.8962     2.0956     1.9615 0.0000e+00
     83.000     8.6689   3.533627    33.3794       2762     1.9176     2.0888     1.9547 0.0000e+00
     84.000     8.6556   3.534185    33.3973       2789     1.9362     2.0839     1.9498 0.0000e+00
     85.000     8.6435   3.535313    33.4202       2816     1.9547     2.0808     1.9450 0.0000e+00
     86.000     8.5837   3.532184    33.4434       2847     1.9761     2.0781     1.9394 0.0000e+00
     87.000     8.5695   3.533535    33.4705       2880     1.9996     2.0723     1.9371 0.0000e+00
     88.000     8.5742   3.534640    33.4772       2911     2.0206     2.0658     1.9326 0.0000e+00
     89.000     8.5738   3.535710    33.4884       2939     2.0404     2.0625     1.9283 0.0000e+00
     90.000     8.5698   3.536070    33.4956       2966     2.0591     2.0591     1.9258 0.0000e+00
     91.000     8.5623   3.536358    33.5053       2996     2.0796     2.0545     1.9242 0.0000e+00
     92.000     8.5527   3.536111    33.5113       3026     2.1008     2.0537     1.9226 0.0000e+00
     93.000     8.5292   3.535443    33.5261       3055     2.1209     2.0534     1.9216 0.0000e+00
     94.000     8.5143   3.534805    33.5330       3086     2.1424     2.0502     1.9197 0.0000e+00
     95.000     8.5002   3.534156    33.5391       3120     2.1660     2.0472     1.9165 0.0000e+00
     96.000     8.4773   3.534207    33.5610       3150     2.1869     2.0458     1.9140 0.0000e+00
     97.000     8.4525   3.533916    33.5810       3176     2.2047     2.0430     1.9105 0.0000e+00
     98.000     8.4271   3.533463    33.6000       3204     2.2243     2.0395     1.9068 0.0000e+00
     99.000     8.4146   3.533193    33.6085       3237     2.2470     2.0359     1.9038 0.0000e+00
    100.000     8.3989   3.533654    33.6280       3266     2.2672     2.0295     1.8998 0.0000e+00
    101.000     8.3942   3.534054    33.6362       3292     2.2853     2.0229     1.8961 0.0000e+00
    102.000     8.3865   3.534699    33.6499       3318     2.3036     2.0179     1.8926 0.0000e+00
    103.000     8.3740   3.535411    33.6690       3346     2.3231     2.0159     1.8880 0.0000e+00
    104.000     8.3683   3.535683    33.6767       3379     2.3456     2.0131     1.8837 0.0000e+00
    105.000     8.3626   3.535878    33.6839       3413     2.3697     2.0109     1.8791 0.0000e+00
    106.000     8.3619   3.535923    33.6844       3442     2.3897     2.0096     1.8756 0.0000e+00
    107.000     8.3581   3.536040    33.6889       3468     2.4078     2.0081     1.8743 0.0000e+00
    108.000     8.3582   3.536053    33.6885       3498     2.4287     2.0052     1.8729 0.0000e+00
    109.000     8.3576   3.536093    33.6890       3532     2.4518     2.0024     1.8720 0.0000e+00
    110.000     8.3574   3.536165    33.6894       3558     2.4703     2.0017     1.8717 0.0000e+00
    111.000     8.3578   3.536213    33.6892       3580     2.4852     1.9994     1.8718 0.0000e+00
    112.000     8.3575   3.536252    33.6894       3603     2.5013     1.9987     1.8711 0.0000e+00
    113.000     8.3561   3.536263    33.6904       3635     2.5234     1.9992     1.8698 0.0000e+00
    114.000     8.3559   3.536296    33.6904       3671     2.5488     1.9995     1.8678 0.0000e+00
    115.000     8.3563   3.536342    33.6901       3701     2.5692     1.9992     1.8680 0.0000e+00
    116.000     8.3554   3.536375    33.6908       3728     2.5882     1.9982     1.8666 0.0000e+00
    117.000     8.3550   3.536411    33.6911       3758     2.6092     1.9954     1.8658 0.0000e+00
    118.000     8.3531   3.536419    33.6926       3789     2.6302     1.9960     1.8662 0.0000e+00
    119.000     8.3531   3.536484    33.6927       3816     2.6496     1.9972     1.8668 0.0000e+00
    120.000     8.3527   3.536548    33.6934       3843     2.6684     1.9972     1.8665 0.0000e+00
    121.000     8.3505   3.536647    33.6960       3869     2.6863     1.9964     1.8666 0.0000e+00
    122.000     8.3499   3.536708    33.6967       3894     2.7037     1.9958     1.8660 0.0000e+00
    123.000     8.3494   3.536776    33.6975       3925     2.7250     1.9945     1.8644 0.0000e+00
    124.000     8.3483   3.536822    33.6985       3958     2.7482     1.9958     1.8643 0.0000e+00
    125.000     8.3458   3.536862    33.7009       3985     2.7664     1.9969     1.8648 0.0000e+00
    126.000     8.3452   3.536898    33.7014       4011     2.7846     1.9965     1.8647 0.0000e+00
    127.000     8.3432   3.536925    33.7031       4044     2.8076     1.9955     1.8647 0.0000e+00
    128.000     8.3417   3.536944    33.7043       4078     2.8314     1.9951     1.8651 0.0000e+00
    129.000     8.3405   3.536977    33.7053       4102     2.8480     1.9922     1.8641 0.0000e+00
    130.000     8.3365   3.537035    33.7093       4123     2.8627     1.9906     1.8644 0.0000e+00
    131.000     8.3359   3.537080    33.7099       4152     2.8823     1.9900     1.8636 0.0000e+00
    132.000     8.3352   3.537119    33.7104       4190     2.9090     1.9891     1.8631 0.0000e+00
    133.000     8.3351   3.537172    33.7106       4218     2.9283     1.9883     1.8625 0.0000e+00
    134.000     8.3354   3.537227    33.7105       4241     2.9447     1.9885     1.8619 0.0000e+00
    135.000     8.3347   3.537296    33.7114       4266     2.9620     1.9888     1.8597 0.0000e+00
    136.000     8.3344   3.537353    33.7119       4293     2.9807     1.9891     1.8577 0.0000e+00
    137.000     8.3334   3.537439    33.7132       4325     3.0026     1.9888     1.8570 0.0000e+00
    138.000     8.3303   3.537570    33.7171       4358     3.0260     1.9872     1.8576 0.0000e+00
    137.000     8.3325   3.537428    33.7140       5013     3.4804     1.9875     1.8574 0.0000e+00
    136.000     8.3304   3.537430    33.7165       5232     3.6328     1.9883     1.8595 0.0000e+00
    135.000     8.3326   3.537344    33.7140       5250     3.6451     1.9889     1.8583 0.0000e+00
    134.000     8.3374   3.537251    33.7088       5275     3.6628     1.9889     1.8584 0.0000e+00
    133.000     8.3382   3.537190    33.7079       5297     3.6776     1.9886     1.8594 0.0000e+00
    132.000     8.3381   3.537135    33.7079       5319     3.6934     1.9895     1.8600 0.0000e+00
    131.000     8.3379   3.537084    33.7080       5347     3.7127     1.9901     1.8610 0.0000e+00
    130.000     8.3388   3.537022    33.7069       5377     3.7335     1.9905     1.8608 0.0000e+00
    129.000     8.3393   3.536963    33.7063       5406     3.7532     1.9919     1.8607 0.0000e+00
    128.000     8.3393   3.536921    33.7064       5436     3.7742     1.9924     1.8609 0.0000e+00
    127.000     8.3399   3.536887    33.7059       5463     3.7928     1.9920     1.8618 0.0000e+00
    126.000     8.3433   3.536847    33.7027       5488     3.8105     1.9922     1.8619 0.0000e+00
    125.000     8.3469   3.536809    33.6993       5516     3.8298     1.9928     1.8622 0.0000e+00
    124.000     8.3495   3.536760    33.6968       5544     3.8491     1.9929     1.8634 0.0000e+00
    123.000     8.3494   3.536723    33.6969       5570     3.8674     1.9934     1.8632 0.0000e+00
    122.000     8.3487   3.536681    33.6976       5596     3.8854     1.9952     1.8632 0.0000e+00
    121.000     8.3484   3.536623    33.6978       5621     3.9027     1.9948     1.8638 0.0000e+00
    120.000     8.3492   3.536570    33.6969       5648     3.9215     1.9932     1.8644 0.0000e+00
    119.000     8.3500   3.536511    33.6960       5681     3.9441     1.9929     1.8643 0.0000e+00
    118.000     8.3513   3.536466    33.6948       5712     3.9657     1.9934     1.8644 0.0000e+00
    117.000     8.3519   3.536421    33.6942       5739     3.9849     1.9940     1.8643 0.0000e+00
    116.000     8.3532   3.536368    33.6928       5766     4.0032     1.9941     1.8637 0.0000e+00
    115.000     8.3542   3.536320    33.6919       5793     4.0222     1.9956     1.8654 0.0000e+00
    114.000     8.3546   3.536281    33.6915       5819     4.0406     1.9974     1.8656 0.0000e+00
