HB2407/CTD218.cnv
* Sea-Bird SBE 9 Data File:
* FileName = C:\cruise\data\CTD218.hex
* Software Version Seasave V 7.26.7.121
* Temperature SN = 4591
* Conductivity SN = 6006
* Number of Bytes Per Scan = 37
* Number of Voltage Words = 4
* Number of Scans Averaged by the Deck Unit = 1
* NMEA Latitude = 43 00.93 N
* NMEA Longitude = 070 18.67 W
* NMEA UTC (Time) = Nov 07 2024 11:02:56
* NMEA baud rate = 4800
** Ship: Bigelow HB2407
** Program:  Fall Bottom Trawl Survey
** Chief Scientist: John Galbraith
# nquan = 9
# nvalues = 264                         
# units = specified
# name 0 = depSM: Depth [salt water, m]
# name 1 = t090C: Temperature [ITS-90, deg C]
# name 2 = c0S/m: Conductivity [S/m]
# name 3 = sal00: Salinity, Practical [PSU]
# name 4 = scan: Scan Count
# name 5 = timeM: Time, Elapsed [minutes]
# name 6 = sbeox0V: Oxygen raw, SBE 43 [V]
# name 7 = sbeox1V: Oxygen raw, SBE 43, 2 [V]
# name 8 = flag: flag
# span 0 =      2.000,    134.000       
# span 1 =     7.7182,    12.1954       
# span 2 =   3.405891,   3.726698       
# span 3 =    32.1368,    33.1902       
# span 4 =        199,       7672       
# span 5 =     0.1374,     5.3272       
# span 6 =     1.7516,     2.6101       
# span 7 =     1.6347,     2.4308       
# span 8 = 0.0000e+00, 0.0000e+00       
# interval = meters: 1                  
# start_time = Nov 07 2024 11:02:56 [NMEA time, header]
# bad_flag = -9.990e-29
*END*
      3.000    12.1907   3.725774    32.1715        199     0.1374     2.6081     2.4274 0.0000e+00
      4.000    12.1940   3.726134    32.1717        402     0.2783     2.6079     2.4265 0.0000e+00
      5.000    12.1936   3.726121    32.1715        432     0.2990     2.6055     2.4261 0.0000e+00
      6.000    12.1946   3.726267    32.1716        458     0.3171     2.6035     2.4250 0.0000e+00
      7.000    12.1944   3.726300    32.1717        484     0.3355     2.6049     2.4261 0.0000e+00
      8.000    12.1946   3.726357    32.1717        512     0.3545     2.6083     2.4287 0.0000e+00
      9.000    12.1944   3.726389    32.1717        539     0.3736     2.6095     2.4308 0.0000e+00
     10.000    12.1933   3.726312    32.1715        565     0.3918     2.6101     2.4296 0.0000e+00
     11.000    12.1932   3.726360    32.1717        590     0.4093     2.6087     2.4278 0.0000e+00
     12.000    12.1949   3.726562    32.1718        617     0.4275     2.6061     2.4272 0.0000e+00
     13.000    12.1954   3.726653    32.1717        645     0.4469     2.6016     2.4273 0.0000e+00
     14.000    12.1954   3.726696    32.1717        672     0.4663     2.5970     2.4295 0.0000e+00
     15.000    12.1948   3.726698    32.1718        698     0.4841     2.5977     2.4283 0.0000e+00
     16.000    12.1919   3.726444    32.1715        722     0.5009     2.5967     2.4238 0.0000e+00
     17.000    12.1910   3.726400    32.1715        747     0.5184     2.5972     2.4247 0.0000e+00
     18.000    12.1823   3.725558    32.1704        776     0.5380     2.5982     2.4279 0.0000e+00
     19.000    12.1793   3.725291    32.1701        806     0.5591     2.6003     2.4272 0.0000e+00
     20.000    12.1676   3.724145    32.1687        834     0.5786     2.6026     2.4251 0.0000e+00
     21.000    12.1097   3.718649    32.1653        859     0.5958     2.6016     2.4222 0.0000e+00
     22.000    12.0957   3.717282    32.1638        882     0.6118     2.5961     2.4191 0.0000e+00
     23.000    12.0518   3.713082    32.1607        906     0.6283     2.5884     2.4161 0.0000e+00
     24.000    12.0146   3.709463    32.1574        935     0.6484     2.5806     2.4107 0.0000e+00
     25.000    11.9683   3.705116    32.1550        967     0.6711     2.5720     2.4006 0.0000e+00
     26.000    11.9110   3.699955    32.1541        993     0.6892     2.5635     2.3912 0.0000e+00
     27.000    11.8676   3.697398    32.1665       1015     0.7041     2.5532     2.3862 0.0000e+00
     28.000    11.8348   3.696199    32.1829       1038     0.7203     2.5407     2.3799 0.0000e+00
     29.000    11.7887   3.694778    32.2085       1069     0.7420     2.5277     2.3661 0.0000e+00
     30.000    11.7600   3.693593    32.2215       1102     0.7645     2.5050     2.3482 0.0000e+00
     31.000    11.7523   3.693223    32.2242       1125     0.7808     2.4875     2.3325 0.0000e+00
     32.000    11.7374   3.692740    32.2320       1147     0.7959     2.4741     2.3174 0.0000e+00
     33.000    11.7129   3.691683    32.2426       1172     0.8135     2.4615     2.3049 0.0000e+00
     34.000    11.6905   3.691787    32.2627       1204     0.8354     2.4425     2.2908 0.0000e+00
     35.000    11.6364   3.687990    32.2723       1233     0.8557     2.4247     2.2762 0.0000e+00
     36.000    11.5691   3.683300    32.2848       1258     0.8728     2.4072     2.2608 0.0000e+00
     37.000    11.4872   3.678204    32.3061       1282     0.8898     2.3872     2.2411 0.0000e+00
     38.000    11.4745   3.680864    32.3428       1309     0.9083     2.3631     2.2158 0.0000e+00
     39.000    11.4251   3.677431    32.3520       1337     0.9275     2.3374     2.1889 0.0000e+00
     40.000    11.3578   3.672709    32.3643       1362     0.9451     2.3205     2.1720 0.0000e+00
     41.000    11.3118   3.669716    32.3748       1387     0.9623     2.3048     2.1592 0.0000e+00
     42.000    11.2161   3.661080    32.3736       1414     0.9811     2.2914     2.1465 0.0000e+00
     43.000    11.0784   3.647982    32.3652       1445     1.0025     2.2739     2.1310 0.0000e+00
     44.000    10.9704   3.638816    32.3694       1473     1.0224     2.2571     2.1129 0.0000e+00
     45.000    10.6923   3.615177    32.3802       1497     1.0387     2.2389     2.0974 0.0000e+00
     46.000    10.5917   3.607662    32.3941       1519     1.0543     2.2181     2.0792 0.0000e+00
     47.000    10.4160   3.591828    32.3914       1545     1.0722     2.1904     2.0557 0.0000e+00
     48.000    10.1574   3.565463    32.3565       1576     1.0938     2.1591     2.0253 0.0000e+00
     49.000    10.0527   3.554947    32.3434       1606     1.1146     2.1279     1.9975 0.0000e+00
     50.000     9.8045   3.533025    32.3429       1631     1.1318     2.1047     1.9762 0.0000e+00
     51.000     9.4970   3.502799    32.3105       1654     1.1479     2.0844     1.9565 0.0000e+00
     52.000     9.4267   3.495572    32.2994       1678     1.1644     2.0588     1.9350 0.0000e+00
     53.000     9.4502   3.499936    32.3225       1704     1.1826     2.0362     1.9123 0.0000e+00
     54.000     9.7024   3.531166    32.4140       1735     1.2039     2.0179     1.8915 0.0000e+00
     55.000     9.6573   3.530648    32.4491       1765     1.2247     2.0164     1.8841 0.0000e+00
     56.000     9.6348   3.528398    32.4459       1789     1.2416     2.0221     1.8856 0.0000e+00
     57.000     9.5918   3.525780    32.4576       1811     1.2573     2.0242     1.8893 0.0000e+00
     58.000     9.6181   3.530887    32.4856       1837     1.2749     2.0224     1.8903 0.0000e+00
     59.000     9.6583   3.536857    32.5098       1866     1.2954     2.0180     1.8889 0.0000e+00
     60.000     9.7061   3.543656    32.5355       1895     1.3155     2.0109     1.8823 0.0000e+00
     61.000     9.7179   3.545441    32.5426       1920     1.3328     2.0058     1.8778 0.0000e+00
     62.000     9.7334   3.547993    32.5543       1944     1.3493     2.0003     1.8710 0.0000e+00
     63.000     9.7508   3.550652    32.5652       1970     1.3677     1.9987     1.8679 0.0000e+00
     64.000     9.7750   3.554153    32.5785       2001     1.3887     2.0001     1.8672 0.0000e+00
     65.000     9.7922   3.556865    32.5901       2030     1.4088     2.0021     1.8656 0.0000e+00
     66.000     9.8115   3.559440    32.5984       2053     1.4249     2.0045     1.8672 0.0000e+00
     67.000     9.8792   3.569278    32.6368       2075     1.4403     2.0086     1.8695 0.0000e+00
     68.000     9.9330   3.577650    32.6727       2102     1.4594     2.0082     1.8702 0.0000e+00
     69.000     9.9189   3.577127    32.6798       2135     1.4820     2.0087     1.8698 0.0000e+00
     70.000     9.8979   3.575135    32.6781       2160     1.4994     2.0135     1.8737 0.0000e+00
     71.000     9.8933   3.575525    32.6857       2181     1.5138     2.0169     1.8771 0.0000e+00
     72.000     9.8982   3.576893    32.6948       2204     1.5297     2.0159     1.8784 0.0000e+00
     73.000     9.8678   3.575211    32.7048       2235     1.5514     2.0128     1.8764 0.0000e+00
     74.000     9.8368   3.573599    32.7161       2269     1.5750     2.0085     1.8748 0.0000e+00
     75.000     9.8093   3.572132    32.7257       2295     1.5934     2.0059     1.8723 0.0000e+00
     76.000     9.6623   3.562302    32.7587       2319     1.6095     2.0009     1.8696 0.0000e+00
     77.000     9.6166   3.558011    32.7560       2342     1.6255     1.9931     1.8647 0.0000e+00
     78.000     9.6609   3.563044    32.7666       2367     1.6432     1.9836     1.8563 0.0000e+00
     79.000     9.7071   3.570104    32.7961       2395     1.6627     1.9752     1.8480 0.0000e+00
     80.000     9.6734   3.567595    32.8009       2424     1.6823     1.9753     1.8447 0.0000e+00
     81.000     9.6595   3.565998    32.7967       2450     1.7005     1.9804     1.8460 0.0000e+00
     82.000     9.6489   3.564916    32.7949       2476     1.7191     1.9837     1.8500 0.0000e+00
     83.000     9.6424   3.564247    32.7936       2504     1.7384     1.9828     1.8531 0.0000e+00
     84.000     9.6347   3.563628    32.7938       2530     1.7563     1.9826     1.8523 0.0000e+00
     85.000     9.6170   3.562964    32.8027       2554     1.7731     1.9815     1.8509 0.0000e+00
     86.000     9.5544   3.557790    32.8065       2580     1.7910     1.9821     1.8494 0.0000e+00
     87.000     9.5197   3.554268    32.8016       2609     1.8114     1.9794     1.8468 0.0000e+00
     88.000     9.4948   3.552205    32.8027       2638     1.8316     1.9757     1.8434 0.0000e+00
     89.000     9.4022   3.543802    32.8007       2664     1.8492     1.9712     1.8402 0.0000e+00
     90.000     9.3745   3.541339    32.8003       2687     1.8655     1.9654     1.8358 0.0000e+00
     91.000     9.3660   3.540761    32.8017       2712     1.8826     1.9576     1.8305 0.0000e+00
     92.000     9.3401   3.539293    32.8099       2740     1.9024     1.9488     1.8225 0.0000e+00
     93.000     9.3074   3.537227    32.8181       2770     1.9232     1.9415     1.8112 0.0000e+00
     94.000     9.2747   3.534866    32.8233       2797     1.9414     1.9368     1.8052 0.0000e+00
     95.000     9.2763   3.537307    32.8466       2821     1.9585     1.9317     1.8015 0.0000e+00
     96.000     9.2424   3.536101    32.8649       2847     1.9767     1.9256     1.7976 0.0000e+00
     97.000     9.1454   3.527541    32.8653       2875     1.9960     1.9205     1.7942 0.0000e+00
     98.000     9.1048   3.523616    32.8615       2901     2.0140     1.9162     1.7900 0.0000e+00
     99.000     9.0245   3.516244    32.8587       2926     2.0311     1.9108     1.7841 0.0000e+00
    100.000     8.9535   3.509800    32.8568       2952     2.0495     1.9023     1.7774 0.0000e+00
    101.000     8.8407   3.500217    32.8609       2982     2.0702     1.8931     1.7699 0.0000e+00
    102.000     8.6445   3.482974    32.8620       3011     2.0905     1.8840     1.7624 0.0000e+00
    103.000     8.3606   3.460920    32.8940       3037     2.1080     1.8742     1.7552 0.0000e+00
    104.000     8.1893   3.444563    32.8807       3059     2.1236     1.8635     1.7459 0.0000e+00
    105.000     8.1039   3.436549    32.8752       3082     2.1393     1.8477     1.7331 0.0000e+00
    106.000     7.9920   3.426083    32.8683       3108     2.1579     1.8294     1.7179 0.0000e+00
    107.000     7.9238   3.420431    32.8717       3143     2.1816     1.8079     1.6985 0.0000e+00
    108.000     7.8550   3.413623    32.8632       3173     2.2029     1.7945     1.6840 0.0000e+00
    109.000     7.8636   3.414624    32.8654       3196     2.2187     1.7858     1.6742 0.0000e+00
    110.000     7.9600   3.425007    32.8851       3218     2.2337     1.7786     1.6654 0.0000e+00
    111.000     7.9987   3.429902    32.9004       3243     2.2514     1.7747     1.6584 0.0000e+00
    112.000     8.0321   3.433628    32.9082       3273     2.2723     1.7745     1.6563 0.0000e+00
    113.000     8.0480   3.436452    32.9229       3301     2.2917     1.7770     1.6580 0.0000e+00
    114.000     8.0246   3.434348    32.9220       3325     2.3083     1.7788     1.6605 0.0000e+00
    115.000     7.9688   3.429706    32.9245       3350     2.3256     1.7808     1.6624 0.0000e+00
    116.000     7.8768   3.420817    32.9158       3379     2.3460     1.7810     1.6635 0.0000e+00
    117.000     7.7182   3.405891    32.9051       3410     2.3671     1.7776     1.6626 0.0000e+00
    118.000     7.7322   3.408186    32.9160       3435     2.3845     1.7691     1.6579 0.0000e+00
    119.000     7.7716   3.413310    32.9333       3457     2.4003     1.7611     1.6514 0.0000e+00
    120.000     7.7882   3.416449    32.9508       3482     2.4174     1.7545     1.6443 0.0000e+00
    121.000     7.8012   3.418239    32.9572       3511     2.4378     1.7519     1.6387 0.0000e+00
    122.000     7.8349   3.422376    32.9691       3541     2.4583     1.7516     1.6364 0.0000e+00
    123.000     7.8795   3.427874    32.9855       3566     2.4758     1.7522     1.6357 0.0000e+00
    124.000     8.0504   3.447338    33.0313       3590     2.4925     1.7534     1.6358 0.0000e+00
    125.000     8.0338   3.448699    33.0610       3617     2.5109     1.7587     1.6374 0.0000e+00
    126.000     7.9988   3.446440    33.0695       3646     2.5313     1.7674     1.6434 0.0000e+00
    127.000     8.0140   3.449107    33.0831       3673     2.5501     1.7750     1.6523 0.0000e+00
    128.000     8.0037   3.449573    33.0974       3697     2.5666     1.7790     1.6584 0.0000e+00
    129.000     8.0310   3.455468    33.1338       3721     2.5831     1.7802     1.6614 0.0000e+00
    130.000     8.0477   3.461250    33.1792       3748     2.6023     1.7803     1.6612 0.0000e+00
    131.000     8.0538   3.462499    33.1863       3781     2.6248     1.7794     1.6606 0.0000e+00
    132.000     8.0568   3.463024    33.1885       3809     2.6447     1.7772     1.6588 0.0000e+00
    133.000     8.0601   3.463524    33.1902       3832     2.6603     1.7749     1.6567 0.0000e+00
    134.000     8.0605   3.463376    33.1878       4038     2.8037     1.7684     1.6514 0.0000e+00
    133.000     8.0594   3.462789    33.1831       4274     2.9676     1.7667     1.6508 0.0000e+00
    132.000     8.0557   3.462010    33.1788       4303     2.9875     1.7670     1.6503 0.0000e+00
    131.000     8.0571   3.462652    33.1848       4331     3.0068     1.7682     1.6493 0.0000e+00
    130.000     8.0558   3.462644    33.1864       4359     3.0261     1.7688     1.6492 0.0000e+00
    129.000     8.0546   3.462351    33.1848       4384     3.0434     1.7684     1.6479 0.0000e+00
    128.000     8.0469   3.460198    33.1697       4409     3.0610     1.7684     1.6493 0.0000e+00
    127.000     8.0304   3.456470    33.1461       4437     3.0807     1.7695     1.6518 0.0000e+00
    126.000     8.0106   3.450824    33.1051       4465     3.1002     1.7709     1.6536 0.0000e+00
    125.000     8.0141   3.449888    33.0923       4489     3.1168     1.7713     1.6546 0.0000e+00
    124.000     8.0235   3.449686    33.0818       4511     3.1322     1.7719     1.6555 0.0000e+00
    123.000     8.0341   3.450112    33.0768       4535     3.1483     1.7734     1.6572 0.0000e+00
    122.000     7.9709   3.441965    33.0500       4562     3.1670     1.7764     1.6590 0.0000e+00
    121.000     7.9125   3.432719    33.0069       4591     3.1878     1.7771     1.6594 0.0000e+00
    120.000     7.8390   3.423883    32.9824       4619     3.2067     1.7761     1.6587 0.0000e+00
    119.000     7.8217   3.420757    32.9657       4643     3.2236     1.7737     1.6562 0.0000e+00
    118.000     7.8194   3.420416    32.9647       4667     3.2401     1.7687     1.6517 0.0000e+00
    117.000     7.7781   3.413929    32.9347       4692     3.2577     1.7638     1.6465 0.0000e+00
    116.000     7.7700   3.410787    32.9092       4720     3.2770     1.7581     1.6419 0.0000e+00
    115.000     7.8106   3.414254    32.9085       4748     3.2967     1.7548     1.6376 0.0000e+00
    114.000     7.9067   3.421533    32.8963       4775     3.3152     1.7530     1.6347 0.0000e+00
    113.000     7.9511   3.426452    32.9075       4799     3.3319     1.7535     1.6352 0.0000e+00
    112.000     7.9642   3.426816    32.8995       4822     3.3477     1.7573     1.6375 0.0000e+00
    111.000     7.9969   3.429238    32.8950       4845     3.3642     1.7624     1.6417 0.0000e+00
    110.000     7.9870   3.428458    32.8965       4873     3.3835     1.7683     1.6466 0.0000e+00
    109.000     7.9655   3.426350    32.8947       4903     3.4044     1.7730     1.6512 0.0000e+00
    108.000     7.9070   3.419293    32.8749       4930     3.4231     1.7748     1.6543 0.0000e+00
    107.000     7.8968   3.416882    32.8592       4954     3.4397     1.7723     1.6558 0.0000e+00
    106.000     7.9328   3.419649    32.8553       4978     3.4561     1.7682     1.6550 0.0000e+00
