HB2407/CTD214.cnv
* Sea-Bird SBE 9 Data File:
* FileName = C:\cruise\data\CTD214.hex
* Software Version Seasave V 7.26.7.121
* Temperature SN = 4591
* Conductivity SN = 6006
* Number of Bytes Per Scan = 37
* Number of Voltage Words = 4
* Number of Scans Averaged by the Deck Unit = 1
* NMEA Latitude = 43 25.59 N
* NMEA Longitude = 069 23.52 W
* NMEA UTC (Time) = Nov 06 2024 15:56:28
* NMEA baud rate = 4800
** Ship: Bigelow HB2407
** Program:  Fall Bottom Trawl Survey
** Chief Scientist: John Galbraith
# nquan = 9
# nvalues = 304                         
# units = specified
# name 0 = depSM: Depth [salt water, m]
# name 1 = t090C: Temperature [ITS-90, deg C]
# name 2 = c0S/m: Conductivity [S/m]
# name 3 = sal00: Salinity, Practical [PSU]
# name 4 = scan: Scan Count
# name 5 = timeM: Time, Elapsed [minutes]
# name 6 = sbeox0V: Oxygen raw, SBE 43 [V]
# name 7 = sbeox1V: Oxygen raw, SBE 43, 2 [V]
# name 8 = flag: flag
# span 0 =      1.000,    154.000       
# span 1 =     7.4414,    11.8091       
# span 2 =   3.428676,   3.705547       
# span 3 =    32.2904,    33.4051       
# span 4 =         -2,       8771       
# span 5 =    -0.0021,     6.0905       
# span 6 =     1.6994,     2.5630       
# span 7 =     1.5904,     2.3934       
# span 8 = 0.0000e+00, 0.0000e+00       
# interval = meters: 1                  
# start_time = Nov 06 2024 15:56:28 [NMEA time, header]
# bad_flag = -9.990e-29
*END*
      4.000    11.8060   3.705058    32.3037         -2    -0.0021     2.5569     2.3875 0.0000e+00
      5.000    11.8039   3.704911    32.3036        317     0.2192     2.5630     2.3888 0.0000e+00
      6.000    11.8069   3.705216    32.3036        499     0.3460     2.5612     2.3881 0.0000e+00
      7.000    11.8035   3.704986    32.3039        517     0.3583     2.5610     2.3878 0.0000e+00
      8.000    11.8063   3.705246    32.3036        542     0.3756     2.5589     2.3887 0.0000e+00
      9.000    11.8091   3.705547    32.3036        570     0.3949     2.5610     2.3901 0.0000e+00
     10.000    11.8083   3.705526    32.3037        598     0.4149     2.5610     2.3915 0.0000e+00
     11.000    11.8049   3.705273    32.3038        627     0.4346     2.5610     2.3916 0.0000e+00
     12.000    11.7980   3.704721    32.3040        650     0.4508     2.5598     2.3907 0.0000e+00
     13.000    11.7974   3.704708    32.3040        679     0.4706     2.5555     2.3902 0.0000e+00
     14.000    11.7963   3.704644    32.3039        715     0.4958     2.5539     2.3907 0.0000e+00
     15.000    11.7969   3.704753    32.3040        741     0.5140     2.5544     2.3893 0.0000e+00
     16.000    11.7955   3.704661    32.3039        761     0.5275     2.5530     2.3887 0.0000e+00
     17.000    11.7894   3.704200    32.3043        782     0.5422     2.5517     2.3893 0.0000e+00
     18.000    11.7938   3.704605    32.3040        811     0.5626     2.5498     2.3869 0.0000e+00
     19.000    11.7995   3.705116    32.3036        846     0.5867     2.5519     2.3842 0.0000e+00
     20.000    11.7770   3.703208    32.3042        875     0.6067     2.5529     2.3840 0.0000e+00
     21.000    11.7735   3.702945    32.3043        901     0.6250     2.5530     2.3836 0.0000e+00
     22.000    11.7701   3.702705    32.3045        925     0.6420     2.5495     2.3836 0.0000e+00
     23.000    11.7608   3.701918    32.3046        948     0.6580     2.5473     2.3835 0.0000e+00
     24.000    11.7535   3.701281    32.3043        975     0.6765     2.5464     2.3811 0.0000e+00
     25.000    11.7372   3.699839    32.3041       1008     0.6994     2.5483     2.3783 0.0000e+00
     26.000    11.6553   3.692875    32.3072       1038     0.7202     2.5480     2.3794 0.0000e+00
     27.000    11.6242   3.690370    32.3095       1061     0.7360     2.5444     2.3772 0.0000e+00
     28.000    11.6182   3.689829    32.3090       1083     0.7516     2.5400     2.3733 0.0000e+00
     29.000    11.5749   3.686378    32.3127       1114     0.7729     2.5345     2.3678 0.0000e+00
     30.000    11.5265   3.682658    32.3182       1150     0.7981     2.5280     2.3656 0.0000e+00
     31.000    11.4947   3.680231    32.3219       1175     0.8151     2.5240     2.3638 0.0000e+00
     32.000    11.4709   3.678559    32.3258       1197     0.8303     2.5232     2.3619 0.0000e+00
     33.000    11.4648   3.678054    32.3258       1221     0.8473     2.5211     2.3578 0.0000e+00
     34.000    11.4223   3.674633    32.3292       1249     0.8667     2.5212     2.3535 0.0000e+00
     35.000    11.3800   3.671244    32.3326       1276     0.8857     2.5225     2.3519 0.0000e+00
     36.000    11.3632   3.670359    32.3382       1305     0.9057     2.5194     2.3532 0.0000e+00
     37.000    11.3423   3.670352    32.3560       1337     0.9278     2.5190     2.3512 0.0000e+00
     38.000    11.3123   3.669333    32.3719       1367     0.9487     2.5156     2.3486 0.0000e+00
     39.000    11.2773   3.667225    32.3815       1392     0.9661     2.5076     2.3428 0.0000e+00
     40.000    11.2376   3.665503    32.3990       1415     0.9816     2.4976     2.3331 0.0000e+00
     41.000    11.1953   3.663511    32.4162       1437     0.9972     2.4874     2.3257 0.0000e+00
     42.000    11.1748   3.662582    32.4247       1464     1.0156     2.4730     2.3167 0.0000e+00
     43.000    11.1652   3.662475    32.4317       1501     1.0415     2.4580     2.3022 0.0000e+00
     44.000    11.1154   3.660351    32.4543       1533     1.0635     2.4500     2.2946 0.0000e+00
     45.000    10.9272   3.648474    32.5028       1555     1.0790     2.4436     2.2890 0.0000e+00
     46.000    10.8017   3.640212    32.5317       1576     1.0937     2.4330     2.2796 0.0000e+00
     47.000    10.5883   3.625927    32.5791       1601     1.1111     2.4060     2.2598 0.0000e+00
     48.000    10.3933   3.609993    32.5935       1634     1.1342     2.3491     2.2126 0.0000e+00
     49.000    10.2478   3.598274    32.6058       1669     1.1584     2.2894     2.1580 0.0000e+00
     50.000    10.1051   3.588349    32.6336       1698     1.1787     2.2537     2.1193 0.0000e+00
     51.000    10.0514   3.584706    32.6448       1720     1.1935     2.2353     2.0995 0.0000e+00
     52.000     9.8096   3.568593    32.6995       1738     1.2063     2.2215     2.0850 0.0000e+00
     53.000     9.6796   3.559335    32.7227       1759     1.2205     2.2042     2.0712 0.0000e+00
     54.000     9.6165   3.554264    32.7279       1788     1.2413     2.1854     2.0528 0.0000e+00
     55.000     9.5365   3.547029    32.7263       1829     1.2695     2.1695     2.0330 0.0000e+00
     56.000     9.4758   3.541841    32.7281       1862     1.2920     2.1582     2.0226 0.0000e+00
     57.000     9.3665   3.532407    32.7305       1883     1.3072     2.1547     2.0171 0.0000e+00
     58.000     9.2721   3.524519    32.7351       1903     1.3211     2.1500     2.0119 0.0000e+00
     59.000     9.2084   3.519124    32.7374       1925     1.3362     2.1434     2.0057 0.0000e+00
     60.000     9.1425   3.514664    32.7513       1955     1.3568     2.1333     1.9985 0.0000e+00
     61.000     9.0284   3.508886    32.7959       1991     1.3820     2.1228     1.9893 0.0000e+00
     62.000     8.9319   3.503121    32.8245       2021     1.4025     2.1136     1.9805 0.0000e+00
     63.000     8.7797   3.491190    32.8405       2044     1.4188     2.1067     1.9728 0.0000e+00
     64.000     8.6008   3.474715    32.8334       2065     1.4334     2.0989     1.9656 0.0000e+00
     65.000     8.5203   3.467606    32.8331       2088     1.4492     2.0874     1.9553 0.0000e+00
     66.000     8.4634   3.463553    32.8430       2123     1.4735     2.0737     1.9423 0.0000e+00
     67.000     8.4224   3.461162    32.8555       2162     1.5005     2.0623     1.9310 0.0000e+00
     68.000     8.4129   3.460675    32.8588       2184     1.5159     2.0582     1.9252 0.0000e+00
     69.000     8.3922   3.459701    32.8674       2202     1.5284     2.0539     1.9209 0.0000e+00
     70.000     8.4016   3.462117    32.8836       2221     1.5414     2.0503     1.9165 0.0000e+00
     71.000     8.4931   3.473216    32.9148       2258     1.5670     2.0467     1.9116 0.0000e+00
     72.000     8.4857   3.473237    32.9215       2304     1.5994     2.0439     1.9059 0.0000e+00
     73.000     8.5447   3.479772    32.9346       2322     1.6117     2.0417     1.9044 0.0000e+00
     74.000     8.7535   3.503534    32.9888       2337     1.6224     2.0394     1.9037 0.0000e+00
     75.000     8.7179   3.501278    32.9979       2353     1.6336     2.0403     1.9046 0.0000e+00
     76.000     8.6195   3.491919    32.9911       2378     1.6509     2.0424     1.9050 0.0000e+00
     77.000     8.5409   3.485064    32.9921       2436     1.6913     2.0345     1.9009 0.0000e+00
     78.000     8.4820   3.481257    33.0066       2465     1.7110     2.0303     1.8985 0.0000e+00
     79.000     8.4691   3.480581    33.0111       2480     1.7217     2.0282     1.8955 0.0000e+00
     80.000     8.4950   3.484253    33.0250       2495     1.7317     2.0252     1.8922 0.0000e+00
     81.000     8.5240   3.488076    33.0377       2511     1.7433     2.0224     1.8900 0.0000e+00
     82.000     8.5653   3.494537    33.0665       2547     1.7679     2.0205     1.8860 0.0000e+00
     83.000     8.6011   3.500042    33.0904       2603     1.8071     2.0183     1.8818 0.0000e+00
     84.000     8.6028   3.500390    33.0920       2625     1.8222     2.0145     1.8808 0.0000e+00
     85.000     8.6019   3.500959    33.0984       2640     1.8326     2.0125     1.8791 0.0000e+00
     86.000     8.6364   3.505253    33.1106       2654     1.8422     2.0109     1.8785 0.0000e+00
     87.000     8.6775   3.510697    33.1288       2669     1.8527     2.0097     1.8777 0.0000e+00
     88.000     8.7096   3.515366    33.1472       2709     1.8805     2.0094     1.8763 0.0000e+00
     89.000     8.7256   3.518060    33.1600       2771     1.9238     2.0087     1.8737 0.0000e+00
     90.000     8.7238   3.518747    33.1685       2787     1.9349     2.0071     1.8722 0.0000e+00
     91.000     8.6945   3.516313    33.1699       2801     1.9444     2.0059     1.8704 0.0000e+00
     92.000     8.6776   3.514835    33.1698       2813     1.9531     2.0041     1.8703 0.0000e+00
     93.000     8.6518   3.512616    33.1703       2827     1.9622     2.0018     1.8696 0.0000e+00
     94.000     8.6186   3.509743    33.1707       2846     1.9759     1.9983     1.8673 0.0000e+00
     95.000     8.5765   3.506123    33.1718       2928     2.0324     1.9849     1.8571 0.0000e+00
     96.000     8.5601   3.506865    33.1945       2946     2.0453     1.9876     1.8558 0.0000e+00
     97.000     8.5434   3.506668    33.2077       2959     2.0544     1.9867     1.8551 0.0000e+00
     98.000     8.5472   3.507993    33.2176       2972     2.0634     1.9860     1.8532 0.0000e+00
     99.000     8.5549   3.509982    33.2308       2988     2.0743     1.9828     1.8514 0.0000e+00
    100.000     8.5550   3.510785    33.2388       3025     2.0998     1.9738     1.8454 0.0000e+00
    101.000     8.5576   3.512350    33.2522       3076     2.1356     1.9633     1.8350 0.0000e+00
    102.000     8.5587   3.513459    33.2625       3096     2.1492     1.9622     1.8319 0.0000e+00
    103.000     8.5575   3.514013    33.2689       3112     2.1603     1.9601     1.8307 0.0000e+00
    104.000     8.5609   3.514936    33.2750       3128     2.1712     1.9575     1.8292 0.0000e+00
    105.000     8.5378   3.514226    33.2888       3147     2.1845     1.9537     1.8267 0.0000e+00
    106.000     8.4932   3.511434    33.3010       3186     2.2117     1.9462     1.8207 0.0000e+00
    107.000     8.3827   3.503763    33.3240       3234     2.2454     1.9350     1.8115 0.0000e+00
    108.000     8.3309   3.500045    33.3332       3255     2.2594     1.9296     1.8075 0.0000e+00
    109.000     8.3147   3.498763    33.3345       3271     2.2708     1.9241     1.8034 0.0000e+00
    110.000     8.3019   3.497769    33.3357       3287     2.2819     1.9196     1.7988 0.0000e+00
    111.000     8.2866   3.496534    33.3366       3308     2.2967     1.9149     1.7924 0.0000e+00
    112.000     8.2632   3.494618    33.3380       3351     2.3261     1.9056     1.7833 0.0000e+00
    113.000     8.2484   3.493411    33.3388       3387     2.3511     1.8997     1.7781 0.0000e+00
    114.000     8.1896   3.489070    33.3480       3408     2.3659     1.8980     1.7758 0.0000e+00
    115.000     8.1447   3.485815    33.3556       3426     2.3786     1.8958     1.7738 0.0000e+00
    116.000     8.0824   3.481157    33.3648       3445     2.3919     1.8934     1.7711 0.0000e+00
    117.000     8.0652   3.479560    33.3637       3469     2.4081     1.8889     1.7674 0.0000e+00
    118.000     8.0433   3.477724    33.3645       3506     2.4343     1.8793     1.7589 0.0000e+00
    119.000     7.9977   3.474205    33.3700       3546     2.4616     1.8693     1.7489 0.0000e+00
    120.000     7.9680   3.471915    33.3733       3568     2.4773     1.8654     1.7445 0.0000e+00
    121.000     7.9397   3.469642    33.3755       3588     2.4911     1.8617     1.7412 0.0000e+00
    122.000     7.8996   3.466194    33.3765       3609     2.5057     1.8571     1.7373 0.0000e+00
    123.000     7.8874   3.465183    33.3769       3634     2.5231     1.8510     1.7320 0.0000e+00
    124.000     7.8152   3.459516    33.3847       3667     2.5458     1.8416     1.7235 0.0000e+00
    125.000     7.7237   3.452163    33.3929       3702     2.5701     1.8318     1.7151 0.0000e+00
    126.000     7.7009   3.450534    33.3967       3728     2.5884     1.8224     1.7061 0.0000e+00
    127.000     7.6763   3.448846    33.4017       3750     2.6034     1.8128     1.6968 0.0000e+00
    128.000     7.6728   3.448558    33.4014       3769     2.6169     1.8038     1.6882 0.0000e+00
    129.000     7.6668   3.448048    33.4012       3789     2.6306     1.7962     1.6806 0.0000e+00
    130.000     7.6618   3.447580    33.4006       3814     2.6481     1.7885     1.6723 0.0000e+00
    131.000     7.6569   3.447079    33.3994       3860     2.6800     1.7790     1.6635 0.0000e+00
    132.000     7.6328   3.445051    33.4002       3895     2.7042     1.7749     1.6602 0.0000e+00
    133.000     7.5857   3.441151    33.4029       3913     2.7169     1.7729     1.6588 0.0000e+00
    134.000     7.5674   3.439540    33.4026       3930     2.7285     1.7713     1.6559 0.0000e+00
    135.000     7.5557   3.438405    33.4012       3950     2.7422     1.7670     1.6510 0.0000e+00
    136.000     7.5503   3.437857    33.3999       3981     2.7637     1.7596     1.6446 0.0000e+00
    137.000     7.5473   3.437510    33.3986       4018     2.7895     1.7521     1.6379 0.0000e+00
    138.000     7.5344   3.436357    33.3981       4047     2.8100     1.7476     1.6341 0.0000e+00
    139.000     7.4720   3.430850    33.3980       4073     2.8279     1.7441     1.6307 0.0000e+00
    140.000     7.4587   3.429648    33.3973       4096     2.8437     1.7415     1.6274 0.0000e+00
    141.000     7.4519   3.429253    33.3992       4117     2.8580     1.7377     1.6242 0.0000e+00
    142.000     7.4482   3.429151    33.4012       4139     2.8739     1.7323     1.6203 0.0000e+00
    143.000     7.4482   3.429098    33.4001       4171     2.8961     1.7257     1.6139 0.0000e+00
    144.000     7.4484   3.429096    33.3994       4206     2.9198     1.7198     1.6079 0.0000e+00
    145.000     7.4476   3.429050    33.3992       4230     2.9365     1.7181     1.6060 0.0000e+00
    146.000     7.4470   3.429036    33.3992       4252     2.9523     1.7171     1.6045 0.0000e+00
    147.000     7.4442   3.428988    33.4008       4282     2.9731     1.7158     1.6022 0.0000e+00
    148.000     7.4418   3.429064    33.4035       4316     2.9965     1.7148     1.5992 0.0000e+00
    149.000     7.4414   3.429167    33.4044       4340     3.0129     1.7128     1.5987 0.0000e+00
    150.000     7.4415   3.429255    33.4048       4359     3.0266     1.7115     1.5981 0.0000e+00
    151.000     7.4417   3.429309    33.4048       4382     3.0422     1.7101     1.5971 0.0000e+00
    152.000     7.4417   3.429353    33.4048       4417     3.0667     1.7084     1.5948 0.0000e+00
    153.000     7.4418   3.429399    33.4047       4453     3.0918     1.7075     1.5922 0.0000e+00
    154.000     7.4435   3.429639    33.4051       4656     3.2330     1.7028     1.5914 0.0000e+00
    153.000     7.4433   3.429408    33.4034       4802     3.3342     1.7007     1.5913 0.0000e+00
    152.000     7.4429   3.429296    33.4030       4816     3.3436     1.7000     1.5919 0.0000e+00
    151.000     7.4426   3.429234    33.4030       4832     3.3550     1.6994     1.5916 0.0000e+00
    150.000     7.4428   3.429198    33.4030       4852     3.3689     1.6998     1.5908 0.0000e+00
    149.000     7.4420   3.429065    33.4028       4892     3.3963     1.7024     1.5904 0.0000e+00
    148.000     7.4424   3.429030    33.4025       4935     3.4267     1.7029     1.5910 0.0000e+00
    147.000     7.4425   3.428969    33.4022       4955     3.4406     1.7022     1.5919 0.0000e+00
    146.000     7.4430   3.428849    33.4010       4973     3.4526     1.7030     1.5920 0.0000e+00
    145.000     7.4453   3.428777    33.3985       4991     3.4653     1.7038     1.5918 0.0000e+00
