HB2407/CTD219.cnv
* Sea-Bird SBE 9 Data File:
* FileName = C:\cruise\data\CTD219.hex
* Software Version Seasave V 7.26.7.121
* Temperature SN = 4591
* Conductivity SN = 6006
* Number of Bytes Per Scan = 37
* Number of Voltage Words = 4
* Number of Scans Averaged by the Deck Unit = 1
* NMEA Latitude = 42 54.27 N
* NMEA Longitude = 070 20.10 W
* NMEA UTC (Time) = Nov 07 2024 13:16:43
* NMEA baud rate = 4800
** Ship: Bigelow HB2407
** Program:  Fall Bottom Trawl Survey
** Chief Scientist: John Galbraith
# nquan = 9
# nvalues = 297                         
# units = specified
# name 0 = depSM: Depth [salt water, m]
# name 1 = t090C: Temperature [ITS-90, deg C]
# name 2 = c0S/m: Conductivity [S/m]
# name 3 = sal00: Salinity, Practical [PSU]
# name 4 = scan: Scan Count
# name 5 = timeM: Time, Elapsed [minutes]
# name 6 = sbeox0V: Oxygen raw, SBE 43 [V]
# name 7 = sbeox1V: Oxygen raw, SBE 43, 2 [V]
# name 8 = flag: flag
# span 0 =      3.000,    151.000       
# span 1 =     7.7105,    12.1552       
# span 2 =   3.401646,   3.724366       
# span 3 =    32.1753,    33.1407       
# span 4 =         98,       8581       
# span 5 =     0.0674,     5.9584       
# span 6 =     1.7466,     2.6090       
# span 7 =     1.6307,     2.4318       
# span 8 = 0.0000e+00, 0.0000e+00       
# interval = meters: 1                  
# start_time = Nov 07 2024 13:16:43 [NMEA time, header]
# bad_flag = -9.990e-29
*END*
[from data line 161]
    138.000     7.8889   3.441335    33.1133       4940     3.4300     1.7511     1.6350 0.0000e+00
    137.000     7.8811   3.439517    33.1018       4964     3.4468     1.7501     1.6357 0.0000e+00
    136.000     7.8757   3.438345    33.0948       4990     3.4648     1.7510     1.6366 0.0000e+00
    135.000     7.8717   3.437518    33.0902       5017     3.4830     1.7540     1.6373 0.0000e+00
    134.000     7.8675   3.436410    33.0828       5041     3.5000     1.7548     1.6373 0.0000e+00
    133.000     7.8631   3.435543    33.0782       5065     3.5166     1.7544     1.6382 0.0000e+00
    132.000     7.8610   3.434950    33.0743       5090     3.5344     1.7549     1.6393 0.0000e+00
    131.000     7.8586   3.434437    33.0716       5120     3.5545     1.7546     1.6394 0.0000e+00
    130.000     7.8521   3.432877    33.0615       5148     3.5741     1.7544     1.6398 0.0000e+00
    129.000     7.8455   3.431210    33.0504       5172     3.5912     1.7544     1.6408 0.0000e+00
    128.000     7.8363   3.429378    33.0400       5195     3.6071     1.7555     1.6409 0.0000e+00
    127.000     7.8274   3.427331    33.0269       5219     3.6237     1.7561     1.6409 0.0000e+00
    126.000     7.8186   3.425626    33.0175       5246     3.6420     1.7548     1.6409 0.0000e+00
    125.000     7.8105   3.424059    33.0088       5273     3.6608     1.7543     1.6402 0.0000e+00
    124.000     7.8014   3.421850    32.9943       5299     3.6788     1.7555     1.6401 0.0000e+00
    123.000     7.7958   3.420625    32.9869       5324     3.6967     1.7558     1.6406 0.0000e+00
    122.000     7.7898   3.419603    32.9821       5351     3.7150     1.7558     1.6396 0.0000e+00
    121.000     7.7783   3.417946    32.9757       5377     3.7336     1.7576     1.6404 0.0000e+00
    120.000     7.7704   3.416772    32.9710       5403     3.7513     1.7591     1.6418 0.0000e+00
    119.000     7.7606   3.415340    32.9654       5426     3.7675     1.7599     1.6423 0.0000e+00
    118.000     7.7606   3.414744    32.9595       5450     3.7842     1.7604     1.6429 0.0000e+00
    117.000     7.7659   3.414761    32.9551       5479     3.8041     1.7602     1.6429 0.0000e+00
    116.000     7.7684   3.414806    32.9537       5510     3.8257     1.7611     1.6430 0.0000e+00
    115.000     7.7697   3.414785    32.9527       5536     3.8439     1.7628     1.6435 0.0000e+00
    114.000     7.7692   3.414696    32.9527       5559     3.8594     1.7633     1.6443 0.0000e+00
    113.000     7.7683   3.414507    32.9521       5581     3.8747     1.7639     1.6459 0.0000e+00
    112.000     7.7680   3.414386    32.9515       5605     3.8919     1.7639     1.6467 0.0000e+00
    111.000     7.7661   3.413986    32.9495       5634     3.9121     1.7628     1.6458 0.0000e+00
    110.000     7.7649   3.413647    32.9474       5665     3.9337     1.7628     1.6458 0.0000e+00
    109.000     7.7615   3.412834    32.9424       5693     3.9528     1.7637     1.6457 0.0000e+00
    108.000     7.7555   3.411692    32.9363       5718     3.9699     1.7634     1.6469 0.0000e+00
    107.000     7.7503   3.410730    32.9315       5742     3.9868     1.7641     1.6471 0.0000e+00
    106.000     7.7458   3.409862    32.9268       5767     4.0043     1.7640     1.6474 0.0000e+00
    105.000     7.7408   3.409076    32.9236       5794     4.0232     1.7635     1.6469 0.0000e+00
    104.000     7.7305   3.407475    32.9167       5824     4.0440     1.7638     1.6468 0.0000e+00
    103.000     7.7263   3.406403    32.9095       5853     4.0641     1.7631     1.6470 0.0000e+00
    102.000     7.7231   3.404755    32.8953       5879     4.0817     1.7631     1.6472 0.0000e+00
    101.000     7.7230   3.404065    32.8885       5903     4.0984     1.7632     1.6482 0.0000e+00
    100.000     7.7222   3.403490    32.8836       5928     4.1158     1.7642     1.6488 0.0000e+00
     99.000     7.7167   3.402350    32.8770       5955     4.1348     1.7655     1.6494 0.0000e+00
     98.000     7.7176   3.401646    32.8691       5985     4.1557     1.7645     1.6485 0.0000e+00
     97.000     7.7285   3.402044    32.8635       6015     4.1761     1.7653     1.6495 0.0000e+00
     96.000     7.7345   3.402474    32.8630       6040     4.1941     1.7670     1.6507 0.0000e+00
     95.000     7.7470   3.403499    32.8627       6065     4.2111     1.7681     1.6512 0.0000e+00
     94.000     7.7718   3.405346    32.8595       6091     4.2292     1.7700     1.6517 0.0000e+00
     93.000     7.8131   3.408388    32.8537       6119     4.2490     1.7733     1.6536 0.0000e+00
     92.000     7.9187   3.416543    32.8420       6148     4.2689     1.7769     1.6561 0.0000e+00
     91.000     8.1076   3.433055    32.8411       6176     4.2881     1.7853     1.6589 0.0000e+00
     90.000     8.2211   3.444196    32.8535       6201     4.3055     1.7961     1.6648 0.0000e+00
     89.000     8.2932   3.450747    32.8559       6225     4.3223     1.8080     1.6730 0.0000e+00
     88.000     8.3853   3.459248    32.8602       6251     4.3402     1.8195     1.6825 0.0000e+00
     87.000     8.4949   3.469472    32.8663       6280     4.3608     1.8307     1.6944 0.0000e+00
     86.000     8.5978   3.478840    32.8694       6312     4.3827     1.8413     1.7060 0.0000e+00
     85.000     8.6835   3.487144    32.8773       6339     4.4015     1.8504     1.7149 0.0000e+00
     84.000     8.7908   3.496944    32.8807       6363     4.4181     1.8587     1.7231 0.0000e+00
     83.000     8.9261   3.508755    32.8790       6387     4.4349     1.8703     1.7323 0.0000e+00
     82.000     9.1313   3.526904    32.8784       6413     4.4529     1.8855     1.7420 0.0000e+00
     81.000     9.2727   3.540133    32.8854       6442     4.4727     1.9018     1.7549 0.0000e+00
     80.000     9.3277   3.546359    32.8995       6470     4.4923     1.9182     1.7705 0.0000e+00
     79.000     9.3888   3.551765    32.8995       6496     4.5106     1.9310     1.7846 0.0000e+00
     78.000     9.4209   3.554588    32.8995       6522     4.5285     1.9418     1.7982 0.0000e+00
     77.000     9.4586   3.558642    32.9070       6550     4.5476     1.9504     1.8094 0.0000e+00
     76.000     9.4705   3.559878    32.9092       6578     4.5670     1.9562     1.8169 0.0000e+00
     75.000     9.4849   3.561195    32.9099       6604     4.5853     1.9603     1.8226 0.0000e+00
     74.000     9.4916   3.561907    32.9116       6629     4.6030     1.9629     1.8258 0.0000e+00
     73.000     9.5037   3.562963    32.9118       6655     4.6210     1.9652     1.8301 0.0000e+00
     72.000     9.5379   3.565628    32.9082       6682     4.6392     1.9673     1.8334 0.0000e+00
     71.000     9.5963   3.570270    32.9027       6710     4.6588     1.9699     1.8360 0.0000e+00
     70.000     9.6818   3.576639    32.8901       6738     4.6783     1.9766     1.8392 0.0000e+00
     69.000     9.7605   3.583268    32.8863       6764     4.6966     1.9868     1.8445 0.0000e+00
     68.000     9.7965   3.586363    32.8855       6789     4.7142     1.9973     1.8508 0.0000e+00
     67.000     9.8206   3.588225    32.8829       6816     4.7326     2.0075     1.8609 0.0000e+00
     66.000     9.8287   3.588175    32.8754       6844     4.7519     2.0175     1.8722 0.0000e+00
     65.000     9.8425   3.588157    32.8630       6871     4.7705     2.0268     1.8794 0.0000e+00
     64.000     9.8662   3.589404    32.8546       6895     4.7873     2.0323     1.8845 0.0000e+00
     63.000     9.8775   3.589584    32.8466       6919     4.8041     2.0378     1.8915 0.0000e+00
     62.000     9.8810   3.589105    32.8390       6947     4.8234     2.0438     1.8980 0.0000e+00
     61.000     9.8960   3.589380    32.8286       6978     4.8452     2.0499     1.9064 0.0000e+00
     60.000     9.8969   3.589248    32.8269       7006     4.8649     2.0547     1.9119 0.0000e+00
     59.000     9.9356   3.591444    32.8145       7031     4.8818     2.0589     1.9156 0.0000e+00
     58.000     9.9874   3.594834    32.8023       7054     4.8978     2.0618     1.9191 0.0000e+00
     57.000    10.0811   3.601734    32.7877       7078     4.9149     2.0687     1.9235 0.0000e+00
     56.000    10.1437   3.606995    32.7846       7107     4.9346     2.0777     1.9300 0.0000e+00
     55.000    10.1678   3.609302    32.7866       7136     4.9547     2.0852     1.9370 0.0000e+00
     54.000    10.2342   3.614560    32.7800       7162     4.9730     2.0929     1.9426 0.0000e+00
     53.000    10.2600   3.616895    32.7807       7188     4.9907     2.0988     1.9479 0.0000e+00
     52.000    10.2876   3.618724    32.7747       7213     5.0085     2.1028     1.9534 0.0000e+00
     51.000    10.3169   3.620414    32.7657       7239     5.0263     2.1061     1.9590 0.0000e+00
     50.000    10.3722   3.623283    32.7451       7264     5.0440     2.1106     1.9625 0.0000e+00
     49.000    10.3992   3.625172    32.7402       7292     5.0630     2.1147     1.9668 0.0000e+00
     48.000    10.4393   3.627408    32.7270       7321     5.0833     2.1211     1.9709 0.0000e+00
     47.000    10.4790   3.630111    32.7188       7348     5.1018     2.1294     1.9759 0.0000e+00
     46.000    10.5122   3.632248    32.7109       7372     5.1188     2.1375     1.9826 0.0000e+00
     45.000    10.5666   3.636037    32.7005       7396     5.1351     2.1462     1.9899 0.0000e+00
     44.000    10.6568   3.643061    32.6903       7420     5.1523     2.1556     1.9966 0.0000e+00
     43.000    10.7449   3.650091    32.6820       7449     5.1722     2.1617     2.0040 0.0000e+00
     42.000    10.7914   3.653330    32.6731       7479     5.1930     2.1662     2.0095 0.0000e+00
     41.000    10.8872   3.658888    32.6433       7505     5.2113     2.1698     2.0161 0.0000e+00
     40.000    10.9002   3.658874    32.6320       7528     5.2274     2.1752     2.0222 0.0000e+00
     39.000    10.8989   3.658431    32.6292       7552     5.2435     2.1799     2.0276 0.0000e+00
     38.000    10.8736   3.653552    32.6037       7578     5.2615     2.1829     2.0308 0.0000e+00
     37.000    10.7854   3.638490    32.5330       7607     5.2817     2.1814     2.0344 0.0000e+00
     36.000    10.6166   3.616877    32.4682       7635     5.3016     2.1739     2.0355 0.0000e+00
     35.000    10.5113   3.600339    32.3971       7661     5.3193     2.1601     2.0275 0.0000e+00
     34.000    10.5313   3.600264    32.3789       7685     5.3360     2.1415     2.0141 0.0000e+00
     33.000    10.5470   3.599502    32.3578       7709     5.3531     2.1193     1.9986 0.0000e+00
     32.000    10.5669   3.598770    32.3333       7735     5.3710     2.1031     1.9820 0.0000e+00
     31.000    10.6435   3.603601    32.3141       7762     5.3896     2.0954     1.9690 0.0000e+00
     30.000    10.7154   3.608848    32.3032       7790     5.4087     2.0943     1.9616 0.0000e+00
     29.000    10.7986   3.615424    32.2955       7816     5.4273     2.0991     1.9586 0.0000e+00
     28.000    10.9139   3.625855    32.2978       7842     5.4451     2.1106     1.9591 0.0000e+00
     27.000    10.9844   3.632734    32.3042       7866     5.4619     2.1261     1.9630 0.0000e+00
     26.000    11.0711   3.639829    32.2985       7891     5.4789     2.1489     1.9681 0.0000e+00
     25.000    11.2682   3.656598    32.2910       7917     5.4974     2.1891     1.9811 0.0000e+00
     24.000    11.4283   3.668348    32.2666       7946     5.5175     2.2478     2.0005 0.0000e+00
     23.000    11.6081   3.684072    32.2638       7974     5.5371     2.2944     2.0296 0.0000e+00
     22.000    11.6703   3.688528    32.2536       7999     5.5544     2.3274     2.0649 0.0000e+00
     21.000    11.6458   3.687700    32.2672       8022     5.5703     2.3554     2.1052 0.0000e+00
     20.000    11.6539   3.688167    32.2651       8046     5.5870     2.3823     2.1471 0.0000e+00
     19.000    11.6907   3.690177    32.2531       8073     5.6053     2.4095     2.1825 0.0000e+00
     18.000    11.7601   3.693683    32.2273       8100     5.6242     2.4359     2.2039 0.0000e+00
     17.000    11.7951   3.696168    32.2215       8127     5.6432     2.4529     2.2257 0.0000e+00
     16.000    11.8178   3.697089    32.2111       8155     5.6622     2.4644     2.2497 0.0000e+00
     15.000    11.8183   3.696985    32.2102       8180     5.6800     2.4774     2.2755 0.0000e+00
     14.000    11.8411   3.698227    32.2028       8204     5.6965     2.4902     2.2970 0.0000e+00
     13.000    11.8678   3.700161    32.1988       8228     5.7131     2.5034     2.3144 0.0000e+00
     12.000    11.8986   3.702807    32.1983       8254     5.7312     2.5210     2.3306 0.0000e+00
     11.000    11.9826   3.708505    32.1812       8283     5.7514     2.5384     2.3442 0.0000e+00
     10.000    12.0367   3.713309    32.1813       8311     5.7709     2.5521     2.3550 0.0000e+00
      9.000    12.0740   3.715978    32.1753       8335     5.7876     2.5589     2.3649 0.0000e+00
      8.000    12.0868   3.717404    32.1783       8358     5.8032     2.5640     2.3740 0.0000e+00
      7.000    12.0816   3.717170    32.1810       8382     5.8200     2.5718     2.3880 0.0000e+00
      6.000    12.0801   3.717288    32.1838       8410     5.8398     2.5774     2.4019 0.0000e+00
      5.000    12.1097   3.719467    32.1797       8441     5.8609     2.5806     2.4110 0.0000e+00
      4.000    12.1246   3.720645    32.1786       8467     5.8792     2.5838     2.4133 0.0000e+00
      3.000    12.1401   3.722260    32.1812       8581     5.9584     2.5950     2.4224 0.0000e+00
