HB2407/CTD204.cnv
* Sea-Bird SBE 9 Data File:
* FileName = C:\cruise\data\CTD204.hex
* Software Version Seasave V 7.26.7.121
* Temperature SN = 4591
* Conductivity SN = 6006
* Number of Bytes Per Scan = 37
* Number of Voltage Words = 4
* Number of Scans Averaged by the Deck Unit = 1
* NMEA Latitude = 43 56.93 N
* NMEA Longitude = 066 57.86 W
* NMEA UTC (Time) = Nov 04 2024 03:35:13
* NMEA baud rate = 4800
** Ship: Bigelow HB2407
** Program:  Fall Bottom Trawl Survey
** Chief Scientist: John Galbraith
# nquan = 9
# nvalues = 313                         
# units = specified
# name 0 = depSM: Depth [salt water, m]
# name 1 = t090C: Temperature [ITS-90, deg C]
# name 2 = c0S/m: Conductivity [S/m]
# name 3 = sal00: Salinity, Practical [PSU]
# name 4 = scan: Scan Count
# name 5 = timeM: Time, Elapsed [minutes]
# name 6 = sbeox0V: Oxygen raw, SBE 43 [V]
# name 7 = sbeox1V: Oxygen raw, SBE 43, 2 [V]
# name 8 = flag: flag
# span 0 =      3.000,    159.000       
# span 1 =     8.1690,    10.5034       
# span 2 =   3.530032,   3.620794       
# span 3 =    32.5794,    33.9441       
# span 4 =         42,      10306       
# span 5 =     0.0285,     7.1560       
# span 6 =     1.8796,     2.5154       
# span 7 =     1.7542,     2.3478       
# span 8 = 0.0000e+00, 0.0000e+00       
# interval = meters: 1                  
# start_time = Nov 04 2024 03:35:13 [NMEA time, header]
# bad_flag = -9.990e-29
*END*
      3.000    10.4754   3.614263    32.5824         42     0.0285     2.5138     2.3434 0.0000e+00
      4.000    10.4767   3.614444    32.5826        306     0.2117     2.5118     2.3476 0.0000e+00
      5.000    10.4778   3.614615    32.5829        338     0.2339     2.5130     2.3475 0.0000e+00
      6.000    10.4835   3.615240    32.5836        378     0.2615     2.5116     2.3478 0.0000e+00
      7.000    10.4818   3.615133    32.5837        419     0.2902     2.5118     2.3466 0.0000e+00
      8.000    10.4771   3.614739    32.5835        453     0.3139     2.5121     2.3465 0.0000e+00
      9.000    10.4749   3.614447    32.5821        492     0.3412     2.5117     2.3456 0.0000e+00
     10.000    10.4744   3.614458    32.5822        535     0.3707     2.5154     2.3450 0.0000e+00
     11.000    10.4708   3.615640    32.5969        569     0.3947     2.5143     2.3446 0.0000e+00
     12.000    10.4512   3.616552    32.6231        749     0.5195     2.4960     2.3297 0.0000e+00
     13.000    10.4360   3.617248    32.6433        789     0.5472     2.4946     2.3301 0.0000e+00
     14.000    10.4303   3.618511    32.6606        824     0.5715     2.4912     2.3275 0.0000e+00
     15.000    10.4280   3.619390    32.6710        854     0.5925     2.4882     2.3242 0.0000e+00
     16.000    10.4272   3.620250    32.6800        882     0.6115     2.4821     2.3165 0.0000e+00
     17.000    10.4270   3.620649    32.6837        910     0.6316     2.4738     2.3090 0.0000e+00
     18.000    10.4271   3.620728    32.6840        940     0.6518     2.4660     2.3014 0.0000e+00
     19.000    10.4255   3.620794    32.6857        965     0.6697     2.4587     2.2944 0.0000e+00
     20.000    10.4042   3.620135    32.6978        992     0.6880     2.4533     2.2900 0.0000e+00
     21.000    10.3637   3.618760    32.7200       1022     0.7091     2.4482     2.2840 0.0000e+00
     22.000    10.2331   3.614122    32.7907       1053     0.7302     2.4371     2.2759 0.0000e+00
     23.000    10.1037   3.609124    32.8569       1078     0.7477     2.4162     2.2617 0.0000e+00
     24.000     9.9807   3.603902    32.9155       1101     0.7639     2.3847     2.2372 0.0000e+00
     25.000     9.8368   3.596279    32.9689       1127     0.7817     2.3425     2.1998 0.0000e+00
     26.000     9.7239   3.589242    33.0001       1156     0.8018     2.2977     2.1569 0.0000e+00
     27.000     9.6630   3.585698    33.0193       1185     0.8222     2.2586     2.1186 0.0000e+00
     28.000     9.6676   3.587401    33.0320       1211     0.8405     2.2319     2.0914 0.0000e+00
     29.000     9.6967   3.592476    33.0567       1236     0.8578     2.2126     2.0720 0.0000e+00
     30.000     9.7031   3.596477    33.0914       1262     0.8758     2.1982     2.0563 0.0000e+00
     31.000     9.6885   3.596957    33.1093       1290     0.8955     2.1862     2.0439 0.0000e+00
     32.000     9.6658   3.597206    33.1323       1318     0.9146     2.1749     2.0315 0.0000e+00
     33.000     9.6636   3.597202    33.1338       1345     0.9331     2.1640     2.0212 0.0000e+00
     34.000     9.6628   3.597211    33.1342       1373     0.9526     2.1570     2.0142 0.0000e+00
     35.000     9.6552   3.597482    33.1435       1400     0.9717     2.1536     2.0085 0.0000e+00
     36.000     9.6543   3.597503    33.1441       1425     0.9888     2.1504     2.0048 0.0000e+00
     37.000     9.6541   3.597531    33.1441       1450     1.0060     2.1459     2.0025 0.0000e+00
     38.000     9.6486   3.597379    33.1472       1478     1.0254     2.1430     1.9979 0.0000e+00
     39.000     9.6398   3.596878    33.1497       1507     1.0460     2.1409     1.9941 0.0000e+00
     40.000     9.6385   3.596786    33.1496       1534     1.0648     2.1392     1.9927 0.0000e+00
     41.000     9.6380   3.596767    33.1494       1559     1.0821     2.1362     1.9938 0.0000e+00
     42.000     9.6368   3.596723    33.1496       1586     1.1004     2.1335     1.9933 0.0000e+00
     43.000     9.6328   3.596603    33.1516       1615     1.1210     2.1326     1.9916 0.0000e+00
     44.000     9.6277   3.596280    33.1525       1642     1.1396     2.1320     1.9907 0.0000e+00
     45.000     9.6287   3.596332    33.1517       1667     1.1570     2.1295     1.9901 0.0000e+00
     46.000     9.6290   3.596399    33.1517       1694     1.1757     2.1300     1.9878 0.0000e+00
     47.000     9.6263   3.596278    33.1525       1722     1.1954     2.1304     1.9869 0.0000e+00
     48.000     9.6232   3.596146    33.1535       1748     1.2130     2.1289     1.9877 0.0000e+00
     49.000     9.6154   3.595860    33.1573       1773     1.2305     2.1288     1.9877 0.0000e+00
     50.000     9.6135   3.595898    33.1590       1800     1.2493     2.1290     1.9877 0.0000e+00
     51.000     9.6131   3.595923    33.1591       1828     1.2689     2.1285     1.9878 0.0000e+00
     52.000     9.6110   3.595839    33.1598       1856     1.2881     2.1273     1.9854 0.0000e+00
     53.000     9.6052   3.595538    33.1616       1883     1.3071     2.1258     1.9830 0.0000e+00
     54.000     9.6036   3.595456    33.1618       1910     1.3255     2.1239     1.9824 0.0000e+00
     55.000     9.6028   3.595440    33.1620       1936     1.3435     2.1221     1.9847 0.0000e+00
     56.000     9.6010   3.595390    33.1626       1962     1.3615     2.1231     1.9841 0.0000e+00
     57.000     9.5861   3.594829    33.1702       1990     1.3809     2.1237     1.9832 0.0000e+00
     58.000     9.5847   3.594829    33.1711       2018     1.4007     2.1220     1.9827 0.0000e+00
     59.000     9.5779   3.594596    33.1744       2044     1.4188     2.1195     1.9810 0.0000e+00
     60.000     9.5709   3.594350    33.1780       2070     1.4366     2.1179     1.9814 0.0000e+00
     61.000     9.5645   3.594144    33.1813       2098     1.4566     2.1190     1.9801 0.0000e+00
     62.000     9.5580   3.593888    33.1843       2129     1.4776     2.1202     1.9804 0.0000e+00
     63.000     9.5544   3.593799    33.1862       2156     1.4966     2.1206     1.9804 0.0000e+00
     64.000     9.5551   3.593870    33.1859       2181     1.5142     2.1184     1.9801 0.0000e+00
     65.000     9.5531   3.593860    33.1871       2208     1.5325     2.1141     1.9789 0.0000e+00
     66.000     9.5493   3.593728    33.1888       2237     1.5526     2.1129     1.9786 0.0000e+00
     67.000     9.5479   3.593689    33.1893       2265     1.5722     2.1131     1.9773 0.0000e+00
     68.000     9.5232   3.592856    33.2031       2291     1.5900     2.1105     1.9763 0.0000e+00
     69.000     9.5130   3.592381    33.2072       2317     1.6082     2.1093     1.9757 0.0000e+00
     70.000     9.5080   3.592232    33.2099       2345     1.6276     2.1087     1.9748 0.0000e+00
     71.000     9.5032   3.592081    33.2123       2374     1.6479     2.1075     1.9717 0.0000e+00
     72.000     9.5025   3.592064    33.2124       2403     1.6678     2.1081     1.9700 0.0000e+00
     73.000     9.5010   3.592032    33.2130       2429     1.6863     2.1076     1.9680 0.0000e+00
     74.000     9.4939   3.591769    33.2164       2455     1.7044     2.1064     1.9663 0.0000e+00
     75.000     9.4690   3.590961    33.2307       2483     1.7237     2.1034     1.9655 0.0000e+00
     76.000     9.4436   3.590498    33.2490       2511     1.7429     2.1020     1.9653 0.0000e+00
     77.000     9.4404   3.590894    33.2557       2537     1.7608     2.0988     1.9638 0.0000e+00
     78.000     9.4376   3.590862    33.2575       2562     1.7786     2.0977     1.9611 0.0000e+00
     79.000     9.4295   3.590543    33.2613       2590     1.7976     2.0940     1.9590 0.0000e+00
     80.000     9.4276   3.590431    33.2614       2619     1.8178     2.0917     1.9570 0.0000e+00
     81.000     9.4264   3.590383    33.2616       2648     1.8380     2.0926     1.9542 0.0000e+00
     82.000     9.4272   3.590507    33.2616       2675     1.8572     2.0921     1.9515 0.0000e+00
     83.000     9.4280   3.590684    33.2623       2701     1.8748     2.0907     1.9505 0.0000e+00
     84.000     9.4281   3.590749    33.2623       2727     1.8933     2.0881     1.9511 0.0000e+00
     85.000     9.4288   3.590841    33.2623       2757     1.9142     2.0858     1.9519 0.0000e+00
     86.000     9.4287   3.590958    33.2631       2785     1.9334     2.0856     1.9512 0.0000e+00
     87.000     9.4276   3.591022    33.2643       2809     1.9500     2.0871     1.9505 0.0000e+00
     88.000     9.4277   3.591067    33.2643       2835     1.9677     2.0872     1.9513 0.0000e+00
     89.000     9.4277   3.591106    33.2641       2864     1.9881     2.0847     1.9516 0.0000e+00
     90.000     9.4274   3.591153    33.2644       2892     2.0078     2.0854     1.9500 0.0000e+00
     91.000     9.4272   3.591199    33.2647       2918     2.0255     2.0868     1.9486 0.0000e+00
     92.000     9.4271   3.591257    33.2649       2946     2.0451     2.0870     1.9478 0.0000e+00
     93.000     9.4274   3.591312    33.2648       2976     2.0657     2.0860     1.9474 0.0000e+00
     94.000     9.4278   3.591384    33.2647       3001     2.0835     2.0856     1.9474 0.0000e+00
     95.000     9.4273   3.591473    33.2656       3026     2.1010     2.0858     1.9486 0.0000e+00
     96.000     9.4177   3.591435    33.2737       3054     2.1201     2.0860     1.9501 0.0000e+00
     97.000     9.4131   3.591422    33.2773       3082     2.1397     2.0849     1.9500 0.0000e+00
     98.000     9.4129   3.591471    33.2776       3109     2.1587     2.0829     1.9479 0.0000e+00
     99.000     9.4105   3.591545    33.2801       3135     2.1760     2.0800     1.9462 0.0000e+00
    100.000     9.4065   3.591516    33.2831       3160     2.1941     2.0781     1.9456 0.0000e+00
    101.000     9.4028   3.591544    33.2864       3189     2.2141     2.0784     1.9439 0.0000e+00
    102.000     9.3973   3.591697    33.2926       3219     2.2347     2.0793     1.9421 0.0000e+00
    103.000     9.3910   3.591716    33.2982       3247     2.2544     2.0782     1.9395 0.0000e+00
    104.000     9.3836   3.591509    33.3025       3273     2.2720     2.0778     1.9373 0.0000e+00
    105.000     9.3746   3.591198    33.3072       3297     2.2890     2.0759     1.9359 0.0000e+00
    106.000     9.3503   3.590512    33.3223       3324     2.3074     2.0741     1.9350 0.0000e+00
    107.000     9.3428   3.590318    33.3269       3353     2.3277     2.0726     1.9350 0.0000e+00
    108.000     9.3389   3.590220    33.3290       3380     2.3467     2.0705     1.9336 0.0000e+00
    109.000     9.3396   3.590466    33.3304       3405     2.3642     2.0676     1.9318 0.0000e+00
    110.000     9.3407   3.590883    33.3333       3432     2.3828     2.0658     1.9299 0.0000e+00
    111.000     9.3236   3.591377    33.3539       3461     2.4030     2.0634     1.9287 0.0000e+00
    112.000     9.3103   3.591052    33.3624       3490     2.4231     2.0622     1.9264 0.0000e+00
    113.000     9.3086   3.590998    33.3630       3517     2.4415     2.0588     1.9231 0.0000e+00
    114.000     9.2977   3.590714    33.3698       3543     2.4595     2.0539     1.9201 0.0000e+00
    115.000     9.2807   3.590278    33.3807       3571     2.4794     2.0493     1.9183 0.0000e+00
    116.000     9.2689   3.589984    33.3882       3599     2.4988     2.0473     1.9171 0.0000e+00
    117.000     9.2611   3.589830    33.3935       3624     2.5162     2.0469     1.9156 0.0000e+00
    118.000     9.2436   3.589406    33.4049       3651     2.5347     2.0453     1.9139 0.0000e+00
    119.000     9.2354   3.589191    33.4100       3681     2.5552     2.0437     1.9109 0.0000e+00
    120.000     9.2074   3.588367    33.4272       3708     2.5745     2.0412     1.9079 0.0000e+00
    121.000     9.1879   3.587638    33.4375       3732     2.5911     2.0386     1.9064 0.0000e+00
    122.000     9.1461   3.586099    33.4602       3757     2.6085     2.0374     1.9045 0.0000e+00
    123.000     9.1227   3.584908    33.4693       3788     2.6296     2.0346     1.8994 0.0000e+00
    124.000     9.1068   3.584132    33.4758       3818     2.6506     2.0290     1.8938 0.0000e+00
    125.000     9.0762   3.582337    33.4854       3843     2.6678     2.0240     1.8909 0.0000e+00
    126.000     9.0509   3.580676    33.4915       3869     2.6858     2.0207     1.8881 0.0000e+00
    127.000     9.0482   3.580250    33.4891       3900     2.7074     2.0161     1.8860 0.0000e+00
    128.000     9.0467   3.580093    33.4884       3929     2.7279     2.0125     1.8842 0.0000e+00
    129.000     8.9506   3.575155    33.5269       3954     2.7455     2.0101     1.8840 0.0000e+00
    130.000     8.8386   3.569801    33.5764       3979     2.7624     2.0081     1.8822 0.0000e+00
    131.000     8.7607   3.563914    33.5880       4006     2.7810     2.0038     1.8777 0.0000e+00
    132.000     8.7405   3.561882    33.5854       4035     2.8011     1.9964     1.8704 0.0000e+00
    133.000     8.6936   3.557835    33.5870       4061     2.8195     1.9913     1.8639 0.0000e+00
    134.000     8.5605   3.547847    33.6079       4087     2.8374     1.9867     1.8586 0.0000e+00
    135.000     8.3836   3.534751    33.6377       4116     2.8576     1.9821     1.8538 0.0000e+00
    136.000     8.2862   3.530858    33.6892       4148     2.8800     1.9718     1.8456 0.0000e+00
    137.000     8.1722   3.539236    33.8873       4177     2.9003     1.9644     1.8383 0.0000e+00
    138.000     8.1694   3.540353    33.9014       4202     2.9176     1.9580     1.8321 0.0000e+00
    139.000     8.1702   3.539581    33.8919       4227     2.9345     1.9462     1.8221 0.0000e+00
    140.000     8.1699   3.539854    33.8946       4252     2.9521     1.9307     1.8081 0.0000e+00
    141.000     8.1706   3.539404    33.8887       4279     2.9711     1.9188     1.7955 0.0000e+00
    142.000     8.1700   3.540440    33.8998       4309     2.9915     1.9116     1.7869 0.0000e+00
    143.000     8.1704   3.541150    33.9065       4337     3.0109     1.9079     1.7827 0.0000e+00
    144.000     8.1709   3.540880    33.9027       4362     3.0285     1.9056     1.7795 0.0000e+00
    145.000     8.1693   3.542262    33.9185       4389     3.0475     1.9042     1.7766 0.0000e+00
    146.000     8.1717   3.543447    33.9283       4418     3.0673     1.9000     1.7743 0.0000e+00
    147.000     8.1702   3.542456    33.9187       4445     3.0863     1.8971     1.7717 0.0000e+00
    148.000     8.1710   3.542744    33.9206       4472     3.1047     1.8953     1.7697 0.0000e+00
    149.000     8.1729   3.543680    33.9283       4500     3.1240     1.8934     1.7685 0.0000e+00
    150.000     8.1718   3.543811    33.9302       4526     3.1425     1.8927     1.7679 0.0000e+00
    151.000     8.1718   3.543870    33.9303       4550     3.1593     1.8923     1.7667 0.0000e+00
    152.000     8.1748   3.544415    33.9328       4576     3.1768     1.8902     1.7656 0.0000e+00
    153.000     8.1747   3.544503    33.9333       4603     3.1959     1.8888     1.7654 0.0000e+00
    154.000     8.1781   3.545313    33.9382       4631     3.2156     1.8879     1.7652 0.0000e+00
    155.000     8.1802   3.545964    33.9426       4660     3.2357     1.8863     1.7645 0.0000e+00
    156.000     8.1809   3.546201    33.9439       4687     3.2540     1.8844     1.7632 0.0000e+00
    157.000     8.1813   3.546297    33.9441       4712     3.2713     1.8845     1.7630 0.0000e+00
    158.000     8.1813   3.546303    33.9437       4740     3.2909     1.8841     1.7629 0.0000e+00
    159.000     8.1814   3.546256    33.9426       4765     3.3080     1.8835     1.7631 0.0000e+00
    158.000     8.1825   3.546218    33.9417       5356     3.7187     1.8796     1.7542 0.0000e+00
    157.000     8.1823   3.546237    33.9426       5383     3.7377     1.8817     1.7575 0.0000e+00
    156.000     8.1822   3.546120    33.9419       5423     3.7654     1.8826     1.7579 0.0000e+00
