HB2407/CTD222.cnv
* Sea-Bird SBE 9 Data File:
* FileName = C:\cruise\data\CTD222.hex
* Software Version Seasave V 7.26.7.121
* Temperature SN = 4591
* Conductivity SN = 6006
* Number of Bytes Per Scan = 37
* Number of Voltage Words = 4
* Number of Scans Averaged by the Deck Unit = 1
* NMEA Latitude = 42 34.93 N
* NMEA Longitude = 070 33.60 W
* NMEA UTC (Time) = Nov 07 2024 22:56:25
* NMEA baud rate = 4800
** Ship: Bigelow HB2407
** Program:  Fall Bottom Trawl Survey
** Chief Scientist: John Galbraith
# nquan = 9
# nvalues = 109                         
# units = specified
# name 0 = depSM: Depth [salt water, m]
# name 1 = t090C: Temperature [ITS-90, deg C]
# name 2 = c0S/m: Conductivity [S/m]
# name 3 = sal00: Salinity, Practical [PSU]
# name 4 = scan: Scan Count
# name 5 = timeM: Time, Elapsed [minutes]
# name 6 = sbeox0V: Oxygen raw, SBE 43 [V]
# name 7 = sbeox1V: Oxygen raw, SBE 43, 2 [V]
# name 8 = flag: flag
# span 0 =      1.000,     56.000       
# span 1 =    10.5496,    12.2487       
# span 2 =   3.626369,   3.728046       
# span 3 =    32.1300,    32.6199       
# span 4 =        281,       4288       
# span 5 =     0.1946,     2.9769       
# span 6 =     2.1323,     2.6857       
# span 7 =     1.9928,     2.5107       
# span 8 = 0.0000e+00, 0.0000e+00       
# interval = meters: 1                  
# start_time = Nov 07 2024 22:56:25 [NMEA time, header]
# bad_flag = -9.990e-29
*END*
      3.000    12.2393   3.726246    32.1342        281     0.1946     2.6825     2.5107 0.0000e+00
      4.000    12.2424   3.726613    32.1347        450     0.3120     2.6834     2.5096 0.0000e+00
      5.000    12.2478   3.727332    32.1365        484     0.3357     2.6857     2.5081 0.0000e+00
      6.000    12.2479   3.727501    32.1376        512     0.3549     2.6846     2.5078 0.0000e+00
      7.000    12.2487   3.727641    32.1379        538     0.3730     2.6841     2.5086 0.0000e+00
      8.000    12.2484   3.727821    32.1395        563     0.3905     2.6846     2.5098 0.0000e+00
      9.000    12.2477   3.727974    32.1411        590     0.4087     2.6828     2.5063 0.0000e+00
     10.000    12.2471   3.728039    32.1418        619     0.4290     2.6754     2.5048 0.0000e+00
     11.000    12.2462   3.728046    32.1423        648     0.4493     2.6723     2.5027 0.0000e+00
     12.000    12.2312   3.727773    32.1521        674     0.4670     2.6703     2.4995 0.0000e+00
     13.000    12.1599   3.723896    32.1758        698     0.4842     2.6672     2.4989 0.0000e+00
     14.000    12.0086   3.712877    32.1997        724     0.5022     2.6620     2.4913 0.0000e+00
     15.000    11.9631   3.710239    32.2131        752     0.5214     2.6372     2.4686 0.0000e+00
     16.000    11.9693   3.711827    32.2226        780     0.5410     2.5964     2.4327 0.0000e+00
     17.000    11.9724   3.712330    32.2244        808     0.5603     2.5652     2.4044 0.0000e+00
     18.000    11.9796   3.713214    32.2263        835     0.5789     2.5503     2.3887 0.0000e+00
     19.000    11.9878   3.714556    32.2318        860     0.5968     2.5462     2.3840 0.0000e+00
     20.000    11.9608   3.713989    32.2492        886     0.6142     2.5481     2.3840 0.0000e+00
     21.000    11.8876   3.709392    32.2677        912     0.6325     2.5521     2.3860 0.0000e+00
     22.000    11.8210   3.704484    32.2776        940     0.6524     2.5562     2.3885 0.0000e+00
     23.000    11.7117   3.698279    32.3120        970     0.6727     2.5494     2.3852 0.0000e+00
     24.000    11.5929   3.692231    32.3562        997     0.6917     2.5311     2.3728 0.0000e+00
     25.000    11.5194   3.688142    32.3801       1023     0.7094     2.4957     2.3452 0.0000e+00
     26.000    11.3279   3.675948    32.4282       1047     0.7266     2.4513     2.3042 0.0000e+00
     27.000    11.1765   3.664512    32.4486       1073     0.7446     2.4093     2.2642 0.0000e+00
     28.000    11.1509   3.662474    32.4506       1101     0.7636     2.3608     2.2214 0.0000e+00
     29.000    11.0846   3.659329    32.4777       1129     0.7835     2.3158     2.1750 0.0000e+00
     30.000    11.0730   3.658526    32.4796       1158     0.8036     2.2839     2.1406 0.0000e+00
     31.000    11.0391   3.656628    32.4904       1186     0.8229     2.2656     2.1209 0.0000e+00
     32.000    10.8854   3.646843    32.5293       1211     0.8405     2.2527     2.1092 0.0000e+00
     33.000    10.8108   3.642085    32.5479       1236     0.8578     2.2419     2.0995 0.0000e+00
     34.000    10.8362   3.646167    32.5654       1262     0.8758     2.2317     2.0891 0.0000e+00
     35.000    10.8585   3.649745    32.5807       1290     0.8948     2.2207     2.0800 0.0000e+00
     36.000    10.7980   3.646802    32.6049       1318     0.9144     2.2177     2.0754 0.0000e+00
     37.000    10.7660   3.644389    32.6089       1346     0.9342     2.2189     2.0730 0.0000e+00
     38.000    10.7489   3.642960    32.6095       1374     0.9536     2.2153     2.0704 0.0000e+00
     39.000    10.7235   3.640523    32.6075       1401     0.9721     2.2095     2.0644 0.0000e+00
     40.000    10.7164   3.639901    32.6072       1427     0.9906     2.2020     2.0580 0.0000e+00
     41.000    10.7129   3.639689    32.6077       1454     1.0090     2.1984     2.0526 0.0000e+00
     42.000    10.7026   3.639050    32.6101       1480     1.0271     2.1942     2.0481 0.0000e+00
     43.000    10.6977   3.638651    32.6102       1506     1.0453     2.1882     2.0447 0.0000e+00
     44.000    10.6975   3.638595    32.6093       1534     1.0644     2.1840     2.0427 0.0000e+00
     45.000    10.6958   3.638487    32.6093       1563     1.0846     2.1812     2.0384 0.0000e+00
     46.000    10.6981   3.638646    32.6083       1591     1.1042     2.1797     2.0365 0.0000e+00
     47.000    10.6978   3.638622    32.6081       1617     1.1225     2.1802     2.0356 0.0000e+00
     48.000    10.6872   3.637835    32.6092       1643     1.1404     2.1790     2.0334 0.0000e+00
     49.000    10.6866   3.637831    32.6092       1670     1.1589     2.1763     2.0334 0.0000e+00
     50.000    10.6846   3.637696    32.6093       1697     1.1780     2.1739     2.0317 0.0000e+00
     51.000    10.6852   3.637795    32.6093       1725     1.1975     2.1732     2.0284 0.0000e+00
     52.000    10.6835   3.637695    32.6094       1752     1.2160     2.1743     2.0280 0.0000e+00
     53.000    10.6519   3.635318    32.6134       1778     1.2341     2.1758     2.0289 0.0000e+00
     54.000    10.6118   3.631969    32.6154       1805     1.2531     2.1762     2.0283 0.0000e+00
     55.000    10.5696   3.628686    32.6199       1833     1.2723     2.1697     2.0261 0.0000e+00
     56.000    10.5521   3.626911    32.6173       2168     1.5050     2.1440     2.0005 0.0000e+00
     55.000    10.5496   3.626369    32.6146       2652     1.8409     2.1329     1.9928 0.0000e+00
     54.000    10.5557   3.626799    32.6139       2670     1.8535     2.1323     1.9933 0.0000e+00
     53.000    10.5600   3.627094    32.6135       2698     1.8727     2.1337     1.9939 0.0000e+00
     52.000    10.5964   3.629481    32.6052       2724     1.8913     2.1350     1.9957 0.0000e+00
     51.000    10.6355   3.632717    32.6030       2749     1.9085     2.1390     1.9968 0.0000e+00
     50.000    10.6651   3.634993    32.5997       2774     1.9257     2.1451     1.9990 0.0000e+00
     49.000    10.6764   3.636243    32.6026       2799     1.9433     2.1510     2.0035 0.0000e+00
     48.000    10.6808   3.636445    32.6010       2824     1.9608     2.1550     2.0080 0.0000e+00
     47.000    10.6891   3.637272    32.6023       2850     1.9784     2.1601     2.0133 0.0000e+00
     46.000    10.6955   3.637689    32.6012       2877     1.9975     2.1659     2.0170 0.0000e+00
     45.000    10.7020   3.638174    32.6007       2905     2.0167     2.1713     2.0212 0.0000e+00
     44.000    10.7017   3.638159    32.6012       2930     2.0343     2.1739     2.0243 0.0000e+00
     43.000    10.7047   3.638301    32.6004       2955     2.0514     2.1745     2.0256 0.0000e+00
     42.000    10.7054   3.638370    32.6009       2981     2.0694     2.1750     2.0252 0.0000e+00
     41.000    10.7097   3.638553    32.5993       3007     2.0876     2.1769     2.0272 0.0000e+00
     40.000    10.7235   3.639619    32.5980       3033     2.1054     2.1781     2.0301 0.0000e+00
     39.000    10.7380   3.640718    32.5965       3058     2.1233     2.1813     2.0317 0.0000e+00
     38.000    10.7503   3.641779    32.5965       3085     2.1415     2.1842     2.0343 0.0000e+00
     37.000    10.7534   3.642017    32.5965       3111     2.1596     2.1859     2.0362 0.0000e+00
     36.000    10.7611   3.642555    32.5955       3137     2.1776     2.1877     2.0363 0.0000e+00
     35.000    10.7658   3.642975    32.5959       3163     2.1958     2.1892     2.0371 0.0000e+00
     34.000    10.7799   3.643788    32.5918       3189     2.2139     2.1896     2.0391 0.0000e+00
     33.000    10.8211   3.646301    32.5806       3215     2.2320     2.1929     2.0410 0.0000e+00
     32.000    10.8286   3.646691    32.5782       3241     2.2499     2.1970     2.0437 0.0000e+00
     31.000    10.8311   3.645392    32.5635       3266     2.2675     2.2025     2.0481 0.0000e+00
     30.000    10.8264   3.643479    32.5492       3293     2.2858     2.2066     2.0547 0.0000e+00
     29.000    10.8662   3.644504    32.5244       3319     2.3039     2.2067     2.0599 0.0000e+00
     28.000    10.9757   3.650649    32.4886       3344     2.3216     2.2090     2.0611 0.0000e+00
     27.000    11.0368   3.654156    32.4697       3370     2.3396     2.2173     2.0611 0.0000e+00
     26.000    11.1230   3.659132    32.4432       3398     2.3588     2.2290     2.0637 0.0000e+00
     25.000    11.1548   3.661101    32.4349       3425     2.3774     2.2356     2.0704 0.0000e+00
     24.000    11.1783   3.662356    32.4270       3450     2.3950     2.2412     2.0794 0.0000e+00
     23.000    11.2994   3.670166    32.3977       3474     2.4120     2.2499     2.0879 0.0000e+00
     22.000    11.3630   3.674628    32.3861       3499     2.4295     2.2669     2.0968 0.0000e+00
     21.000    11.4221   3.677987    32.3676       3526     2.4477     2.2932     2.1076 0.0000e+00
     20.000    11.5893   3.687308    32.3130       3552     2.4658     2.3197     2.1237 0.0000e+00
     19.000    11.6559   3.691375    32.2950       3578     2.4842     2.3515     2.1447 0.0000e+00
     18.000    11.7542   3.697460    32.2690       3606     2.5034     2.3974     2.1726 0.0000e+00
     17.000    11.8345   3.702423    32.2480       3633     2.5222     2.4416     2.2090 0.0000e+00
     16.000    11.8944   3.706122    32.2323       3658     2.5395     2.4761     2.2447 0.0000e+00
     15.000    11.9124   3.707075    32.2264       3682     2.5560     2.5009     2.2791 0.0000e+00
     14.000    11.9285   3.707995    32.2217       3706     2.5730     2.5195     2.3096 0.0000e+00
     13.000    11.9337   3.707624    32.2140       3732     2.5913     2.5308     2.3332 0.0000e+00
     12.000    11.9770   3.709315    32.1934       3760     2.6103     2.5325     2.3440 0.0000e+00
     11.000    12.0568   3.714320    32.1733       3787     2.6294     2.5328     2.3497 0.0000e+00
     10.000    12.1066   3.717824    32.1645       3814     2.6478     2.5404     2.3576 0.0000e+00
      9.000    12.1717   3.721601    32.1453       3839     2.6655     2.5645     2.3698 0.0000e+00
      8.000    12.1861   3.722494    32.1419       3865     2.6833     2.5960     2.3841 0.0000e+00
      7.000    12.2025   3.723628    32.1391       3890     2.7006     2.6201     2.4020 0.0000e+00
      6.000    12.2202   3.724480    32.1324       3915     2.7177     2.6346     2.4229 0.0000e+00
      5.000    12.2295   3.725040    32.1303       3941     2.7359     2.6470     2.4431 0.0000e+00
      4.000    12.2267   3.724988    32.1326       3970     2.7565     2.6573     2.4631 0.0000e+00
      3.000    12.2261   3.724633    32.1300       3997     2.7747     2.6678     2.4717 0.0000e+00
      2.000    12.2405   3.725938    32.1306       4184     2.9048     2.6838     2.5014 0.0000e+00
      1.000    12.2322   3.725333    32.1324       4288     2.9769     2.6824     2.5021 0.0000e+00
