HB2407/CTD203.cnv
* Sea-Bird SBE 9 Data File:
* FileName = C:\cruise\data\CTD203.hex
* Software Version Seasave V 7.26.7.121
* Temperature SN = 4591
* Conductivity SN = 6006
* Number of Bytes Per Scan = 37
* Number of Voltage Words = 4
* Number of Scans Averaged by the Deck Unit = 1
* NMEA Latitude = 43 54.88 N
* NMEA Longitude = 067 05.44 W
* NMEA UTC (Time) = Nov 04 2024 01:20:30
* NMEA baud rate = 4800
** Ship: Bigelow HB2407
** Program:  Fall Bottom Trawl Survey
** Chief Scientist: John Galbraith
# nquan = 9
# nvalues = 303                         
# units = specified
# name 0 = depSM: Depth [salt water, m]
# name 1 = t090C: Temperature [ITS-90, deg C]
# name 2 = c0S/m: Conductivity [S/m]
# name 3 = sal00: Salinity, Practical [PSU]
# name 4 = scan: Scan Count
# name 5 = timeM: Time, Elapsed [minutes]
# name 6 = sbeox0V: Oxygen raw, SBE 43 [V]
# name 7 = sbeox1V: Oxygen raw, SBE 43, 2 [V]
# name 8 = flag: flag
# span 0 =      1.000,    153.000       
# span 1 =     8.6313,    10.7387       
# span 2 =   3.565088,   3.633854       
# span 3 =    32.5303,    33.8510       
# span 4 =        188,      10201       
# span 5 =     0.1299,     7.0834       
# span 6 =     1.9223,     2.5133       
# span 7 =     1.7986,     2.3434       
# span 8 = 0.0000e+00, 0.0000e+00       
# interval = meters: 1                  
# start_time = Nov 04 2024 01:20:30 [NMEA time, header]
# bad_flag = -9.990e-29
*END*
      3.000    10.7231   3.631177    32.5303        188     0.1299     2.5024     2.3417 0.0000e+00
      4.000    10.7242   3.631344    32.5305        292     0.2022     2.5007     2.3395 0.0000e+00
      5.000    10.7324   3.632102    32.5304        340     0.2353     2.5037     2.3396 0.0000e+00
      6.000    10.7361   3.632569    32.5313        380     0.2632     2.5053     2.3381 0.0000e+00
      7.000    10.7368   3.632589    32.5304        417     0.2886     2.5047     2.3362 0.0000e+00
      8.000    10.7387   3.632888    32.5313        460     0.3188     2.5043     2.3351 0.0000e+00
      9.000    10.7358   3.633473    32.5392        501     0.3471     2.5033     2.3345 0.0000e+00
     10.000    10.7349   3.633702    32.5419        538     0.3732     2.5002     2.3355 0.0000e+00
     11.000    10.7319   3.633386    32.5410        614     0.4258     2.5006     2.3344 0.0000e+00
     12.000    10.6961   3.633854    32.5772        785     0.5446     2.4944     2.3334 0.0000e+00
     13.000    10.6561   3.632786    32.6018        802     0.5564     2.4899     2.3305 0.0000e+00
     14.000    10.6485   3.632418    32.6044        834     0.5784     2.4842     2.3210 0.0000e+00
     15.000    10.6433   3.632053    32.6050        868     0.6018     2.4826     2.3158 0.0000e+00
     16.000    10.6253   3.630900    32.6091        898     0.6229     2.4840     2.3155 0.0000e+00
     17.000    10.5985   3.629418    32.6178        923     0.6400     2.4835     2.3162 0.0000e+00
     18.000    10.5587   3.627475    32.6336        948     0.6576     2.4832     2.3172 0.0000e+00
     19.000    10.5476   3.626853    32.6369        980     0.6801     2.4772     2.3148 0.0000e+00
     20.000    10.5334   3.626067    32.6413       1011     0.7017     2.4729     2.3110 0.0000e+00
     21.000    10.5238   3.625630    32.6451       1038     0.7201     2.4734     2.3103 0.0000e+00
     22.000    10.5159   3.625302    32.6484       1065     0.7391     2.4706     2.3111 0.0000e+00
     23.000    10.5081   3.625021    32.6522       1095     0.7597     2.4691     2.3100 0.0000e+00
     24.000    10.4942   3.624417    32.6581       1123     0.7792     2.4695     2.3059 0.0000e+00
     25.000    10.4928   3.624551    32.6603       1148     0.7967     2.4669     2.3049 0.0000e+00
     26.000    10.4888   3.624439    32.6624       1176     0.8160     2.4632     2.3029 0.0000e+00
     27.000    10.4841   3.624224    32.6640       1207     0.8377     2.4624     2.2986 0.0000e+00
     28.000    10.4799   3.624085    32.6659       1235     0.8570     2.4602     2.2960 0.0000e+00
     29.000    10.4753   3.623926    32.6680       1259     0.8738     2.4577     2.2958 0.0000e+00
     30.000    10.4716   3.623833    32.6700       1285     0.8917     2.4574     2.2948 0.0000e+00
     31.000    10.4681   3.623794    32.6723       1315     0.9127     2.4565     2.2929 0.0000e+00
     32.000    10.4653   3.623778    32.6742       1347     0.9344     2.4565     2.2936 0.0000e+00
     33.000    10.4637   3.623809    32.6755       1372     0.9523     2.4548     2.2934 0.0000e+00
     34.000    10.4617   3.623743    32.6762       1397     0.9696     2.4536     2.2924 0.0000e+00
     35.000    10.4593   3.623772    32.6782       1428     0.9912     2.4526     2.2932 0.0000e+00
     36.000    10.4584   3.623787    32.6787       1459     1.0126     2.4522     2.2933 0.0000e+00
     37.000    10.4577   3.623814    32.6792       1483     1.0290     2.4522     2.2915 0.0000e+00
     38.000    10.4568   3.623840    32.6798       1506     1.0452     2.4529     2.2904 0.0000e+00
     39.000    10.4544   3.623839    32.6815       1537     1.0663     2.4526     2.2894 0.0000e+00
     40.000    10.4526   3.623897    32.6833       1568     1.0883     2.4502     2.2905 0.0000e+00
     41.000    10.4527   3.624114    32.6850       1592     1.1051     2.4503     2.2910 0.0000e+00
     42.000    10.4523   3.624279    32.6866       1617     1.1223     2.4520     2.2879 0.0000e+00
     43.000    10.4506   3.624290    32.6877       1648     1.1437     2.4522     2.2882 0.0000e+00
     44.000    10.4503   3.624327    32.6879       1678     1.1643     2.4524     2.2899 0.0000e+00
     45.000    10.4486   3.624193    32.6877       1703     1.1817     2.4519     2.2885 0.0000e+00
     46.000    10.4466   3.624093    32.6880       1728     1.1994     2.4514     2.2882 0.0000e+00
     47.000    10.4459   3.624061    32.6879       1757     1.2195     2.4516     2.2884 0.0000e+00
     48.000    10.4450   3.624034    32.6880       1787     1.2401     2.4518     2.2879 0.0000e+00
     49.000    10.4449   3.624049    32.6878       1812     1.2576     2.4520     2.2865 0.0000e+00
     50.000    10.4443   3.624046    32.6879       1837     1.2747     2.4521     2.2882 0.0000e+00
     51.000    10.4443   3.624133    32.6883       1866     1.2949     2.4495     2.2899 0.0000e+00
     52.000    10.4438   3.624180    32.6888       1897     1.3169     2.4497     2.2886 0.0000e+00
     53.000    10.4444   3.624278    32.6888       1923     1.3347     2.4518     2.2901 0.0000e+00
     54.000    10.4430   3.624250    32.6893       1948     1.3518     2.4511     2.2909 0.0000e+00
     55.000    10.4432   3.624403    32.6903       1977     1.3720     2.4523     2.2894 0.0000e+00
     56.000    10.4207   3.623768    32.7037       2007     1.3928     2.4520     2.2856 0.0000e+00
     57.000    10.3768   3.622950    32.7345       2032     1.4106     2.4489     2.2854 0.0000e+00
     58.000    10.3385   3.621851    32.7575       2059     1.4288     2.4379     2.2821 0.0000e+00
     59.000    10.2918   3.620807    32.7887       2087     1.4486     2.4114     2.2639 0.0000e+00
     60.000    10.2402   3.618825    32.8150       2114     1.4672     2.3816     2.2389 0.0000e+00
     61.000    10.2192   3.617686    32.8221       2140     1.4857     2.3515     2.2089 0.0000e+00
     62.000    10.1804   3.615452    32.8342       2168     1.5050     2.3240     2.1812 0.0000e+00
     63.000    10.0997   3.611212    32.8640       2196     1.5242     2.3044     2.1593 0.0000e+00
     64.000    10.0472   3.609305    32.8920       2223     1.5429     2.2894     2.1411 0.0000e+00
     65.000    10.0281   3.608629    32.9021       2250     1.5616     2.2729     2.1267 0.0000e+00
     66.000    10.0150   3.608100    32.9082       2278     1.5809     2.2586     2.1145 0.0000e+00
     67.000    10.0061   3.607675    32.9116       2305     1.6002     2.2468     2.1056 0.0000e+00
     68.000     9.9938   3.607097    32.9164       2332     1.6184     2.2384     2.0981 0.0000e+00
     69.000     9.9660   3.605828    32.9284       2357     1.6360     2.2327     2.0913 0.0000e+00
     70.000     9.9333   3.604264    32.9420       2384     1.6548     2.2280     2.0858 0.0000e+00
     71.000     9.9273   3.603972    32.9440       2413     1.6751     2.2216     2.0811 0.0000e+00
     72.000     9.8966   3.602677    32.9584       2441     1.6942     2.2160     2.0758 0.0000e+00
     73.000     9.8376   3.599579    32.9803       2466     1.7121     2.2132     2.0711 0.0000e+00
     74.000     9.7745   3.596410    33.0054       2492     1.7302     2.2092     2.0652 0.0000e+00
     75.000     9.7199   3.593734    33.0277       2519     1.7486     2.1993     2.0583 0.0000e+00
     76.000     9.6769   3.591970    33.0487       2547     1.7683     2.1901     2.0510 0.0000e+00
     77.000     9.6593   3.590679    33.0512       2576     1.7885     2.1812     2.0422 0.0000e+00
     78.000     9.6049   3.586551    33.0585       2603     1.8068     2.1738     2.0331 0.0000e+00
     79.000     9.5462   3.582471    33.0702       2628     1.8246     2.1685     2.0278 0.0000e+00
     80.000     9.5039   3.579440    33.0776       2656     1.8440     2.1620     2.0227 0.0000e+00
     81.000     9.4507   3.575103    33.0818       2684     1.8634     2.1547     2.0173 0.0000e+00
     82.000     9.4217   3.573391    33.0905       2710     1.8815     2.1487     2.0115 0.0000e+00
     83.000     9.4405   3.576694    33.1066       2737     1.9000     2.1436     2.0063 0.0000e+00
     84.000     9.4060   3.576663    33.1377       2765     1.9192     2.1410     2.0033 0.0000e+00
     85.000     9.3531   3.576210    33.1816       2793     1.9387     2.1365     1.9986 0.0000e+00
     86.000     9.3198   3.575290    33.2027       2820     1.9578     2.1317     1.9911 0.0000e+00
     87.000     9.3284   3.576861    33.2104       2847     1.9764     2.1254     1.9855 0.0000e+00
     88.000     9.2821   3.572464    33.2075       2875     1.9960     2.1201     1.9805 0.0000e+00
     89.000     9.2074   3.566664    33.2165       2903     2.0153     2.1123     1.9736 0.0000e+00
     90.000     9.1940   3.567506    33.2373       2929     2.0333     2.1056     1.9683 0.0000e+00
     91.000     9.1818   3.567818    33.2515       2955     2.0515     2.1019     1.9642 0.0000e+00
     92.000     9.1689   3.567498    33.2597       2983     2.0705     2.0987     1.9621 0.0000e+00
     93.000     9.1301   3.566087    33.2808       3009     2.0888     2.0949     1.9606 0.0000e+00
     94.000     9.0957   3.566590    33.3177       3035     2.1070     2.0918     1.9572 0.0000e+00
     95.000     9.0624   3.565938    33.3417       3063     2.1264     2.0880     1.9516 0.0000e+00
     96.000     9.0785   3.569855    33.3668       3093     2.1470     2.0819     1.9452 0.0000e+00
     97.000     9.0574   3.570455    33.3923       3121     2.1668     2.0763     1.9400 0.0000e+00
     98.000     9.0356   3.569292    33.4003       3146     2.1841     2.0701     1.9347 0.0000e+00
     99.000     9.0123   3.567615    33.4042       3170     2.2009     2.0645     1.9291 0.0000e+00
    100.000     8.9964   3.568127    33.4240       3198     2.2201     2.0600     1.9234 0.0000e+00
    101.000     8.9889   3.569328    33.4431       3227     2.2402     2.0544     1.9172 0.0000e+00
    102.000     8.9868   3.570354    33.4552       3252     2.2574     2.0493     1.9129 0.0000e+00
    103.000     8.9943   3.572372    33.4688       3275     2.2738     2.0461     1.9094 0.0000e+00
    104.000     8.9978   3.573006    33.4717       3303     2.2930     2.0423     1.9057 0.0000e+00
    105.000     9.0022   3.573665    33.4739       3334     2.3145     2.0356     1.9015 0.0000e+00
    106.000     9.0046   3.573988    33.4746       3361     2.3334     2.0318     1.8981 0.0000e+00
    107.000     9.0152   3.575904    33.4841       3386     2.3504     2.0311     1.8959 0.0000e+00
    108.000     9.0164   3.577920    33.5035       3412     2.3690     2.0305     1.8946 0.0000e+00
    109.000     9.0159   3.578230    33.5067       3441     2.3890     2.0295     1.8934 0.0000e+00
    110.000     9.0157   3.579110    33.5157       3467     2.4070     2.0255     1.8915 0.0000e+00
    111.000     9.0116   3.580119    33.5295       3491     2.4236     2.0228     1.8899 0.0000e+00
    112.000     9.0026   3.581117    33.5479       3516     2.4413     2.0198     1.8875 0.0000e+00
    113.000     8.9973   3.581570    33.5572       3545     2.4615     2.0152     1.8841 0.0000e+00
    114.000     8.9949   3.581651    33.5599       3574     2.4810     2.0103     1.8812 0.0000e+00
    115.000     8.9931   3.581668    33.5613       3599     2.4989     2.0071     1.8788 0.0000e+00
    116.000     8.9904   3.581668    33.5633       3625     2.5169     2.0050     1.8756 0.0000e+00
    117.000     8.9827   3.581662    33.5701       3652     2.5355     2.0042     1.8749 0.0000e+00
    118.000     8.9753   3.581475    33.5747       3678     2.5535     2.0030     1.8738 0.0000e+00
    119.000     8.9653   3.581096    33.5797       3703     2.5707     2.0025     1.8729 0.0000e+00
    120.000     8.9557   3.580798    33.5852       3730     2.5892     1.9999     1.8709 0.0000e+00
    121.000     8.9410   3.580262    33.5930       3758     2.6088     1.9994     1.8682 0.0000e+00
    122.000     8.9135   3.579270    33.6082       3784     2.6273     1.9991     1.8660 0.0000e+00
    123.000     8.8948   3.578316    33.6155       3809     2.6443     1.9958     1.8649 0.0000e+00
    124.000     8.8911   3.578075    33.6160       3834     2.6615     1.9918     1.8627 0.0000e+00
    125.000     8.8862   3.577904    33.6183       3862     2.6815     1.9882     1.8598 0.0000e+00
    126.000     8.8611   3.578023    33.6429       3892     2.7021     1.9839     1.8566 0.0000e+00
    127.000     8.8433   3.577958    33.6587       3917     2.7197     1.9824     1.8535 0.0000e+00
    128.000     8.8177   3.578118    33.6842       3942     2.7366     1.9805     1.8518 0.0000e+00
    129.000     8.7856   3.578668    33.7200       3969     2.7558     1.9765     1.8490 0.0000e+00
    130.000     8.7576   3.578774    33.7472       3997     2.7752     1.9721     1.8458 0.0000e+00
    131.000     8.7461   3.578768    33.7576       4021     2.7918     1.9680     1.8415 0.0000e+00
    132.000     8.7401   3.578770    33.7629       4045     2.8084     1.9635     1.8371 0.0000e+00
    133.000     8.7315   3.578859    33.7716       4074     2.8286     1.9587     1.8323 0.0000e+00
    134.000     8.7215   3.578859    33.7807       4104     2.8495     1.9573     1.8289 0.0000e+00
    135.000     8.7161   3.578863    33.7854       4131     2.8677     1.9557     1.8274 0.0000e+00
    136.000     8.7043   3.578841    33.7959       4156     2.8853     1.9528     1.8257 0.0000e+00
    137.000     8.6900   3.578707    33.8077       4182     2.9036     1.9499     1.8229 0.0000e+00
    138.000     8.6767   3.578552    33.8184       4209     2.9224     1.9474     1.8193 0.0000e+00
    139.000     8.6683   3.578488    33.8252       4236     2.9409     1.9439     1.8169 0.0000e+00
    140.000     8.6621   3.578437    33.8301       4262     2.9589     1.9411     1.8144 0.0000e+00
    141.000     8.6563   3.578459    33.8355       4289     2.9778     1.9392     1.8116 0.0000e+00
    142.000     8.6546   3.578475    33.8368       4317     2.9975     1.9367     1.8090 0.0000e+00
    143.000     8.6531   3.578513    33.8382       4344     3.0163     1.9347     1.8066 0.0000e+00
    144.000     8.6529   3.578543    33.8382       4371     3.0348     1.9332     1.8058 0.0000e+00
    145.000     8.6495   3.578490    33.8404       4398     3.0535     1.9337     1.8057 0.0000e+00
    146.000     8.6381   3.578237    33.8482       4424     3.0719     1.9339     1.8044 0.0000e+00
    147.000     8.6341   3.578152    33.8506       4450     3.0897     1.9321     1.8032 0.0000e+00
    148.000     8.6341   3.578168    33.8504       4478     3.1088     1.9293     1.8018 0.0000e+00
    149.000     8.6332   3.578181    33.8509       4506     3.1282     1.9270     1.8002 0.0000e+00
    150.000     8.6351   3.578258    33.8494       4533     3.1473     1.9258     1.7995 0.0000e+00
    151.000     8.6333   3.578256    33.8506       4560     3.1662     1.9264     1.8001 0.0000e+00
    152.000     8.6341   3.578312    33.8500       4587     3.1846     1.9255     1.7986 0.0000e+00
    153.000     8.6345   3.578331    33.8493       4894     3.3982     1.9258     1.7987 0.0000e+00
    152.000     8.6317   3.578172    33.8507       5328     3.6992     1.9228     1.7997 0.0000e+00
    151.000     8.6313   3.578107    33.8510       5353     3.7164     1.9223     1.7996 0.0000e+00
    150.000     8.6318   3.578067    33.8505       5379     3.7345     1.9228     1.7991 0.0000e+00
    149.000     8.6328   3.578028    33.8497       5406     3.7535     1.9235     1.7995 0.0000e+00
    148.000     8.6325   3.577977    33.8499       5434     3.7728     1.9248     1.8003 0.0000e+00
    147.000     8.6314   3.577886    33.8505       5461     3.7914     1.9243     1.7999 0.0000e+00
    146.000     8.6313   3.577814    33.8502       5485     3.8085     1.9240     1.8000 0.0000e+00
    145.000     8.6341   3.577831    33.8482       5509     3.8253     1.9254     1.7997 0.0000e+00
    144.000     8.6425   3.577960    33.8420       5536     3.8441     1.9267     1.7991 0.0000e+00
