HB2407/CTD202.cnv
* Sea-Bird SBE 9 Data File:
* FileName = C:\cruise\data\CTD202.hex
* Software Version Seasave V 7.26.7.121
* Temperature SN = 4591
* Conductivity SN = 6006
* Number of Bytes Per Scan = 37
* Number of Voltage Words = 4
* Number of Scans Averaged by the Deck Unit = 1
* NMEA Latitude = 43 34.77 N
* NMEA Longitude = 067 07.07 W
* NMEA UTC (Time) = Nov 03 2024 19:20:07
* NMEA baud rate = 4800
** Ship: Bigelow HB2407
** Program:  Fall Bottom Trawl Survey
** Chief Scientist: John Galbraith
# nquan = 9
# nvalues = 418                         
# units = specified
# name 0 = depSM: Depth [salt water, m]
# name 1 = t090C: Temperature [ITS-90, deg C]
# name 2 = c0S/m: Conductivity [S/m]
# name 3 = sal00: Salinity, Practical [PSU]
# name 4 = scan: Scan Count
# name 5 = timeM: Time, Elapsed [minutes]
# name 6 = sbeox0V: Oxygen raw, SBE 43 [V]
# name 7 = sbeox1V: Oxygen raw, SBE 43, 2 [V]
# name 8 = flag: flag
# span 0 =      2.000,    211.000       
# span 1 =     8.0110,    11.4245       
# span 2 =   3.450826,   3.673612       
# span 3 =    32.3278,    34.2286       
# span 4 =         35,      13654       
# span 5 =     0.0235,     9.4813       
# span 6 =     1.8094,     2.5358       
# span 7 =     1.6924,     2.3695       
# span 8 = 0.0000e+00, 0.0000e+00       
# interval = meters: 1                  
# start_time = Nov 03 2024 19:20:07 [NMEA time, header]
# bad_flag = -9.990e-29
*END*
      3.000    11.3842   3.670082    32.3310         35     0.0235     2.5294     2.3695 0.0000e+00
      4.000    11.3844   3.670166    32.3312        232     0.1604     2.5306     2.3683 0.0000e+00
      5.000    11.3855   3.670290    32.3310        308     0.2130     2.5304     2.3685 0.0000e+00
      6.000    11.3855   3.670354    32.3312        355     0.2456     2.5348     2.3667 0.0000e+00
      7.000    11.3854   3.670409    32.3314        383     0.2652     2.5358     2.3638 0.0000e+00
      8.000    11.3857   3.670454    32.3312        412     0.2854     2.5352     2.3621 0.0000e+00
      9.000    11.3855   3.670482    32.3312        446     0.3092     2.5351     2.3638 0.0000e+00
     10.000    11.3855   3.670540    32.3314        485     0.3361     2.5322     2.3654 0.0000e+00
     11.000    11.3857   3.670659    32.3320        622     0.4312     2.5292     2.3684 0.0000e+00
     12.000    11.3846   3.670739    32.3333        678     0.4702     2.5256     2.3672 0.0000e+00
     13.000    11.3851   3.670846    32.3335        715     0.4962     2.5264     2.3639 0.0000e+00
     14.000    11.3877   3.671118    32.3335        746     0.5175     2.5283     2.3614 0.0000e+00
     15.000    11.3878   3.671174    32.3334        773     0.5358     2.5256     2.3601 0.0000e+00
     16.000    11.3875   3.671211    32.3337        800     0.5546     2.5229     2.3609 0.0000e+00
     17.000    11.3870   3.671216    32.3338        830     0.5754     2.5205     2.3602 0.0000e+00
     18.000    11.3867   3.671226    32.3337        861     0.5975     2.5182     2.3590 0.0000e+00
     19.000    11.3854   3.671173    32.3338        889     0.6169     2.5208     2.3562 0.0000e+00
     20.000    11.3840   3.671113    32.3341        915     0.6346     2.5222     2.3523 0.0000e+00
     21.000    11.3833   3.671111    32.3343        941     0.6529     2.5207     2.3533 0.0000e+00
     22.000    11.3839   3.671195    32.3342        972     0.6740     2.5210     2.3552 0.0000e+00
     23.000    11.3821   3.671107    32.3344       1004     0.6966     2.5216     2.3554 0.0000e+00
     24.000    11.3830   3.671193    32.3341       1030     0.7147     2.5206     2.3535 0.0000e+00
     25.000    11.3816   3.671146    32.3344       1052     0.7302     2.5210     2.3501 0.0000e+00
     26.000    11.3793   3.671025    32.3348       1077     0.7474     2.5169     2.3493 0.0000e+00
     27.000    11.3755   3.670801    32.3355       1108     0.7684     2.5142     2.3506 0.0000e+00
     28.000    11.3743   3.670741    32.3356       1140     0.7908     2.5133     2.3534 0.0000e+00
     29.000    11.3759   3.670926    32.3356       1168     0.8102     2.5127     2.3538 0.0000e+00
     30.000    11.3800   3.671263    32.3349       1194     0.8285     2.5130     2.3531 0.0000e+00
     31.000    11.3745   3.670910    32.3358       1222     0.8479     2.5153     2.3516 0.0000e+00
     32.000    11.3732   3.670840    32.3359       1250     0.8676     2.5163     2.3534 0.0000e+00
     33.000    11.3702   3.670661    32.3362       1279     0.8874     2.5155     2.3538 0.0000e+00
     34.000    11.3702   3.670705    32.3362       1306     0.9064     2.5166     2.3514 0.0000e+00
     35.000    11.3712   3.670822    32.3362       1332     0.9244     2.5156     2.3498 0.0000e+00
     36.000    11.3713   3.670866    32.3361       1359     0.9431     2.5134     2.3507 0.0000e+00
     37.000    11.3663   3.670545    32.3369       1390     0.9649     2.5144     2.3516 0.0000e+00
     38.000    11.3662   3.670562    32.3367       1419     0.9848     2.5162     2.3494 0.0000e+00
     39.000    11.3672   3.670687    32.3366       1444     1.0020     2.5174     2.3480 0.0000e+00
     40.000    11.3682   3.670808    32.3365       1470     1.0200     2.5160     2.3470 0.0000e+00
     41.000    11.3631   3.670454    32.3371       1503     1.0433     2.5158     2.3448 0.0000e+00
     42.000    11.3633   3.670516    32.3371       1536     1.0658     2.5152     2.3423 0.0000e+00
     43.000    11.3619   3.670456    32.3374       1558     1.0815     2.5154     2.3435 0.0000e+00
     44.000    11.3556   3.670013    32.3381       1582     1.0979     2.5131     2.3443 0.0000e+00
     45.000    11.3531   3.669862    32.3384       1611     1.1180     2.5110     2.3442 0.0000e+00
     46.000    11.3514   3.669802    32.3388       1641     1.1390     2.5112     2.3437 0.0000e+00
     47.000    11.3487   3.669653    32.3393       1667     1.1566     2.5081     2.3431 0.0000e+00
     48.000    11.3469   3.669543    32.3394       1691     1.1734     2.5072     2.3432 0.0000e+00
     49.000    11.3442   3.669462    32.3405       1721     1.1946     2.5078     2.3429 0.0000e+00
     50.000    11.3430   3.669455    32.3411       1760     1.2215     2.5054     2.3417 0.0000e+00
     51.000    11.3437   3.669547    32.3409       1786     1.2397     2.5042     2.3396 0.0000e+00
     52.000    11.3431   3.669574    32.3414       1806     1.2532     2.5052     2.3376 0.0000e+00
     53.000    11.3435   3.669639    32.3412       1824     1.2663     2.5050     2.3359 0.0000e+00
     54.000    11.3420   3.669598    32.3417       1853     1.2862     2.5009     2.3367 0.0000e+00
     55.000    11.3412   3.669617    32.3422       1903     1.3207     2.5003     2.3404 0.0000e+00
     56.000    11.3404   3.669671    32.3430       1926     1.3369     2.4992     2.3412 0.0000e+00
     57.000    11.3013   3.667810    32.3586       1943     1.3485     2.4977     2.3397 0.0000e+00
     58.000    11.2226   3.663385    32.3838       1961     1.3612     2.4957     2.3367 0.0000e+00
     59.000    11.1595   3.659086    32.3965       1997     1.3859     2.4800     2.3266 0.0000e+00
     60.000    11.1193   3.656297    32.4040       2042     1.4172     2.4446     2.2967 0.0000e+00
     61.000    11.0196   3.650555    32.4348       2063     1.4317     2.4342     2.2836 0.0000e+00
     62.000    10.9415   3.646786    32.4661       2081     1.4445     2.4267     2.2742 0.0000e+00
     63.000    10.9343   3.646787    32.4721       2102     1.4592     2.4161     2.2640 0.0000e+00
     64.000    10.9331   3.647097    32.4758       2137     1.4832     2.4080     2.2538 0.0000e+00
     65.000    10.9275   3.647050    32.4798       2175     1.5101     2.4099     2.2551 0.0000e+00
     66.000    10.8825   3.644925    32.4982       2200     1.5270     2.4126     2.2565 0.0000e+00
     67.000    10.8438   3.643000    32.5131       2222     1.5422     2.4132     2.2583 0.0000e+00
     68.000    10.8092   3.641173    32.5252       2246     1.5587     2.4127     2.2615 0.0000e+00
     69.000    10.7396   3.637450    32.5496       2276     1.5796     2.4162     2.2624 0.0000e+00
     70.000    10.6888   3.634186    32.5619       2312     1.6045     2.4128     2.2595 0.0000e+00
     71.000    10.6420   3.631418    32.5756       2341     1.6248     2.4068     2.2531 0.0000e+00
     72.000    10.6111   3.629419    32.5828       2364     1.6413     2.4000     2.2491 0.0000e+00
     73.000    10.4676   3.618708    32.6035       2389     1.6584     2.3927     2.2431 0.0000e+00
     74.000    10.3521   3.608879    32.6080       2420     1.6795     2.3780     2.2297 0.0000e+00
     75.000     9.9697   3.576094    32.6206       2452     1.7018     2.3569     2.2128 0.0000e+00
     76.000     9.6931   3.554052    32.6464       2478     1.7201     2.3308     2.1924 0.0000e+00
     77.000     9.5952   3.546467    32.6573       2502     1.7370     2.2999     2.1660 0.0000e+00
     78.000     9.5323   3.541264    32.6608       2529     1.7552     2.2671     2.1339 0.0000e+00
     79.000     9.5041   3.538265    32.6553       2559     1.7766     2.2380     2.1040 0.0000e+00
     80.000     9.4480   3.534445    32.6667       2590     1.7981     2.2206     2.0810 0.0000e+00
     81.000     9.2210   3.515784    32.6814       2617     1.8169     2.2088     2.0691 0.0000e+00
     82.000     8.9996   3.497430    32.6940       2643     1.8348     2.1936     2.0585 0.0000e+00
     83.000     8.9101   3.490659    32.7053       2671     1.8544     2.1762     2.0432 0.0000e+00
     84.000     8.8519   3.485941    32.7094       2702     1.8757     2.1603     2.0275 0.0000e+00
     85.000     8.8227   3.483366    32.7091       2732     1.8968     2.1495     2.0128 0.0000e+00
     86.000     8.7703   3.480321    32.7251       2761     1.9168     2.1392     2.0031 0.0000e+00
     87.000     8.7302   3.479580    32.7539       2787     1.9348     2.1329     1.9960 0.0000e+00
     88.000     8.6159   3.472459    32.7848       2811     1.9516     2.1286     1.9891 0.0000e+00
     89.000     8.5519   3.467808    32.7949       2838     1.9699     2.1219     1.9826 0.0000e+00
     90.000     8.5241   3.465814    32.7993       2871     1.9929     2.1138     1.9747 0.0000e+00
     91.000     8.4928   3.464749    32.8167       2902     2.0143     2.1063     1.9679 0.0000e+00
     92.000     8.4437   3.463417    32.8480       2928     2.0324     2.0997     1.9626 0.0000e+00
     93.000     8.3332   3.458812    32.9020       2953     2.0503     2.0936     1.9573 0.0000e+00
     94.000     8.2670   3.456027    32.9340       2982     2.0703     2.0862     1.9511 0.0000e+00
     95.000     8.2425   3.454691    32.9423       3015     2.0930     2.0751     1.9439 0.0000e+00
     96.000     8.2191   3.453401    32.9502       3046     2.1144     2.0651     1.9353 0.0000e+00
     97.000     8.1553   3.451184    32.9861       3071     2.1318     2.0605     1.9285 0.0000e+00
     98.000     8.1316   3.452657    33.0236       3094     2.1481     2.0559     1.9228 0.0000e+00
     99.000     8.1343   3.460212    33.1008       3123     2.1679     2.0490     1.9177 0.0000e+00
    100.000     8.1323   3.466389    33.1679       3159     2.1928     2.0415     1.9101 0.0000e+00
    101.000     8.1040   3.470821    33.2413       3187     2.2123     2.0341     1.9021 0.0000e+00
    102.000     8.1005   3.474501    33.2833       3209     2.2278     2.0278     1.8950 0.0000e+00
    103.000     8.0689   3.479782    33.3691       3235     2.2455     2.0196     1.8873 0.0000e+00
    104.000     8.0644   3.481993    33.3966       3272     2.2716     2.0049     1.8755 0.0000e+00
    105.000     8.0776   3.484315    33.4082       3304     2.2937     1.9932     1.8644 0.0000e+00
    106.000     8.0895   3.486025    33.4147       3327     2.3097     1.9881     1.8586 0.0000e+00
    107.000     8.0955   3.486941    33.4182       3352     2.3273     1.9838     1.8537 0.0000e+00
    108.000     8.1024   3.488033    33.4228       3386     2.3507     1.9800     1.8489 0.0000e+00
    109.000     8.1068   3.489114    33.4296       3420     2.3746     1.9774     1.8464 0.0000e+00
    110.000     8.1116   3.490932    33.4439       3446     2.3923     1.9764     1.8457 0.0000e+00
    111.000     8.1142   3.492686    33.4596       3467     2.4068     1.9749     1.8445 0.0000e+00
    112.000     8.1028   3.494401    33.4883       3488     2.4214     1.9736     1.8439 0.0000e+00
    113.000     8.1126   3.498304    33.5200       3519     2.4430     1.9718     1.8419 0.0000e+00
    114.000     8.0776   3.499551    33.5664       3564     2.4743     1.9650     1.8382 0.0000e+00
    115.000     8.0646   3.501573    33.5999       3591     2.4933     1.9618     1.8354 0.0000e+00
    116.000     8.0891   3.505223    33.6149       3613     2.5082     1.9592     1.8323 0.0000e+00
    117.000     8.1000   3.506886    33.6216       3637     2.5251     1.9567     1.8291 0.0000e+00
    118.000     8.1015   3.507843    33.6300       3670     2.5476     1.9538     1.8242 0.0000e+00
    119.000     8.0982   3.509059    33.6455       3702     2.5704     1.9502     1.8211 0.0000e+00
    120.000     8.1071   3.512049    33.6684       3729     2.5891     1.9479     1.8200 0.0000e+00
    121.000     8.1294   3.516041    33.6891       3756     2.6075     1.9458     1.8187 0.0000e+00
    122.000     8.1391   3.518672    33.7073       3787     2.6293     1.9431     1.8154 0.0000e+00
    123.000     8.1437   3.520627    33.7232       3818     2.6504     1.9414     1.8120 0.0000e+00
    124.000     8.1448   3.521231    33.7281       3842     2.6674     1.9399     1.8102 0.0000e+00
    125.000     8.1476   3.522024    33.7334       3870     2.6869     1.9368     1.8101 0.0000e+00
    126.000     8.1433   3.522426    33.7414       3906     2.7120     1.9340     1.8092 0.0000e+00
    127.000     8.1219   3.525474    33.7939       3936     2.7325     1.9338     1.8082 0.0000e+00
    128.000     8.1086   3.528119    33.8345       3959     2.7489     1.9329     1.8066 0.0000e+00
    129.000     8.0891   3.526485    33.8354       3986     2.7673     1.9290     1.8032 0.0000e+00
    130.000     8.0768   3.526043    33.8421       4021     2.7918     1.9209     1.7971 0.0000e+00
    131.000     8.0633   3.526323    33.8576       4054     2.8144     1.9139     1.7919 0.0000e+00
    132.000     8.0181   3.524986    33.8866       4078     2.8315     1.9102     1.7885 0.0000e+00
    133.000     8.0181   3.525902    33.8959       4105     2.8499     1.9053     1.7838 0.0000e+00
    134.000     8.0268   3.528459    33.9143       4138     2.8726     1.8965     1.7759 0.0000e+00
    135.000     8.0293   3.530386    33.9320       4167     2.8933     1.8876     1.7671 0.0000e+00
    136.000     8.0329   3.531706    33.9421       4193     2.9111     1.8819     1.7609 0.0000e+00
    137.000     8.0378   3.532645    33.9470       4221     2.9303     1.8761     1.7553 0.0000e+00
    138.000     8.0429   3.533567    33.9514       4252     2.9520     1.8706     1.7496 0.0000e+00
    139.000     8.0490   3.535026    33.9606       4282     2.9731     1.8668     1.7442 0.0000e+00
    140.000     8.0541   3.536256    33.9683       4312     2.9939     1.8658     1.7416 0.0000e+00
    141.000     8.0599   3.537260    33.9729       4342     3.0146     1.8640     1.7389 0.0000e+00
    142.000     8.0739   3.540009    33.9882       4369     3.0334     1.8631     1.7385 0.0000e+00
    143.000     8.0958   3.544384    34.0132       4395     3.0517     1.8618     1.7380 0.0000e+00
    144.000     8.1179   3.548661    34.0370       4426     3.0730     1.8602     1.7365 0.0000e+00
    145.000     8.1547   3.554111    34.0589       4457     3.0946     1.8566     1.7352 0.0000e+00
    146.000     8.1880   3.558504    34.0729       4482     3.1119     1.8554     1.7338 0.0000e+00
    147.000     8.2002   3.560317    34.0799       4506     3.1286     1.8558     1.7331 0.0000e+00
    148.000     8.2155   3.562414    34.0869       4535     3.1487     1.8601     1.7352 0.0000e+00
    149.000     8.2198   3.563342    34.0921       4570     3.1728     1.8651     1.7391 0.0000e+00
    150.000     8.2197   3.563591    34.0944       4602     3.1949     1.8676     1.7434 0.0000e+00
    151.000     8.2227   3.565078    34.1068       4630     3.2148     1.8687     1.7454 0.0000e+00
    152.000     8.2244   3.565912    34.1135       4657     3.2331     1.8697     1.7464 0.0000e+00
    153.000     8.2265   3.566653    34.1190       4680     3.2492     1.8702     1.7466 0.0000e+00
    154.000     8.2273   3.567377    34.1254       4705     3.2665     1.8697     1.7457 0.0000e+00
    155.000     8.2250   3.567676    34.1304       4738     3.2897     1.8678     1.7457 0.0000e+00
    156.000     8.2178   3.567146    34.1312       4774     3.3145     1.8661     1.7440 0.0000e+00
    157.000     8.2133   3.566793    34.1314       4800     3.3328     1.8632     1.7421 0.0000e+00
    158.000     8.2088   3.566396    34.1310       4823     3.3486     1.8603     1.7393 0.0000e+00
    159.000     8.2041   3.565983    34.1307       4848     3.3660     1.8563     1.7354 0.0000e+00
    160.000     8.1991   3.565532    34.1303       4882     3.3893     1.8497     1.7304 0.0000e+00
    161.000     8.1957   3.565298    34.1306       4916     3.4134     1.8429     1.7255 0.0000e+00
    162.000     8.1953   3.565325    34.1308       4942     3.4314     1.8391     1.7217 0.0000e+00
