HB2407/CTD208.cnv
* Sea-Bird SBE 9 Data File:
* FileName = C:\cruise\data\CTD208.hex
* Software Version Seasave V 7.26.7.121
* Temperature SN = 4591
* Conductivity SN = 6006
* Number of Bytes Per Scan = 37
* Number of Voltage Words = 4
* Number of Scans Averaged by the Deck Unit = 1
* NMEA Latitude = 44 13.98 N
* NMEA Longitude = 067 40.97 W
* NMEA UTC (Time) = Nov 04 2024 21:15:42
* NMEA baud rate = 4800
** Ship: Bigelow HB2407
** Program:  Fall Bottom Trawl Survey
** Chief Scientist: John Galbraith
# nquan = 9
# nvalues = 204                         
# units = specified
# name 0 = depSM: Depth [salt water, m]
# name 1 = t090C: Temperature [ITS-90, deg C]
# name 2 = c0S/m: Conductivity [S/m]
# name 3 = sal00: Salinity, Practical [PSU]
# name 4 = scan: Scan Count
# name 5 = timeM: Time, Elapsed [minutes]
# name 6 = sbeox0V: Oxygen raw, SBE 43 [V]
# name 7 = sbeox1V: Oxygen raw, SBE 43, 2 [V]
# name 8 = flag: flag
# span 0 =      2.000,    104.000       
# span 1 =     9.8211,    10.4194       
# span 2 =   3.619375,   3.636227       
# span 3 =    32.7968,    33.2056       
# span 4 =        245,       7553       
# span 5 =     0.1694,     5.2446       
# span 6 =     2.1291,     2.3781       
# span 7 =     1.9872,     2.2235       
# span 8 = 0.0000e+00, 0.0000e+00       
# interval = meters: 1                  
# start_time = Nov 04 2024 21:15:42 [NMEA time, header]
# bad_flag = -9.990e-29
*END*
      3.000    10.3665   3.625873    32.7968        245     0.1694     2.3751     2.2160 0.0000e+00
      4.000    10.3723   3.626499    32.7975        417     0.2888     2.3748     2.2159 0.0000e+00
      5.000    10.3722   3.626527    32.7975        454     0.3146     2.3747     2.2146 0.0000e+00
      6.000    10.3705   3.626382    32.7970        495     0.3428     2.3745     2.2133 0.0000e+00
      7.000    10.3719   3.626599    32.7975        541     0.3748     2.3744     2.2128 0.0000e+00
      8.000    10.3732   3.626819    32.7981        584     0.4049     2.3739     2.2135 0.0000e+00
      9.000    10.3784   3.627489    32.7998        624     0.4325     2.3742     2.2132 0.0000e+00
     10.000    10.3795   3.627699    32.8004        798     0.5535     2.3682     2.2049 0.0000e+00
     11.000    10.3814   3.627974    32.8010        853     0.5918     2.3666     2.2065 0.0000e+00
     12.000    10.3912   3.629241    32.8045        888     0.6161     2.3632     2.2069 0.0000e+00
     13.000    10.3939   3.629732    32.8065        921     0.6390     2.3598     2.2057 0.0000e+00
     14.000    10.4003   3.630499    32.8081        951     0.6594     2.3576     2.2003 0.0000e+00
     15.000    10.4149   3.632475    32.8143        979     0.6792     2.3541     2.1961 0.0000e+00
     16.000    10.4095   3.632171    32.8157       1007     0.6989     2.3498     2.1943 0.0000e+00
     17.000    10.3903   3.630419    32.8150       1035     0.7182     2.3436     2.1887 0.0000e+00
     18.000    10.3809   3.629484    32.8136       1063     0.7376     2.3385     2.1817 0.0000e+00
     19.000    10.3780   3.629254    32.8134       1091     0.7568     2.3365     2.1786 0.0000e+00
     20.000    10.3812   3.629767    32.8153       1118     0.7756     2.3357     2.1795 0.0000e+00
     21.000    10.3827   3.630043    32.8163       1145     0.7942     2.3348     2.1807 0.0000e+00
     22.000    10.3913   3.631181    32.8195       1172     0.8129     2.3344     2.1799 0.0000e+00
     23.000    10.3916   3.631337    32.8204       1199     0.8321     2.3345     2.1782 0.0000e+00
     24.000    10.4029   3.632701    32.8235       1227     0.8511     2.3338     2.1771 0.0000e+00
     25.000    10.4162   3.634552    32.8296       1254     0.8699     2.3326     2.1760 0.0000e+00
     26.000    10.4194   3.635586    32.8366       1280     0.8884     2.3294     2.1746 0.0000e+00
     27.000    10.4140   3.635468    32.8399       1308     0.9073     2.3247     2.1717 0.0000e+00
     28.000    10.4101   3.635472    32.8430       1335     0.9261     2.3196     2.1672 0.0000e+00
     29.000    10.4078   3.635500    32.8449       1361     0.9447     2.3164     2.1651 0.0000e+00
     30.000    10.4037   3.635523    32.8484       1389     0.9636     2.3135     2.1632 0.0000e+00
     31.000    10.4003   3.635573    32.8516       1417     0.9831     2.3107     2.1598 0.0000e+00
     32.000    10.3980   3.635801    32.8555       1445     1.0026     2.3101     2.1554 0.0000e+00
     33.000    10.3956   3.636040    32.8597       1472     1.0212     2.3086     2.1524 0.0000e+00
     34.000    10.3915   3.636204    32.8645       1497     1.0392     2.3048     2.1500 0.0000e+00
     35.000    10.3755   3.636227    32.8788       1524     1.0578     2.3031     2.1501 0.0000e+00
     36.000    10.3658   3.635999    32.8848       1552     1.0771     2.3004     2.1486 0.0000e+00
     37.000    10.3588   3.635780    32.8885       1579     1.0961     2.2942     2.1438 0.0000e+00
     38.000    10.3494   3.635475    32.8935       1606     1.1148     2.2893     2.1376 0.0000e+00
     39.000    10.3320   3.634777    32.9019       1634     1.1340     2.2853     2.1325 0.0000e+00
     40.000    10.3071   3.633785    32.9140       1661     1.1527     2.2814     2.1274 0.0000e+00
     41.000    10.2948   3.633485    32.9216       1687     1.1707     2.2783     2.1248 0.0000e+00
     42.000    10.2921   3.633952    32.9284       1713     1.1892     2.2752     2.1226 0.0000e+00
     43.000    10.2828   3.633374    32.9305       1742     1.2091     2.2701     2.1198 0.0000e+00
     44.000    10.2515   3.630396    32.9285       1772     1.2296     2.2631     2.1147 0.0000e+00
     45.000    10.2358   3.628823    32.9264       1799     1.2484     2.2611     2.1114 0.0000e+00
     46.000    10.2253   3.627606    32.9232       1825     1.2665     2.2629     2.1111 0.0000e+00
     47.000    10.2137   3.626377    32.9209       1851     1.2846     2.2651     2.1115 0.0000e+00
     48.000    10.2134   3.626324    32.9202       1877     1.3028     2.2700     2.1136 0.0000e+00
     49.000    10.2132   3.626333    32.9200       1904     1.3214     2.2740     2.1173 0.0000e+00
     50.000    10.2102   3.626080    32.9198       1931     1.3406     2.2774     2.1215 0.0000e+00
     51.000    10.2046   3.625537    32.9189       1961     1.3608     2.2799     2.1236 0.0000e+00
     52.000    10.2021   3.625307    32.9185       1989     1.3809     2.2813     2.1242 0.0000e+00
     53.000    10.1983   3.624973    32.9181       2017     1.3999     2.2816     2.1256 0.0000e+00
     54.000    10.1782   3.623132    32.9173       2043     1.4179     2.2808     2.1276 0.0000e+00
     55.000    10.1602   3.621340    32.9151       2068     1.4357     2.2802     2.1283 0.0000e+00
     56.000    10.1608   3.621448    32.9152       2096     1.4547     2.2809     2.1292 0.0000e+00
     57.000    10.1679   3.622749    32.9215       2124     1.4742     2.2848     2.1326 0.0000e+00
     58.000    10.1358   3.619990    32.9223       2151     1.4933     2.2891     2.1342 0.0000e+00
     59.000    10.1273   3.619857    32.9283       2179     1.5122     2.2877     2.1344 0.0000e+00
     60.000    10.1233   3.619950    32.9324       2206     1.5312     2.2866     2.1344 0.0000e+00
     61.000    10.1176   3.620488    32.9425       2233     1.5502     2.2850     2.1331 0.0000e+00
     62.000    10.1147   3.620803    32.9479       2260     1.5689     2.2821     2.1317 0.0000e+00
     63.000    10.0963   3.620180    32.9579       2288     1.5879     2.2790     2.1296 0.0000e+00
     64.000    10.0922   3.620202    32.9614       2316     1.6075     2.2765     2.1252 0.0000e+00
     65.000    10.0933   3.620475    32.9627       2343     1.6266     2.2709     2.1211 0.0000e+00
     66.000    10.0892   3.620485    32.9661       2370     1.6448     2.2665     2.1178 0.0000e+00
     67.000    10.0670   3.619921    32.9802       2396     1.6630     2.2634     2.1149 0.0000e+00
     68.000    10.0585   3.619890    32.9872       2423     1.6820     2.2623     2.1124 0.0000e+00
     69.000    10.0584   3.619900    32.9870       2451     1.7015     2.2603     2.1096 0.0000e+00
     70.000    10.0555   3.619841    32.9886       2480     1.7213     2.2576     2.1066 0.0000e+00
     71.000    10.0504   3.619584    32.9902       2507     1.7404     2.2571     2.1051 0.0000e+00
     72.000    10.0497   3.619965    32.9942       2533     1.7585     2.2562     2.1048 0.0000e+00
     73.000    10.0465   3.620108    32.9982       2559     1.7764     2.2541     2.1030 0.0000e+00
     74.000    10.0423   3.620070    33.0012       2586     1.7952     2.2538     2.1016 0.0000e+00
     75.000    10.0371   3.619981    33.0046       2614     1.8145     2.2505     2.1005 0.0000e+00
     76.000    10.0303   3.620001    33.0105       2641     1.8337     2.2465     2.0982 0.0000e+00
     77.000    10.0275   3.620159    33.0143       2669     1.8525     2.2428     2.0956 0.0000e+00
     78.000    10.0226   3.620377    33.0204       2696     1.8716     2.2403     2.0946 0.0000e+00
     79.000    10.0218   3.620596    33.0230       2723     1.8905     2.2390     2.0904 0.0000e+00
     80.000    10.0155   3.620991    33.0323       2750     1.9089     2.2362     2.0877 0.0000e+00
     81.000    10.0130   3.621188    33.0361       2777     1.9276     2.2352     2.0860 0.0000e+00
     82.000    10.0104   3.621369    33.0400       2805     1.9470     2.2333     2.0838 0.0000e+00
     83.000     9.9938   3.622074    33.0618       2832     1.9660     2.2295     2.0809 0.0000e+00
     84.000     9.9877   3.622266    33.0689       2859     1.9848     2.2219     2.0770 0.0000e+00
     85.000     9.9857   3.622365    33.0712       2886     2.0035     2.2139     2.0723 0.0000e+00
     86.000     9.9843   3.622444    33.0729       2913     2.0222     2.2079     2.0646 0.0000e+00
     87.000     9.9813   3.622703    33.0778       2940     2.0408     2.2044     2.0596 0.0000e+00
     88.000     9.9796   3.622796    33.0799       2967     2.0597     2.2020     2.0560 0.0000e+00
     89.000     9.9800   3.623085    33.0820       2994     2.0782     2.2005     2.0552 0.0000e+00
     90.000     9.9790   3.623423    33.0860       3021     2.0969     2.1982     2.0533 0.0000e+00
     91.000     9.9780   3.623445    33.0867       3048     2.1159     2.1947     2.0527 0.0000e+00
     92.000     9.9746   3.623439    33.0892       3075     2.1351     2.1939     2.0520 0.0000e+00
     93.000     9.9737   3.623408    33.0893       3103     2.1538     2.1937     2.0476 0.0000e+00
     94.000     9.9727   3.623319    33.0889       3129     2.1725     2.1910     2.0453 0.0000e+00
     95.000     9.9687   3.623124    33.0901       3156     2.1911     2.1896     2.0432 0.0000e+00
     96.000     9.9587   3.623223    33.0999       3183     2.2097     2.1891     2.0420 0.0000e+00
     97.000     9.9385   3.623491    33.1207       3210     2.2283     2.1882     2.0414 0.0000e+00
     98.000     9.9397   3.623511    33.1193       3237     2.2470     2.1852     2.0396 0.0000e+00
     99.000     9.9305   3.623627    33.1285       3264     2.2659     2.1820     2.0357 0.0000e+00
    100.000     9.9229   3.623644    33.1352       3291     2.2849     2.1775     2.0321 0.0000e+00
    101.000     9.9094   3.623558    33.1462       3319     2.3039     2.1732     2.0299 0.0000e+00
    102.000     9.8695   3.622948    33.1762       3346     2.3230     2.1693     2.0256 0.0000e+00
    103.000     9.8362   3.622030    33.1971       3373     2.3418     2.1643     2.0214 0.0000e+00
    104.000     9.8211   3.621554    33.2056       3397     2.3586     2.1572     2.0159 0.0000e+00
    103.000     9.8403   3.621780    33.1907       4066     2.8226     2.1291     1.9872 0.0000e+00
    102.000     9.8501   3.621977    33.1842       4137     2.8720     2.1319     1.9904 0.0000e+00
    101.000     9.8682   3.622348    33.1718       4164     2.8913     2.1320     1.9911 0.0000e+00
    100.000     9.8929   3.622677    33.1528       4193     2.9111     2.1338     1.9933 0.0000e+00
     99.000     9.9073   3.622904    33.1423       4222     2.9310     2.1369     1.9972 0.0000e+00
     98.000     9.9131   3.622921    33.1377       4248     2.9495     2.1437     2.0009 0.0000e+00
     97.000     9.9208   3.622965    33.1315       4274     2.9675     2.1514     2.0038 0.0000e+00
     96.000     9.9322   3.622919    33.1210       4301     2.9859     2.1556     2.0086 0.0000e+00
     95.000     9.9413   3.622781    33.1117       4328     3.0046     2.1580     2.0131 0.0000e+00
     94.000     9.9526   3.622716    33.1011       4354     3.0232     2.1590     2.0168 0.0000e+00
     93.000     9.9610   3.622746    33.0943       4380     3.0412     2.1590     2.0209 0.0000e+00
     92.000     9.9639   3.622808    33.0926       4406     3.0588     2.1614     2.0255 0.0000e+00
     91.000     9.9637   3.622797    33.0931       4431     3.0765     2.1666     2.0310 0.0000e+00
     90.000     9.9662   3.622823    33.0916       4457     3.0945     2.1721     2.0344 0.0000e+00
     89.000     9.9689   3.622807    33.0893       4483     3.1125     2.1770     2.0372 0.0000e+00
     88.000     9.9721   3.622723    33.0861       4509     3.1306     2.1815     2.0378 0.0000e+00
     87.000     9.9733   3.622662    33.0848       4535     3.1489     2.1829     2.0386 0.0000e+00
     86.000     9.9739   3.622529    33.0833       4561     3.1670     2.1839     2.0391 0.0000e+00
     85.000     9.9776   3.622283    33.0779       4587     3.1849     2.1866     2.0407 0.0000e+00
     84.000     9.9839   3.622037    33.0701       4613     3.2029     2.1856     2.0436 0.0000e+00
     83.000     9.9930   3.621632    33.0580       4640     3.2214     2.1870     2.0448 0.0000e+00
     82.000     9.9901   3.621639    33.0612       4667     3.2404     2.1896     2.0468 0.0000e+00
     81.000     9.9955   3.621456    33.0548       4695     3.2596     2.1936     2.0509 0.0000e+00
     80.000     9.9966   3.621357    33.0532       4721     3.2777     2.1967     2.0539 0.0000e+00
     79.000     9.9995   3.621209    33.0496       4745     3.2947     2.2002     2.0568 0.0000e+00
     78.000    10.0092   3.620724    33.0363       4770     3.3117     2.2020     2.0605 0.0000e+00
     77.000    10.0156   3.620316    33.0267       4796     3.3295     2.2056     2.0626 0.0000e+00
     76.000    10.0230   3.619951    33.0167       4822     3.3481     2.2082     2.0647 0.0000e+00
     75.000    10.0243   3.619935    33.0158       4849     3.3669     2.2107     2.0684 0.0000e+00
     74.000    10.0348   3.619747    33.0047       4876     3.3857     2.2160     2.0729 0.0000e+00
     73.000    10.0421   3.619573    32.9968       4903     3.4041     2.2223     2.0779 0.0000e+00
     72.000    10.0445   3.619487    32.9942       4928     3.4219     2.2267     2.0813 0.0000e+00
     71.000    10.0469   3.619436    32.9919       4954     3.4396     2.2300     2.0844 0.0000e+00
     70.000    10.0490   3.619384    32.9898       4980     3.4580     2.2349     2.0867 0.0000e+00
     69.000    10.0474   3.619375    32.9917       5008     3.4768     2.2387     2.0894 0.0000e+00
     68.000    10.0552   3.619446    32.9857       5037     3.4970     2.2437     2.0947 0.0000e+00
     67.000    10.0586   3.619488    32.9835       5068     3.5189     2.2461     2.0950 0.0000e+00
     66.000    10.0720   3.619721    32.9741       5100     3.5411     2.2472     2.0980 0.0000e+00
     65.000    10.0775   3.619755    32.9699       5132     3.5632     2.2498     2.1022 0.0000e+00
     64.000    10.0873   3.619673    32.9606       5163     3.5849     2.2550     2.1038 0.0000e+00
     63.000    10.0989   3.619753    32.9512       5194     3.6060     2.2605     2.1051 0.0000e+00
     62.000    10.0991   3.619803    32.9520       5223     3.6267     2.2636     2.1085 0.0000e+00
     61.000    10.1093   3.620018    32.9454       5253     3.6469     2.2660     2.1116 0.0000e+00
     60.000    10.1150   3.619975    32.9401       5280     3.6657     2.2689     2.1144 0.0000e+00
     59.000    10.1196   3.619836    32.9350       5305     3.6831     2.2700     2.1159 0.0000e+00
     58.000    10.1226   3.619885    32.9332       5330     3.7006     2.2718     2.1152 0.0000e+00
     57.000    10.1379   3.620438    32.9253       5356     3.7184     2.2739     2.1186 0.0000e+00
     56.000    10.1455   3.620752    32.9220       5381     3.7363     2.2786     2.1224 0.0000e+00
     55.000    10.1479   3.620830    32.9211       5407     3.7543     2.2836     2.1256 0.0000e+00
     54.000    10.1547   3.621199    32.9191       5434     3.7727     2.2856     2.1288 0.0000e+00
     53.000    10.1667   3.621961    32.9163       5461     3.7916     2.2860     2.1323 0.0000e+00
     52.000    10.1735   3.622600    32.9170       5488     3.8106     2.2853     2.1332 0.0000e+00
     51.000    10.1865   3.623547    32.9152       5514     3.8288     2.2833     2.1331 0.0000e+00
     50.000    10.1904   3.623941    32.9161       5540     3.8465     2.2832     2.1340 0.0000e+00
     49.000    10.1929   3.624129    32.9162       5566     3.8645     2.2825     2.1352 0.0000e+00
     48.000    10.1998   3.624746    32.9166       5593     3.8834     2.2805     2.1346 0.0000e+00
     47.000    10.2036   3.625036    32.9165       5620     3.9020     2.2788     2.1313 0.0000e+00
     46.000    10.2109   3.625649    32.9166       5646     3.9200     2.2777     2.1306 0.0000e+00
