HB2407/CTD243.cnv
* Sea-Bird SBE 9 Data File:
* FileName = C:\cruise\data\CTD243.hex
* Software Version Seasave V 7.26.7.121
* Temperature SN = 4591
* Conductivity SN = 6006
* Number of Bytes Per Scan = 37
* Number of Voltage Words = 4
* Number of Scans Averaged by the Deck Unit = 1
* NMEA Latitude = 42 04.06 N
* NMEA Longitude = 070 01.62 W
* NMEA UTC (Time) = Nov 10 2024 22:55:46
* NMEA baud rate = 4800
** Ship: Bigelow HB2407
** Program:  Fall Bottom Trawl Survey
** Chief Scientist: John Galbraith
# nquan = 9
# nvalues = 62                          
# units = specified
# name 0 = depSM: Depth [salt water, m]
# name 1 = t090C: Temperature [ITS-90, deg C]
# name 2 = c0S/m: Conductivity [S/m]
# name 3 = sal00: Salinity, Practical [PSU]
# name 4 = scan: Scan Count
# name 5 = timeM: Time, Elapsed [minutes]
# name 6 = sbeox0V: Oxygen raw, SBE 43 [V]
# name 7 = sbeox1V: Oxygen raw, SBE 43, 2 [V]
# name 8 = flag: flag
# span 0 =      2.000,     33.000       
# span 1 =    11.4643,    11.6460       
# span 2 =   3.671839,   3.677054       
# span 3 =    32.1649,    32.2656       
# span 4 =         84,       2429       
# span 5 =     0.0575,     1.6863       
# span 6 =     2.4421,     2.5001       
# span 7 =     2.2758,     2.3292       
# span 8 = 0.0000e+00, 0.0000e+00       
# interval = meters: 1                  
# start_time = Nov 10 2024 22:55:46 [NMEA time, header]
# bad_flag = -9.990e-29
*END*
      3.000    11.6460   3.676590    32.1664         84     0.0575     2.4960     2.3281 0.0000e+00
      4.000    11.6452   3.676538    32.1662        229     0.1581     2.4957     2.3257 0.0000e+00
      5.000    11.6450   3.676577    32.1663        259     0.1789     2.4942     2.3279 0.0000e+00
      6.000    11.6446   3.676666    32.1671        285     0.1972     2.4944     2.3285 0.0000e+00
      7.000    11.6449   3.676737    32.1671        311     0.2156     2.4929     2.3281 0.0000e+00
      8.000    11.6447   3.676820    32.1677        339     0.2349     2.4929     2.3291 0.0000e+00
      9.000    11.6448   3.676882    32.1678        367     0.2540     2.4924     2.3251 0.0000e+00
     10.000    11.6448   3.676915    32.1677        393     0.2720     2.4932     2.3254 0.0000e+00
     11.000    11.6449   3.676964    32.1677        418     0.2894     2.4940     2.3272 0.0000e+00
     12.000    11.6446   3.677045    32.1683        444     0.3077     2.4935     2.3269 0.0000e+00
     13.000    11.6420   3.677054    32.1703        472     0.3272     2.4905     2.3257 0.0000e+00
     14.000    11.6417   3.677036    32.1698        500     0.3467     2.4890     2.3246 0.0000e+00
     15.000    11.6365   3.676953    32.1732        528     0.3659     2.4902     2.3226 0.0000e+00
     16.000    11.6273   3.676793    32.1792        554     0.3840     2.4887     2.3208 0.0000e+00
     17.000    11.6251   3.676760    32.1803        579     0.4013     2.4884     2.3199 0.0000e+00
     18.000    11.6222   3.676726    32.1822        605     0.4195     2.4874     2.3171 0.0000e+00
     19.000    11.6171   3.676598    32.1849        633     0.4388     2.4857     2.3156 0.0000e+00
     20.000    11.6144   3.676552    32.1864        660     0.4575     2.4821     2.3142 0.0000e+00
     21.000    11.6123   3.676521    32.1875        686     0.4759     2.4796     2.3125 0.0000e+00
     22.000    11.6002   3.676198    32.1944        713     0.4946     2.4735     2.3115 0.0000e+00
     23.000    11.5665   3.675417    32.2157        740     0.5133     2.4704     2.3092 0.0000e+00
     24.000    11.5475   3.674993    32.2276        767     0.5317     2.4677     2.3065 0.0000e+00
     25.000    11.5345   3.674549    32.2342        792     0.5496     2.4671     2.3053 0.0000e+00
     26.000    11.5320   3.674441    32.2349        819     0.5682     2.4662     2.3031 0.0000e+00
     27.000    11.5278   3.674256    32.2363        847     0.5876     2.4617     2.2955 0.0000e+00
     28.000    11.5183   3.673818    32.2399        875     0.6068     2.4619     2.2923 0.0000e+00
     29.000    11.5038   3.673176    32.2459        901     0.6253     2.4640     2.2948 0.0000e+00
     30.000    11.4954   3.673019    32.2512        927     0.6429     2.4631     2.2951 0.0000e+00
     31.000    11.4872   3.672618    32.2541        952     0.6606     2.4614     2.2933 0.0000e+00
     32.000    11.4750   3.672260    32.2608        979     0.6794     2.4602     2.2920 0.0000e+00
     33.000    11.4643   3.671839    32.2656       1269     0.8805     2.4472     2.2807 0.0000e+00
     32.000    11.4691   3.671898    32.2623       1533     1.0638     2.4431     2.2758 0.0000e+00
     31.000    11.4775   3.672047    32.2569       1559     1.0819     2.4422     2.2761 0.0000e+00
     30.000    11.4806   3.672108    32.2552       1584     1.0993     2.4421     2.2772 0.0000e+00
     29.000    11.4892   3.672408    32.2511       1609     1.1166     2.4447     2.2787 0.0000e+00
     28.000    11.4923   3.672498    32.2497       1635     1.1346     2.4470     2.2796 0.0000e+00
     27.000    11.5010   3.672722    32.2447       1661     1.1525     2.4493     2.2826 0.0000e+00
     26.000    11.5129   3.673153    32.2390       1687     1.1706     2.4525     2.2856 0.0000e+00
     25.000    11.5190   3.673399    32.2365       1713     1.1886     2.4557     2.2880 0.0000e+00
     24.000    11.5263   3.673706    32.2336       1738     1.2063     2.4586     2.2895 0.0000e+00
     23.000    11.5338   3.673967    32.2300       1764     1.2241     2.4612     2.2924 0.0000e+00
     22.000    11.5503   3.674399    32.2203       1790     1.2424     2.4649     2.2950 0.0000e+00
     21.000    11.5687   3.674802    32.2086       1818     1.2615     2.4669     2.2945 0.0000e+00
     20.000    11.5881   3.675281    32.1968       1844     1.2798     2.4676     2.2959 0.0000e+00
     19.000    11.5952   3.675540    32.1936       1869     1.2970     2.4701     2.2987 0.0000e+00
     18.000    11.5983   3.675612    32.1920       1893     1.3138     2.4723     2.2999 0.0000e+00
     17.000    11.6089   3.675880    32.1859       1919     1.3320     2.4742     2.3012 0.0000e+00
     16.000    11.6192   3.676106    32.1795       1947     1.3515     2.4777     2.3028 0.0000e+00
     15.000    11.6271   3.676342    32.1754       1974     1.3702     2.4839     2.3037 0.0000e+00
     14.000    11.6329   3.676447    32.1718       1999     1.3873     2.4881     2.3078 0.0000e+00
     13.000    11.6355   3.676518    32.1707       2023     1.4039     2.4877     2.3110 0.0000e+00
     12.000    11.6381   3.676585    32.1695       2048     1.4214     2.4874     2.3129 0.0000e+00
     11.000    11.6387   3.676570    32.1692       2075     1.4404     2.4880     2.3152 0.0000e+00
     10.000    11.6409   3.676575    32.1678       2104     1.4603     2.4879     2.3189 0.0000e+00
      9.000    11.6425   3.676602    32.1671       2130     1.4785     2.4899     2.3203 0.0000e+00
      8.000    11.6434   3.676566    32.1664       2155     1.4957     2.4933     2.3212 0.0000e+00
      7.000    11.6432   3.676537    32.1666       2180     1.5130     2.4956     2.3218 0.0000e+00
      6.000    11.6433   3.676472    32.1664       2206     1.5309     2.4971     2.3241 0.0000e+00
      5.000    11.6443   3.676446    32.1656       2231     1.5486     2.4979     2.3259 0.0000e+00
      4.000    11.6439   3.676358    32.1655       2257     1.5663     2.4982     2.3278 0.0000e+00
      3.000    11.6438   3.676299    32.1655       2284     1.5855     2.5001     2.3292 0.0000e+00
      2.000    11.6448   3.676286    32.1649       2429     1.6863     2.4993     2.3278 0.0000e+00
