HB2407/CTD210.cnv
* Sea-Bird SBE 9 Data File:
* FileName = C:\cruise\data\CTD210.hex
* Software Version Seasave V 7.26.7.121
* Temperature SN = 4591
* Conductivity SN = 6006
* Number of Bytes Per Scan = 37
* Number of Voltage Words = 4
* Number of Scans Averaged by the Deck Unit = 1
* NMEA Latitude = 43 51.25 N
* NMEA Longitude = 067 47.66 W
* NMEA UTC (Time) = Nov 05 2024 12:29:56
* NMEA baud rate = 4800
** Ship: Bigelow HB2407
** Program:  Fall Bottom Trawl Survey
** Chief Scientist: John Galbraith
# nquan = 9
# nvalues = 402                         
# units = specified
# name 0 = depSM: Depth [salt water, m]
# name 1 = t090C: Temperature [ITS-90, deg C]
# name 2 = c0S/m: Conductivity [S/m]
# name 3 = sal00: Salinity, Practical [PSU]
# name 4 = scan: Scan Count
# name 5 = timeM: Time, Elapsed [minutes]
# name 6 = sbeox0V: Oxygen raw, SBE 43 [V]
# name 7 = sbeox1V: Oxygen raw, SBE 43, 2 [V]
# name 8 = flag: flag
# span 0 =      2.000,    203.000       
# span 1 =     7.5288,    10.9504       
# span 2 =   3.447094,   3.643744       
# span 3 =    32.4415,    34.2353       
# span 4 =         82,      11634       
# span 5 =     0.0565,     8.0783       
# span 6 =     1.7964,     2.5588       
# span 7 =     1.6798,     2.3853       
# span 8 = 0.0000e+00, 0.0000e+00       
# interval = meters: 1                  
# start_time = Nov 05 2024 12:29:56 [NMEA time, header]
# bad_flag = -9.990e-29
*END*
      3.000    10.9497   3.643155    32.4482         82     0.0565     2.5569     2.3798 0.0000e+00
      4.000    10.9497   3.643177    32.4479        290     0.2004     2.5492     2.3803 0.0000e+00
      5.000    10.9498   3.643224    32.4479        444     0.3078     2.5480     2.3816 0.0000e+00
      6.000    10.9499   3.643310    32.4482        469     0.3253     2.5503     2.3815 0.0000e+00
      7.000    10.9499   3.643342    32.4481        499     0.3455     2.5543     2.3831 0.0000e+00
      8.000    10.9493   3.643384    32.4486        533     0.3696     2.5560     2.3841 0.0000e+00
      9.000    10.9495   3.643424    32.4484        558     0.3871     2.5533     2.3853 0.0000e+00
     10.000    10.9486   3.643447    32.4490        579     0.4013     2.5516     2.3838 0.0000e+00
     11.000    10.9493   3.643502    32.4485        602     0.4173     2.5530     2.3833 0.0000e+00
     12.000    10.9498   3.643551    32.4482        631     0.4378     2.5527     2.3840 0.0000e+00
     13.000    10.9485   3.643600    32.4493        665     0.4610     2.5533     2.3832 0.0000e+00
     14.000    10.9487   3.643653    32.4492        694     0.4813     2.5507     2.3819 0.0000e+00
     15.000    10.9496   3.643682    32.4483        719     0.4986     2.5516     2.3812 0.0000e+00
     16.000    10.9504   3.643744    32.4478        744     0.5157     2.5546     2.3812 0.0000e+00
     17.000    10.9312   3.643399    32.4610        771     0.5346     2.5543     2.3812 0.0000e+00
     18.000    10.8918   3.642617    32.4877        800     0.5546     2.5499     2.3809 0.0000e+00
     19.000    10.8516   3.641678    32.5136        825     0.5723     2.5468     2.3772 0.0000e+00
     20.000    10.7618   3.639517    32.5715        848     0.5885     2.5436     2.3750 0.0000e+00
     21.000    10.7413   3.638539    32.5796        876     0.6076     2.5366     2.3673 0.0000e+00
     22.000    10.7306   3.637929    32.5826        912     0.6330     2.5222     2.3538 0.0000e+00
     23.000    10.7204   3.637488    32.5869        943     0.6545     2.5111     2.3441 0.0000e+00
     24.000    10.7113   3.637151    32.5913        966     0.6704     2.5064     2.3396 0.0000e+00
     25.000    10.7103   3.637206    32.5922        988     0.6851     2.5028     2.3372 0.0000e+00
     26.000    10.7103   3.637479    32.5945       1011     0.7012     2.4991     2.3340 0.0000e+00
     27.000    10.7023   3.637549    32.6019       1040     0.7212     2.4981     2.3313 0.0000e+00
     28.000    10.6928   3.637510    32.6096       1073     0.7444     2.4944     2.3294 0.0000e+00
     29.000    10.6763   3.637114    32.6199       1102     0.7644     2.4841     2.3223 0.0000e+00
     30.000    10.6604   3.636642    32.6290       1127     0.7818     2.4769     2.3149 0.0000e+00
     31.000    10.6595   3.636812    32.6311       1155     0.8014     2.4688     2.3053 0.0000e+00
     32.000    10.6457   3.637318    32.6481       1185     0.8223     2.4563     2.2938 0.0000e+00
     33.000    10.6325   3.637322    32.6594       1209     0.8389     2.4459     2.2850 0.0000e+00
     34.000    10.6208   3.637486    32.6711       1228     0.8521     2.4372     2.2771 0.0000e+00
     35.000    10.5866   3.634786    32.6744       1250     0.8673     2.4243     2.2656 0.0000e+00
     36.000    10.5516   3.633042    32.6878       1297     0.8999     2.3968     2.2397 0.0000e+00
     37.000    10.4873   3.629215    32.7068       1334     0.9257     2.3755     2.2192 0.0000e+00
     38.000    10.4106   3.625390    32.7370       1353     0.9391     2.3678     2.2107 0.0000e+00
     39.000    10.3355   3.621938    32.7695       1371     0.9517     2.3581     2.2034 0.0000e+00
     40.000    10.2939   3.619918    32.7862       1390     0.9642     2.3448     2.1930 0.0000e+00
     41.000    10.2672   3.618257    32.7931       1414     0.9815     2.3233     2.1736 0.0000e+00
     42.000    10.2417   3.616597    32.7990       1469     1.0197     2.2817     2.1324 0.0000e+00
     43.000    10.2003   3.614176    32.8116       1498     1.0393     2.2742     2.1223 0.0000e+00
     44.000    10.1727   3.612700    32.8213       1515     1.0516     2.2711     2.1180 0.0000e+00
     45.000    10.1578   3.612445    32.8318       1533     1.0640     2.2662     2.1142 0.0000e+00
     46.000    10.1327   3.611650    32.8460       1558     1.0812     2.2570     2.1084 0.0000e+00
     47.000    10.1035   3.610265    32.8581       1595     1.1067     2.2444     2.1002 0.0000e+00
     48.000    10.0764   3.608674    32.8662       1629     1.1302     2.2387     2.0915 0.0000e+00
     49.000    10.0536   3.607277    32.8723       1653     1.1473     2.2358     2.0878 0.0000e+00
     50.000    10.0127   3.604929    32.8852       1674     1.1618     2.2327     2.0846 0.0000e+00
     51.000     9.9764   3.602861    32.8968       1696     1.1770     2.2283     2.0799 0.0000e+00
     52.000     9.9019   3.598358    32.9185       1725     1.1972     2.2213     2.0746 0.0000e+00
     53.000     9.8456   3.594547    32.9307       1765     1.2252     2.2118     2.0656 0.0000e+00
     54.000     9.7988   3.591404    32.9410       1799     1.2486     2.2048     2.0579 0.0000e+00
     55.000     9.7506   3.588648    32.9565       1820     1.2631     2.2009     2.0550 0.0000e+00
     56.000     9.6247   3.582588    33.0096       1838     1.2754     2.1981     2.0518 0.0000e+00
     57.000     9.5899   3.581328    33.0282       1857     1.2891     2.1925     2.0484 0.0000e+00
     58.000     9.5792   3.580796    33.0322       1898     1.3176     2.1799     2.0362 0.0000e+00
     59.000     9.5733   3.580761    33.0368       1945     1.3499     2.1671     2.0224 0.0000e+00
     60.000     9.5710   3.581423    33.0452       1963     1.3625     2.1642     2.0197 0.0000e+00
     61.000     9.5630   3.581249    33.0503       1978     1.3729     2.1633     2.0180 0.0000e+00
     62.000     9.5404   3.580249    33.0604       1994     1.3843     2.1604     2.0149 0.0000e+00
     63.000     9.4323   3.573240    33.0877       2033     1.4113     2.1500     2.0083 0.0000e+00
     64.000     9.3344   3.566583    33.1092       2096     1.4546     2.1351     1.9977 0.0000e+00
     65.000     9.2216   3.559246    33.1375       2111     1.4651     2.1341     1.9969 0.0000e+00
     66.000     9.1674   3.555890    33.1526       2125     1.4750     2.1315     1.9954 0.0000e+00
     67.000     9.1408   3.554166    33.1591       2139     1.4849     2.1290     1.9932 0.0000e+00
     68.000     9.1245   3.553046    33.1621       2159     1.4983     2.1268     1.9900 0.0000e+00
     69.000     9.0768   3.550136    33.1759       2215     1.5372     2.1245     1.9841 0.0000e+00
     70.000     9.0245   3.547248    33.1941       2257     1.5668     2.1211     1.9797 0.0000e+00
     71.000     8.9744   3.544595    33.2128       2275     1.5790     2.1188     1.9776 0.0000e+00
     72.000     8.9456   3.543137    33.2241       2291     1.5902     2.1174     1.9749 0.0000e+00
     73.000     8.9305   3.542428    33.2304       2308     1.6018     2.1147     1.9722 0.0000e+00
     74.000     8.9107   3.541543    33.2392       2333     1.6195     2.1098     1.9688 0.0000e+00
     75.000     8.8895   3.540677    33.2495       2395     1.6627     2.1010     1.9608 0.0000e+00
     76.000     8.8583   3.539492    33.2660       2425     1.6832     2.0987     1.9577 0.0000e+00
     77.000     8.8486   3.538897    33.2684       2443     1.6956     2.0977     1.9563 0.0000e+00
     78.000     8.8292   3.537335    33.2698       2460     1.7077     2.0959     1.9548 0.0000e+00
     79.000     8.8074   3.536026    33.2761       2480     1.7213     2.0930     1.9528 0.0000e+00
     80.000     8.7861   3.535629    33.2915       2509     1.7419     2.0881     1.9480 0.0000e+00
     81.000     8.7734   3.535167    33.2981       2560     1.7772     2.0797     1.9418 0.0000e+00
     82.000     8.7574   3.534148    33.3019       2590     1.7977     2.0756     1.9395 0.0000e+00
     83.000     8.7478   3.533260    33.3012       2610     1.8115     2.0748     1.9378 0.0000e+00
     84.000     8.7376   3.532177    33.2990       2629     1.8252     2.0757     1.9351 0.0000e+00
     85.000     8.7413   3.532509    33.2986       2654     1.8425     2.0733     1.9323 0.0000e+00
     86.000     8.7134   3.530164    33.2997       2692     1.8685     2.0705     1.9306 0.0000e+00
     87.000     8.6226   3.522877    33.3083       2723     1.8900     2.0693     1.9287 0.0000e+00
     88.000     8.4609   3.509470    33.3192       2745     1.9058     2.0642     1.9260 0.0000e+00
     89.000     8.2538   3.492527    33.3355       2772     1.9244     2.0560     1.9200 0.0000e+00
     90.000     8.1380   3.483393    33.3479       2809     1.9498     2.0384     1.9073 0.0000e+00
     91.000     8.1354   3.483756    33.3539       2837     1.9695     2.0236     1.8958 0.0000e+00
     92.000     8.1285   3.483348    33.3556       2857     1.9833     2.0174     1.8876 0.0000e+00
     93.000     8.1096   3.482802    33.3673       2877     1.9975     2.0131     1.8808 0.0000e+00
     94.000     8.1221   3.485172    33.3801       2909     2.0197     2.0077     1.8746 0.0000e+00
     95.000     8.1024   3.484383    33.3901       2951     2.0488     2.0012     1.8687 0.0000e+00
     96.000     8.1344   3.487893    33.3965       2979     2.0678     1.9979     1.8641 0.0000e+00
     97.000     8.1555   3.490298    33.4015       3004     2.0854     1.9943     1.8604 0.0000e+00
     98.000     8.1462   3.490163    33.4085       3028     2.1023     1.9916     1.8572 0.0000e+00
     99.000     7.9917   3.476848    33.4133       3052     2.1188     1.9889     1.8556 0.0000e+00
    100.000     7.9613   3.474696    33.4189       3078     2.1369     1.9838     1.8516 0.0000e+00
    101.000     7.9533   3.474290    33.4218       3110     2.1593     1.9768     1.8447 0.0000e+00
    102.000     7.9511   3.474109    33.4214       3149     2.1862     1.9693     1.8392 0.0000e+00
    103.000     7.9318   3.473687    33.4349       3178     2.2062     1.9677     1.8363 0.0000e+00
    104.000     7.8894   3.473816    33.4764       3199     2.2205     1.9649     1.8349 0.0000e+00
    105.000     7.8052   3.466482    33.4780       3219     2.2350     1.9620     1.8329 0.0000e+00
    106.000     7.7667   3.462726    33.4742       3247     2.2539     1.9553     1.8277 0.0000e+00
    107.000     7.7454   3.461002    33.4757       3283     2.2793     1.9457     1.8177 0.0000e+00
    108.000     7.7441   3.461543    33.4822       3314     2.3007     1.9397     1.8106 0.0000e+00
    109.000     7.7436   3.461939    33.4865       3338     2.3176     1.9368     1.8068 0.0000e+00
    110.000     7.7384   3.461676    33.4882       3363     2.3346     1.9342     1.8038 0.0000e+00
    111.000     7.7266   3.460787    33.4895       3391     2.3544     1.9309     1.8010 0.0000e+00
    112.000     7.7027   3.458730    33.4899       3429     2.3807     1.9275     1.7978 0.0000e+00
    113.000     7.6218   3.452046    33.4952       3460     2.4023     1.9260     1.7969 0.0000e+00
    114.000     7.6163   3.452386    33.5037       3480     2.4160     1.9224     1.7952 0.0000e+00
    115.000     7.6566   3.456827    33.5123       3497     2.4281     1.9190     1.7928 0.0000e+00
    116.000     7.6343   3.455063    33.5142       3520     2.4440     1.9161     1.7904 0.0000e+00
    117.000     7.5767   3.449683    33.5113       3572     2.4801     1.9115     1.7862 0.0000e+00
    118.000     7.5288   3.447094    33.5290       3605     2.5027     1.9085     1.7843 0.0000e+00
    119.000     7.5454   3.450007    33.5439       3625     2.5166     1.9068     1.7829 0.0000e+00
    120.000     7.5564   3.451524    33.5492       3645     2.5304     1.9049     1.7812 0.0000e+00
    121.000     7.5704   3.453269    33.5541       3670     2.5476     1.9020     1.7777 0.0000e+00
    122.000     7.5784   3.454089    33.5547       3706     2.5727     1.8989     1.7740 0.0000e+00
    123.000     7.6227   3.459288    33.5676       3737     2.5948     1.8962     1.7707 0.0000e+00
    124.000     7.7099   3.469461    33.5926       3760     2.6101     1.8960     1.7694 0.0000e+00
    125.000     7.7455   3.474040    33.6071       3782     2.6254     1.8977     1.7706 0.0000e+00
    126.000     7.7746   3.478292    33.6242       3817     2.6502     1.8976     1.7706 0.0000e+00
    127.000     7.8252   3.485480    33.6521       3860     2.6798     1.8951     1.7686 0.0000e+00
    128.000     7.8690   3.491438    33.6734       3882     2.6951     1.8935     1.7662 0.0000e+00
    129.000     7.9339   3.499286    33.6943       3899     2.7071     1.8932     1.7634 0.0000e+00
    130.000     8.0101   3.511077    33.7466       3916     2.7189     1.8936     1.7629 0.0000e+00
    131.000     7.9961   3.510879    33.7575       3941     2.7364     1.8917     1.7629 0.0000e+00
    132.000     7.9676   3.509111    33.7656       4004     2.7795     1.8767     1.7539 0.0000e+00
    133.000     7.9261   3.506933    33.7819       4029     2.7971     1.8723     1.7494 0.0000e+00
    134.000     7.9154   3.506772    33.7900       4045     2.8082     1.8701     1.7482 0.0000e+00
    135.000     7.9025   3.505957    33.7933       4060     2.8190     1.8681     1.7466 0.0000e+00
    136.000     7.8510   3.502400    33.8045       4080     2.8329     1.8643     1.7442 0.0000e+00
    137.000     7.8287   3.501738    33.8185       4127     2.8653     1.8567     1.7372 0.0000e+00
    138.000     7.8247   3.502383    33.8288       4168     2.8937     1.8538     1.7320 0.0000e+00
    139.000     7.8253   3.503175    33.8363       4188     2.9076     1.8516     1.7297 0.0000e+00
    140.000     7.8266   3.503970    33.8431       4205     2.9197     1.8486     1.7273 0.0000e+00
    141.000     7.8291   3.505367    33.8551       4223     2.9317     1.8463     1.7248 0.0000e+00
    142.000     7.8291   3.506237    33.8640       4243     2.9461     1.8436     1.7217 0.0000e+00
    143.000     7.8259   3.506769    33.8724       4281     2.9724     1.8389     1.7177 0.0000e+00
    144.000     7.8244   3.507113    33.8771       4338     3.0117     1.8330     1.7120 0.0000e+00
    145.000     7.8294   3.509005    33.8920       4360     3.0268     1.8301     1.7098 0.0000e+00
    146.000     7.8282   3.510117    33.9046       4377     3.0386     1.8293     1.7090 0.0000e+00
    147.000     7.8349   3.512304    33.9211       4393     3.0500     1.8301     1.7092 0.0000e+00
    148.000     7.8442   3.514134    33.9312       4411     3.0627     1.8301     1.7085 0.0000e+00
    149.000     7.8441   3.514724    33.9372       4436     3.0797     1.8286     1.7072 0.0000e+00
    150.000     7.8308   3.514285    33.9449       4486     3.1145     1.8265     1.7051 0.0000e+00
    151.000     7.8367   3.515933    33.9564       4525     3.1417     1.8262     1.7043 0.0000e+00
    152.000     7.8553   3.518502    33.9655       4543     3.1542     1.8255     1.7043 0.0000e+00
    153.000     7.8877   3.523117    33.9829       4558     3.1648     1.8253     1.7034 0.0000e+00
    154.000     7.9331   3.530202    34.0143       4575     3.1763     1.8261     1.7032 0.0000e+00
    155.000     8.0112   3.542376    34.0681       4600     3.1937     1.8270     1.7031 0.0000e+00
    156.000     8.0666   3.550573    34.1014       4651     3.2291     1.8294     1.7047 0.0000e+00
    157.000     8.0722   3.551526    34.1057       4689     3.2552     1.8259     1.7038 0.0000e+00
    158.000     8.0728   3.551656    34.1060       4707     3.2682     1.8252     1.7027 0.0000e+00
    159.000     8.0729   3.551759    34.1065       4723     3.2789     1.8249     1.7023 0.0000e+00
    160.000     8.0732   3.551853    34.1068       4738     3.2899     1.8227     1.7017 0.0000e+00
    161.000     8.0771   3.552534    34.1098       4759     3.3045     1.8198     1.7003 0.0000e+00
    162.000     8.0837   3.553682    34.1152       4804     3.3355     1.8190     1.6980 0.0000e+00
