HB2407/CTD204.cnv
* Sea-Bird SBE 9 Data File:
* FileName = C:\cruise\data\CTD204.hex
* Software Version Seasave V 7.26.7.121
* Temperature SN = 4591
* Conductivity SN = 6006
* Number of Bytes Per Scan = 37
* Number of Voltage Words = 4
* Number of Scans Averaged by the Deck Unit = 1
* NMEA Latitude = 43 56.93 N
* NMEA Longitude = 066 57.86 W
* NMEA UTC (Time) = Nov 04 2024 03:35:13
* NMEA baud rate = 4800
** Ship: Bigelow HB2407
** Program:  Fall Bottom Trawl Survey
** Chief Scientist: John Galbraith
# nquan = 9
# nvalues = 313                         
# units = specified
# name 0 = depSM: Depth [salt water, m]
# name 1 = t090C: Temperature [ITS-90, deg C]
# name 2 = c0S/m: Conductivity [S/m]
# name 3 = sal00: Salinity, Practical [PSU]
# name 4 = scan: Scan Count
# name 5 = timeM: Time, Elapsed [minutes]
# name 6 = sbeox0V: Oxygen raw, SBE 43 [V]
# name 7 = sbeox1V: Oxygen raw, SBE 43, 2 [V]
# name 8 = flag: flag
# span 0 =      3.000,    159.000       
# span 1 =     8.1690,    10.5034       
# span 2 =   3.530032,   3.620794       
# span 3 =    32.5794,    33.9441       
# span 4 =         42,      10306       
# span 5 =     0.0285,     7.1560       
# span 6 =     1.8796,     2.5154       
# span 7 =     1.7542,     2.3478       
# span 8 = 0.0000e+00, 0.0000e+00       
# interval = meters: 1                  
# start_time = Nov 04 2024 03:35:13 [NMEA time, header]
# bad_flag = -9.990e-29
*END*
[from data line 161]
    154.000     8.1800   3.545455    33.9379       5464     3.7936     1.8815     1.7571 0.0000e+00
    153.000     8.1795   3.545354    33.9377       5485     3.8083     1.8812     1.7579 0.0000e+00
    152.000     8.1787   3.545159    33.9369       5519     3.8318     1.8820     1.7587 0.0000e+00
    151.000     8.1781   3.544953    33.9358       5554     3.8561     1.8833     1.7593 0.0000e+00
    150.000     8.1759   3.544394    33.9325       5575     3.8710     1.8845     1.7595 0.0000e+00
    149.000     8.1756   3.544277    33.9320       5594     3.8838     1.8844     1.7603 0.0000e+00
    148.000     8.1747   3.544101    33.9314       5614     3.8982     1.8839     1.7606 0.0000e+00
    147.000     8.1744   3.544028    33.9314       5645     3.9194     1.8844     1.7607 0.0000e+00
    146.000     8.1739   3.543908    33.9311       5678     3.9425     1.8854     1.7622 0.0000e+00
    145.000     8.1732   3.543776    33.9308       5701     3.9585     1.8855     1.7619 0.0000e+00
    144.000     8.1728   3.543634    33.9302       5722     3.9729     1.8863     1.7619 0.0000e+00
    143.000     8.1729   3.543600    33.9303       5746     3.9896     1.8882     1.7618 0.0000e+00
    142.000     8.1721   3.543335    33.9287       5776     4.0107     1.8872     1.7612 0.0000e+00
    141.000     8.1700   3.541750    33.9143       5804     4.0299     1.8855     1.7606 0.0000e+00
    140.000     8.1698   3.540722    33.9040       5827     4.0461     1.8858     1.7611 0.0000e+00
    139.000     8.1696   3.540198    33.8991       5851     4.0628     1.8867     1.7627 0.0000e+00
    138.000     8.1695   3.539970    33.8972       5878     4.0811     1.8885     1.7644 0.0000e+00
    137.000     8.1694   3.539847    33.8965       5906     4.1008     1.8902     1.7663 0.0000e+00
    136.000     8.1690   3.539606    33.8948       5935     4.1210     1.8918     1.7678 0.0000e+00
    135.000     8.1698   3.538466    33.8823       5961     4.1391     1.8941     1.7683 0.0000e+00
    134.000     8.1737   3.535984    33.8527       5985     4.1553     1.8950     1.7700 0.0000e+00
    133.000     8.1847   3.534195    33.8235       6011     4.1738     1.8966     1.7715 0.0000e+00
    132.000     8.2657   3.530032    33.7019       6048     4.1991     1.9048     1.7742 0.0000e+00
    131.000     8.2949   3.531777    33.6929       6077     4.2192     1.9144     1.7791 0.0000e+00
    130.000     8.4666   3.537940    33.5947       6097     4.2333     1.9229     1.7849 0.0000e+00
    129.000     8.5477   3.544281    33.5848       6119     4.2485     1.9332     1.7929 0.0000e+00
    128.000     8.6563   3.552596    33.5696       6150     4.2698     1.9485     1.8062 0.0000e+00
    127.000     8.7070   3.556647    33.5646       6182     4.2924     1.9620     1.8213 0.0000e+00
    126.000     8.8352   3.565072    33.5320       6206     4.3092     1.9684     1.8296 0.0000e+00
    125.000     8.9144   3.569809    33.5072       6229     4.3247     1.9750     1.8366 0.0000e+00
    124.000     8.9360   3.571348    33.5034       6253     4.3414     1.9812     1.8433 0.0000e+00
    123.000     8.9807   3.573972    33.4891       6280     4.3606     1.9870     1.8517 0.0000e+00
    122.000     9.0525   3.578211    33.4662       6311     4.3821     1.9955     1.8606 0.0000e+00
    121.000     9.1009   3.581057    33.4507       6340     4.4017     2.0022     1.8659 0.0000e+00
    120.000     9.1207   3.582606    33.4486       6364     4.4187     2.0059     1.8693 0.0000e+00
    119.000     9.1402   3.583634    33.4415       6389     4.4360     2.0079     1.8747 0.0000e+00
    118.000     9.1596   3.584807    33.4360       6418     4.4559     2.0107     1.8799 0.0000e+00
    117.000     9.1625   3.584724    33.4329       6448     4.4770     2.0157     1.8824 0.0000e+00
    116.000     9.1887   3.586054    33.4225       6475     4.4960     2.0200     1.8838 0.0000e+00
    115.000     9.1957   3.586437    33.4204       6502     4.5145     2.0236     1.8860 0.0000e+00
    114.000     9.2068   3.586847    33.4147       6529     4.5331     2.0261     1.8879 0.0000e+00
    113.000     9.2274   3.587355    33.4012       6554     4.5504     2.0283     1.8904 0.0000e+00
    112.000     9.2491   3.588000    33.3880       6580     4.5685     2.0313     1.8936 0.0000e+00
    111.000     9.2640   3.588337    33.3780       6612     4.5912     2.0337     1.8970 0.0000e+00
    110.000     9.2799   3.588689    33.3673       6645     4.6142     2.0364     1.9013 0.0000e+00
    109.000     9.3057   3.589469    33.3518       6670     4.6311     2.0375     1.9046 0.0000e+00
    108.000     9.3082   3.589660    33.3519       6692     4.6468     2.0410     1.9064 0.0000e+00
    107.000     9.3270   3.589995    33.3382       6718     4.6646     2.0463     1.9076 0.0000e+00
    106.000     9.3341   3.589929    33.3314       6750     4.6866     2.0520     1.9107 0.0000e+00
    105.000     9.3352   3.589375    33.3251       6779     4.7066     2.0533     1.9145 0.0000e+00
    104.000     9.3477   3.589572    33.3159       6802     4.7228     2.0543     1.9178 0.0000e+00
    103.000     9.3572   3.589881    33.3108       6825     4.7388     2.0567     1.9212 0.0000e+00
    102.000     9.3588   3.589926    33.3102       6851     4.7571     2.0594     1.9242 0.0000e+00
    101.000     9.3735   3.590283    33.3006       6879     4.7767     2.0613     1.9265 0.0000e+00
    100.000     9.3840   3.590569    33.2943       6906     4.7950     2.0629     1.9279 0.0000e+00
     99.000     9.3885   3.590615    33.2910       6933     4.8136     2.0655     1.9290 0.0000e+00
     98.000     9.3989   3.590684    33.2825       6960     4.8328     2.0686     1.9319 0.0000e+00
     97.000     9.4047   3.590673    33.2774       6986     4.8509     2.0723     1.9331 0.0000e+00
     96.000     9.4069   3.590690    33.2760       7012     4.8687     2.0737     1.9350 0.0000e+00
     95.000     9.4119   3.590774    33.2727       7041     4.8890     2.0752     1.9368 0.0000e+00
     94.000     9.4155   3.590701    33.2691       7072     4.9107     2.0757     1.9388 0.0000e+00
     93.000     9.4206   3.590601    33.2637       7099     4.9292     2.0782     1.9405 0.0000e+00
     92.000     9.4250   3.590748    33.2616       7125     4.9472     2.0790     1.9416 0.0000e+00
     91.000     9.4276   3.590809    33.2603       7154     4.9674     2.0795     1.9439 0.0000e+00
     90.000     9.4283   3.590760    33.2596       7185     4.9886     2.0802     1.9471 0.0000e+00
     89.000     9.4281   3.590682    33.2594       7212     5.0075     2.0810     1.9479 0.0000e+00
     88.000     9.4285   3.590642    33.2591       7237     5.0251     2.0813     1.9482 0.0000e+00
     87.000     9.4300   3.590666    33.2584       7266     5.0449     2.0834     1.9488 0.0000e+00
     86.000     9.4307   3.590662    33.2581       7299     5.0678     2.0865     1.9488 0.0000e+00
     85.000     9.4318   3.590629    33.2573       7328     5.0882     2.0878     1.9484 0.0000e+00
     84.000     9.4321   3.590619    33.2574       7354     5.1060     2.0895     1.9496 0.0000e+00
     83.000     9.4326   3.590609    33.2572       7380     5.1241     2.0890     1.9497 0.0000e+00
     82.000     9.4344   3.590601    33.2559       7407     5.1427     2.0881     1.9489 0.0000e+00
     81.000     9.4364   3.590563    33.2541       7434     5.1615     2.0873     1.9487 0.0000e+00
     80.000     9.4386   3.590517    33.2520       7460     5.1800     2.0881     1.9488 0.0000e+00
     79.000     9.4400   3.590403    33.2501       7489     5.1997     2.0889     1.9499 0.0000e+00
     78.000     9.4465   3.590133    33.2416       7517     5.2191     2.0903     1.9512 0.0000e+00
     77.000     9.4526   3.590166    33.2368       7540     5.2357     2.0915     1.9509 0.0000e+00
     76.000     9.4643   3.590453    33.2294       7564     5.2518     2.0929     1.9528 0.0000e+00
     75.000     9.4793   3.590895    33.2204       7590     5.2703     2.0942     1.9542 0.0000e+00
     74.000     9.4884   3.591196    33.2156       7620     5.2908     2.0951     1.9564 0.0000e+00
     73.000     9.5028   3.591664    33.2075       7649     5.3112     2.0966     1.9586 0.0000e+00
     72.000     9.5081   3.591869    33.2051       7676     5.3296     2.0968     1.9596 0.0000e+00
     71.000     9.5129   3.592015    33.2026       7699     5.3460     2.0980     1.9619 0.0000e+00
     70.000     9.5177   3.592199    33.2006       7722     5.3618     2.0997     1.9637 0.0000e+00
     69.000     9.5270   3.592525    33.1958       7747     5.3794     2.1032     1.9637 0.0000e+00
     68.000     9.5365   3.592876    33.1910       7778     5.4010     2.1061     1.9657 0.0000e+00
     67.000     9.5437   3.593057    33.1867       7811     5.4233     2.1071     1.9683 0.0000e+00
     66.000     9.5470   3.593159    33.1852       7838     5.4422     2.1082     1.9684 0.0000e+00
     65.000     9.5472   3.593179    33.1856       7867     5.4624     2.1077     1.9684 0.0000e+00
     64.000     9.5503   3.593266    33.1841       7901     5.4859     2.1062     1.9681 0.0000e+00
     63.000     9.5680   3.593837    33.1740       7932     5.5073     2.1078     1.9694 0.0000e+00
     62.000     9.5775   3.594286    33.1703       7956     5.5245     2.1096     1.9710 0.0000e+00
     61.000     9.5819   3.594481    33.1687       7981     5.5419     2.1115     1.9721 0.0000e+00
     60.000     9.5914   3.594920    33.1648       8015     5.5651     2.1151     1.9746 0.0000e+00
     59.000     9.5970   3.595128    33.1623       8050     5.5897     2.1170     1.9762 0.0000e+00
     58.000     9.6026   3.595366    33.1600       8073     5.6058     2.1167     1.9773 0.0000e+00
     57.000     9.6040   3.595475    33.1603       8092     5.6189     2.1168     1.9784 0.0000e+00
     56.000     9.6114   3.595854    33.1578       8113     5.6335     2.1160     1.9794 0.0000e+00
     55.000     9.6161   3.596143    33.1568       8147     5.6570     2.1167     1.9795 0.0000e+00
     54.000     9.6236   3.596387    33.1529       8181     5.6808     2.1195     1.9803 0.0000e+00
     53.000     9.6348   3.596787    33.1471       8203     5.6961     2.1206     1.9806 0.0000e+00
     52.000     9.6370   3.596921    33.1469       8224     5.7102     2.1214     1.9818 0.0000e+00
     51.000     9.6407   3.597141    33.1462       8248     5.7273     2.1207     1.9811 0.0000e+00
     50.000     9.6476   3.597460    33.1435       8281     5.7497     2.1232     1.9829 0.0000e+00
     49.000     9.6563   3.597774    33.1392       8310     5.7703     2.1268     1.9863 0.0000e+00
     48.000     9.6632   3.597975    33.1353       8334     5.7865     2.1270     1.9871 0.0000e+00
     47.000     9.6666   3.597985    33.1327       8356     5.8018     2.1270     1.9869 0.0000e+00
     46.000     9.6785   3.598002    33.1224       8381     5.8196     2.1293     1.9878 0.0000e+00
     45.000     9.6891   3.597382    33.1068       8412     5.8412     2.1323     1.9883 0.0000e+00
     44.000     9.6998   3.596314    33.0864       8442     5.8615     2.1358     1.9896 0.0000e+00
     43.000     9.7052   3.595794    33.0766       8467     5.8795     2.1383     1.9910 0.0000e+00
     42.000     9.7003   3.593929    33.0624       8493     5.8970     2.1386     1.9938 0.0000e+00
     41.000     9.6886   3.591070    33.0444       8519     5.9152     2.1403     1.9977 0.0000e+00
     40.000     9.6792   3.588730    33.0296       8547     5.9346     2.1469     2.0019 0.0000e+00
     39.000     9.6970   3.587638    33.0024       8576     5.9548     2.1547     2.0064 0.0000e+00
     38.000     9.7701   3.590464    32.9648       8602     5.9731     2.1602     2.0116 0.0000e+00
     37.000     9.8484   3.594929    32.9392       8629     5.9913     2.1706     2.0160 0.0000e+00
     36.000     9.9701   3.600433    32.8846       8659     6.0122     2.1893     2.0268 0.0000e+00
     35.000    10.0315   3.602775    32.8530       8688     6.0326     2.2142     2.0388 0.0000e+00
     34.000    10.1650   3.608635    32.7916       8711     6.0484     2.2330     2.0499 0.0000e+00
     33.000    10.2593   3.612680    32.7476       8733     6.0641     2.2505     2.0635 0.0000e+00
     32.000    10.3172   3.615343    32.7226       8765     6.0860     2.2936     2.0910 0.0000e+00
     31.000    10.3813   3.617976    32.6919       8803     6.1128     2.3527     2.1330 0.0000e+00
     30.000    10.4031   3.618583    32.6788       8828     6.1297     2.3764     2.1614 0.0000e+00
     29.000    10.4102   3.619169    32.6787       8848     6.1439     2.3876     2.1848 0.0000e+00
     28.000    10.4142   3.619365    32.6776       8872     6.1603     2.3981     2.2070 0.0000e+00
     27.000    10.4216   3.619884    32.6766       8908     6.1854     2.4132     2.2344 0.0000e+00
     26.000    10.4181   3.619562    32.6769       8942     6.2091     2.4239     2.2515 0.0000e+00
     25.000    10.4216   3.619461    32.6732       8967     6.2261     2.4297     2.2591 0.0000e+00
     24.000    10.4209   3.619293    32.6726       8990     6.2424     2.4296     2.2632 0.0000e+00
     23.000    10.4220   3.618718    32.6662       9018     6.2619     2.4308     2.2707 0.0000e+00
     22.000    10.4214   3.617156    32.6515       9052     6.2854     2.4385     2.2794 0.0000e+00
     21.000    10.4239   3.615977    32.6379       9081     6.3057     2.4492     2.2855 0.0000e+00
     20.000    10.4373   3.616036    32.6269       9105     6.3223     2.4580     2.2919 0.0000e+00
     19.000    10.4567   3.616406    32.6136       9130     6.3392     2.4658     2.2972 0.0000e+00
     18.000    10.4836   3.616983    32.5958       9156     6.3573     2.4749     2.3032 0.0000e+00
     17.000    10.4900   3.617043    32.5911       9183     6.3766     2.4830     2.3103 0.0000e+00
     16.000    10.4980   3.617069    32.5847       9210     6.3955     2.4897     2.3155 0.0000e+00
     15.000    10.5013   3.617127    32.5827       9236     6.4131     2.4933     2.3207 0.0000e+00
     14.000    10.5031   3.617183    32.5820       9261     6.4304     2.4945     2.3244 0.0000e+00
     13.000    10.5029   3.617033    32.5811       9287     6.4485     2.4958     2.3266 0.0000e+00
     12.000    10.5034   3.616932    32.5802       9314     6.4674     2.4962     2.3297 0.0000e+00
     11.000    10.5034   3.616850    32.5798       9341     6.4863     2.4960     2.3326 0.0000e+00
     10.000    10.5029   3.616781    32.5799       9368     6.5046     2.4989     2.3350 0.0000e+00
      9.000    10.5027   3.616746    32.5803       9391     6.5210     2.4989     2.3370 0.0000e+00
      8.000    10.5020   3.616609    32.5799       9417     6.5392     2.4997     2.3372 0.0000e+00
      7.000    10.5007   3.616394    32.5794       9454     6.5645     2.5012     2.3379 0.0000e+00
      6.000    10.4919   3.615591    32.5796       9964     6.9188     2.5068     2.3392 0.0000e+00
      5.000    10.4880   3.615195    32.5796      10254     7.1198     2.5085     2.3411 0.0000e+00
      4.000    10.4901   3.615354    32.5797      10256     7.1212     2.5094     2.3414 0.0000e+00
      3.000    10.4897   3.615328    32.5803      10306     7.1560     2.5099     2.3425 0.0000e+00
