HB2407/CTD208.cnv
* Sea-Bird SBE 9 Data File:
* FileName = C:\cruise\data\CTD208.hex
* Software Version Seasave V 7.26.7.121
* Temperature SN = 4591
* Conductivity SN = 6006
* Number of Bytes Per Scan = 37
* Number of Voltage Words = 4
* Number of Scans Averaged by the Deck Unit = 1
* NMEA Latitude = 44 13.98 N
* NMEA Longitude = 067 40.97 W
* NMEA UTC (Time) = Nov 04 2024 21:15:42
* NMEA baud rate = 4800
** Ship: Bigelow HB2407
** Program:  Fall Bottom Trawl Survey
** Chief Scientist: John Galbraith
# nquan = 9
# nvalues = 204                         
# units = specified
# name 0 = depSM: Depth [salt water, m]
# name 1 = t090C: Temperature [ITS-90, deg C]
# name 2 = c0S/m: Conductivity [S/m]
# name 3 = sal00: Salinity, Practical [PSU]
# name 4 = scan: Scan Count
# name 5 = timeM: Time, Elapsed [minutes]
# name 6 = sbeox0V: Oxygen raw, SBE 43 [V]
# name 7 = sbeox1V: Oxygen raw, SBE 43, 2 [V]
# name 8 = flag: flag
# span 0 =      2.000,    104.000       
# span 1 =     9.8211,    10.4194       
# span 2 =   3.619375,   3.636227       
# span 3 =    32.7968,    33.2056       
# span 4 =        245,       7553       
# span 5 =     0.1694,     5.2446       
# span 6 =     2.1291,     2.3781       
# span 7 =     1.9872,     2.2235       
# span 8 = 0.0000e+00, 0.0000e+00       
# interval = meters: 1                  
# start_time = Nov 04 2024 21:15:42 [NMEA time, header]
# bad_flag = -9.990e-29
*END*
[from data line 161]
     44.000    10.2165   3.626160    32.9175       5698     3.9561     2.2769     2.1295 0.0000e+00
     43.000    10.2250   3.626943    32.9181       5725     3.9750     2.2744     2.1287 0.0000e+00
     42.000    10.2498   3.629230    32.9191       5752     3.9936     2.2711     2.1277 0.0000e+00
     41.000    10.2660   3.630688    32.9196       5779     4.0125     2.2699     2.1266 0.0000e+00
     40.000    10.2677   3.630890    32.9205       5807     4.0316     2.2702     2.1237 0.0000e+00
     39.000    10.2881   3.631599    32.9096       5834     4.0507     2.2719     2.1199 0.0000e+00
     38.000    10.2978   3.632336    32.9086       5860     4.0691     2.2726     2.1167 0.0000e+00
     37.000    10.3168   3.633181    32.9004       5886     4.0868     2.2721     2.1160 0.0000e+00
     36.000    10.3277   3.633709    32.8963       5912     4.1048     2.2729     2.1172 0.0000e+00
     35.000    10.3481   3.634312    32.8843       5939     4.1238     2.2761     2.1194 0.0000e+00
     34.000    10.3560   3.634518    32.8797       5967     4.1427     2.2786     2.1196 0.0000e+00
     33.000    10.3724   3.634636    32.8665       5993     4.1609     2.2811     2.1205 0.0000e+00
     32.000    10.3748   3.634776    32.8662       6019     4.1793     2.2858     2.1243 0.0000e+00
     31.000    10.3814   3.634714    32.8600       6047     4.1986     2.2905     2.1292 0.0000e+00
     30.000    10.3908   3.634698    32.8518       6075     4.2181     2.2945     2.1333 0.0000e+00
     29.000    10.3977   3.634812    32.8472       6103     4.2373     2.2985     2.1386 0.0000e+00
     28.000    10.4064   3.634941    32.8410       6129     4.2558     2.3042     2.1417 0.0000e+00
     27.000    10.4110   3.635010    32.8380       6155     4.2738     2.3061     2.1449 0.0000e+00
     26.000    10.4095   3.634648    32.8362       6181     4.2919     2.3062     2.1455 0.0000e+00
     25.000    10.3993   3.633138    32.8306       6208     4.3104     2.3080     2.1486 0.0000e+00
     24.000    10.3885   3.631515    32.8245       6235     4.3295     2.3130     2.1530 0.0000e+00
     23.000    10.3818   3.630491    32.8207       6264     4.3495     2.3206     2.1571 0.0000e+00
     22.000    10.3813   3.630359    32.8203       6292     4.3690     2.3280     2.1621 0.0000e+00
     21.000    10.3814   3.630113    32.8181       6319     4.3872     2.3282     2.1676 0.0000e+00
     20.000    10.3828   3.630092    32.8171       6345     4.4054     2.3287     2.1712 0.0000e+00
     19.000    10.3850   3.630134    32.8160       6372     4.4240     2.3312     2.1744 0.0000e+00
     18.000    10.3853   3.630065    32.8155       6399     4.4430     2.3326     2.1768 0.0000e+00
     17.000    10.3863   3.629980    32.8141       6427     4.4625     2.3324     2.1780 0.0000e+00
     16.000    10.3881   3.630055    32.8137       6455     4.4818     2.3358     2.1786 0.0000e+00
     15.000    10.3892   3.630011    32.8127       6482     4.5004     2.3382     2.1798 0.0000e+00
     14.000    10.3855   3.629492    32.8113       6508     4.5188     2.3380     2.1799 0.0000e+00
     13.000    10.3783   3.628542    32.8087       6535     4.5377     2.3414     2.1818 0.0000e+00
     12.000    10.3730   3.627782    32.8063       6564     4.5573     2.3466     2.1830 0.0000e+00
     11.000    10.3652   3.626739    32.8032       6592     4.5768     2.3533     2.1810 0.0000e+00
     10.000    10.3614   3.626146    32.8012       6622     4.5976     2.3604     2.1869 0.0000e+00
      9.000    10.3593   3.625822    32.8002       6654     4.6203     2.3640     2.1963 0.0000e+00
      8.000    10.3577   3.625519    32.7991       6687     4.6430     2.3674     2.2036 0.0000e+00
      7.000    10.3512   3.624770    32.7978       7094     4.9257     2.3762     2.2188 0.0000e+00
      6.000    10.3514   3.624767    32.7981       7427     5.1571     2.3771     2.2199 0.0000e+00
      5.000    10.3524   3.624814    32.7981       7452     5.1746     2.3759     2.2198 0.0000e+00
      4.000    10.3534   3.624857    32.7980       7486     5.1981     2.3761     2.2201 0.0000e+00
      3.000    10.3554   3.625000    32.7980       7520     5.2214     2.3781     2.2210 0.0000e+00
      2.000    10.3558   3.625060    32.7987       7553     5.2446     2.3767     2.2235 0.0000e+00
