HB2407/CTD213.cnv
* Sea-Bird SBE 9 Data File:
* FileName = C:\cruise\data\CTD213.hex
* Software Version Seasave V 7.26.7.121
* Temperature SN = 4591
* Conductivity SN = 6006
* Number of Bytes Per Scan = 37
* Number of Voltage Words = 4
* Number of Scans Averaged by the Deck Unit = 1
* NMEA Latitude = 43 46.91 N
* NMEA Longitude = 069 12.77 W
* NMEA UTC (Time) = Nov 06 2024 07:00:59
* NMEA baud rate = 4800
** Ship: Bigelow HB2407
** Program:  Fall Bottom Trawl Survey
** Chief Scientist: John Galbraith
# nquan = 9
# nvalues = 117                         
# units = specified
# name 0 = depSM: Depth [salt water, m]
# name 1 = t090C: Temperature [ITS-90, deg C]
# name 2 = c0S/m: Conductivity [S/m]
# name 3 = sal00: Salinity, Practical [PSU]
# name 4 = scan: Scan Count
# name 5 = timeM: Time, Elapsed [minutes]
# name 6 = sbeox0V: Oxygen raw, SBE 43 [V]
# name 7 = sbeox1V: Oxygen raw, SBE 43, 2 [V]
# name 8 = flag: flag
# span 0 =      2.000,     60.000       
# span 1 =    10.4311,    11.0209       
# span 2 =   3.633804,   3.654104       
# span 3 =    32.3908,    32.8001       
# span 4 =         30,       4059       
# span 5 =     0.0200,     2.8181       
# span 6 =     2.0902,     2.4820       
# span 7 =     1.9522,     2.3126       
# span 8 = 0.0000e+00, 0.0000e+00       
# interval = meters: 1                  
# start_time = Nov 06 2024 07:00:59 [NMEA time, header]
# bad_flag = -9.990e-29
*END*
      2.000    11.0209   3.643674    32.3908         30     0.0200     2.4792     2.3090 0.0000e+00
      3.000    11.0207   3.643743    32.3912         70     0.0481     2.4798     2.3092 0.0000e+00
      4.000    11.0208   3.643782    32.3911        293     0.2031     2.4820     2.3095 0.0000e+00
      5.000    11.0206   3.643859    32.3916        493     0.3415     2.4820     2.3115 0.0000e+00
      6.000    11.0205   3.643933    32.3920        503     0.3489     2.4812     2.3126 0.0000e+00
      7.000    11.0207   3.643996    32.3921        525     0.3638     2.4796     2.3123 0.0000e+00
      8.000    11.0207   3.644048    32.3921        552     0.3826     2.4765     2.3097 0.0000e+00
      9.000    11.0209   3.644125    32.3923        587     0.4068     2.4728     2.3091 0.0000e+00
     10.000    11.0207   3.644176    32.3925        617     0.4276     2.4715     2.3111 0.0000e+00
     11.000    11.0182   3.644246    32.3950        640     0.4437     2.4737     2.3110 0.0000e+00
     12.000    11.0158   3.644344    32.3977        663     0.4596     2.4751     2.3096 0.0000e+00
     13.000    11.0163   3.644338    32.3968        687     0.4765     2.4749     2.3076 0.0000e+00
     14.000    11.0122   3.644654    32.4031        715     0.4958     2.4737     2.3057 0.0000e+00
     15.000    11.0108   3.644929    32.4066        746     0.5176     2.4698     2.3053 0.0000e+00
     16.000    11.0103   3.645095    32.4082        777     0.5391     2.4667     2.3069 0.0000e+00
     17.000    11.0106   3.645130    32.4079        807     0.5595     2.4687     2.3067 0.0000e+00
     18.000    11.0112   3.645150    32.4071        832     0.5774     2.4698     2.3045 0.0000e+00
     19.000    11.0068   3.646126    32.4202        854     0.5923     2.4688     2.3029 0.0000e+00
     20.000    11.0039   3.646856    32.4296        874     0.6064     2.4698     2.3038 0.0000e+00
     21.000    11.0034   3.647169    32.4328        899     0.6236     2.4701     2.3033 0.0000e+00
     22.000    11.0029   3.647512    32.4361        940     0.6524     2.4655     2.3023 0.0000e+00
     23.000    11.0030   3.647761    32.4381        977     0.6780     2.4642     2.3002 0.0000e+00
     24.000    11.0035   3.648192    32.4415        997     0.6918     2.4659     2.3019 0.0000e+00
     25.000    11.0042   3.648448    32.4430       1014     0.7037     2.4663     2.3030 0.0000e+00
     26.000    11.0059   3.648968    32.4462       1033     0.7166     2.4665     2.3024 0.0000e+00
     27.000    11.0093   3.649833    32.4513       1063     0.7373     2.4661     2.3008 0.0000e+00
     28.000    11.0102   3.650025    32.4520       1108     0.7689     2.4666     2.2977 0.0000e+00
     29.000    11.0100   3.650127    32.4527       1134     0.7865     2.4674     2.3014 0.0000e+00
     30.000    11.0071   3.650200    32.4555       1153     0.8000     2.4646     2.3027 0.0000e+00
     31.000    11.0006   3.649884    32.4578       1173     0.8142     2.4610     2.3000 0.0000e+00
     32.000    10.9910   3.649547    32.4625       1202     0.8337     2.4603     2.2979 0.0000e+00
     33.000    10.9882   3.649565    32.4648       1241     0.8609     2.4563     2.2932 0.0000e+00
     34.000    10.9805   3.649988    32.4753       1269     0.8807     2.4490     2.2875 0.0000e+00
     35.000    10.9771   3.650338    32.4813       1289     0.8945     2.4429     2.2842 0.0000e+00
     36.000    10.9517   3.651865    32.5185       1309     0.9086     2.4383     2.2821 0.0000e+00
     37.000    10.9258   3.652568    32.5481       1337     0.9279     2.4297     2.2749 0.0000e+00
     38.000    10.9201   3.652611    32.5531       1375     0.9541     2.4003     2.2519 0.0000e+00
     39.000    10.9165   3.652654    32.5563       1406     0.9757     2.3742     2.2274 0.0000e+00
     40.000    10.9068   3.652801    32.5660       1431     0.9932     2.3617     2.2131 0.0000e+00
     41.000    10.8841   3.654104    32.5986       1454     1.0091     2.3539     2.2057 0.0000e+00
     42.000    10.8506   3.654063    32.6275       1478     1.0256     2.3442     2.1972 0.0000e+00
     43.000    10.8215   3.653907    32.6516       1507     1.0456     2.3227     2.1808 0.0000e+00
     44.000    10.8144   3.653920    32.6576       1541     1.0697     2.2904     2.1545 0.0000e+00
     45.000    10.8066   3.653353    32.6584       1571     1.0904     2.2688     2.1312 0.0000e+00
     46.000    10.7983   3.652988    32.6618       1594     1.1059     2.2589     2.1162 0.0000e+00
     47.000    10.7845   3.652415    32.6679       1615     1.1207     2.2506     2.1071 0.0000e+00
     48.000    10.7477   3.651060    32.6870       1640     1.1382     2.2438     2.0982 0.0000e+00
     49.000    10.7665   3.651706    32.6761       1675     1.1625     2.2352     2.0875 0.0000e+00
     50.000    10.7695   3.651896    32.6749       1709     1.1864     2.2252     2.0782 0.0000e+00
     51.000    10.7115   3.649659    32.7040       1737     1.2054     2.2243     2.0758 0.0000e+00
     52.000    10.6362   3.646825    32.7428       1761     1.2225     2.2222     2.0743 0.0000e+00
     53.000    10.6209   3.646066    32.7485       1785     1.2388     2.2102     2.0674 0.0000e+00
     54.000    10.6126   3.645532    32.7502       1811     1.2568     2.1910     2.0543 0.0000e+00
     55.000    10.6097   3.645300    32.7500       1843     1.2795     2.1722     2.0367 0.0000e+00
     56.000    10.5917   3.644197    32.7547       1876     1.3023     2.1633     2.0241 0.0000e+00
     57.000    10.5030   3.639260    32.7846       1902     1.3202     2.1594     2.0188 0.0000e+00
     58.000    10.5074   3.639469    32.7823       1926     1.3368     2.1551     2.0132 0.0000e+00
     59.000    10.4859   3.638214    32.7887       1954     1.3562     2.1484     2.0045 0.0000e+00
     60.000    10.5061   3.639329    32.7812       1974     1.3703     2.1446     1.9983 0.0000e+00
     59.000    10.4425   3.635462    32.8001       2124     1.4740     2.1242     1.9845 0.0000e+00
     58.000    10.4311   3.633804    32.7942       2664     1.8495     2.0902     1.9522 0.0000e+00
     57.000    10.5302   3.639739    32.7649       2575     1.7873     2.1166     1.9764 0.0000e+00
     56.000    10.5478   3.640679    32.7589       2600     1.8050     2.1212     1.9805 0.0000e+00
     55.000    10.5658   3.641682    32.7533       2626     1.8226     2.1280     1.9829 0.0000e+00
     54.000    10.5834   3.642661    32.7477       2650     1.8394     2.1329     1.9878 0.0000e+00
     53.000    10.5947   3.643403    32.7454       2673     1.8558     2.1385     1.9931 0.0000e+00
     52.000    10.6190   3.644638    32.7364       2698     1.8728     2.1427     1.9977 0.0000e+00
     51.000    10.6558   3.646458    32.7220       2724     1.8912     2.1452     2.0026 0.0000e+00
     50.000    10.6712   3.647241    32.7164       2752     1.9104     2.1508     2.0070 0.0000e+00
     49.000    10.6821   3.647683    32.7115       2778     1.9287     2.1582     2.0115 0.0000e+00
     48.000    10.7010   3.648445    32.7026       2802     1.9453     2.1668     2.0162 0.0000e+00
     47.000    10.7249   3.649260    32.6898       2826     1.9615     2.1717     2.0228 0.0000e+00
     46.000    10.7689   3.650767    32.6660       2850     1.9786     2.1768     2.0284 0.0000e+00
     45.000    10.7978   3.651693    32.6498       2879     1.9983     2.1882     2.0362 0.0000e+00
     44.000    10.8246   3.652228    32.6317       2912     2.0213     2.2069     2.0517 0.0000e+00
     43.000    10.8879   3.653032    32.5838       2941     2.0414     2.2217     2.0657 0.0000e+00
     42.000    10.9113   3.652886    32.5619       2963     2.0570     2.2333     2.0750 0.0000e+00
     41.000    10.9215   3.652394    32.5484       2984     2.0713     2.2497     2.0897 0.0000e+00
     40.000    10.9299   3.652259    32.5400       3006     2.0868     2.2736     2.1094 0.0000e+00
     39.000    10.9329   3.652226    32.5375       3037     2.1086     2.3055     2.1354 0.0000e+00
     38.000    10.9349   3.652100    32.5349       3075     2.1349     2.3259     2.1635 0.0000e+00
     37.000    10.9370   3.651791    32.5304       3101     2.1530     2.3360     2.1761 0.0000e+00
     36.000    10.9374   3.651743    32.5299       3121     2.1670     2.3414     2.1849 0.0000e+00
     35.000    10.9401   3.651648    32.5270       3141     2.1807     2.3457     2.1892 0.0000e+00
     34.000    10.9442   3.651498    32.5224       3168     2.1991     2.3500     2.1936 0.0000e+00
     33.000    10.9465   3.651381    32.5196       3208     2.2272     2.3561     2.1981 0.0000e+00
     32.000    10.9514   3.651257    32.5145       3240     2.2490     2.3645     2.2045 0.0000e+00
     31.000    10.9530   3.651187    32.5128       3261     2.2640     2.3693     2.2095 0.0000e+00
     30.000    10.9572   3.651011    32.5078       3282     2.2788     2.3717     2.2132 0.0000e+00
     29.000    10.9686   3.650304    32.4911       3310     2.2979     2.3775     2.2169 0.0000e+00
     28.000    10.9778   3.649876    32.4792       3342     2.3200     2.3865     2.2245 0.0000e+00
     27.000    11.0035   3.649639    32.4545       3370     2.3395     2.4002     2.2340 0.0000e+00
     26.000    11.0063   3.649050    32.4466       3397     2.3581     2.4122     2.2440 0.0000e+00
     25.000    11.0054   3.648900    32.4463       3425     2.3774     2.4291     2.2593 0.0000e+00
     24.000    11.0039   3.648131    32.4405       3451     2.3960     2.4412     2.2741 0.0000e+00
     23.000    11.0034   3.647711    32.4372       3479     2.4152     2.4485     2.2844 0.0000e+00
     22.000    11.0035   3.647304    32.4335       3509     2.4359     2.4568     2.2911 0.0000e+00
     21.000    11.0039   3.647011    32.4307       3537     2.4556     2.4633     2.2973 0.0000e+00
     20.000    11.0052   3.646495    32.4249       3562     2.4731     2.4653     2.3001 0.0000e+00
     19.000    11.0063   3.646064    32.4201       3590     2.4926     2.4636     2.3026 0.0000e+00
     18.000    11.0066   3.645869    32.4183       3623     2.5154     2.4663     2.3028 0.0000e+00
     17.000    11.0092   3.645349    32.4113       3652     2.5353     2.4654     2.3037 0.0000e+00
     16.000    11.0106   3.645057    32.4076       3676     2.5521     2.4669     2.3052 0.0000e+00
     15.000    11.0103   3.645047    32.4082       3699     2.5681     2.4701     2.3049 0.0000e+00
     14.000    11.0101   3.645010    32.4085       3725     2.5863     2.4720     2.3038 0.0000e+00
     13.000    11.0108   3.644850    32.4067       3759     2.6098     2.4689     2.3017 0.0000e+00
     12.000    11.0123   3.644582    32.4031       3791     2.6320     2.4719     2.3044 0.0000e+00
     11.000    11.0129   3.644455    32.4018       3817     2.6498     2.4726     2.3067 0.0000e+00
     10.000    11.0136   3.644369    32.4007       3841     2.6669     2.4718     2.3071 0.0000e+00
      9.000    11.0143   3.644281    32.3996       3865     2.6832     2.4714     2.3069 0.0000e+00
      8.000    11.0145   3.644206    32.3992       3890     2.7004     2.4717     2.3090 0.0000e+00
      7.000    11.0146   3.644162    32.3991       3923     2.7239     2.4744     2.3101 0.0000e+00
      6.000    11.0159   3.644067    32.3975       3959     2.7488     2.4734     2.3102 0.0000e+00
      5.000    11.0192   3.643963    32.3939       3981     2.7639     2.4725     2.3124 0.0000e+00
      4.000    11.0198   3.643897    32.3932       4003     2.7791     2.4742     2.3114 0.0000e+00
      3.000    11.0202   3.643849    32.3927       4029     2.7971     2.4764     2.3092 0.0000e+00
      2.000    11.0203   3.643822    32.3928       4059     2.8181     2.4723     2.3100 0.0000e+00
