HB2407/CTD220.cnv
* Sea-Bird SBE 9 Data File:
* FileName = C:\cruise\data\CTD220.hex
* Software Version Seasave V 7.26.7.121
* Temperature SN = 4591
* Conductivity SN = 6006
* Number of Bytes Per Scan = 37
* Number of Voltage Words = 4
* Number of Scans Averaged by the Deck Unit = 1
* NMEA Latitude = 42 48.54 N
* NMEA Longitude = 070 37.80 W
* NMEA UTC (Time) = Nov 07 2024 16:28:08
* NMEA baud rate = 4800
** Ship: Bigelow HB2407
** Program:  Fall Bottom Trawl Survey
** Chief Scientist: John Galbraith
# nquan = 9
# nvalues = 151                         
# units = specified
# name 0 = depSM: Depth [salt water, m]
# name 1 = t090C: Temperature [ITS-90, deg C]
# name 2 = c0S/m: Conductivity [S/m]
# name 3 = sal00: Salinity, Practical [PSU]
# name 4 = scan: Scan Count
# name 5 = timeM: Time, Elapsed [minutes]
# name 6 = sbeox0V: Oxygen raw, SBE 43 [V]
# name 7 = sbeox1V: Oxygen raw, SBE 43, 2 [V]
# name 8 = flag: flag
# span 0 =      1.000,     77.000       
# span 1 =     8.2351,    12.0857       
# span 2 =   3.411836,   3.705844       
# span 3 =    32.0542,    32.6516       
# span 4 =        135,       5130       
# span 5 =     0.0933,     3.5615       
# span 6 =     1.8108,     2.7469       
# span 7 =     1.6895,     2.5638       
# span 8 = 0.0000e+00, 0.0000e+00       
# interval = meters: 1                  
# start_time = Nov 07 2024 16:28:08 [NMEA time, header]
# bad_flag = -9.990e-29
*END*
      3.000    12.0842   3.705490    32.0680        135     0.0933     2.7415     2.5637 0.0000e+00
      4.000    12.0812   3.705300    32.0683        290     0.2010     2.7453     2.5635 0.0000e+00
      5.000    12.0813   3.705339    32.0681        334     0.2314     2.7434     2.5594 0.0000e+00
      6.000    12.0837   3.705550    32.0677        362     0.2506     2.7403     2.5602 0.0000e+00
      7.000    12.0857   3.705732    32.0673        387     0.2683     2.7432     2.5602 0.0000e+00
      8.000    12.0848   3.705844    32.0688        413     0.2861     2.7455     2.5618 0.0000e+00
      9.000    12.0538   3.703773    32.0750        439     0.3040     2.7469     2.5627 0.0000e+00
     10.000    12.0453   3.703272    32.0771        467     0.3233     2.7460     2.5638 0.0000e+00
     11.000    12.0448   3.703291    32.0773        496     0.3435     2.7448     2.5596 0.0000e+00
     12.000    11.9727   3.699549    32.1028        524     0.3633     2.7384     2.5560 0.0000e+00
     13.000    11.8442   3.692193    32.1421        551     0.3823     2.7321     2.5539 0.0000e+00
     14.000    11.8016   3.690059    32.1579        577     0.4000     2.7072     2.5415 0.0000e+00
     15.000    11.7533   3.686968    32.1692        603     0.4177     2.6659     2.5092 0.0000e+00
     16.000    11.6589   3.684707    32.2288        629     0.4364     2.6307     2.4727 0.0000e+00
     17.000    11.6444   3.687279    32.2659        658     0.4560     2.6047     2.4475 0.0000e+00
     18.000    11.6645   3.695128    32.3244        687     0.4764     2.5573     2.4096 0.0000e+00
     19.000    11.4377   3.676757    32.3428        716     0.4963     2.5087     2.3646 0.0000e+00
     20.000    11.2964   3.667965    32.3800        742     0.5145     2.4555     2.3183 0.0000e+00
     21.000    11.2106   3.665090    32.4267        768     0.5325     2.3956     2.2654 0.0000e+00
     22.000    11.1130   3.657168    32.4343        794     0.5507     2.3430     2.2128 0.0000e+00
     23.000    11.0180   3.649746    32.4444        821     0.5695     2.3064     2.1728 0.0000e+00
     24.000    10.9437   3.644587    32.4587        849     0.5891     2.2790     2.1422 0.0000e+00
     25.000    10.9025   3.642272    32.4717        877     0.6087     2.2556     2.1173 0.0000e+00
     26.000    10.8866   3.642154    32.4842        905     0.6276     2.2330     2.0950 0.0000e+00
     27.000    10.8154   3.637680    32.5026        932     0.6463     2.2149     2.0762 0.0000e+00
     28.000    10.7352   3.630978    32.5067        958     0.6646     2.2026     2.0635 0.0000e+00
     29.000    10.5929   3.617909    32.5026        985     0.6834     2.1937     2.0545 0.0000e+00
     30.000    10.4540   3.604641    32.4934       1013     0.7026     2.1844     2.0437 0.0000e+00
     31.000    10.4008   3.599577    32.4897       1041     0.7222     2.1665     2.0310 0.0000e+00
     32.000    10.4187   3.603089    32.5084       1070     0.7422     2.1459     2.0133 0.0000e+00
     33.000    10.4541   3.608912    32.5348       1097     0.7610     2.1324     1.9978 0.0000e+00
     34.000    10.3140   3.594746    32.5174       1123     0.7791     2.1298     1.9909 0.0000e+00
     35.000    10.1820   3.581737    32.5043       1149     0.7969     2.1268     1.9902 0.0000e+00
     36.000    10.1326   3.576598    32.4963       1176     0.8156     2.1182     1.9874 0.0000e+00
     37.000     9.9231   3.556073    32.4762       1204     0.8354     2.1098     1.9778 0.0000e+00
     38.000     9.5824   3.522767    32.4437       1233     0.8555     2.0943     1.9642 0.0000e+00
     39.000     9.3321   3.498299    32.4187       1261     0.8751     2.0736     1.9509 0.0000e+00
     40.000     9.2963   3.495419    32.4211       1288     0.8936     2.0540     1.9342 0.0000e+00
     41.000     9.2497   3.491956    32.4273       1313     0.9113     2.0394     1.9190 0.0000e+00
     42.000     9.0395   3.472682    32.4187       1340     0.9296     2.0278     1.9051 0.0000e+00
     43.000     8.9493   3.463603    32.4063       1368     0.9495     2.0157     1.8921 0.0000e+00
     44.000     8.8955   3.458864    32.4055       1398     0.9699     1.9973     1.8753 0.0000e+00
     45.000     8.9488   3.466448    32.4353       1426     0.9895     1.9799     1.8570 0.0000e+00
     46.000     8.8860   3.461454    32.4403       1453     1.0081     1.9699     1.8441 0.0000e+00
     47.000     8.8084   3.455293    32.4467       1478     1.0257     1.9640     1.8366 0.0000e+00
     48.000     8.5344   3.429361    32.4261       1504     1.0437     1.9606     1.8298 0.0000e+00
     49.000     8.4574   3.422539    32.4247       1531     1.0628     1.9501     1.8215 0.0000e+00
     50.000     8.5027   3.427757    32.4375       1560     1.0823     1.9357     1.8121 0.0000e+00
     51.000     8.5495   3.433066    32.4497       1590     1.1031     1.9255     1.8019 0.0000e+00
     52.000     8.5394   3.432825    32.4561       1620     1.1240     1.9221     1.7959 0.0000e+00
     53.000     8.5355   3.433472    32.4660       1647     1.1429     1.9183     1.7928 0.0000e+00
     54.000     8.5482   3.435502    32.4751       1672     1.1607     1.9172     1.7900 0.0000e+00
     55.000     8.4954   3.430855    32.4745       1698     1.1782     1.9143     1.7877 0.0000e+00
     56.000     8.4529   3.426988    32.4725       1724     1.1968     1.9106     1.7839 0.0000e+00
     57.000     8.4591   3.428727    32.4846       1753     1.2166     1.9042     1.7790 0.0000e+00
     58.000     8.4293   3.426852    32.4919       1782     1.2369     1.8993     1.7752 0.0000e+00
     59.000     8.4388   3.428215    32.4970       1811     1.2570     1.8961     1.7710 0.0000e+00
     60.000     8.4831   3.433682    32.5132       1839     1.2763     1.8933     1.7676 0.0000e+00
     61.000     8.5164   3.437747    32.5248       1866     1.2950     1.8908     1.7653 0.0000e+00
     62.000     8.4744   3.433945    32.5231       1892     1.3135     1.8888     1.7644 0.0000e+00
     63.000     8.4672   3.433760    32.5273       1919     1.3323     1.8856     1.7634 0.0000e+00
     64.000     8.4782   3.436377    32.5442       1947     1.3515     1.8832     1.7612 0.0000e+00
     65.000     8.4598   3.435993    32.5567       1976     1.3714     1.8826     1.7607 0.0000e+00
     66.000     8.3405   3.426384    32.5653       2004     1.3911     1.8825     1.7598 0.0000e+00
     67.000     8.2597   3.419083    32.5625       2031     1.4098     1.8807     1.7569 0.0000e+00
     68.000     8.2406   3.419144    32.5804       2058     1.4287     1.8721     1.7522 0.0000e+00
     69.000     8.2693   3.422443    32.5882       2087     1.4489     1.8588     1.7420 0.0000e+00
     70.000     8.2637   3.422058    32.5889       2116     1.4684     1.8460     1.7306 0.0000e+00
     71.000     8.2789   3.424050    32.5954       2142     1.4867     1.8384     1.7226 0.0000e+00
     72.000     8.2850   3.425440    32.6040       2168     1.5049     1.8336     1.7171 0.0000e+00
     73.000     8.3115   3.429435    32.6211       2196     1.5240     1.8304     1.7139 0.0000e+00
     74.000     8.3401   3.433150    32.6333       2225     1.5444     1.8300     1.7112 0.0000e+00
     75.000     8.3482   3.434829    32.6431       2254     1.5646     1.8324     1.7108 0.0000e+00
     76.000     8.3372   3.434317    32.6474       2281     1.5835     1.8338     1.7113 0.0000e+00
     77.000     8.2924   3.430814    32.6516       2579     1.7900     1.8163     1.6975 0.0000e+00
     76.000     8.3130   3.432082    32.6463       2948     2.0463     1.8108     1.6895 0.0000e+00
     75.000     8.3331   3.433503    32.6431       2963     2.0573     1.8116     1.6906 0.0000e+00
     74.000     8.3464   3.434375    32.6405       2992     2.0770     1.8137     1.6915 0.0000e+00
     73.000     8.3519   3.434654    32.6387       3018     2.0955     1.8183     1.6947 0.0000e+00
     72.000     8.3282   3.431502    32.6279       3044     2.1130     1.8224     1.6993 0.0000e+00
     71.000     8.3088   3.428437    32.6140       3068     2.1297     1.8258     1.7038 0.0000e+00
     70.000     8.2986   3.426411    32.6025       3092     2.1466     1.8265     1.7071 0.0000e+00
     69.000     8.2813   3.424119    32.5948       3118     2.1646     1.8268     1.7083 0.0000e+00
     68.000     8.2667   3.421900    32.5854       3146     2.1841     1.8260     1.7075 0.0000e+00
     67.000     8.2444   3.419078    32.5766       3175     2.2042     1.8238     1.7067 0.0000e+00
     66.000     8.2351   3.416586    32.5594       3202     2.2230     1.8233     1.7069 0.0000e+00
     65.000     8.2887   3.420447    32.5509       3228     2.2409     1.8246     1.7070 0.0000e+00
     64.000     8.3719   3.427202    32.5458       3254     2.2588     1.8304     1.7076 0.0000e+00
     63.000     8.4434   3.432755    32.5388       3280     2.2770     1.8397     1.7108 0.0000e+00
     62.000     8.4529   3.432782    32.5307       3307     2.2956     1.8531     1.7193 0.0000e+00
     61.000     8.4531   3.431556    32.5181       3334     2.3144     1.8642     1.7301 0.0000e+00
     60.000     8.4408   3.429866    32.5121       3361     2.3334     1.8703     1.7390 0.0000e+00
     59.000     8.3905   3.423903    32.4961       3388     2.3518     1.8735     1.7450 0.0000e+00
     58.000     8.3545   3.419203    32.4803       3413     2.3697     1.8749     1.7481 0.0000e+00
     57.000     8.3583   3.418333    32.4680       3439     2.3877     1.8753     1.7496 0.0000e+00
     56.000     8.4088   3.421967    32.4603       3466     2.4066     1.8760     1.7496 0.0000e+00
     55.000     8.4291   3.423510    32.4583       3495     2.4263     1.8779     1.7497 0.0000e+00
     54.000     8.4402   3.423730    32.4508       3523     2.4457     1.8785     1.7513 0.0000e+00
     53.000     8.4767   3.426559    32.4474       3549     2.4641     1.8811     1.7539 0.0000e+00
     52.000     8.4935   3.427642    32.4438       3575     2.4817     1.8834     1.7565 0.0000e+00
     51.000     8.5089   3.428487    32.4390       3600     2.4992     1.8865     1.7611 0.0000e+00
     50.000     8.4959   3.427119    32.4371       3627     2.5178     1.8907     1.7661 0.0000e+00
     49.000     8.4135   3.418212    32.4196       3656     2.5383     1.8949     1.7696 0.0000e+00
     48.000     8.3695   3.411836    32.3934       3685     2.5583     1.8961     1.7720 0.0000e+00
     47.000     8.4855   3.420284    32.3762       3712     2.5772     1.8965     1.7727 0.0000e+00
     46.000     8.6707   3.438259    32.3953       3738     2.5952     1.9008     1.7725 0.0000e+00
     45.000     8.7689   3.447114    32.3984       3763     2.6126     1.9083     1.7745 0.0000e+00
     44.000     8.8619   3.455047    32.3966       3788     2.6301     1.9204     1.7805 0.0000e+00
     43.000     8.8901   3.455961    32.3807       3815     2.6487     1.9326     1.7923 0.0000e+00
     42.000     8.9523   3.460381    32.3705       3843     2.6682     1.9404     1.8032 0.0000e+00
     41.000     9.0805   3.471945    32.3742       3872     2.6881     1.9459     1.8111 0.0000e+00
     40.000     9.1658   3.479848    32.3789       3900     2.7079     1.9535     1.8175 0.0000e+00
     39.000     9.2302   3.485386    32.3780       3927     2.7264     1.9629     1.8254 0.0000e+00
     38.000     9.3027   3.491020    32.3709       3953     2.7444     1.9744     1.8352 0.0000e+00
     37.000     9.4067   3.500855    32.3784       3979     2.7625     1.9869     1.8444 0.0000e+00
     36.000     9.6259   3.521643    32.3938       4005     2.7806     2.0019     1.8552 0.0000e+00
     35.000     9.9176   3.549615    32.4165       4031     2.7988     2.0156     1.8666 0.0000e+00
     34.000    10.0696   3.564978    32.4363       4058     2.8174     2.0339     1.8823 0.0000e+00
     33.000    10.2481   3.583122    32.4599       4085     2.8362     2.0559     1.9008 0.0000e+00
     32.000    10.3633   3.595220    32.4789       4113     2.8553     2.0770     1.9202 0.0000e+00
     31.000    10.3826   3.595772    32.4678       4140     2.8743     2.0950     1.9382 0.0000e+00
     30.000    10.4158   3.597253    32.4534       4167     2.8932     2.1056     1.9539 0.0000e+00
     29.000    10.5334   3.607809    32.4547       4194     2.9117     2.1100     1.9630 0.0000e+00
     28.000    10.6779   3.620905    32.4573       4220     2.9295     2.1182     1.9679 0.0000e+00
     27.000    10.7524   3.628050    32.4628       4246     2.9476     2.1305     1.9748 0.0000e+00
     26.000    10.8239   3.633932    32.4582       4272     2.9658     2.1442     1.9858 0.0000e+00
     25.000    10.8534   3.636511    32.4581       4299     2.9845     2.1579     1.9999 0.0000e+00
     24.000    10.8854   3.638261    32.4476       4326     3.0038     2.1667     2.0114 0.0000e+00
     23.000    10.9453   3.641213    32.4242       4353     3.0224     2.1728     2.0204 0.0000e+00
     22.000    11.0069   3.645191    32.4096       4379     3.0402     2.1777     2.0283 0.0000e+00
     21.000    11.0727   3.650183    32.4013       4404     3.0579     2.1895     2.0363 0.0000e+00
     20.000    11.1532   3.656623    32.3944       4430     3.0759     2.2037     2.0464 0.0000e+00
     19.000    11.2366   3.661892    32.3733       4457     3.0946     2.2219     2.0584 0.0000e+00
     18.000    11.3428   3.667316    32.3338       4485     3.1136     2.2413     2.0735 0.0000e+00
     17.000    11.5339   3.680337    32.2946       4512     3.1327     2.2634     2.0893 0.0000e+00
     16.000    11.6150   3.685165    32.2714       4539     3.1515     2.2945     2.1075 0.0000e+00
     15.000    11.6394   3.683346    32.2329       4566     3.1699     2.3310     2.1349 0.0000e+00
     14.000    11.7051   3.683518    32.1779       4591     3.1874     2.3679     2.1691 0.0000e+00
     13.000    11.7577   3.684924    32.1464       4616     3.2046     2.4138     2.2032 0.0000e+00
     12.000    11.7969   3.686627    32.1295       4641     3.2224     2.4708     2.2471 0.0000e+00
     11.000    11.9168   3.692846    32.0866       4668     3.2413     2.5193     2.3068 0.0000e+00
     10.000    11.9921   3.697343    32.0657       4697     3.2612     2.5610     2.3554 0.0000e+00
      9.000    12.0360   3.700039    32.0543       4725     3.2808     2.6110     2.3997 0.0000e+00
      8.000    12.0549   3.701661    32.0542       4751     3.2989     2.6553     2.4418 0.0000e+00
      7.000    12.0588   3.702065    32.0551       4777     3.3167     2.6826     2.4786 0.0000e+00
      6.000    12.0623   3.702385    32.0556       4802     3.3341     2.7033     2.5041 0.0000e+00
      5.000    12.0650   3.702688    32.0566       4827     3.3515     2.7167     2.5187 0.0000e+00
      4.000    12.0662   3.702867    32.0577       4855     3.3708     2.7241     2.5308 0.0000e+00
      3.000    12.0796   3.704110    32.0586       4945     3.4332     2.7327     2.5491 0.0000e+00
      2.000    12.0798   3.704308    32.0607       5105     3.5444     2.7378     2.5579 0.0000e+00
      1.000    12.0780   3.704121    32.0609       5130     3.5615     2.7374     2.5578 0.0000e+00
