HB2407/CTD230.cnv
* Sea-Bird SBE 9 Data File:
* FileName = C:\cruise\data\CTD230.hex
* Software Version Seasave V 7.26.7.121
* Temperature SN = 4591
* Conductivity SN = 6006
* Number of Bytes Per Scan = 37
* Number of Voltage Words = 4
* Number of Scans Averaged by the Deck Unit = 1
* NMEA Latitude = 42 22.44 N
* NMEA Longitude = 070 49.06 W
* NMEA UTC (Time) = Nov 09 2024 06:38:16
* NMEA baud rate = 4800
** Ship: Bigelow HB2407
** Program:  Fall Bottom Trawl Survey
** Chief Scientist: John Galbraith
# nquan = 9
# nvalues = 38                          
# units = specified
# name 0 = depSM: Depth [salt water, m]
# name 1 = t090C: Temperature [ITS-90, deg C]
# name 2 = c0S/m: Conductivity [S/m]
# name 3 = sal00: Salinity, Practical [PSU]
# name 4 = scan: Scan Count
# name 5 = timeM: Time, Elapsed [minutes]
# name 6 = sbeox0V: Oxygen raw, SBE 43 [V]
# name 7 = sbeox1V: Oxygen raw, SBE 43, 2 [V]
# name 8 = flag: flag
# span 0 =      2.000,     21.000       
# span 1 =    11.5502,    11.8666       
# span 2 =   3.663936,   3.679741       
# span 3 =    31.9980,    32.1196       
# span 4 =        218,       1862       
# span 5 =     0.1506,     1.2925       
# span 6 =     2.3214,     2.4690       
# span 7 =     2.1533,     2.2950       
# span 8 = 0.0000e+00, 0.0000e+00       
# interval = meters: 1                  
# start_time = Nov 09 2024 06:38:16 [NMEA time, header]
# bad_flag = -9.990e-29
*END*
      3.000    11.8509   3.677830    32.0015        218     0.1506     2.4657     2.2895 0.0000e+00
      4.000    11.8509   3.677927    32.0020        441     0.3055     2.4625     2.2884 0.0000e+00
      5.000    11.8546   3.678318    32.0022        460     0.3187     2.4643     2.2898 0.0000e+00
      6.000    11.8565   3.678622    32.0031        485     0.3358     2.4632     2.2929 0.0000e+00
      7.000    11.8568   3.678640    32.0026        512     0.3549     2.4617     2.2932 0.0000e+00
      8.000    11.8605   3.678995    32.0024        542     0.3757     2.4642     2.2922 0.0000e+00
      9.000    11.8642   3.679456    32.0033        570     0.3953     2.4664     2.2935 0.0000e+00
     10.000    11.8649   3.679551    32.0032        597     0.4140     2.4685     2.2950 0.0000e+00
     11.000    11.8666   3.679702    32.0028        623     0.4319     2.4672     2.2941 0.0000e+00
     12.000    11.8666   3.679741    32.0027        649     0.4500     2.4638     2.2914 0.0000e+00
     13.000    11.8634   3.679490    32.0026        677     0.4692     2.4634     2.2909 0.0000e+00
     14.000    11.8484   3.678761    32.0081        703     0.4873     2.4615     2.2906 0.0000e+00
     15.000    11.8418   3.678599    32.0118        728     0.5046     2.4613     2.2906 0.0000e+00
     16.000    11.8265   3.678106    32.0197        754     0.5230     2.4588     2.2906 0.0000e+00
     17.000    11.7485   3.674319    32.0499        782     0.5427     2.4543     2.2867 0.0000e+00
     18.000    11.6748   3.670566    32.0766        809     0.5608     2.4458     2.2803 0.0000e+00
     19.000    11.5502   3.663936    32.1196        834     0.5784     2.4318     2.2695 0.0000e+00
     20.000    11.5557   3.663997    32.1150        861     0.5976     2.4090     2.2497 0.0000e+00
     21.000    11.5899   3.665461    32.0992       1188     0.8243     2.3214     2.1533 0.0000e+00
     20.000    11.6266   3.667156    32.0843       1209     0.8387     2.3323     2.1758 0.0000e+00
     19.000    11.6545   3.668709    32.0757       1250     0.8674     2.3263     2.1685 0.0000e+00
     18.000    11.6761   3.669925    32.0693       1279     0.8876     2.3412     2.1731 0.0000e+00
     17.000    11.6955   3.670822    32.0616       1308     0.9077     2.3587     2.1863 0.0000e+00
     16.000    11.7280   3.672407    32.0494       1335     0.9262     2.3706     2.1999 0.0000e+00
     15.000    11.7774   3.674756    32.0300       1360     0.9438     2.3840     2.2073 0.0000e+00
     14.000    11.8143   3.676488    32.0154       1385     0.9611     2.4012     2.2181 0.0000e+00
     13.000    11.8288   3.677284    32.0110       1410     0.9783     2.4159     2.2295 0.0000e+00
     12.000    11.8373   3.677685    32.0080       1435     0.9960     2.4266     2.2412 0.0000e+00
     11.000    11.8448   3.678082    32.0059       1462     1.0142     2.4367     2.2525 0.0000e+00
     10.000    11.8491   3.678343    32.0051       1487     1.0321     2.4430     2.2605 0.0000e+00
      9.000    11.8546   3.678603    32.0032       1515     1.0514     2.4472     2.2679 0.0000e+00
      8.000    11.8596   3.678849    32.0018       1542     1.0698     2.4541     2.2746 0.0000e+00
      7.000    11.8615   3.679013    32.0022       1564     1.0855     2.4572     2.2795 0.0000e+00
      6.000    11.8616   3.678555    31.9980       1588     1.1018     2.4579     2.2842 0.0000e+00
      5.000    11.8591   3.678666    32.0016       1619     1.1237     2.4566     2.2888 0.0000e+00
      4.000    11.8575   3.678534    32.0022       1649     1.1448     2.4595     2.2888 0.0000e+00
      3.000    11.8560   3.678419    32.0028       1674     1.1616     2.4623     2.2882 0.0000e+00
      2.000    11.8513   3.677915    32.0024       1862     1.2925     2.4690     2.2934 0.0000e+00
