HB2407/CTD232.cnv
* Sea-Bird SBE 9 Data File:
* FileName = C:\cruise\data\CTD232.hex
* Software Version Seasave V 7.26.7.121
* Temperature SN = 4591
* Conductivity SN = 6006
* Number of Bytes Per Scan = 37
* Number of Voltage Words = 4
* Number of Scans Averaged by the Deck Unit = 1
* NMEA Latitude = 42 15.70 N
* NMEA Longitude = 070 39.80 W
* NMEA UTC (Time) = Nov 09 2024 13:36:28
* NMEA baud rate = 4800
** Ship: Bigelow HB2407
** Program:  Fall Bottom Trawl Survey
** Chief Scientist: John Galbraith
# nquan = 9
# nvalues = 44                          
# units = specified
# name 0 = depSM: Depth [salt water, m]
# name 1 = t090C: Temperature [ITS-90, deg C]
# name 2 = c0S/m: Conductivity [S/m]
# name 3 = sal00: Salinity, Practical [PSU]
# name 4 = scan: Scan Count
# name 5 = timeM: Time, Elapsed [minutes]
# name 6 = sbeox0V: Oxygen raw, SBE 43 [V]
# name 7 = sbeox1V: Oxygen raw, SBE 43, 2 [V]
# name 8 = flag: flag
# span 0 =      2.000,     24.000       
# span 1 =    11.8647,    11.8795       
# span 2 =   3.671154,   3.674916       
# span 3 =    31.9216,    31.9464       
# span 4 =         64,       2025       
# span 5 =     0.0440,     1.4059       
# span 6 =     2.4870,     2.5062       
# span 7 =     2.3094,     2.3315       
# span 8 = 0.0000e+00, 0.0000e+00       
# interval = meters: 1                  
# start_time = Nov 09 2024 13:36:28 [NMEA time, header]
# bad_flag = -9.990e-29
*END*
      3.000    11.8687   3.671154    31.9216         64     0.0440     2.5062     2.3315 0.0000e+00
      4.000    11.8685   3.673742    31.9464        410     0.2843     2.5044     2.3258 0.0000e+00
      5.000    11.8689   3.673384    31.9422        448     0.3101     2.4985     2.3233 0.0000e+00
      6.000    11.8662   3.673197    31.9423        463     0.3210     2.4974     2.3247 0.0000e+00
      7.000    11.8720   3.673658    31.9413        487     0.3372     2.4988     2.3266 0.0000e+00
      8.000    11.8753   3.674019    31.9416        518     0.3591     2.4970     2.3262 0.0000e+00
      9.000    11.8739   3.673922    31.9415        555     0.3845     2.4975     2.3226 0.0000e+00
     10.000    11.8761   3.674172    31.9416        585     0.4055     2.4971     2.3234 0.0000e+00
     11.000    11.8755   3.674147    31.9414        609     0.4226     2.4986     2.3251 0.0000e+00
     12.000    11.8795   3.674527    31.9412        633     0.4392     2.4963     2.3230 0.0000e+00
     13.000    11.8792   3.674564    31.9415        665     0.4613     2.4951     2.3260 0.0000e+00
     14.000    11.8784   3.674556    31.9417        701     0.4860     2.4963     2.3270 0.0000e+00
     15.000    11.8788   3.674637    31.9417        727     0.5038     2.4965     2.3246 0.0000e+00
     16.000    11.8779   3.674598    31.9416        751     0.5209     2.4962     2.3242 0.0000e+00
     17.000    11.8781   3.674662    31.9417        786     0.5449     2.4939     2.3211 0.0000e+00
     18.000    11.8777   3.674695    31.9419        822     0.5699     2.4934     2.3186 0.0000e+00
     19.000    11.8771   3.674680    31.9419        847     0.5874     2.4952     2.3198 0.0000e+00
     20.000    11.8771   3.674745    31.9421        869     0.6026     2.4948     2.3187 0.0000e+00
     21.000    11.8776   3.674845    31.9422        894     0.6202     2.4935     2.3164 0.0000e+00
     22.000    11.8781   3.674916    31.9421        925     0.6417     2.4939     2.3173 0.0000e+00
     23.000    11.8768   3.674863    31.9423       1012     0.7020     2.4894     2.3141 0.0000e+00
     24.000    11.8752   3.674711    31.9418       1283     0.8905     2.4870     2.3094 0.0000e+00
     23.000    11.8766   3.674715    31.9411       1279     0.8878     2.4893     2.3122 0.0000e+00
     22.000    11.8756   3.674625    31.9414       1352     0.9385     2.4881     2.3152 0.0000e+00
     21.000    11.8771   3.674671    31.9410       1423     0.9874     2.4879     2.3150 0.0000e+00
     20.000    11.8774   3.674681    31.9413       1442     1.0005     2.4894     2.3161 0.0000e+00
     19.000    11.8774   3.674644    31.9413       1459     1.0123     2.4904     2.3161 0.0000e+00
     18.000    11.8782   3.674662    31.9412       1478     1.0254     2.4899     2.3161 0.0000e+00
     17.000    11.8791   3.674704    31.9412       1501     1.0418     2.4897     2.3161 0.0000e+00
     16.000    11.8793   3.674692    31.9413       1537     1.0666     2.4935     2.3171 0.0000e+00
     15.000    11.8792   3.674628    31.9412       1590     1.1036     2.4913     2.3189 0.0000e+00
     14.000    11.8791   3.674573    31.9412       1610     1.1174     2.4885     2.3191 0.0000e+00
     13.000    11.8783   3.674501    31.9416       1625     1.1281     2.4899     2.3188 0.0000e+00
     12.000    11.8765   3.674316    31.9417       1639     1.1378     2.4921     2.3196 0.0000e+00
     11.000    11.8729   3.673980    31.9421       1655     1.1486     2.4930     2.3191 0.0000e+00
     10.000    11.8698   3.673623    31.9417       1700     1.1799     2.4958     2.3189 0.0000e+00
      9.000    11.8715   3.673669    31.9410       1748     1.2135     2.4964     2.3221 0.0000e+00
      8.000    11.8717   3.673666    31.9413       1765     1.2248     2.4977     2.3213 0.0000e+00
      7.000    11.8694   3.673452    31.9416       1781     1.2365     2.4982     2.3204 0.0000e+00
      6.000    11.8685   3.673349    31.9417       1804     1.2519     2.4990     2.3197 0.0000e+00
      5.000    11.8671   3.673193    31.9419       1836     1.2745     2.5003     2.3182 0.0000e+00
      4.000    11.8678   3.673194    31.9417       1876     1.3023     2.4961     2.3214 0.0000e+00
      3.000    11.8657   3.672877    31.9408       1956     1.3575     2.4978     2.3239 0.0000e+00
      2.000    11.8647   3.672768    31.9410       2025     1.4059     2.5013     2.3287 0.0000e+00
