HB2407/CTD239.cnv
* Sea-Bird SBE 9 Data File:
* FileName = C:\cruise\data\CTD239.hex
* Software Version Seasave V 7.26.7.121
* Temperature SN = 4591
* Conductivity SN = 6006
* Number of Bytes Per Scan = 37
* Number of Voltage Words = 4
* Number of Scans Averaged by the Deck Unit = 1
* NMEA Latitude = 41 57.78 N
* NMEA Longitude = 070 15.72 W
* NMEA UTC (Time) = Nov 10 2024 14:18:02
* NMEA baud rate = 4800
** Ship: Bigelow HB2407
** Program:  Fall Bottom Trawl Survey
** Chief Scientist: John Galbraith
# nquan = 9
# nvalues = 61                          
# units = specified
# name 0 = depSM: Depth [salt water, m]
# name 1 = t090C: Temperature [ITS-90, deg C]
# name 2 = c0S/m: Conductivity [S/m]
# name 3 = sal00: Salinity, Practical [PSU]
# name 4 = scan: Scan Count
# name 5 = timeM: Time, Elapsed [minutes]
# name 6 = sbeox0V: Oxygen raw, SBE 43 [V]
# name 7 = sbeox1V: Oxygen raw, SBE 43, 2 [V]
# name 8 = flag: flag
# span 0 =      1.000,     32.000       
# span 1 =    12.6205,    12.6497       
# span 2 =   3.722168,   3.722998       
# span 3 =    31.7525,    31.7609       
# span 4 =        303,       2619       
# span 5 =     0.2096,     1.8181       
# span 6 =     2.4418,     2.4838       
# span 7 =     2.2620,     2.3144       
# span 8 = 0.0000e+00, 0.0000e+00       
# interval = meters: 1                  
# start_time = Nov 10 2024 14:18:02 [NMEA time, header]
# bad_flag = -9.990e-29
*END*
      3.000    12.6493   3.722843    31.7531        303     0.2096     2.4838     2.3098 0.0000e+00
      4.000    12.6492   3.722916    31.7534        671     0.4654     2.4804     2.3118 0.0000e+00
      5.000    12.6497   3.722998    31.7534        711     0.4929     2.4803     2.3143 0.0000e+00
      6.000    12.6467   3.722753    31.7532        737     0.5114     2.4783     2.3144 0.0000e+00
      7.000    12.6467   3.722782    31.7530        763     0.5291     2.4776     2.3120 0.0000e+00
      8.000    12.6468   3.722856    31.7532        789     0.5471     2.4799     2.3101 0.0000e+00
      9.000    12.6455   3.722788    31.7533        817     0.5665     2.4821     2.3091 0.0000e+00
     10.000    12.6417   3.722512    31.7535        844     0.5856     2.4813     2.3074 0.0000e+00
     11.000    12.6404   3.722433    31.7535        870     0.6035     2.4779     2.3043 0.0000e+00
     12.000    12.6388   3.722324    31.7534        896     0.6214     2.4758     2.3021 0.0000e+00
     13.000    12.6383   3.722325    31.7534        923     0.6405     2.4728     2.3004 0.0000e+00
     14.000    12.6379   3.722336    31.7534        951     0.6597     2.4689     2.2981 0.0000e+00
     15.000    12.6383   3.722405    31.7534        978     0.6781     2.4695     2.2985 0.0000e+00
     16.000    12.6371   3.722341    31.7533       1003     0.6958     2.4695     2.2994 0.0000e+00
     17.000    12.6351   3.722226    31.7536       1029     0.7140     2.4644     2.2981 0.0000e+00
     18.000    12.6349   3.722246    31.7535       1056     0.7329     2.4629     2.2975 0.0000e+00
     19.000    12.6350   3.722303    31.7536       1084     0.7522     2.4656     2.2951 0.0000e+00
     20.000    12.6349   3.722319    31.7534       1111     0.7712     2.4680     2.2933 0.0000e+00
     21.000    12.6349   3.722358    31.7534       1137     0.7892     2.4665     2.2946 0.0000e+00
     22.000    12.6356   3.722470    31.7534       1163     0.8070     2.4665     2.2957 0.0000e+00
     23.000    12.6358   3.722534    31.7535       1189     0.8252     2.4648     2.2968 0.0000e+00
     24.000    12.6360   3.722585    31.7534       1216     0.8440     2.4613     2.2976 0.0000e+00
     25.000    12.6361   3.722648    31.7535       1244     0.8631     2.4626     2.2958 0.0000e+00
     26.000    12.6361   3.722692    31.7535       1271     0.8818     2.4632     2.2956 0.0000e+00
     27.000    12.6361   3.722739    31.7536       1297     0.9003     2.4623     2.2956 0.0000e+00
     28.000    12.6364   3.722815    31.7536       1324     0.9189     2.4629     2.2955 0.0000e+00
     29.000    12.6363   3.722842    31.7535       1350     0.9371     2.4637     2.2952 0.0000e+00
     30.000    12.6359   3.722869    31.7537       1377     0.9556     2.4642     2.2940 0.0000e+00
     31.000    12.6344   3.722856    31.7545       1404     0.9745     2.4629     2.2913 0.0000e+00
     32.000    12.6205   3.722333    31.7609       1675     1.1625     2.4506     2.2787 0.0000e+00
     31.000    12.6345   3.722764    31.7536       1825     1.2664     2.4458     2.2697 0.0000e+00
     30.000    12.6359   3.722824    31.7533       1859     1.2901     2.4418     2.2620 0.0000e+00
     29.000    12.6362   3.722795    31.7532       1884     1.3077     2.4442     2.2653 0.0000e+00
     28.000    12.6362   3.722760    31.7533       1910     1.3255     2.4487     2.2746 0.0000e+00
     27.000    12.6364   3.722734    31.7533       1936     1.3435     2.4577     2.2827 0.0000e+00
     26.000    12.6366   3.722708    31.7532       1962     1.3617     2.4590     2.2866 0.0000e+00
     25.000    12.6367   3.722660    31.7531       1988     1.3798     2.4606     2.2899 0.0000e+00
     24.000    12.6366   3.722607    31.7531       2014     1.3977     2.4630     2.2928 0.0000e+00
     23.000    12.6364   3.722555    31.7532       2039     1.4153     2.4643     2.2931 0.0000e+00
     22.000    12.6361   3.722504    31.7533       2065     1.4331     2.4650     2.2956 0.0000e+00
     21.000    12.6359   3.722443    31.7534       2090     1.4510     2.4634     2.2977 0.0000e+00
     20.000    12.6357   3.722379    31.7533       2117     1.4693     2.4604     2.2960 0.0000e+00
     19.000    12.6356   3.722295    31.7529       2143     1.4878     2.4623     2.2950 0.0000e+00
     18.000    12.6358   3.722314    31.7534       2169     1.5058     2.4602     2.2922 0.0000e+00
     17.000    12.6361   3.722289    31.7533       2195     1.5233     2.4618     2.2939 0.0000e+00
     16.000    12.6363   3.722255    31.7532       2220     1.5410     2.4614     2.2937 0.0000e+00
     15.000    12.6362   3.722207    31.7533       2246     1.5590     2.4607     2.2942 0.0000e+00
     14.000    12.6369   3.722215    31.7532       2272     1.5774     2.4583     2.2926 0.0000e+00
     13.000    12.6375   3.722168    31.7525       2299     1.5958     2.4587     2.2922 0.0000e+00
     12.000    12.6389   3.722292    31.7529       2325     1.6138     2.4608     2.2954 0.0000e+00
     11.000    12.6405   3.722381    31.7528       2350     1.6313     2.4631     2.2952 0.0000e+00
     10.000    12.6435   3.722595    31.7528       2376     1.6491     2.4645     2.2957 0.0000e+00
      9.000    12.6454   3.722736    31.7529       2402     1.6674     2.4663     2.2977 0.0000e+00
      8.000    12.6463   3.722784    31.7530       2429     1.6860     2.4674     2.2979 0.0000e+00
      7.000    12.6473   3.722834    31.7530       2455     1.7040     2.4684     2.2994 0.0000e+00
      6.000    12.6479   3.722844    31.7531       2480     1.7215     2.4697     2.3013 0.0000e+00
      5.000    12.6483   3.722840    31.7531       2506     1.7398     2.4713     2.3035 0.0000e+00
      4.000    12.6488   3.722861    31.7532       2533     1.7584     2.4745     2.3048 0.0000e+00
      3.000    12.6492   3.722864    31.7533       2558     1.7756     2.4754     2.3079 0.0000e+00
      2.000    12.6488   3.722787    31.7534       2583     1.7934     2.4784     2.3099 0.0000e+00
      1.000    12.6493   3.722818    31.7536       2619     1.8181     2.4772     2.3117 0.0000e+00
