HB2407/CTD236.cnv
* Sea-Bird SBE 9 Data File:
* FileName = C:\cruise\data\CTD236.hex
* Software Version Seasave V 7.26.7.121
* Temperature SN = 4591
* Conductivity SN = 6006
* Number of Bytes Per Scan = 37
* Number of Voltage Words = 4
* Number of Scans Averaged by the Deck Unit = 1
* NMEA Latitude = 42 12.01 N
* NMEA Longitude = 070 34.48 W
* NMEA UTC (Time) = Nov 09 2024 23:53:42
* NMEA baud rate = 4800
** Ship: Bigelow HB2407
** Program:  Fall Bottom Trawl Survey
** Chief Scientist: John Galbraith
# nquan = 9
# nvalues = 78                          
# units = specified
# name 0 = depSM: Depth [salt water, m]
# name 1 = t090C: Temperature [ITS-90, deg C]
# name 2 = c0S/m: Conductivity [S/m]
# name 3 = sal00: Salinity, Practical [PSU]
# name 4 = scan: Scan Count
# name 5 = timeM: Time, Elapsed [minutes]
# name 6 = sbeox0V: Oxygen raw, SBE 43 [V]
# name 7 = sbeox1V: Oxygen raw, SBE 43, 2 [V]
# name 8 = flag: flag
# span 0 =      1.000,     40.000       
# span 1 =    10.6587,    12.1349       
# span 2 =   3.588790,   3.700384       
# span 3 =    31.5916,    32.1505       
# span 4 =        -28,       3250       
# span 5 =    -0.0201,     2.2563       
# span 6 =     2.0133,     2.5266       
# span 7 =     1.8779,     2.3567       
# span 8 = 0.0000e+00, 0.0000e+00       
# interval = meters: 1                  
# start_time = Nov 09 2024 23:53:42 [NMEA time, header]
# bad_flag = -9.990e-29
*END*
      2.000    12.1276   3.698668    31.9655        -28    -0.0201     2.5266     2.3536 0.0000e+00
      3.000    12.1276   3.698718    31.9656        159     0.1096     2.5212     2.3567 0.0000e+00
      4.000    12.1268   3.698685    31.9655        267     0.1848     2.5231     2.3546 0.0000e+00
      5.000    12.1268   3.698770    31.9660        345     0.2390     2.5207     2.3529 0.0000e+00
      6.000    12.1227   3.698499    31.9664        356     0.2465     2.5198     2.3515 0.0000e+00
      7.000    12.1184   3.698193    31.9668        370     0.2559     2.5190     2.3508 0.0000e+00
      8.000    12.1246   3.698657    31.9656        388     0.2688     2.5198     2.3495 0.0000e+00
      9.000    12.1282   3.699031    31.9657        448     0.3108     2.5191     2.3541 0.0000e+00
     10.000    12.1277   3.698991    31.9653        487     0.3373     2.5183     2.3565 0.0000e+00
     11.000    12.1256   3.698938    31.9661        512     0.3548     2.5204     2.3553 0.0000e+00
     12.000    12.1276   3.699161    31.9662        539     0.3736     2.5228     2.3553 0.0000e+00
     13.000    12.1300   3.699413    31.9662        564     0.3911     2.5217     2.3562 0.0000e+00
     14.000    12.1311   3.699535    31.9659        593     0.4111     2.5183     2.3540 0.0000e+00
     15.000    12.1294   3.699461    31.9662        629     0.4360     2.5157     2.3514 0.0000e+00
     16.000    12.1279   3.699383    31.9664        659     0.4572     2.5163     2.3478 0.0000e+00
     17.000    12.1287   3.699486    31.9663        683     0.4734     2.5176     2.3492 0.0000e+00
     18.000    12.1293   3.699566    31.9661        709     0.4914     2.5202     2.3501 0.0000e+00
     19.000    12.1290   3.699624    31.9666        742     0.5143     2.5179     2.3480 0.0000e+00
     20.000    12.1341   3.700102    31.9663        770     0.5342     2.5143     2.3470 0.0000e+00
     21.000    12.1341   3.700251    31.9674        793     0.5500     2.5132     2.3479 0.0000e+00
     22.000    12.1332   3.700265    31.9679        818     0.5676     2.5132     2.3465 0.0000e+00
     23.000    12.1338   3.700384    31.9681        857     0.5944     2.5105     2.3388 0.0000e+00
     24.000    12.1314   3.700249    31.9684        893     0.6192     2.5058     2.3365 0.0000e+00
     25.000    12.1237   3.699775    31.9701        911     0.6322     2.5057     2.3344 0.0000e+00
     26.000    12.1113   3.698904    31.9719        929     0.6444     2.5069     2.3347 0.0000e+00
     27.000    12.1063   3.698575    31.9726        954     0.6616     2.5052     2.3343 0.0000e+00
     28.000    12.0983   3.698019    31.9737       1003     0.6958     2.4959     2.3277 0.0000e+00
     29.000    12.0788   3.696574    31.9761       1036     0.7185     2.4890     2.3235 0.0000e+00
     30.000    12.0370   3.693449    31.9814       1055     0.7322     2.4840     2.3209 0.0000e+00
     31.000    12.0022   3.690770    31.9850       1075     0.7460     2.4781     2.3159 0.0000e+00
     32.000    11.8032   3.675737    32.0103       1100     0.7630     2.4639     2.3078 0.0000e+00
     33.000    11.4885   3.653665    32.0671       1135     0.7872     2.4256     2.2826 0.0000e+00
     34.000    11.2318   3.634125    32.0983       1168     0.8104     2.3609     2.2311 0.0000e+00
     35.000    11.0406   3.619488    32.1207       1194     0.8287     2.3006     2.1770 0.0000e+00
     36.000    10.9293   3.610961    32.1333       1221     0.8475     2.2429     2.1198 0.0000e+00
     37.000    10.8590   3.605403    32.1395       1253     0.8691     2.1858     2.0615 0.0000e+00
     38.000    10.8033   3.601007    32.1444       1281     0.8887     2.1438     2.0175 0.0000e+00
     39.000    10.7334   3.595479    32.1505       1304     0.9047     2.1156     1.9874 0.0000e+00
     40.000    10.6587   3.588790    32.1492       1508     1.0467     2.0133     1.8779 0.0000e+00
     39.000    10.7340   3.594179    32.1371       1776     1.2324     2.0191     1.8823 0.0000e+00
     38.000    10.8037   3.599092    32.1251       1977     1.3723     2.0271     1.8878 0.0000e+00
     37.000    10.9002   3.606064    32.1100       2012     1.3962     2.0368     1.8956 0.0000e+00
     36.000    10.9096   3.607043    32.1119       2030     1.4092     2.0439     1.8989 0.0000e+00
     35.000    10.9336   3.608762    32.1083       2047     1.4211     2.0518     1.9031 0.0000e+00
     34.000    10.9974   3.613346    32.0982       2067     1.4346     2.0621     1.9114 0.0000e+00
     33.000    11.1377   3.623897    32.0802       2095     1.4543     2.0782     1.9244 0.0000e+00
     32.000    11.3372   3.637046    32.0362       2127     1.4760     2.1065     1.9425 0.0000e+00
     31.000    11.7972   3.669674    31.9571       2153     1.4944     2.1386     1.9635 0.0000e+00
     30.000    11.9228   3.681756    31.9665       2180     1.5129     2.1900     1.9959 0.0000e+00
     29.000    11.9825   3.686227    31.9589       2208     1.5327     2.2716     2.0592 0.0000e+00
     28.000    12.0719   3.692983    31.9479       2234     1.5504     2.3343     2.1240 0.0000e+00
     27.000    12.0991   3.695832    31.9524       2257     1.5669     2.3754     2.1716 0.0000e+00
     26.000    12.1192   3.697446    31.9511       2280     1.5825     2.4096     2.2080 0.0000e+00
     25.000    12.1272   3.698310    31.9530       2302     1.5979     2.4392     2.2418 0.0000e+00
     24.000    12.1308   3.698797    31.9550       2335     1.6211     2.4697     2.2829 0.0000e+00
     23.000    12.1318   3.698970    31.9562       2380     1.6519     2.4942     2.3183 0.0000e+00
     22.000    12.1314   3.699038    31.9576       2399     1.6656     2.4994     2.3242 0.0000e+00
     21.000    12.1303   3.698954    31.9582       2416     1.6768     2.5011     2.3293 0.0000e+00
     20.000    12.1309   3.699015    31.9586       2431     1.6877     2.5037     2.3330 0.0000e+00
     19.000    12.1330   3.699206    31.9591       2453     1.7025     2.5060     2.3362 0.0000e+00
     18.000    12.1304   3.699035    31.9601       2502     1.7370     2.5101     2.3410 0.0000e+00
     17.000    12.1330   3.699240    31.9603       2534     1.7590     2.5127     2.3423 0.0000e+00
     16.000    12.1320   3.699181    31.9610       2554     1.7729     2.5123     2.3443 0.0000e+00
     15.000    12.1322   3.699181    31.9612       2575     1.7876     2.5143     2.3430 0.0000e+00
     14.000    12.1319   3.699153    31.9616       2602     1.8059     2.5150     2.3436 0.0000e+00
     13.000    12.1331   3.699231    31.9617       2632     1.8268     2.5129     2.3451 0.0000e+00
     12.000    12.1349   3.699360    31.9619       2658     1.8453     2.5158     2.3466 0.0000e+00
     11.000    12.1343   3.699315    31.9623       2687     1.8652     2.5202     2.3486 0.0000e+00
     10.000    12.1319   3.699110    31.9628       2722     1.8893     2.5223     2.3509 0.0000e+00
      9.000    12.1302   3.698953    31.9631       2751     1.9095     2.5214     2.3512 0.0000e+00
      8.000    12.1279   3.698738    31.9635       2778     1.9282     2.5214     2.3511 0.0000e+00
      7.000    12.1255   3.698516    31.9638       2820     1.9579     2.5236     2.3490 0.0000e+00
      6.000    12.1263   3.698536    31.9637       2859     1.9847     2.5230     2.3531 0.0000e+00
      5.000    12.1292   3.698725    31.9635       2880     1.9991     2.5234     2.3532 0.0000e+00
      4.000    12.1255   3.698460    31.9645       2946     2.0451     2.5223     2.3540 0.0000e+00
      3.000    12.1259   3.698458    31.9645       2991     2.0762     2.5213     2.3526 0.0000e+00
      2.000    12.1229   3.696971    31.9532       3110     2.1587     2.5228     2.3520 0.0000e+00
      1.000    12.1187   3.658900    31.5916       3250     2.2563     2.5258     2.3538 0.0000e+00
