HB2407/CTD238.cnv
* Sea-Bird SBE 9 Data File:
* FileName = C:\cruise\data\CTD238.hex
* Software Version Seasave V 7.26.7.121
* Temperature SN = 4591
* Conductivity SN = 6006
* Number of Bytes Per Scan = 37
* Number of Voltage Words = 4
* Number of Scans Averaged by the Deck Unit = 1
* NMEA Latitude = 41 53.15 N
* NMEA Longitude = 070 10.83 W
* NMEA UTC (Time) = Nov 10 2024 12:39:54
* NMEA baud rate = 4800
** Ship: Bigelow HB2407
** Program:  Fall Bottom Trawl Survey
** Chief Scientist: John Galbraith
# nquan = 9
# nvalues = 31                          
# units = specified
# name 0 = depSM: Depth [salt water, m]
# name 1 = t090C: Temperature [ITS-90, deg C]
# name 2 = c0S/m: Conductivity [S/m]
# name 3 = sal00: Salinity, Practical [PSU]
# name 4 = scan: Scan Count
# name 5 = timeM: Time, Elapsed [minutes]
# name 6 = sbeox0V: Oxygen raw, SBE 43 [V]
# name 7 = sbeox1V: Oxygen raw, SBE 43, 2 [V]
# name 8 = flag: flag
# span 0 =      3.000,     18.000       
# span 1 =    12.9582,    13.0225       
# span 2 =   3.733061,   3.748077       
# span 3 =    31.5878,    31.6941       
# span 4 =        375,       1842       
# span 5 =     0.2598,     1.2781       
# span 6 =     2.5295,     2.5407       
# span 7 =     2.3559,     2.3680       
# span 8 = 0.0000e+00, 0.0000e+00       
# interval = meters: 1                  
# start_time = Nov 10 2024 12:39:54 [NMEA time, header]
# bad_flag = -9.990e-29
*END*
      3.000    12.9615   3.733061    31.5879        375     0.2598     2.5369     2.3668 0.0000e+00
      4.000    12.9648   3.733387    31.5878        645     0.4471     2.5347     2.3659 0.0000e+00
      5.000    12.9636   3.733331    31.5878        684     0.4741     2.5371     2.3670 0.0000e+00
      6.000    12.9638   3.733435    31.5882        714     0.4950     2.5407     2.3660 0.0000e+00
      7.000    12.9619   3.733280    31.5880        741     0.5135     2.5388     2.3663 0.0000e+00
      8.000    12.9613   3.733262    31.5879        769     0.5331     2.5372     2.3666 0.0000e+00
      9.000    12.9582   3.733121    31.5888        799     0.5543     2.5348     2.3659 0.0000e+00
     10.000    12.9802   3.736339    31.6003        828     0.5744     2.5338     2.3648 0.0000e+00
     11.000    13.0119   3.744275    31.6481        856     0.5941     2.5359     2.3680 0.0000e+00
     12.000    13.0225   3.747840    31.6724        885     0.6137     2.5381     2.3680 0.0000e+00
     13.000    13.0137   3.748077    31.6816        913     0.6333     2.5345     2.3670 0.0000e+00
     14.000    13.0046   3.747812    31.6863        941     0.6530     2.5319     2.3641 0.0000e+00
     15.000    12.9956   3.747116    31.6869        970     0.6732     2.5357     2.3629 0.0000e+00
     16.000    12.9895   3.746817    31.6887       1000     0.6936     2.5336     2.3614 0.0000e+00
     17.000    12.9963   3.748030    31.6941       1029     0.7137     2.5323     2.3591 0.0000e+00
     18.000    12.9950   3.747058    31.6856       1278     0.8869     2.5317     2.3591 0.0000e+00
     17.000    12.9969   3.747202    31.6858       1389     0.9637     2.5362     2.3619 0.0000e+00
     16.000    12.9958   3.747602    31.6909       1418     0.9839     2.5368     2.3596 0.0000e+00
     15.000    12.9921   3.747117    31.6898       1443     1.0016     2.5340     2.3559 0.0000e+00
     14.000    12.9928   3.746675    31.6855       1470     1.0204     2.5295     2.3569 0.0000e+00
     13.000    12.9963   3.747032    31.6863       1497     1.0387     2.5312     2.3587 0.0000e+00
     12.000    13.0034   3.747484    31.6850       1522     1.0563     2.5350     2.3593 0.0000e+00
     11.000    13.0091   3.747576    31.6815       1547     1.0737     2.5350     2.3620 0.0000e+00
     10.000    13.0131   3.747295    31.6759       1572     1.0912     2.5341     2.3619 0.0000e+00
      9.000    13.0071   3.744668    31.6566       1599     1.1097     2.5375     2.3640 0.0000e+00
      8.000    12.9748   3.737387    31.6155       1626     1.1288     2.5394     2.3656 0.0000e+00
      7.000    12.9623   3.734219    31.5965       1652     1.1466     2.5384     2.3662 0.0000e+00
      6.000    12.9624   3.733757    31.5925       1677     1.1640     2.5383     2.3663 0.0000e+00
      5.000    12.9629   3.733630    31.5912       1702     1.1816     2.5377     2.3658 0.0000e+00
      4.000    12.9640   3.733709    31.5915       1728     1.1992     2.5400     2.3639 0.0000e+00
      3.000    12.9643   3.733521    31.5898       1842     1.2781     2.5404     2.3655 0.0000e+00
