HB2407/CTD888.cnv
* Sea-Bird SBE 9 Data File:
* FileName = C:\cruise\data\test888.hex
* Software Version Seasave V 7.26.7.121
* Temperature SN = 4591
* Conductivity SN = 6006
* Number of Bytes Per Scan = 37
* Number of Voltage Words = 4
* Number of Scans Averaged by the Deck Unit = 1
* NMEA Latitude = 41 21.46 N
* NMEA Longitude = 071 19.38 W
* NMEA UTC (Time) = Sep 05 2024 15:32:20
* NMEA baud rate = 4800
** Ship: Bigelow HB2407
** Program:  Fall Bottom Trawl Survey
** Chief Scientist: John Galbraith
# nquan = 9
# nvalues = 60                          
# units = specified
# name 0 = depSM: Depth [salt water, m]
# name 1 = t090C: Temperature [ITS-90, deg C]
# name 2 = c0S/m: Conductivity [S/m]
# name 3 = sal00: Salinity, Practical [PSU]
# name 4 = scan: Scan Count
# name 5 = timeM: Time, Elapsed [minutes]
# name 6 = sbeox0V: Oxygen raw, SBE 43 [V]
# name 7 = sbeox1V: Oxygen raw, SBE 43, 2 [V]
# name 8 = flag: flag
# span 0 =      2.000,     32.000       
# span 1 =    13.7025,    19.6346       
# span 2 =   3.814703,   4.331128       
# span 3 =    31.4818,    31.7311       
# span 4 =        127,       4055       
# span 5 =     0.0873,     2.8154       
# span 6 =     1.9712,     2.7175       
# span 7 =     1.8097,     2.5123       
# span 8 = 0.0000e+00, 0.0000e+00       
# interval = meters: 1                  
# start_time = Sep 05 2024 15:32:20 [NMEA time, header]
# bad_flag = -9.990e-29
*END*
      3.000    19.5915   4.327154    31.5281        127     0.0873     2.7097     2.5062 0.0000e+00
      4.000    19.5929   4.327313    31.5280        270     0.1868     2.6941     2.5050 0.0000e+00
      5.000    19.6172   4.329522    31.5274        306     0.2117     2.6973     2.5032 0.0000e+00
      6.000    19.6210   4.329752    31.5260        332     0.2299     2.7022     2.5005 0.0000e+00
      7.000    19.6346   4.331128    31.5267        361     0.2499     2.7104     2.5050 0.0000e+00
      8.000    19.6323   4.330972    31.5268        387     0.2683     2.7057     2.5057 0.0000e+00
      9.000    19.6154   4.329745    31.5292        411     0.2846     2.7098     2.5043 0.0000e+00
     10.000    19.5303   4.322761    31.5362        435     0.3011     2.7089     2.5070 0.0000e+00
     11.000    19.3882   4.311091    31.5478        462     0.3201     2.7052     2.5079 0.0000e+00
     12.000    19.2092   4.297242    31.5696        494     0.3421     2.7073     2.5028 0.0000e+00
     13.000    19.1115   4.288725    31.5735        522     0.3618     2.7043     2.4988 0.0000e+00
     14.000    19.0731   4.286243    31.5819        545     0.3777     2.6997     2.4964 0.0000e+00
     15.000    19.0236   4.283309    31.5950        567     0.3933     2.6857     2.4883 0.0000e+00
     16.000    18.8073   4.266520    31.6210        593     0.4111     2.6781     2.4818 0.0000e+00
     17.000    18.4262   4.234907    31.6501        623     0.4322     2.6578     2.4663 0.0000e+00
     18.000    18.0390   4.199129    31.6487        653     0.4525     2.6275     2.4448 0.0000e+00
     19.000    17.8446   4.181690    31.6519        678     0.4702     2.5839     2.4144 0.0000e+00
     20.000    17.4578   4.147628    31.6635        703     0.4875     2.5330     2.3725 0.0000e+00
     21.000    16.8463   4.092270    31.6681        731     0.5069     2.4742     2.3258 0.0000e+00
     22.000    16.3494   4.045659    31.6563        760     0.5272     2.3728     2.2493 0.0000e+00
     23.000    15.8967   4.003370    31.6456        786     0.5449     2.2889     2.1718 0.0000e+00
     24.000    15.5980   3.980593    31.6831        808     0.5602     2.2053     2.1029 0.0000e+00
     25.000    15.2283   3.950492    31.7125        829     0.5750     2.1342     2.0265 0.0000e+00
     26.000    14.7955   3.913531    31.7311        855     0.5932     2.1624     2.0003 0.0000e+00
     27.000    14.4313   3.879464    31.7191        898     0.6232     2.2145     2.0606 0.0000e+00
     28.000    14.1954   3.858167    31.7178        934     0.6480     2.2043     2.0624 0.0000e+00
     29.000    14.1391   3.853067    31.7170        955     0.6624     2.1790     2.0428 0.0000e+00
     30.000    13.9777   3.839063    31.7209        973     0.6750     2.1509     2.0170 0.0000e+00
     31.000    13.8371   3.826360    31.7195        993     0.6887     2.1217     1.9896 0.0000e+00
     32.000    13.7025   3.814703    31.7227       1007     0.6988     2.1031     1.9696 0.0000e+00
     31.000    13.8199   3.821540    31.6892       1260     0.8745     2.0251     1.8730 0.0000e+00
     30.000    13.8944   3.825267    31.6625       1924     1.3356     1.9712     1.8097 0.0000e+00
     29.000    13.9598   3.830925    31.6612       1916     1.3295     1.9988     1.8350 0.0000e+00
     28.000    14.0673   3.840185    31.6582       1943     1.3485     2.0116     1.8453 0.0000e+00
     27.000    14.1648   3.847804    31.6485       1968     1.3662     2.0266     1.8517 0.0000e+00
     26.000    14.2577   3.856415    31.6515       1991     1.3823     2.0453     1.8658 0.0000e+00
     25.000    14.4735   3.874389    31.6393       2016     1.3995     2.0700     1.8838 0.0000e+00
     24.000    14.7853   3.900427    31.6218       2046     1.4200     2.1202     1.9147 0.0000e+00
     23.000    15.1516   3.930437    31.5958       2075     1.4403     2.1680     1.9566 0.0000e+00
     22.000    15.6271   3.967177    31.5416       2100     1.4574     2.2095     1.9965 0.0000e+00
     21.000    15.8461   3.988062    31.5517       2122     1.4728     2.2266     2.0372 0.0000e+00
     20.000    16.1411   4.013281    31.5392       2145     1.4890     2.1881     2.0477 0.0000e+00
     19.000    16.7411   4.068000    31.5421       2172     1.5075     2.1679     2.0155 0.0000e+00
     18.000    17.1442   4.107292    31.5647       2200     1.5273     2.1856     2.0112 0.0000e+00
     17.000    17.6707   4.151280    31.5301       2228     1.5464     2.2446     2.0470 0.0000e+00
     16.000    18.1046   4.189093    31.5145       2255     1.5656     2.3436     2.1062 0.0000e+00
     15.000    18.4984   4.226040    31.5215       2282     1.5838     2.4332     2.1735 0.0000e+00
     14.000    18.6475   4.241288    31.5347       2306     1.6004     2.5189     2.2375 0.0000e+00
     13.000    18.6912   4.246160    31.5420       2330     1.6173     2.5779     2.2950 0.0000e+00
     12.000    18.7937   4.254320    31.5318       2357     1.6363     2.6194     2.3443 0.0000e+00
     11.000    19.1293   4.279129    31.4818       2384     1.6550     2.6404     2.3777 0.0000e+00
     10.000    19.3255   4.298205    31.4902       2408     1.6716     2.6571     2.3992 0.0000e+00
      9.000    19.3942   4.304421    31.4894       2432     1.6879     2.6753     2.4234 0.0000e+00
      8.000    19.4422   4.309982    31.4990       2455     1.7045     2.6892     2.4487 0.0000e+00
      7.000    19.4928   4.314142    31.4951       2482     1.7226     2.6889     2.4651 0.0000e+00
      6.000    19.5533   4.320407    31.5009       2511     1.7430     2.6902     2.4781 0.0000e+00
      5.000    19.5943   4.324018    31.4998       2539     1.7627     2.6985     2.4871 0.0000e+00
      4.000    19.5942   4.324785    31.5065       2563     1.7789     2.7004     2.4879 0.0000e+00
      3.000    19.6063   4.326216    31.5094       2626     1.8228     2.7072     2.4912 0.0000e+00
      2.000    19.6229   4.329535    31.5242       4055     2.8154     2.7175     2.5123 0.0000e+00
