HB2407/sbe010.cnv
* Sea-Bird SBE 19plus V2 Data File:
* FileName = C:\cruise\data\sbe010.hex
* Software Version Seasave V 7.26.7.121
* Temperature SN = 7143
* Conductivity SN = 7143
* System UpLoad Time = Sep 09 2024 09:26:28
* NMEA Latitude = 38 19.19 N
* NMEA Longitude = 074 13.21 W
* NMEA UTC (Time) = Sep 09 2024  09:26:37
** Ship: Bigelow
** Cruise:  HB2407
** Program:  Fall Bottom Trawl
# nquan = 7
# nvalues = 1388                                  
# units = specified
# name 0 = depSM: Depth [salt water, m]
# name 1 = tv290C: Temperature [ITS-90, deg C]
# name 2 = c0S/m: Conductivity [S/m]
# name 3 = sal00: Salinity, Practical [PSU]
# name 4 = scan: Scan Count
# name 5 = timeM: Time, Elapsed [minutes]
# name 6 = flag:  0.000e+00
# span 0 =     -0.008,     51.404                 
# span 1 =     7.8143,    21.0107                 
# span 2 =  -0.095856,   4.526510                 
# span 3 =     0.0000,    34.5047                 
# span 4 =         11,       1398                 
# span 5 =     0.0417,     5.8208                 
# span 6 = 0.0000e+00, 0.0000e+00                 
# interval = seconds: 0.25
# start_time = Sep 09 2024 09:26:37 [NMEA time, header]
# bad_flag = -9.990e-29
*END*
[from data line 616]
     20.771    21.0061   4.526483    32.0593        627     2.6083  0.000e+00
     20.955    21.0051   4.526326    32.0587        628     2.6125  0.000e+00
     21.124    21.0003   4.525919    32.0590        629     2.6167  0.000e+00
     21.280    20.9895   4.524914    32.0591        630     2.6208  0.000e+00
     21.426    20.9708   4.523570    32.0625        631     2.6250  0.000e+00
     21.571    20.9486   4.522668    32.0719        632     2.6292  0.000e+00
     21.711    20.9144   4.521670    32.0896        633     2.6333  0.000e+00
     21.848    20.8799   4.520021    32.1025        634     2.6375  0.000e+00
     21.977    20.8263   4.518251    32.1287        635     2.6417  0.000e+00
     22.120    20.7652   4.516806    32.1633        636     2.6458  0.000e+00
     22.265    20.7129   4.517275    32.2065        637     2.6500  0.000e+00
     22.417    20.6802   4.519977    32.2528        638     2.6542  0.000e+00
     22.578    20.6663   4.521674    32.2768        639     2.6583  0.000e+00
     22.744    20.6510   4.522000    32.2910        640     2.6625  0.000e+00
     22.922    20.6312   4.522727    32.3118        641     2.6667  0.000e+00
     23.114    20.6327   4.523685    32.3182        642     2.6708  0.000e+00
     23.317    20.6654   4.524146    32.2970        643     2.6750  0.000e+00
     23.530    20.7095   4.524471    32.2660        644     2.6792  0.000e+00
     23.753    20.7568   4.524559    32.2308        645     2.6833  0.000e+00
     23.980    20.7967   4.524558    32.2006        646     2.6875  0.000e+00
     24.208    20.8274   4.524300    32.1753        647     2.6917  0.000e+00
     24.445    20.8482   4.523478    32.1529        648     2.6958  0.000e+00
     24.684    20.8615   4.522134    32.1322        649     2.7000  0.000e+00
     24.921    20.8688   4.520281    32.1118        650     2.7042  0.000e+00
     25.153    20.8702   4.518944    32.1002        651     2.7083  0.000e+00
     25.389    20.6956   4.503884    32.1118        652     2.7125  0.000e+00
     25.615    20.0053   4.412156    31.8973        653     2.7167  0.000e+00
     25.843    19.0097   4.293674    31.6873        654     2.7208  0.000e+00
     26.073    17.9203   4.208745    31.8190        655     2.7250  0.000e+00
     26.300    16.8470   4.125051    31.9489        656     2.7292  0.000e+00
     26.526    15.8698   4.061903    32.1824        657     2.7333  0.000e+00
     26.749    14.9928   4.013866    32.4742        658     2.7375  0.000e+00
     26.977    14.2044   3.971400    32.7496        659     2.7417  0.000e+00
     27.200    13.5656   3.936997    32.9774        660     2.7458  0.000e+00
     27.432    13.0699   3.905027    33.1073        661     2.7500  0.000e+00
     27.647    12.6359   3.865775    33.1147        662     2.7542  0.000e+00
     27.859    12.2445   3.837275    33.1869        663     2.7583  0.000e+00
     28.066    11.8957   3.815300    33.2848        664     2.7625  0.000e+00
     28.270    11.5861   3.799702    33.4106        665     2.7667  0.000e+00
     28.469    11.3112   3.768719    33.3544        666     2.7708  0.000e+00
     28.660    11.0689   3.739689    33.2867        667     2.7750  0.000e+00
     28.844    10.8374   3.722156    33.3227        668     2.7792  0.000e+00
     29.022    10.6058   3.716986    33.4826        669     2.7833  0.000e+00
     29.205    10.4071   3.717871    33.6747        670     2.7875  0.000e+00
     29.386    10.2384   3.722226    33.8756        671     2.7917  0.000e+00
     29.567    10.0988   3.710453    33.8866        672     2.7958  0.000e+00
     29.748     9.9883   3.695391    33.8367        673     2.8000  0.000e+00
     29.935     9.8863   3.693543    33.9136        674     2.8042  0.000e+00
     30.125     9.8003   3.703447    34.0960        675     2.8083  0.000e+00
     30.331     9.7436   3.712691    34.2447        676     2.8125  0.000e+00
     30.536     9.7065   3.733477    34.4937        677     2.8167  0.000e+00
     30.741     9.6582   3.730047    34.5047        678     2.8208  0.000e+00
     30.951     9.5921   3.704550    34.3052        679     2.8250  0.000e+00
     31.164     9.5285   3.695072    34.2681        680     2.8292  0.000e+00
     31.385     9.4740   3.693062    34.2994        681     2.8333  0.000e+00
     31.601     9.4139   3.681986    34.2422        682     2.8375  0.000e+00
     31.818     9.3477   3.657213    34.0488        683     2.8417  0.000e+00
     32.032     9.2657   3.637514    33.9224        684     2.8458  0.000e+00
     32.240     9.1765   3.630518    33.9345        685     2.8500  0.000e+00
     32.454     9.0975   3.624141    33.9433        686     2.8542  0.000e+00
     32.668     9.0223   3.610643    33.8741        687     2.8583  0.000e+00
     32.876     8.9398   3.590194    33.7389        688     2.8625  0.000e+00
     33.079     8.8543   3.567544    33.5830        689     2.8667  0.000e+00
     33.278     8.7725   3.552121    33.4987        690     2.8708  0.000e+00
     33.468     8.6995   3.539567    33.4360        691     2.8750  0.000e+00
     33.658     8.6437   3.534162    33.4318        692     2.8792  0.000e+00
     33.843     8.5936   3.534782    33.4858        693     2.8833  0.000e+00
     34.026     8.5423   3.525506    33.4365        694     2.8875  0.000e+00
     34.205     8.4937   3.517304    33.3959        695     2.8917  0.000e+00
     34.383     8.4528   3.516521    33.4264        696     2.8958  0.000e+00
     34.565     8.4183   3.520184    33.4979        697     2.9000  0.000e+00
     34.759     8.3928   3.531890    33.6460        698     2.9042  0.000e+00
     34.962     8.3816   3.540529    33.7481        699     2.9083  0.000e+00
     35.167     8.3831   3.552901    33.8777        700     2.9125  0.000e+00
     35.375     8.3837   3.568800    34.0457        701     2.9167  0.000e+00
     35.594     8.3743   3.574191    34.1118        702     2.9208  0.000e+00
     35.815     8.3552   3.562300    34.0040        703     2.9250  0.000e+00
     36.044     8.3335   3.548729    33.8807        704     2.9292  0.000e+00
     36.273     8.3121   3.531388    33.7172        705     2.9333  0.000e+00
     36.502     8.2882   3.514535    33.5610        706     2.9375  0.000e+00
     36.728     8.2641   3.502100    33.4519        707     2.9417  0.000e+00
     36.958     8.2456   3.493933    33.3828        708     2.9458  0.000e+00
     37.187     8.2400   3.487853    33.3235        709     2.9500  0.000e+00
     37.422     8.2414   3.483449    33.2752        710     2.9542  0.000e+00
     37.656     8.2408   3.475524    33.1916        711     2.9583  0.000e+00
     37.882     8.2323   3.465907    33.0975        712     2.9625  0.000e+00
     38.105     8.2207   3.459714    33.0426        713     2.9667  0.000e+00
     38.331     8.2112   3.459093    33.0449        714     2.9708  0.000e+00
     38.550     8.2033   3.455694    33.0161        715     2.9750  0.000e+00
     38.761     8.1925   3.446453    32.9281        716     2.9792  0.000e+00
     38.960     8.1811   3.442907    32.9011        717     2.9833  0.000e+00
     39.157     8.1705   3.442415    32.9057        718     2.9875  0.000e+00
     39.346     8.1585   3.441802    32.9104        719     2.9917  0.000e+00
     39.530     8.1452   3.440995    32.9143        720     2.9958  0.000e+00
     39.710     8.1311   3.440340    32.9204        721     3.0000  0.000e+00
     39.878     8.1169   3.438999    32.9194        722     3.0042  0.000e+00
     40.049     8.1056   3.443418    32.9770        723     3.0083  0.000e+00
     40.222     8.0996   3.449679    33.0491        724     3.0125  0.000e+00
     40.392     8.0965   3.455976    33.1190        725     3.0167  0.000e+00
     40.565     8.0928   3.460975    33.1756        726     3.0208  0.000e+00
     40.742     8.0863   3.460464    33.1762        727     3.0250  0.000e+00
     40.921     8.0775   3.460854    33.1887        728     3.0292  0.000e+00
     41.113     8.0735   3.475185    33.3451        729     3.0333  0.000e+00
     41.307     8.0805   3.490804    33.5048        730     3.0375  0.000e+00
     41.514     8.1021   3.485117    33.4235        731     3.0417  0.000e+00
     41.729     8.1243   3.490602    33.4606        732     3.0458  0.000e+00
     41.944     8.1379   3.495749    33.5024        733     3.0500  0.000e+00
     42.175     8.1434   3.502904    33.5732        734     3.0542  0.000e+00
     42.405     8.1429   3.504922    33.5950        735     3.0583  0.000e+00
     42.645     8.1356   3.490517    33.4485        736     3.0625  0.000e+00
     42.886     8.1225   3.469466    33.2368        737     3.0667  0.000e+00
     43.124     8.1060   3.453284    33.0801        738     3.0708  0.000e+00
     43.368     8.0903   3.439146    32.9444        739     3.0750  0.000e+00
     43.604     8.0816   3.430280    32.8581        740     3.0792  0.000e+00
     43.834     8.0866   3.426134    32.8092        741     3.0833  0.000e+00
     44.060     8.0985   3.422645    32.7609        742     3.0875  0.000e+00
     44.279     8.1029   3.415980    32.6859        743     3.0917  0.000e+00
     44.491     8.0985   3.408630    32.6119        744     3.0958  0.000e+00
     44.692     8.0909   3.404683    32.5769        745     3.1000  0.000e+00
     44.884     8.0829   3.403632    32.5731        746     3.1042  0.000e+00
     45.072     8.0760   3.403910    32.5824        747     3.1083  0.000e+00
     45.253     8.0693   3.405463    32.6050        748     3.1125  0.000e+00
     45.431     8.0617   3.404073    32.5972        749     3.1167  0.000e+00
     45.598     8.0527   3.404454    32.6096        750     3.1208  0.000e+00
     45.761     8.0436   3.405337    32.6274        751     3.1250  0.000e+00
     45.938     8.0341   3.408232    32.6670        752     3.1292  0.000e+00
     46.106     8.0255   3.412823    32.7238        753     3.1333  0.000e+00
     46.277     8.0183   3.417773    32.7831        754     3.1375  0.000e+00
     46.451     8.0110   3.418911    32.8020        755     3.1417  0.000e+00
     46.628     8.0042   3.419710    32.8168        756     3.1458  0.000e+00
     46.811     7.9988   3.422926    32.8561        757     3.1500  0.000e+00
     47.003     7.9961   3.425773    32.8888        758     3.1542  0.000e+00
     47.199     7.9971   3.429942    32.9323        759     3.1583  0.000e+00
     47.400     7.9986   3.435776    32.9929        760     3.1625  0.000e+00
     47.606     7.9991   3.439786    33.0351        761     3.1667  0.000e+00
     47.827     8.0005   3.443039    33.0683        762     3.1708  0.000e+00
     48.050     8.0050   3.445286    33.0880        763     3.1750  0.000e+00
     48.291     8.0102   3.445444    33.0846        764     3.1792  0.000e+00
     48.534     8.0134   3.439725    33.0205        765     3.1833  0.000e+00
     48.773     8.0114   3.426113    32.8772        766     3.1875  0.000e+00
     49.026     8.0064   3.416339    32.7777        767     3.1917  0.000e+00
     49.280     8.0016   3.409770    32.7121        768     3.1958  0.000e+00
     49.537     7.9997   3.402957    32.6412        769     3.2000  0.000e+00
     49.784     8.0027   3.395359    32.5574        770     3.2042  0.000e+00
     50.024     8.0106   3.390175    32.4949        771     3.2083  0.000e+00
     50.263     8.0228   3.389445    32.4756        772     3.2125  0.000e+00
     50.493     8.0311   3.387442    32.4466        773     3.2167  0.000e+00
     50.720     8.0325   3.382642    32.3941        774     3.2208  0.000e+00
     50.934     8.0302   3.380581    32.3743        775     3.2250  0.000e+00
     51.138     8.0251   3.365672    32.2205        776     3.2292  0.000e+00
     51.193     8.0112   3.358600    32.1582        777     3.2333  0.000e+00
     51.173     7.9792   3.354406    32.1430        778     3.2375  0.000e+00
     51.120     7.9432   3.356804    32.2016        779     3.2417  0.000e+00
     51.080     7.9194   3.374841    32.4157        780     3.2458  0.000e+00
     51.073     7.9097   3.406071    32.7579        781     3.2500  0.000e+00
     51.077     7.9106   3.382957    32.5104        782     3.2542  0.000e+00
     51.051     7.9085   3.367851    32.3513        783     3.2583  0.000e+00
     50.995     7.9007   3.363399    32.3111        784     3.2625  0.000e+00
     50.934     7.9004   3.369988    32.3816        785     3.2667  0.000e+00
     50.892     7.9114   3.381685    32.4962        786     3.2708  0.000e+00
     50.859     7.9238   3.380148    32.4683        787     3.2750  0.000e+00
     50.812     7.9281   3.374533    32.4044        788     3.2792  0.000e+00
     50.752     7.9225   3.366088    32.3198        789     3.2833  0.000e+00
     50.685     7.9150   3.369422    32.3622        790     3.2875  0.000e+00
     50.642     7.9174   3.396133    32.6448        791     3.2917  0.000e+00
     50.618     7.9361   3.435480    33.0472        792     3.2958  0.000e+00
     50.597     7.9491   3.452692    33.2189        793     3.3000  0.000e+00
     50.575     7.9455   3.457629    33.2750        794     3.3042  0.000e+00
     50.566     7.9392   3.476799    33.4861        795     3.3083  0.000e+00
     50.578     7.9669   3.495687    33.6615        796     3.3125  0.000e+00
     50.605     8.1148   3.501697    33.5837        797     3.3167  0.000e+00
     50.645     8.3529   3.500955    33.3488        798     3.3208  0.000e+00
     50.691     8.5730   3.497977    33.1100        799     3.3250  0.000e+00
     50.747     8.7490   3.492942    32.8929        800     3.3292  0.000e+00
     50.810     8.8879   3.487179    32.7042        801     3.3333  0.000e+00
     50.879     8.9974   3.485000    32.5810        802     3.3375  0.000e+00
     50.944     9.0775   3.485755    32.5155        803     3.3417  0.000e+00
     51.011     9.1386   3.487677    32.4796        804     3.3458  0.000e+00
     51.069     9.1811   3.490551    32.4706        805     3.3500  0.000e+00
     51.120     9.2069   3.485406    32.3940        806     3.3542  0.000e+00
     51.161     9.2460   3.473305    32.2338        807     3.3583  0.000e+00
     51.189     9.3030   3.470125    32.1497        808     3.3625  0.000e+00
     51.203     9.3133   3.467848    32.1170        809     3.3667  0.000e+00
     51.205     9.1669   3.451543    32.0807        810     3.3708  0.000e+00
     51.190     8.9692   3.424055    31.9742        811     3.3750  0.000e+00
     51.169     8.7689   3.405415    31.9609        812     3.3792  0.000e+00
     51.129     8.5922   3.393530    31.9965        813     3.3833  0.000e+00
     51.089     8.4477   3.387039    32.0596        814     3.3875  0.000e+00
     51.035     8.3323   3.382808    32.1202        815     3.3917  0.000e+00
     50.984     8.2406   3.380621    32.1811        816     3.3958  0.000e+00
     50.928     8.1694   3.380206    32.2420        817     3.4000  0.000e+00
     50.872     8.1156   3.381080    32.3007        818     3.4042  0.000e+00
     50.823     8.0738   3.383245    32.3623        819     3.4083  0.000e+00
     50.781     8.0428   3.389233    32.4546        820     3.4125  0.000e+00
     50.748     8.0250   3.410127    32.6934        821     3.4167  0.000e+00
     50.725     8.0260   3.443277    33.0455        822     3.4208  0.000e+00
     50.714     8.0358   3.455038    33.1615        823     3.4250  0.000e+00
     50.716     8.0331   3.471875    33.3437        824     3.4292  0.000e+00
     50.727     8.0713   3.486780    33.4662        825     3.4333  0.000e+00
     50.743     8.1851   3.495544    33.4509        826     3.4375  0.000e+00
     50.776     8.3734   3.498327    33.3016        827     3.4417  0.000e+00
     50.812     8.5572   3.498826    33.1336        828     3.4458  0.000e+00
     50.850     8.7472   3.498818    32.9560        829     3.4500  0.000e+00
     50.890     8.9109   3.498627    32.8023        830     3.4542  0.000e+00
