HB2407/sbe047.cnv
* Sea-Bird SBE 19plus V2 Data File:
* FileName = C:\cruise\data\sbe047.hex
* Software Version Seasave V 7.26.7.121
* Temperature SN = 7143
* Conductivity SN = 7143
* System UpLoad Time = Oct 04 2024 00:19:18
* NMEA Latitude = 40 43.15 N
* NMEA Longitude = 069 57.04 W
* NMEA UTC (Time) = Oct 04 2024  00:18:56
** Ship: Bigelow
** Cruise:  HB2407
** Program:  Fall Bottom Trawl
# nquan = 7
# nvalues = 849                                   
# units = specified
# name 0 = depSM: Depth [salt water, m]
# name 1 = tv290C: Temperature [ITS-90, deg C]
# name 2 = c0S/m: Conductivity [S/m]
# name 3 = sal00: Salinity, Practical [PSU]
# name 4 = scan: Scan Count
# name 5 = timeM: Time, Elapsed [minutes]
# name 6 = flag:  0.000e+00
# span 0 =      0.050,     38.904                 
# span 1 =    16.2241,    17.1311                 
# span 2 =   0.032500,   4.141704                 
# span 3 =     0.1857,    32.0749                 
# span 4 =         11,        859                 
# span 5 =     0.0417,     3.5750                 
# span 6 = 0.0000e+00, 0.0000e+00                 
# interval = seconds: 0.25
# start_time = Oct 04 2024 00:18:56 [NMEA time, header]
# bad_flag = -9.990e-29
*END*
[from data line 411]
     29.957    16.2426   4.069055    31.9430        422     1.7542  0.000e+00
     30.005    16.2421   4.069003    31.9430        423     1.7583  0.000e+00
     30.065    16.2424   4.068932    31.9421        424     1.7625  0.000e+00
     30.127    16.2418   4.068932    31.9426        425     1.7667  0.000e+00
     30.194    16.2415   4.068886    31.9424        426     1.7708  0.000e+00
     30.266    16.2412   4.068932    31.9430        427     1.7750  0.000e+00
     30.337    16.2410   4.068958    31.9433        428     1.7792  0.000e+00
     30.405    16.2413   4.068958    31.9431        429     1.7833  0.000e+00
     30.469    16.2410   4.068932    31.9431        430     1.7875  0.000e+00
     30.517    16.2412   4.068932    31.9429        431     1.7917  0.000e+00
     30.550    16.2412   4.068886    31.9425        432     1.7958  0.000e+00
     30.568    16.2407   4.068796    31.9421        433     1.8000  0.000e+00
     30.564    16.2406   4.068783    31.9421        434     1.8042  0.000e+00
     30.543    16.2400   4.068770    31.9424        435     1.8083  0.000e+00
     30.499    16.2397   4.068698    31.9421        436     1.8125  0.000e+00
     30.439    16.2395   4.068685    31.9421        437     1.8167  0.000e+00
     30.363    16.2390   4.068581    31.9417        438     1.8208  0.000e+00
     30.269    16.2385   4.068724    31.9434        439     1.8250  0.000e+00
     30.160    16.2384   4.068607    31.9424        440     1.8292  0.000e+00
     30.052    16.2386   4.068659    31.9428        441     1.8333  0.000e+00
     29.947    16.2384   4.068672    31.9431        442     1.8375  0.000e+00
     29.842    16.2383   4.068743    31.9438        443     1.8417  0.000e+00
     29.751    16.2388   4.068808    31.9440        444     1.8458  0.000e+00
     29.673    16.2392   4.069003    31.9454        445     1.8500  0.000e+00
     29.612    16.2401   4.069003    31.9448        446     1.8542  0.000e+00
     29.554    16.2408   4.068886    31.9432        447     1.8583  0.000e+00
     29.527    16.2411   4.068977    31.9437        448     1.8625  0.000e+00
     29.523    16.2411   4.069029    31.9442        449     1.8667  0.000e+00
     29.536    16.2415   4.069003    31.9436        450     1.8708  0.000e+00
     29.556    16.2418   4.068977    31.9432        451     1.8750  0.000e+00
     29.594    16.2418   4.069003    31.9434        452     1.8792  0.000e+00
     29.652    16.2418   4.069029    31.9436        453     1.8833  0.000e+00
     29.719    16.2418   4.068886    31.9423        454     1.8875  0.000e+00
     29.793    16.2421   4.069003    31.9430        455     1.8917  0.000e+00
     29.860    16.2419   4.069003    31.9432        456     1.8958  0.000e+00
     29.928    16.2418   4.068932    31.9427        457     1.9000  0.000e+00
     29.994    16.2418   4.068906    31.9424        458     1.9042  0.000e+00
     30.059    16.2413   4.068912    31.9428        459     1.9083  0.000e+00
     30.117    16.2412   4.068932    31.9431        460     1.9125  0.000e+00
     30.156    16.2411   4.068912    31.9429        461     1.9167  0.000e+00
     30.176    16.2410   4.068880    31.9428        462     1.9208  0.000e+00
     30.194    16.2410   4.068984    31.9436        463     1.9250  0.000e+00
     30.200    16.2411   4.069029    31.9439        464     1.9292  0.000e+00
     30.192    16.2414   4.069218    31.9454        465     1.9333  0.000e+00
     30.178    16.2422   4.069620    31.9482        466     1.9375  0.000e+00
     30.151    16.2441   4.069763    31.9480        467     1.9417  0.000e+00
     30.118    16.2462   4.069854    31.9471        468     1.9458  0.000e+00
     30.084    16.2479   4.070017    31.9472        469     1.9500  0.000e+00
     30.055    16.2494   4.069880    31.9448        470     1.9542  0.000e+00
     30.026    16.2503   4.069783    31.9432        471     1.9583  0.000e+00
     29.993    16.2501   4.069737    31.9430        472     1.9625  0.000e+00
     29.964    16.2498   4.069874    31.9444        473     1.9667  0.000e+00
     29.939    16.2498   4.069880    31.9445        474     1.9708  0.000e+00
     29.923    16.2501   4.069880    31.9443        475     1.9750  0.000e+00
     29.912    16.2504   4.069848    31.9438        476     1.9792  0.000e+00
     29.899    16.2502   4.069809    31.9436        477     1.9833  0.000e+00
     29.881    16.2498   4.069854    31.9443        478     1.9875  0.000e+00
     29.863    16.2501   4.069906    31.9445        479     1.9917  0.000e+00
     29.847    16.2504   4.069919    31.9444        480     1.9958  0.000e+00
     29.832    16.2506   4.069925    31.9443        481     2.0000  0.000e+00
     29.812    16.2509   4.069906    31.9439        482     2.0042  0.000e+00
     29.789    16.2508   4.069945    31.9444        483     2.0083  0.000e+00
     29.763    16.2509   4.069880    31.9437        484     2.0125  0.000e+00
     29.744    16.2510   4.069925    31.9440        485     2.0167  0.000e+00
     29.725    16.2509   4.069951    31.9444        486     2.0208  0.000e+00
     29.711    16.2509   4.069821    31.9432        487     2.0250  0.000e+00
     29.695    16.2509   4.069808    31.9431        488     2.0292  0.000e+00
     29.689    16.2504   4.069763    31.9431        489     2.0333  0.000e+00
     29.693    16.2501   4.069692    31.9427        490     2.0375  0.000e+00
     29.702    16.2495   4.069601    31.9424        491     2.0417  0.000e+00
     29.725    16.2488   4.069620    31.9431        492     2.0458  0.000e+00
     29.751    16.2485   4.069620    31.9434        493     2.0500  0.000e+00
     29.783    16.2481   4.069672    31.9441        494     2.0542  0.000e+00
     29.821    16.2483   4.069711    31.9443        495     2.0583  0.000e+00
     29.859    16.2484   4.069711    31.9442        496     2.0625  0.000e+00
     29.897    16.2486   4.069737    31.9442        497     2.0667  0.000e+00
     29.928    16.2489   4.069770    31.9443        498     2.0708  0.000e+00
     29.957    16.2489   4.069737    31.9440        499     2.0750  0.000e+00
     29.979    16.2492   4.069737    31.9437        500     2.0792  0.000e+00
     30.002    16.2492   4.069744    31.9438        501     2.0833  0.000e+00
     30.013    16.2489   4.069783    31.9443        502     2.0875  0.000e+00
     30.017    16.2491   4.069809    31.9444        503     2.0917  0.000e+00
     30.013    16.2493   4.069763    31.9438        504     2.0958  0.000e+00
     30.011    16.2496   4.069874    31.9446        505     2.1000  0.000e+00
     30.004    16.2497   4.069906    31.9448        506     2.1042  0.000e+00
     30.004    16.2502   4.069737    31.9429        507     2.1083  0.000e+00
     30.004    16.2499   4.069672    31.9426        508     2.1125  0.000e+00
     30.004    16.2495   4.069692    31.9431        509     2.1167  0.000e+00
     30.020    16.2491   4.069692    31.9434        510     2.1208  0.000e+00
     30.040    16.2489   4.069783    31.9443        511     2.1250  0.000e+00
     30.071    16.2493   4.069822    31.9444        512     2.1292  0.000e+00
     30.109    16.2493   4.069854    31.9447        513     2.1333  0.000e+00
     30.154    16.2498   4.069854    31.9442        514     2.1375  0.000e+00
     30.198    16.2497   4.069919    31.9448        515     2.1417  0.000e+00
     30.245    16.2501   4.069926    31.9445        516     2.1458  0.000e+00
     30.279    16.2506   4.069952    31.9444        517     2.1500  0.000e+00
     30.307    16.2509   4.069952    31.9442        518     2.1542  0.000e+00
     30.326    16.2508   4.069945    31.9442        519     2.1583  0.000e+00
     30.323    16.2508   4.069952    31.9442        520     2.1625  0.000e+00
     30.301    16.2511   4.070114    31.9454        521     2.1667  0.000e+00
     30.264    16.2514   4.070231    31.9462        522     2.1708  0.000e+00
     30.214    16.2521   4.070192    31.9453        523     2.1750  0.000e+00
     30.152    16.2527   4.070231    31.9452        524     2.1792  0.000e+00
     30.075    16.2531   4.070023    31.9431        525     2.1833  0.000e+00
     29.993    16.2529   4.069971    31.9428        526     2.1875  0.000e+00
     29.918    16.2523   4.070094    31.9444        527     2.1917  0.000e+00
     29.850    16.2523   4.070042    31.9440        528     2.1958  0.000e+00
     29.797    16.2522   4.069971    31.9434        529     2.2000  0.000e+00
     29.763    16.2520   4.069997    31.9439        530     2.2042  0.000e+00
     29.759    16.2519   4.070068    31.9446        531     2.2083  0.000e+00
     29.781    16.2518   4.070114    31.9450        532     2.2125  0.000e+00
     29.810    16.2523   4.070068    31.9442        533     2.2167  0.000e+00
     29.862    16.2521   4.070068    31.9444        534     2.2208  0.000e+00
     29.944    16.2521   4.070094    31.9445        535     2.2250  0.000e+00
     30.040    16.2522   4.070094    31.9444        536     2.2292  0.000e+00
     30.148    16.2523   4.070120    31.9445        537     2.2333  0.000e+00
     30.266    16.2525   4.070140    31.9445        538     2.2375  0.000e+00
     30.386    16.2525   4.070114    31.9443        539     2.2417  0.000e+00
     30.494    16.2525   4.070140    31.9444        540     2.2458  0.000e+00
     30.596    16.2527   4.070166    31.9445        541     2.2500  0.000e+00
     30.683    16.2529   4.070166    31.9443        542     2.2542  0.000e+00
     30.741    16.2531   4.070212    31.9445        543     2.2583  0.000e+00
     30.773    16.2533   4.070218    31.9443        544     2.2625  0.000e+00
     30.773    16.2532   4.070231    31.9446        545     2.2667  0.000e+00
     30.751    16.2533   4.070257    31.9447        546     2.2708  0.000e+00
     30.703    16.2533   4.070166    31.9440        547     2.2750  0.000e+00
     30.619    16.2533   4.070316    31.9452        548     2.2792  0.000e+00
     30.530    16.2539   4.070374    31.9453        549     2.2833  0.000e+00
     30.424    16.2545   4.070328    31.9445        550     2.2875  0.000e+00
     30.306    16.2547   4.070315    31.9443        551     2.2917  0.000e+00
     30.188    16.2549   4.070283    31.9438        552     2.2958  0.000e+00
     30.078    16.2546   4.070231    31.9437        553     2.3000  0.000e+00
     29.975    16.2543   4.070114    31.9429        554     2.3042  0.000e+00
     29.884    16.2538   4.070244    31.9445        555     2.3083  0.000e+00
     29.810    16.2537   4.070114    31.9435        556     2.3125  0.000e+00
     29.763    16.2536   4.069951    31.9422        557     2.3167  0.000e+00
     29.727    16.2527   4.069997    31.9433        558     2.3208  0.000e+00
     29.725    16.2521   4.069834    31.9423        559     2.3250  0.000e+00
     29.727    16.2513   4.069971    31.9442        560     2.3292  0.000e+00
     29.766    16.2514   4.070114    31.9453        561     2.3333  0.000e+00
     29.812    16.2517   4.070270    31.9465        562     2.3375  0.000e+00
     29.873    16.2529   4.070231    31.9451        563     2.3417  0.000e+00
     29.951    16.2536   4.070231    31.9446        564     2.3458  0.000e+00
     30.033    16.2537   4.070283    31.9449        565     2.3500  0.000e+00
     30.123    16.2540   4.070341    31.9451        566     2.3542  0.000e+00
     30.215    16.2545   4.070328    31.9446        567     2.3583  0.000e+00
     30.309    16.2545   4.070328    31.9445        568     2.3625  0.000e+00
     30.398    16.2549   4.070393    31.9447        569     2.3667  0.000e+00
     30.487    16.2549   4.070426    31.9450        570     2.3708  0.000e+00
     30.574    16.2553   4.070426    31.9447        571     2.3750  0.000e+00
     30.646    16.2554   4.070400    31.9443        572     2.3792  0.000e+00
     30.704    16.2554   4.070342    31.9438        573     2.3833  0.000e+00
     30.753    16.2553   4.070257    31.9431        574     2.3875  0.000e+00
     30.783    16.2546   4.070095    31.9422        575     2.3917  0.000e+00
     30.798    16.2538   4.069893    31.9411        576     2.3958  0.000e+00
     30.796    16.2525   4.069127    31.9354        577     2.4000  0.000e+00
     30.773    16.2496   4.068698    31.9340        578     2.4042  0.000e+00
     30.736    16.2457   4.069523    31.9444        579     2.4083  0.000e+00
     30.682    16.2449   4.069848    31.9479        580     2.4125  0.000e+00
     30.619    16.2466   4.069880    31.9468        581     2.4167  0.000e+00
     30.539    16.2481   4.069835    31.9452        582     2.4208  0.000e+00
     30.461    16.2492   4.069796    31.9441        583     2.4250  0.000e+00
     30.367    16.2492   4.069711    31.9434        584     2.4292  0.000e+00
     30.273    16.2489   4.069594    31.9426        585     2.4333  0.000e+00
     30.180    16.2486   4.069549    31.9425        586     2.4375  0.000e+00
     30.090    16.2481   4.069646    31.9437        587     2.4417  0.000e+00
     30.012    16.2477   4.069620    31.9439        588     2.4458  0.000e+00
     29.940    16.2477   4.069692    31.9445        589     2.4500  0.000e+00
     29.871    16.2479   4.069666    31.9442        590     2.4542  0.000e+00
     29.816    16.2484   4.069744    31.9445        591     2.4583  0.000e+00
     29.773    16.2487   4.069809    31.9448        592     2.4625  0.000e+00
     29.748    16.2488   4.069763    31.9444        593     2.4667  0.000e+00
     29.728    16.2493   4.069744    31.9438        594     2.4708  0.000e+00
     29.728    16.2490   4.069763    31.9442        595     2.4750  0.000e+00
     29.739    16.2492   4.069763    31.9441        596     2.4792  0.000e+00
     29.767    16.2493   4.069737    31.9437        597     2.4833  0.000e+00
     29.802    16.2494   4.069724    31.9435        598     2.4875  0.000e+00
     29.854    16.2492   4.069711    31.9436        599     2.4917  0.000e+00
     29.918    16.2492   4.069737    31.9438        600     2.4958  0.000e+00
     29.992    16.2491   4.069744    31.9439        601     2.5000  0.000e+00
     30.070    16.2489   4.069783    31.9443        602     2.5042  0.000e+00
     30.153    16.2489   4.069809    31.9445        603     2.5083  0.000e+00
     30.238    16.2494   4.069783    31.9439        604     2.5125  0.000e+00
     30.323    16.2493   4.069796    31.9440        605     2.5167  0.000e+00
     30.399    16.2497   4.069854    31.9442        606     2.5208  0.000e+00
     30.477    16.2493   4.069880    31.9447        607     2.5250  0.000e+00
     30.540    16.2500   4.069893    31.9443        608     2.5292  0.000e+00
     30.595    16.2502   4.069952    31.9446        609     2.5333  0.000e+00
     30.642    16.2503   4.069952    31.9445        610     2.5375  0.000e+00
     30.674    16.2509   4.069952    31.9440        611     2.5417  0.000e+00
     30.694    16.2510   4.069952    31.9439        612     2.5458  0.000e+00
     30.698    16.2509   4.069971    31.9441        613     2.5500  0.000e+00
     30.691    16.2509   4.069952    31.9440        614     2.5542  0.000e+00
     30.676    16.2509   4.069315    31.9385        615     2.5583  0.000e+00
     30.651    16.2494   4.068730    31.9345        616     2.5625  0.000e+00
     30.613    16.2458   4.068795    31.9380        617     2.5667  0.000e+00
     30.571    16.2429   4.068958    31.9418        618     2.5708  0.000e+00
     30.527    16.2421   4.068757    31.9406        619     2.5750  0.000e+00
     30.477    16.2413   4.068744    31.9412        620     2.5792  0.000e+00
     30.423    16.2404   4.068555    31.9403        621     2.5833  0.000e+00
     30.368    16.2398   4.069315    31.9475        622     2.5875  0.000e+00
     30.316    16.2410   4.069770    31.9504        623     2.5917  0.000e+00
     30.258    16.2440   4.069835    31.9487        624     2.5958  0.000e+00
     30.209    16.2469   4.069880    31.9467        625     2.6000  0.000e+00
