HB2407/sbe044.cnv
* Sea-Bird SBE 19plus V2 Data File:
* FileName = C:\cruise\data\sbe044.hex
* Software Version Seasave V 7.26.7.121
* Temperature SN = 7143
* Conductivity SN = 7143
* System UpLoad Time = Oct 03 2024 04:48:00
* NMEA Latitude = 41 15.01 N
* NMEA Longitude = 070 46.37 W
* NMEA UTC (Time) = Oct 03 2024  04:47:36
** Ship: Bigelow
** Cruise:  HB2407
** Program:  Fall Bottom Trawl
# nquan = 7
# nvalues = 2158                                  
# units = specified
# name 0 = depSM: Depth [salt water, m]
# name 1 = tv290C: Temperature [ITS-90, deg C]
# name 2 = c0S/m: Conductivity [S/m]
# name 3 = sal00: Salinity, Practical [PSU]
# name 4 = scan: Scan Count
# name 5 = timeM: Time, Elapsed [minutes]
# name 6 = flag:  0.000e+00
# span 0 =     -0.071,     20.377                 
# span 1 =    16.3397,    17.9848                 
# span 2 =   0.000036,   4.186877                 
# span 3 =     0.0084,    31.8976                 
# span 4 =         11,       2168                 
# span 5 =     0.0417,     9.0292                 
# span 6 = 0.0000e+00, 0.0000e+00                 
# interval = seconds: 0.25
# start_time = Oct 03 2024 04:47:36 [NMEA time, header]
# bad_flag = -9.990e-29
*END*
[from data line 1847]
      4.612    17.9176   4.175268    31.5463       1858     7.7375  0.000e+00
      4.605    17.9171   4.174782    31.5425       1859     7.7417  0.000e+00
      4.616    17.9151   4.174441    31.5412       1860     7.7458  0.000e+00
      4.638    17.9129   4.174296    31.5417       1861     7.7500  0.000e+00
      4.672    17.9110   4.174296    31.5431       1862     7.7542  0.000e+00
      4.717    17.9105   4.174388    31.5442       1863     7.7583  0.000e+00
      4.750    17.9117   4.174657    31.5456       1864     7.7625  0.000e+00
      4.790    17.9138   4.174999    31.5468       1865     7.7667  0.000e+00
      4.826    17.9162   4.175379    31.5482       1866     7.7708  0.000e+00
      4.851    17.9185   4.175806    31.5500       1867     7.7750  0.000e+00
      4.873    17.9206   4.176075    31.5506       1868     7.7792  0.000e+00
      4.884    17.9224   4.176220    31.5505       1869     7.7833  0.000e+00
      4.882    17.9242   4.176292    31.5497       1870     7.7875  0.000e+00
      4.875    17.9253   4.176345    31.5493       1871     7.7917  0.000e+00
      4.860    17.9264   4.176417    31.5490       1872     7.7958  0.000e+00
      4.833    17.9267   4.176436    31.5490       1873     7.8000  0.000e+00
      4.815    17.9273   4.176436    31.5485       1874     7.8042  0.000e+00
      4.797    17.9274   4.176436    31.5485       1875     7.8083  0.000e+00
      4.780    17.9277   4.176364    31.5476       1876     7.8125  0.000e+00
      4.779    17.9274   4.176174    31.5463       1877     7.8167  0.000e+00
      4.778    17.9267   4.176174    31.5468       1878     7.8208  0.000e+00
      4.784    17.9265   4.176266    31.5477       1879     7.8250  0.000e+00
      4.795    17.9266   4.176364    31.5485       1880     7.8292  0.000e+00
      4.805    17.9263   4.176364    31.5487       1881     7.8333  0.000e+00
      4.818    17.9261   4.176364    31.5489       1882     7.8375  0.000e+00
      4.836    17.9254   4.176345    31.5492       1883     7.8417  0.000e+00
      4.845    17.9252   4.176364    31.5496       1884     7.8458  0.000e+00
      4.858    17.9249   4.176437    31.5504       1885     7.8500  0.000e+00
      4.869    17.9248   4.176463    31.5506       1886     7.8542  0.000e+00
      4.872    17.9250   4.176437    31.5503       1887     7.8583  0.000e+00
      4.872    17.9251   4.176391    31.5498       1888     7.8625  0.000e+00
      4.876    17.9251   4.176345    31.5494       1889     7.8667  0.000e+00
      4.885    17.9249   4.176292    31.5491       1890     7.8708  0.000e+00
      4.894    17.9251   4.176266    31.5488       1891     7.8750  0.000e+00
      4.901    17.9253   4.176266    31.5486       1892     7.8792  0.000e+00
      4.912    17.9252   4.176246    31.5485       1893     7.8833  0.000e+00
      4.921    17.9254   4.176194    31.5479       1894     7.8875  0.000e+00
      4.923    17.9255   4.176095    31.5470       1895     7.8917  0.000e+00
      4.921    17.9249   4.175924    31.5460       1896     7.8958  0.000e+00
      4.901    17.9241   4.175832    31.5459       1897     7.9000  0.000e+00
      4.872    17.9235   4.175892    31.5469       1898     7.9042  0.000e+00
      4.829    17.9234   4.175951    31.5475       1899     7.9083  0.000e+00
      4.782    17.9236   4.176003    31.5477       1900     7.9125  0.000e+00
      4.735    17.9241   4.176049    31.5478       1901     7.9167  0.000e+00
      4.698    17.9247   4.176049    31.5473       1902     7.9208  0.000e+00
      4.657    17.9252   4.176148    31.5478       1903     7.9250  0.000e+00
      4.626    17.9256   4.176095    31.5470       1904     7.9292  0.000e+00
      4.595    17.9254   4.176023    31.5466       1905     7.9333  0.000e+00
      4.572    17.9254   4.176023    31.5466       1906     7.9375  0.000e+00
      4.550    17.9254   4.176049    31.5468       1907     7.9417  0.000e+00
      4.535    17.9255   4.176075    31.5470       1908     7.9458  0.000e+00
      4.533    17.9253   4.176075    31.5471       1909     7.9500  0.000e+00
      4.541    17.9246   4.176121    31.5481       1910     7.9542  0.000e+00
      4.546    17.9242   4.176121    31.5483       1911     7.9583  0.000e+00
      4.561    17.9235   4.176121    31.5489       1912     7.9625  0.000e+00
      4.579    17.9233   4.176121    31.5490       1913     7.9667  0.000e+00
      4.593    17.9226   4.176121    31.5496       1914     7.9708  0.000e+00
      4.595    17.9225   4.176075    31.5492       1915     7.9750  0.000e+00
      4.599    17.9223   4.176023    31.5490       1916     7.9792  0.000e+00
      4.577    17.9222   4.176023    31.5491       1917     7.9833  0.000e+00
      4.560    17.9221   4.175924    31.5483       1918     7.9875  0.000e+00
      4.537    17.9220   4.175905    31.5483       1919     7.9917  0.000e+00
      4.519    17.9217   4.175924    31.5486       1920     7.9958  0.000e+00
      4.509    17.9217   4.175951    31.5489       1921     8.0000  0.000e+00
      4.517    17.9217   4.175951    31.5489       1922     8.0042  0.000e+00
      4.540    17.9215   4.175924    31.5488       1923     8.0083  0.000e+00
      4.569    17.9216   4.175951    31.5489       1924     8.0125  0.000e+00
      4.604    17.9213   4.175905    31.5488       1925     8.0167  0.000e+00
      4.633    17.9211   4.175905    31.5489       1926     8.0208  0.000e+00
      4.654    17.9211   4.175852    31.5484       1927     8.0250  0.000e+00
      4.667    17.9209   4.175832    31.5485       1928     8.0292  0.000e+00
      4.665    17.9205   4.175786    31.5483       1929     8.0333  0.000e+00
      4.643    17.9203   4.175681    31.5476       1930     8.0375  0.000e+00
      4.602    17.9200   4.175583    31.5470       1931     8.0417  0.000e+00
      4.542    17.9198   4.175635    31.5477       1932     8.0458  0.000e+00
      4.475    17.9196   4.175635    31.5479       1933     8.0500  0.000e+00
      4.405    17.9198   4.175563    31.5471       1934     8.0542  0.000e+00
      4.334    17.9194   4.175563    31.5474       1935     8.0583  0.000e+00
      4.251    17.9198   4.175583    31.5474       1936     8.0625  0.000e+00
      4.182    17.9198   4.175563    31.5472       1937     8.0667  0.000e+00
      4.122    17.9201   4.175537    31.5468       1938     8.0708  0.000e+00
      4.068    17.9203   4.175537    31.5466       1939     8.0750  0.000e+00
      4.030    17.9204   4.175464    31.5459       1940     8.0792  0.000e+00
      4.001    17.9202   4.175464    31.5461       1941     8.0833  0.000e+00
      3.986    17.9198   4.175491    31.5466       1942     8.0875  0.000e+00
      3.975    17.9196   4.175464    31.5466       1943     8.0917  0.000e+00
      3.975    17.9194   4.175438    31.5465       1944     8.0958  0.000e+00
      3.982    17.9192   4.175438    31.5466       1945     8.1000  0.000e+00
      3.991    17.9191   4.175464    31.5470       1946     8.1042  0.000e+00
      4.012    17.9194   4.175491    31.5469       1947     8.1083  0.000e+00
      4.019    17.9194   4.175510    31.5471       1948     8.1125  0.000e+00
      4.031    17.9192   4.175510    31.5473       1949     8.1167  0.000e+00
      4.031    17.9194   4.175537    31.5473       1950     8.1208  0.000e+00
      4.018    17.9196   4.175563    31.5474       1951     8.1250  0.000e+00
      3.997    17.9194   4.175537    31.5473       1952     8.1292  0.000e+00
      3.966    17.9197   4.175510    31.5469       1953     8.1333  0.000e+00
      3.926    17.9198   4.175491    31.5466       1954     8.1375  0.000e+00
      3.884    17.9198   4.175491    31.5467       1955     8.1417  0.000e+00
      3.844    17.9195   4.175510    31.5471       1956     8.1458  0.000e+00
      3.808    17.9197   4.175491    31.5468       1957     8.1500  0.000e+00
      3.779    17.9194   4.175392    31.5462       1958     8.1542  0.000e+00
      3.756    17.9192   4.175326    31.5458       1959     8.1583  0.000e+00
      3.741    17.9193   4.175438    31.5466       1960     8.1625  0.000e+00
      3.729    17.9191   4.175294    31.5456       1961     8.1667  0.000e+00
      3.720    17.9181   4.175169    31.5453       1962     8.1708  0.000e+00
      3.718    17.9174   4.175149    31.5457       1963     8.1750  0.000e+00
      3.709    17.9168   4.175195    31.5466       1964     8.1792  0.000e+00
      3.711    17.9167   4.175221    31.5469       1965     8.1833  0.000e+00
      3.714    17.9168   4.175241    31.5470       1966     8.1875  0.000e+00
      3.712    17.9170   4.175294    31.5473       1967     8.1917  0.000e+00
      3.711    17.9172   4.175340    31.5475       1968     8.1958  0.000e+00
      3.705    17.9176   4.175320    31.5470       1969     8.2000  0.000e+00
      3.691    17.9180   4.175340    31.5469       1970     8.2042  0.000e+00
      3.662    17.9179   4.175366    31.5472       1971     8.2083  0.000e+00
      3.624    17.9181   4.175320    31.5467       1972     8.2125  0.000e+00
      3.573    17.9178   4.175320    31.5469       1973     8.2167  0.000e+00
      3.518    17.9177   4.175366    31.5474       1974     8.2208  0.000e+00
      3.468    17.9180   4.175366    31.5472       1975     8.2250  0.000e+00
      3.419    17.9183   4.175392    31.5472       1976     8.2292  0.000e+00
      3.377    17.9180   4.175320    31.5468       1977     8.2333  0.000e+00
      3.346    17.9177   4.175267    31.5466       1978     8.2375  0.000e+00
      3.323    17.9174   4.175267    31.5469       1979     8.2417  0.000e+00
      3.303    17.9170   4.175267    31.5471       1980     8.2458  0.000e+00
      3.290    17.9172   4.175293    31.5472       1981     8.2500  0.000e+00
      3.274    17.9172   4.175339    31.5476       1982     8.2542  0.000e+00
      3.270    17.9179   4.175392    31.5475       1983     8.2583  0.000e+00
      3.272    17.9182   4.175392    31.5473       1984     8.2625  0.000e+00
      3.279    17.9180   4.175339    31.5470       1985     8.2667  0.000e+00
      3.299    17.9176   4.175293    31.5469       1986     8.2708  0.000e+00
      3.321    17.9174   4.175267    31.5469       1987     8.2750  0.000e+00
      3.349    17.9168   4.175241    31.5471       1988     8.2792  0.000e+00
      3.382    17.9164   4.175175    31.5468       1989     8.2833  0.000e+00
      3.411    17.9159   4.175097    31.5465       1990     8.2875  0.000e+00
      3.431    17.9153   4.175051    31.5466       1991     8.2917  0.000e+00
      3.434    17.9147   4.174952    31.5462       1992     8.2958  0.000e+00
      3.424    17.9141   4.174854    31.5459       1993     8.3000  0.000e+00
      3.397    17.9132   4.174755    31.5458       1994     8.3042  0.000e+00
      3.357    17.9125   4.174808    31.5468       1995     8.3083  0.000e+00
      3.304    17.9121   4.174854    31.5475       1996     8.3125  0.000e+00
      3.243    17.9119   4.174827    31.5474       1997     8.3167  0.000e+00
      3.174    17.9116   4.174683    31.5464       1998     8.3208  0.000e+00
      3.103    17.9107   4.174611    31.5466       1999     8.3250  0.000e+00
      3.043    17.9096   4.174538    31.5468       2000     8.3292  0.000e+00
      2.989    17.9085   4.174387    31.5464       2001     8.3333  0.000e+00
      2.953    17.9074   4.174368    31.5471       2002     8.3375  0.000e+00
      2.935    17.9066   4.174315    31.5473       2003     8.3417  0.000e+00
      2.924    17.9061   4.174046    31.5454       2004     8.3458  0.000e+00
      2.935    17.9057   4.174315    31.5480       2005     8.3500  0.000e+00
      2.947    17.9055   4.174387    31.5487       2006     8.3542  0.000e+00
      2.967    17.9060   4.174486    31.5492       2007     8.3583  0.000e+00
      2.985    17.9061   4.174486    31.5491       2008     8.3625  0.000e+00
      3.005    17.9065   4.174440    31.5484       2009     8.3667  0.000e+00
      3.014    17.9066   4.174466    31.5486       2010     8.3708  0.000e+00
      3.016    17.9069   4.174558    31.5491       2011     8.3750  0.000e+00
      3.005    17.9077   4.174709    31.5498       2012     8.3792  0.000e+00
      2.982    17.9086   4.174729    31.5492       2013     8.3833  0.000e+00
      2.945    17.9094   4.174611    31.5476       2014     8.3875  0.000e+00
      2.893    17.9083   4.174243    31.5454       2015     8.3917  0.000e+00
      2.842    17.9066   4.174099    31.5455       2016     8.3958  0.000e+00
      2.797    17.9049   4.174099    31.5468       2017     8.4000  0.000e+00
      2.766    17.9044   4.174243    31.5485       2018     8.4042  0.000e+00
      2.746    17.9040   4.174197    31.5483       2019     8.4083  0.000e+00
      2.744    17.9035   4.174197    31.5487       2020     8.4125  0.000e+00
      2.742    17.9039   4.174295    31.5493       2021     8.4167  0.000e+00
      2.757    17.9045   4.174387    31.5496       2022     8.4208  0.000e+00
      2.770    17.9057   4.174512    31.5497       2023     8.4250  0.000e+00
      2.779    17.9067   4.174558    31.5493       2024     8.4292  0.000e+00
      2.790    17.9079   4.174637    31.5490       2025     8.4333  0.000e+00
      2.786    17.9091   4.174729    31.5489       2026     8.4375  0.000e+00
      2.786    17.9098   4.174729    31.5484       2027     8.4417  0.000e+00
      2.775    17.9102   4.174683    31.5477       2028     8.4458  0.000e+00
      2.769    17.9099   4.174558    31.5468       2029     8.4500  0.000e+00
      2.750    17.9086   4.174197    31.5448       2030     8.4542  0.000e+00
      2.748    17.9058   4.173856    31.5441       2031     8.4583  0.000e+00
      2.746    17.9033   4.173875    31.5462       2032     8.4625  0.000e+00
      2.753    17.9014   4.173829    31.5473       2033     8.4667  0.000e+00
      2.755    17.9007   4.173928    31.5486       2034     8.4708  0.000e+00
      2.750    17.9006   4.174125    31.5504       2035     8.4750  0.000e+00
      2.730    17.9016   4.174341    31.5515       2036     8.4792  0.000e+00
      2.697    17.9030   4.174295    31.5500       2037     8.4833  0.000e+00
      2.655    17.9033   4.173803    31.5456       2038     8.4875  0.000e+00
      2.603    17.9012   4.173344    31.5434       2039     8.4917  0.000e+00
      2.559    17.8979   4.173147    31.5443       2040     8.4958  0.000e+00
      2.516    17.8950   4.173048    31.5457       2041     8.5000  0.000e+00
      2.490    17.8925   4.173002    31.5472       2042     8.5042  0.000e+00
      2.478    17.8908   4.173029    31.5488       2043     8.5083  0.000e+00
      2.478    17.8903   4.173219    31.5508       2044     8.5125  0.000e+00
      2.487    17.8910   4.173409    31.5519       2045     8.5167  0.000e+00
      2.501    17.8925   4.173659    31.5528       2046     8.5208  0.000e+00
      2.510    17.8941   4.173757    31.5524       2047     8.5250  0.000e+00
      2.507    17.8962   4.173928    31.5522       2048     8.5292  0.000e+00
      2.496    17.8978   4.174144    31.5528       2049     8.5333  0.000e+00
      2.458    17.9002   4.174584    31.5547       2050     8.5375  0.000e+00
      2.396    17.9035   4.174899    31.5548       2051     8.5417  0.000e+00
      2.320    17.9061   4.174853    31.5525       2052     8.5458  0.000e+00
      2.242    17.9073   4.174807    31.5511       2053     8.5500  0.000e+00
      2.179    17.9084   4.174656    31.5490       2054     8.5542  0.000e+00
      2.133    17.9081   4.174558    31.5485       2055     8.5583  0.000e+00
      2.101    17.9075   4.174466    31.5482       2056     8.5625  0.000e+00
      2.077    17.9066   4.174341    31.5478       2057     8.5667  0.000e+00
      2.056    17.9058   4.174295    31.5480       2058     8.5708  0.000e+00
      2.037    17.9051   4.174269    31.5484       2059     8.5750  0.000e+00
      2.028    17.9044   4.174197    31.5483       2060     8.5792  0.000e+00
      2.030    17.9041   4.174216    31.5487       2061     8.5833  0.000e+00
