HB2407/sbe087.cnv
* Sea-Bird SBE 19plus V2 Data File:
* FileName = C:\cruise\data\sbe087.hex
* Software Version Seasave V 7.26.7.121
* Temperature SN = 7037
* Conductivity SN = 7037
* System UpLoad Time = Oct 13 2024 14:25:53
* NMEA Latitude = 40 52.88 N
* NMEA Longitude = 068 50.98 W
* NMEA UTC (Time) = Oct 13 2024  14:25:42
** Ship: Bigelow
** Cruise:  HB2407
** Program:  Spring Bottom Trawl
# nquan = 8
# nvalues = 1598                                  
# units = specified
# name 0 = depSM: Depth [salt water, m]
# name 1 = tv290C: Temperature [ITS-90, deg C]
# name 2 = c0S/m: Conductivity [S/m]
# name 3 = sal00: Salinity, Practical [PSU]
# name 4 = scan: Scan Count
# name 5 = timeM: Time, Elapsed [minutes]
# name 6 = sbeox0V: Oxygen raw, SBE 43 [V]
# name 7 = flag:  0.000e+00
# span 0 =      0.018,     61.143                 
# span 1 =    15.3202,    17.0708                 
# span 2 =   0.000015,   4.067046                 
# span 3 =     0.0086,    32.0144                 
# span 4 =         11,       1608                 
# span 5 =     0.0417,     6.6958                 
# span 6 =     2.1436,     2.5411                 
# span 7 = 0.0000e+00, 0.0000e+00                 
# interval = seconds: 0.25
# start_time = Oct 13 2024 14:25:42 [NMEA time, header]
# bad_flag = -9.990e-29
*END*
[from data line 360]
     40.485    16.1118   4.053842    31.9108        371     1.5417     2.5019  0.000e+00
     40.691    16.1120   4.053817    31.9104        372     1.5458     2.5015  0.000e+00
     40.897    16.1117   4.053817    31.9105        373     1.5500     2.5011  0.000e+00
     41.089    16.1109   4.053866    31.9115        374     1.5542     2.4996  0.000e+00
     41.275    16.1097   4.053940    31.9130        375     1.5583     2.5009  0.000e+00
     41.434    16.1091   4.054232    31.9160        376     1.5625     2.4961  0.000e+00
     41.575    16.1087   4.054721    31.9206        377     1.5667     2.4960  0.000e+00
     41.687    16.1084   4.054830    31.9217        378     1.5708     2.5024  0.000e+00
     41.789    16.1084   4.054928    31.9225        379     1.5750     2.4974  0.000e+00
     41.874    16.1085   4.054977    31.9229        380     1.5792     2.4967  0.000e+00
     41.959    16.1092   4.054904    31.9217        381     1.5833     2.4983  0.000e+00
     42.033    16.1097   4.054806    31.9203        382     1.5875     2.4968  0.000e+00
     42.118    16.1098   4.054763    31.9199        383     1.5917     2.4963  0.000e+00
     42.201    16.1100   4.054794    31.9200        384     1.5958     2.4997  0.000e+00
     42.295    16.1105   4.054855    31.9200        385     1.6000     2.4981  0.000e+00
     42.407    16.1117   4.054715    31.9178        386     1.6042     2.4958  0.000e+00
     42.521    16.1131   4.054446    31.9143        387     1.6083     2.4969  0.000e+00
     42.657    16.1145   4.054166    31.9106        388     1.6125     2.4958  0.000e+00
     42.807    16.1141   4.054087    31.9102        389     1.6167     2.4966  0.000e+00
     42.973    16.1130   4.054013    31.9104        390     1.6208     2.4979  0.000e+00
     43.149    16.1115   4.053910    31.9107        391     1.6250     2.4981  0.000e+00
     43.335    16.1097   4.053818    31.9112        392     1.6292     2.4991  0.000e+00
     43.527    16.1080   4.053794    31.9123        393     1.6333     2.4989  0.000e+00
     43.731    16.1075   4.053770    31.9124        394     1.6375     2.4965  0.000e+00
     43.934    16.1076   4.053752    31.9121        395     1.6417     2.5024  0.000e+00
     44.136    16.1074   4.053746    31.9121        396     1.6458     2.5015  0.000e+00
     44.333    16.1069   4.053794    31.9129        397     1.6500     2.4997  0.000e+00
     44.532    16.1063   4.053819    31.9135        398     1.6542     2.4975  0.000e+00
     44.709    16.1060   4.053843    31.9139        399     1.6583     2.4921  0.000e+00
     44.874    16.1060   4.053965    31.9149        400     1.6625     2.4967  0.000e+00
     45.020    16.1063   4.054325    31.9178        401     1.6667     2.4978  0.000e+00
     45.147    16.1064   4.054606    31.9202        402     1.6708     2.4963  0.000e+00
     45.248    16.1066   4.054691    31.9207        403     1.6750     2.4963  0.000e+00
     45.330    16.1063   4.054740    31.9213        404     1.6792     2.4970  0.000e+00
     45.400    16.1062   4.054631    31.9204        405     1.6833     2.4964  0.000e+00
     45.456    16.1061   4.054521    31.9195        406     1.6875     2.4967  0.000e+00
     45.509    16.1058   4.054326    31.9180        407     1.6917     2.4970  0.000e+00
     45.559    16.1052   4.054124    31.9167        408     1.6958     2.4971  0.000e+00
     45.624    16.1044   4.054039    31.9166        409     1.7000     2.4992  0.000e+00
     45.699    16.1036   4.054015    31.9170        410     1.7042     2.4970  0.000e+00
     45.793    16.1027   4.054088    31.9183        411     1.7083     2.4968  0.000e+00
     45.905    16.1022   4.054259    31.9202        412     1.7125     2.4970  0.000e+00
     46.046    16.1013   4.054088    31.9193        413     1.7167     2.4970  0.000e+00
     46.212    16.1012   4.053966    31.9183        414     1.7208     2.4967  0.000e+00
     46.397    16.1018   4.054009    31.9181        415     1.7250     2.4996  0.000e+00
     46.596    16.1023   4.054015    31.9177        416     1.7292     2.4964  0.000e+00
     46.807    16.1024   4.053991    31.9173        417     1.7333     2.4969  0.000e+00
     47.041    16.1028   4.053942    31.9165        418     1.7375     2.4957  0.000e+00
     47.287    16.1035   4.053844    31.9150        419     1.7417     2.4963  0.000e+00
     47.532    16.1039   4.053704    31.9134        420     1.7458     2.4970  0.000e+00
     47.777    16.1037   4.053704    31.9134        421     1.7500     2.4971  0.000e+00
     47.992    16.1031   4.053686    31.9136        422     1.7542     2.4928  0.000e+00
     48.191    16.1023   4.053723    31.9145        423     1.7583     2.4948  0.000e+00
     48.375    16.1019   4.053656    31.9142        424     1.7625     2.4962  0.000e+00
     48.605    16.1015   4.053583    31.9138        425     1.7667     2.4971  0.000e+00
     48.820    16.1007   4.053571    31.9143        426     1.7708     2.4934  0.000e+00
     48.988    16.1004   4.053796    31.9164        427     1.7750     2.4932  0.000e+00
     49.111    16.1001   4.053943    31.9179        428     1.7792     2.4924  0.000e+00
     49.201    16.1002   4.053986    31.9182        429     1.7833     2.4923  0.000e+00
     49.281    16.1006   4.054016    31.9181        430     1.7875     2.4928  0.000e+00
     49.348    16.1005   4.053967    31.9177        431     1.7917     2.4936  0.000e+00
     49.406    16.1003   4.053943    31.9177        432     1.7958     2.4940  0.000e+00
     49.460    16.0997   4.053912    31.9178        433     1.8000     2.4948  0.000e+00
     49.512    16.0993   4.053845    31.9175        434     1.8042     2.4925  0.000e+00
     49.567    16.0988   4.053821    31.9177        435     1.8083     2.4925  0.000e+00
     49.634    16.0985   4.053821    31.9179        436     1.8125     2.4957  0.000e+00
     49.708    16.0981   4.053846    31.9184        437     1.8167     2.4945  0.000e+00
     49.813    16.0980   4.054016    31.9200        438     1.8208     2.4945  0.000e+00
     49.932    16.0978   4.054077    31.9207        439     1.8250     2.4930  0.000e+00
     50.068    16.0975   4.054016    31.9203        440     1.8292     2.4967  0.000e+00
     50.223    16.0980   4.053992    31.9196        441     1.8333     2.4922  0.000e+00
     50.384    16.0989   4.053968    31.9186        442     1.8375     2.4943  0.000e+00
     50.561    16.0995   4.053937    31.9178        443     1.8417     2.4923  0.000e+00
     50.753    16.0999   4.053919    31.9172        444     1.8458     2.4932  0.000e+00
     50.941    16.0999   4.053846    31.9165        445     1.8500     2.4923  0.000e+00
     51.138    16.1003   4.053803    31.9158        446     1.8542     2.4925  0.000e+00
     51.339    16.1007   4.053706    31.9146        447     1.8583     2.4925  0.000e+00
     51.545    16.1009   4.053608    31.9134        448     1.8625     2.4921  0.000e+00
     51.751    16.1005   4.053511    31.9128        449     1.8667     2.4911  0.000e+00
     51.948    16.1000   4.053407    31.9122        450     1.8708     2.4906  0.000e+00
     52.142    16.0993   4.053316    31.9119        451     1.8750     2.4904  0.000e+00
     52.328    16.0986   4.053243    31.9118        452     1.8792     2.4906  0.000e+00
     52.502    16.0971   4.053176    31.9123        453     1.8833     2.4893  0.000e+00
     52.670    16.0953   4.053151    31.9135        454     1.8875     2.4893  0.000e+00
     52.826    16.0935   4.053151    31.9149        455     1.8917     2.4897  0.000e+00
     52.963    16.0915   4.053152    31.9164        456     1.8958     2.4894  0.000e+00
     53.084    16.0904   4.053152    31.9173        457     1.9000     2.4886  0.000e+00
     53.193    16.0894   4.053176    31.9182        458     1.9042     2.4882  0.000e+00
     53.292    16.0889   4.053341    31.9201        459     1.9083     2.4877  0.000e+00
     53.386    16.0887   4.053731    31.9236        460     1.9125     2.4872  0.000e+00
     53.473    16.0888   4.053871    31.9248        461     1.9167     2.4868  0.000e+00
     53.571    16.0893   4.053945    31.9249        462     1.9208     2.4863  0.000e+00
     53.669    16.0897   4.053920    31.9244        463     1.9250     2.4866  0.000e+00
     53.766    16.0897   4.053914    31.9243        464     1.9292     2.4853  0.000e+00
     53.873    16.0889   4.053945    31.9251        465     1.9333     2.4853  0.000e+00
     53.992    16.0889   4.053799    31.9239        466     1.9375     2.4852  0.000e+00
     54.126    16.0883   4.053384    31.9206        467     1.9417     2.4848  0.000e+00
     54.274    16.0900   4.053195    31.9176        468     1.9458     2.4846  0.000e+00
     54.437    16.0905   4.053128    31.9165        469     1.9500     2.4837  0.000e+00
     54.600    16.0903   4.052786    31.9136        470     1.9542     2.4815  0.000e+00
     54.777    16.0895   4.052555    31.9121        471     1.9583     2.4824  0.000e+00
     54.954    16.0878   4.052256    31.9108        472     1.9625     2.4818  0.000e+00
     55.135    16.0872   4.051896    31.9081        473     1.9667     2.4812  0.000e+00
     55.319    16.0861   4.051610    31.9064        474     1.9708     2.4806  0.000e+00
     55.502    16.0841   4.051366    31.9058        475     1.9750     2.4789  0.000e+00
     55.692    16.0814   4.051006    31.9047        476     1.9792     2.4763  0.000e+00
     55.869    16.0790   4.050738    31.9042        477     1.9833     2.4751  0.000e+00
     56.041    16.0759   4.050476    31.9044        478     1.9875     2.4758  0.000e+00
     56.207    16.0714   4.050019    31.9039        479     1.9917     2.4727  0.000e+00
     56.366    16.0668   4.049629    31.9041        480     1.9958     2.4719  0.000e+00
     56.515    16.0620   4.049184    31.9040        481     2.0000     2.4699  0.000e+00
     56.661    16.0567   4.048599    31.9030        482     2.0042     2.4688  0.000e+00
     56.804    16.0501   4.048069    31.9037        483     2.0083     2.4680  0.000e+00
     56.931    16.0445   4.047776    31.9056        484     2.0125     2.4657  0.000e+00
     57.059    16.0374   4.047502    31.9088        485     2.0167     2.4657  0.000e+00
     57.182    16.0320   4.047466    31.9127        486     2.0208     2.4636  0.000e+00
     57.305    16.0283   4.047490    31.9159        487     2.0250     2.4607  0.000e+00
     57.435    16.0253   4.047612    31.9193        488     2.0292     2.4592  0.000e+00
     57.555    16.0230   4.047246    31.9179        489     2.0333     2.4565  0.000e+00
     57.679    16.0213   4.046789    31.9152        490     2.0375     2.4545  0.000e+00
     57.802    16.0181   4.046576    31.9158        491     2.0417     2.4540  0.000e+00
     57.916    16.0132   4.046436    31.9185        492     2.0458     2.4509  0.000e+00
     58.028    16.0071   4.046357    31.9226        493     2.0500     2.4493  0.000e+00
     58.137    16.0019   4.046455    31.9277        494     2.0542     2.4468  0.000e+00
     58.245    15.9983   4.046601    31.9319        495     2.0583     2.4448  0.000e+00
     58.361    15.9963   4.046948    31.9365        496     2.0625     2.4440  0.000e+00
     58.472    15.9958   4.047009    31.9374        497     2.0667     2.4414  0.000e+00
     58.593    15.9966   4.047083    31.9373        498     2.0708     2.4390  0.000e+00
     58.719    15.9991   4.046699    31.9318        499     2.0750     2.4368  0.000e+00
     58.850    16.0039   4.045906    31.9210        500     2.0792     2.4344  0.000e+00
     58.980    16.0039   4.044937    31.9124        501     2.0833     2.4323  0.000e+00
     59.114    16.0003   4.043402    31.9017        502     2.0875     2.4293  0.000e+00
     59.258    15.9962   4.042269    31.8950        503     2.0917     2.4274  0.000e+00
     59.407    15.9877   4.041550    31.8955        504     2.0958     2.4241  0.000e+00
     59.553    15.9792   4.041215    31.8993        505     2.1000     2.4205  0.000e+00
     59.702    15.9731   4.040807    31.9006        506     2.1042     2.4188  0.000e+00
     59.852    15.9685   4.040607    31.9024        507     2.1083     2.4171  0.000e+00
     60.011    15.9653   4.039675    31.8968        508     2.1125     2.4145  0.000e+00
     60.172    15.9597   4.038116    31.8874        509     2.1167     2.4116  0.000e+00
     60.329    15.9533   4.036314    31.8767        510     2.1208     2.4090  0.000e+00
     60.490    15.9411   4.034098    31.8669        511     2.1250     2.4053  0.000e+00
     60.646    15.9266   4.032047    31.8604        512     2.1292     2.4022  0.000e+00
     60.794    15.9125   4.030660    31.8595        513     2.1333     2.3997  0.000e+00
     60.940    15.8991   4.029796    31.8626        514     2.1375     2.3968  0.000e+00
     61.083    15.8853   4.035718    31.9259        515     2.1417     2.3932  0.000e+00
     61.134    15.8752   4.034330    31.9218        516     2.1458     2.3901  0.000e+00
     61.143    15.8406   4.007099    31.7093        517     2.1500     2.3890  0.000e+00
     61.067    15.7221   3.992955    31.6793        518     2.1542     2.3874  0.000e+00
     60.955    15.5787   3.989926    31.7677        519     2.1583     2.3860  0.000e+00
     60.868    15.4650   3.989504    31.8558        520     2.1625     2.3837  0.000e+00
     60.787    15.3905   3.989910    31.9198        521     2.1667     2.3824  0.000e+00
     60.705    15.3461   3.991323    31.9685        522     2.1708     2.3833  0.000e+00
     60.607    15.3261   3.992014    31.9910        523     2.1750     2.3820  0.000e+00
     60.511    15.3202   3.993105    32.0056        524     2.1792     2.3826  0.000e+00
     60.423    15.3211   3.993699    32.0102        525     2.1833     2.3832  0.000e+00
     60.354    15.3246   3.994075    32.0107        526     2.1875     2.3836  0.000e+00
     60.298    15.3288   3.994263    32.0090        527     2.1917     2.3836  0.000e+00
     60.253    15.3321   3.994238    32.0061        528     2.1958     2.3852  0.000e+00
     60.206    15.3348   3.994408    32.0054        529     2.2000     2.3862  0.000e+00
     60.175    15.3375   3.994432    32.0035        530     2.2042     2.3882  0.000e+00
     60.164    15.3400   3.994996    32.0065        531     2.2083     2.3877  0.000e+00
     60.168    15.3424   3.994475    31.9999        532     2.2125     2.3894  0.000e+00
     60.164    15.3444   3.994547    31.9989        533     2.2167     2.3900  0.000e+00
     60.164    15.3460   3.994644    31.9984        534     2.2208     2.3902  0.000e+00
     60.155    15.3469   3.994547    31.9969        535     2.2250     2.3909  0.000e+00
     60.135    15.3473   3.994432    31.9955        536     2.2292     2.3900  0.000e+00
     60.108    15.3474   3.994172    31.9932        537     2.2333     2.3897  0.000e+00
     60.061    15.3473   3.993978    31.9915        538     2.2375     2.3909  0.000e+00
     60.010    15.3477   3.993790    31.9895        539     2.2417     2.3903  0.000e+00
     59.945    15.3482   3.993838    31.9895        540     2.2458     2.3914  0.000e+00
     59.873    15.3498   3.994287    31.9923        541     2.2500     2.3909  0.000e+00
     59.793    15.3532   3.994808    31.9942        542     2.2542     2.3907  0.000e+00
     59.694    15.3589   3.996542    32.0050        543     2.2583     2.3917  0.000e+00
     59.596    15.3704   3.998046    32.0092        544     2.2625     2.3919  0.000e+00
     59.497    15.3851   3.999598    32.0111        545     2.2667     2.3931  0.000e+00
     59.379    15.4017   4.001308    32.0129        546     2.2708     2.3938  0.000e+00
     59.254    15.4202   4.002685    32.0101        547     2.2750     2.3940  0.000e+00
     59.131    15.4387   4.003826    32.0054        548     2.2792     2.3955  0.000e+00
     58.998    15.4561   4.005610    32.0071        549     2.2833     2.3949  0.000e+00
