HB2407/sbe039.cnv
* Sea-Bird SBE 19plus V2 Data File:
* FileName = C:\cruise\data\sbe039.hex
* Software Version Seasave V 7.26.7.121
* Temperature SN = 7143
* Conductivity SN = 7143
* System UpLoad Time = Sep 24 2024 08:51:32
* NMEA Latitude = 40 27.22 N
* NMEA Longitude = 072 34.02 W
* NMEA UTC (Time) = Sep 24 2024  08:50:58
** Ship: Bigelow
** Cruise:  HB2407
** Program:  Fall Bottom Trawl
# nquan = 7
# nvalues = 1494                                  
# units = specified
# name 0 = depSM: Depth [salt water, m]
# name 1 = tv290C: Temperature [ITS-90, deg C]
# name 2 = c0S/m: Conductivity [S/m]
# name 3 = sal00: Salinity, Practical [PSU]
# name 4 = scan: Scan Count
# name 5 = timeM: Time, Elapsed [minutes]
# name 6 = flag:  0.000e+00
# span 0 =     -0.044,     37.851                 
# span 1 =    16.3236,    19.1928                 
# span 2 =   0.000044,   4.447736                 
# span 3 =     0.0085,    33.2250                 
# span 4 =         11,       1504                 
# span 5 =     0.0417,     6.2625                 
# span 6 = 0.0000e+00, 0.0000e+00                 
# interval = seconds: 0.25
# start_time = Sep 24 2024 08:50:58 [NMEA time, header]
# bad_flag = -9.990e-29
*END*
[from data line 616]
     27.963    19.0263   4.440731    32.8886        627     2.6083  0.000e+00
     27.846    19.0783   4.443627    32.8715        628     2.6125  0.000e+00
     27.744    19.1175   4.444462    32.8474        629     2.6167  0.000e+00
     27.655    19.1440   4.444610    32.8277        630     2.6208  0.000e+00
     27.581    19.1605   4.445068    32.8186        631     2.6250  0.000e+00
     27.518    19.1706   4.445041    32.8104        632     2.6292  0.000e+00
     27.458    19.1769   4.445445    32.8088        633     2.6333  0.000e+00
     27.406    19.1810   4.445384    32.8050        634     2.6375  0.000e+00
     27.364    19.1831   4.445445    32.8039        635     2.6417  0.000e+00
     27.324    19.1847   4.445728    32.8050        636     2.6458  0.000e+00
     27.290    19.1859   4.445640    32.8033        637     2.6500  0.000e+00
     27.259    19.1860   4.445640    32.8033        638     2.6542  0.000e+00
     27.228    19.1866   4.445755    32.8037        639     2.6583  0.000e+00
     27.197    19.1863   4.445317    32.8003        640     2.6625  0.000e+00
     27.172    19.1847   4.444778    32.7972        641     2.6667  0.000e+00
     27.147    19.1817   4.444306    32.7956        642     2.6708  0.000e+00
     27.121    19.1786   4.444232    32.7975        643     2.6750  0.000e+00
     27.093    19.1764   4.444778    32.8037        644     2.6792  0.000e+00
     27.067    19.1770   4.445593    32.8101        645     2.6833  0.000e+00
     27.040    19.1787   4.444805    32.8022        646     2.6875  0.000e+00
     27.011    19.1779   4.444737    32.8022        647     2.6917  0.000e+00
     26.978    19.1767   4.445566    32.8101        648     2.6958  0.000e+00
     26.942    19.1773   4.444778    32.8031        649     2.7000  0.000e+00
     26.902    19.1763   4.444535    32.8019        650     2.7042  0.000e+00
     26.857    19.1741   4.444805    32.8058        651     2.7083  0.000e+00
     26.810    19.1733   4.444764    32.8062        652     2.7125  0.000e+00
     26.755    19.1725   4.444778    32.8069        653     2.7167  0.000e+00
     26.690    19.1722   4.445162    32.8104        654     2.7208  0.000e+00
     26.621    19.1722   4.444939    32.8086        655     2.7250  0.000e+00
     26.545    19.1720   4.445519    32.8135        656     2.7292  0.000e+00
     26.456    19.1732   4.445721    32.8143        657     2.7333  0.000e+00
     26.361    19.1745   4.445674    32.8129        658     2.7375  0.000e+00
     26.248    19.1752   4.446200    32.8167        659     2.7417  0.000e+00
     26.154    19.1767   4.446449    32.8176        660     2.7458  0.000e+00
     26.031    19.1786   4.446516    32.8168        661     2.7500  0.000e+00
     25.910    19.1799   4.446779    32.8179        662     2.7542  0.000e+00
     25.779    19.1812   4.446860    32.8176        663     2.7583  0.000e+00
     25.654    19.1825   4.446880    32.8168        664     2.7625  0.000e+00
     25.526    19.1833   4.447257    32.8193        665     2.7667  0.000e+00
     25.397    19.1853   4.447561    32.8203        666     2.7708  0.000e+00
     25.268    19.1873   4.447331    32.8169        667     2.7750  0.000e+00
     25.149    19.1885   4.447230    32.8151        668     2.7792  0.000e+00
     25.044    19.1891   4.447257    32.8149        669     2.7833  0.000e+00
     24.957    19.1899   4.447439    32.8158        670     2.7875  0.000e+00
     24.879    19.1906   4.447405    32.8150        671     2.7917  0.000e+00
     24.825    19.1912   4.447331    32.8140        672     2.7958  0.000e+00
     24.781    19.1915   4.447284    32.8133        673     2.8000  0.000e+00
     24.752    19.1913   4.447028    32.8114        674     2.8042  0.000e+00
     24.742    19.1912   4.446886    32.8103        675     2.8083  0.000e+00
     24.740    19.1907   4.446603    32.8084        676     2.8125  0.000e+00
     24.749    19.1897   4.446246    32.8062        677     2.8167  0.000e+00
     24.763    19.1886   4.445963    32.8047        678     2.8208  0.000e+00
     24.789    19.1878   4.445970    32.8054        679     2.8250  0.000e+00
     24.812    19.1870   4.446152    32.8075        680     2.8292  0.000e+00
     24.838    19.1867   4.446273    32.8088        681     2.8333  0.000e+00
     24.859    19.1872   4.446414    32.8095        682     2.8375  0.000e+00
     24.876    19.1874   4.443880    32.7885        683     2.8417  0.000e+00
     24.887    19.1883   4.446751    32.8115        684     2.8458  0.000e+00
     24.892    19.1887   4.447021    32.8133        685     2.8500  0.000e+00
     24.885    19.1895   4.447479    32.8165        686     2.8542  0.000e+00
     24.865    19.1907   4.447574    32.8164        687     2.8583  0.000e+00
     24.834    19.1913   4.447608    32.8162        688     2.8625  0.000e+00
     24.796    19.1922   4.447736    32.8165        689     2.8667  0.000e+00
     24.758    19.1928   4.447601    32.8150        690     2.8708  0.000e+00
     24.713    19.1924   4.447506    32.8145        691     2.8750  0.000e+00
     24.658    19.1921   4.447520    32.8149        692     2.8792  0.000e+00
     24.615    19.1919   4.447506    32.8149        693     2.8833  0.000e+00
     24.559    19.1919   4.447432    32.8143        694     2.8875  0.000e+00
     24.504    19.1915   4.447311    32.8137        695     2.8917  0.000e+00
     24.443    19.1907   4.447129    32.8128        696     2.8958  0.000e+00
     24.378    19.1900   4.446751    32.8103        697     2.9000  0.000e+00
     24.305    19.1886   4.446677    32.8108        698     2.9042  0.000e+00
     24.227    19.1877   4.446603    32.8109        699     2.9083  0.000e+00
     24.146    19.1866   4.446542    32.8113        700     2.9125  0.000e+00
     24.057    19.1863   4.446475    32.8110        701     2.9167  0.000e+00
     23.966    19.1854   4.446360    32.8108        702     2.9208  0.000e+00
     23.883    19.1852   4.446246    32.8101        703     2.9250  0.000e+00
     23.789    19.1847   4.446070    32.8091        704     2.9292  0.000e+00
     23.689    19.1837   4.446023    32.8095        705     2.9333  0.000e+00
     23.604    19.1832   4.446097    32.8105        706     2.9375  0.000e+00
     23.514    19.1831   4.446151    32.8110        707     2.9417  0.000e+00
     23.445    19.1831   4.446070    32.8104        708     2.9458  0.000e+00
     23.372    19.1833   4.446151    32.8109        709     2.9500  0.000e+00
     23.307    19.1831   4.446023    32.8100        710     2.9542  0.000e+00
     23.247    19.1828   4.445895    32.8093        711     2.9583  0.000e+00
     23.198    19.1825   4.445780    32.8086        712     2.9625  0.000e+00
     23.151    19.1824   4.445591    32.8072        713     2.9667  0.000e+00
     23.104    19.1813   4.445517    32.8074        714     2.9708  0.000e+00
     23.063    19.1806   4.445288    32.8061        715     2.9750  0.000e+00
     23.026    19.1800   4.445288    32.8066        716     2.9792  0.000e+00
     22.995    19.1793   4.445281    32.8070        717     2.9833  0.000e+00
     22.959    19.1790   4.445288    32.8074        718     2.9875  0.000e+00
     22.926    19.1791   4.445147    32.8061        719     2.9917  0.000e+00
     22.889    19.1785   4.445086    32.8061        720     2.9958  0.000e+00
     22.850    19.1778   4.444938    32.8055        721     3.0000  0.000e+00
     22.820    19.1774   4.444735    32.8041        722     3.0042  0.000e+00
     22.789    19.1766   4.444506    32.8029        723     3.0083  0.000e+00
     22.760    19.1756   4.444277    32.8017        724     3.0125  0.000e+00
     22.729    19.1746   4.444284    32.8026        725     3.0167  0.000e+00
     22.705    19.1740   4.444196    32.8024        726     3.0208  0.000e+00
     22.684    19.1735   4.444156    32.8024        727     3.0250  0.000e+00
     22.665    19.1728   4.444008    32.8018        728     3.0292  0.000e+00
     22.642    19.1726   4.443832    32.8005        729     3.0333  0.000e+00
     22.631    19.1719   4.443623    32.7993        730     3.0375  0.000e+00
     22.611    19.1711   4.443617    32.7999        731     3.0417  0.000e+00
     22.588    19.1709   4.443475    32.7989        732     3.0458  0.000e+00
     22.566    19.1703   4.443489    32.7995        733     3.0500  0.000e+00
     22.533    19.1700   4.443623    32.8009        734     3.0542  0.000e+00
     22.504    19.1702   4.443603    32.8006        735     3.0583  0.000e+00
     22.463    19.1702   4.443569    32.8003        736     3.0625  0.000e+00
     22.417    19.1699   4.443549    32.8004        737     3.0667  0.000e+00
     22.367    19.1700   4.443462    32.7996        738     3.0708  0.000e+00
     22.318    19.1696   4.443199    32.7977        739     3.0750  0.000e+00
     22.260    19.1691   4.442990    32.7964        740     3.0792  0.000e+00
     22.215    19.1685   4.442747    32.7949        741     3.0833  0.000e+00
     22.167    19.1676   4.442693    32.7952        742     3.0875  0.000e+00
     22.117    19.1671   4.442511    32.7941        743     3.0917  0.000e+00
     22.068    19.1665   4.442343    32.7932        744     3.0958  0.000e+00
     22.017    19.1661   4.442673    32.7963        745     3.1000  0.000e+00
     21.968    19.1659   4.442471    32.7948        746     3.1042  0.000e+00
     21.913    19.1658   4.442444    32.7946        747     3.1083  0.000e+00
     21.856    19.1654   4.442276    32.7936        748     3.1125  0.000e+00
     21.790    19.1650   4.441036    32.7837        749     3.1167  0.000e+00
     21.727    19.1628   4.439830    32.7755        750     3.1208  0.000e+00
     21.660    19.1592   4.439803    32.7781        751     3.1250  0.000e+00
     21.593    19.1567   4.439412    32.7769        752     3.1292  0.000e+00
     21.528    19.1545   4.438496    32.7711        753     3.1333  0.000e+00
     21.466    19.1513   4.438267    32.7718        754     3.1375  0.000e+00
     21.412    19.1488   4.438254    32.7736        755     3.1417  0.000e+00
     21.361    19.1474   4.438395    32.7759        756     3.1458  0.000e+00
     21.332    19.1469   4.438463    32.7769        757     3.1500  0.000e+00
     21.309    19.1469   4.438516    32.7774        758     3.1542  0.000e+00
     21.300    19.1468   4.438362    32.7762        759     3.1583  0.000e+00
     21.309    19.1468   4.438671    32.7787        760     3.1625  0.000e+00
     21.327    19.1475   4.439069    32.7814        761     3.1667  0.000e+00
     21.349    19.1486   4.439803    32.7866        762     3.1708  0.000e+00
     21.374    19.1508   4.439978    32.7863        763     3.1750  0.000e+00
     21.406    19.1522   4.439702    32.7829        764     3.1792  0.000e+00
     21.425    19.1522   4.439170    32.7785        765     3.1833  0.000e+00
     21.434    19.1517   4.438961    32.7772        766     3.1875  0.000e+00
     21.439    19.1504   4.439170    32.7799        767     3.1917  0.000e+00
     21.423    19.1500   4.438995    32.7788        768     3.1958  0.000e+00
     21.392    19.1492   4.438119    32.7722        769     3.2000  0.000e+00
     21.348    19.1478   4.438092    32.7731        770     3.2042  0.000e+00
     21.285    19.1466   4.438119    32.7743        771     3.2083  0.000e+00
     21.209    19.1455   4.437890    32.7733        772     3.2125  0.000e+00
     21.116    19.1445   4.437358    32.7697        773     3.2167  0.000e+00
     21.033    19.1434   4.437183    32.7692        774     3.2208  0.000e+00
     20.939    19.1420   4.436886    32.7679        775     3.2250  0.000e+00
     20.852    19.1399   4.436125    32.7633        776     3.2292  0.000e+00
     20.772    19.1377   4.435600    32.7607        777     3.2333  0.000e+00
     20.705    19.1351   4.435176    32.7592        778     3.2375  0.000e+00
     20.642    19.1325   4.435324    32.7626        779     3.2417  0.000e+00
     20.591    19.1309   4.435075    32.7618        780     3.2458  0.000e+00
     20.544    19.1302   4.435277    32.7640        781     3.2500  0.000e+00
     20.506    19.1297   4.434994    32.7621        782     3.2542  0.000e+00
     20.479    19.1290   4.434846    32.7615        783     3.2583  0.000e+00
     20.446    19.1279   4.433318    32.7497        784     3.2625  0.000e+00
     20.426    19.1244   4.431978    32.7414        785     3.2667  0.000e+00
     20.406    19.1189   4.430861    32.7365        786     3.2708  0.000e+00
     20.388    19.1134   4.430558    32.7383        787     3.2750  0.000e+00
     20.383    19.1093   4.430733    32.7430        788     3.2792  0.000e+00
     20.379    19.1071   4.430484    32.7427        789     3.2833  0.000e+00
     20.381    19.1053   4.429979    32.7399        790     3.2875  0.000e+00
     20.396    19.1033   4.429616    32.7385        791     3.2917  0.000e+00
     20.405    19.1018   4.429603    32.7396        792     3.2958  0.000e+00
     20.425    19.1007   4.430080    32.7444        793     3.3000  0.000e+00
     20.450    19.1010   4.430403    32.7468        794     3.3042  0.000e+00
     20.470    19.1017   4.430154    32.7442        795     3.3083  0.000e+00
     20.488    19.1016   4.429744    32.7408        796     3.3125  0.000e+00
     20.511    19.1007   4.429502    32.7396        797     3.3167  0.000e+00
     20.520    19.0995   4.429434    32.7399        798     3.3208  0.000e+00
     20.528    19.0986   4.429879    32.7443        799     3.3250  0.000e+00
     20.524    19.0990   4.429562    32.7414        800     3.3292  0.000e+00
     20.509    19.0989   4.429556    32.7414        801     3.3333  0.000e+00
     20.480    19.0983   4.428950    32.7369        802     3.3375  0.000e+00
     20.444    19.0971   4.428701    32.7358        803     3.3417  0.000e+00
     20.392    19.0957   4.428701    32.7369        804     3.3458  0.000e+00
     20.336    19.0946   4.428203    32.7337        805     3.3500  0.000e+00
     20.269    19.0930   4.427920    32.7326        806     3.3542  0.000e+00
     20.193    19.0914   4.427940    32.7341        807     3.3583  0.000e+00
     20.113    19.0905   4.427799    32.7336        808     3.3625  0.000e+00
     20.024    19.0898   4.427732    32.7337        809     3.3667  0.000e+00
     19.932    19.0892   4.427772    32.7345        810     3.3708  0.000e+00
     19.848    19.0889   4.428775    32.7431        811     3.3750  0.000e+00
     19.760    19.0905   4.428728    32.7414        812     3.3792  0.000e+00
     19.676    19.0916   4.427395    32.7296        813     3.3833  0.000e+00
     19.606    19.0899   4.426944    32.7272        814     3.3875  0.000e+00
     19.537    19.0875   4.427018    32.7298        815     3.3917  0.000e+00
     19.483    19.0861   4.426393    32.7257        816     3.3958  0.000e+00
     19.445    19.0839   4.426346    32.7270        817     3.4000  0.000e+00
     19.416    19.0826   4.426312    32.7278        818     3.4042  0.000e+00
     19.403    19.0812   4.426218    32.7282        819     3.4083  0.000e+00
     19.392    19.0806   4.425895    32.7260        820     3.4125  0.000e+00
     19.395    19.0793   4.425343    32.7225        821     3.4167  0.000e+00
     19.408    19.0774   4.425263    32.7232        822     3.4208  0.000e+00
     19.430    19.0765   4.425216    32.7236        823     3.4250  0.000e+00
     19.457    19.0756   4.425189    32.7241        824     3.4292  0.000e+00
     19.488    19.0753   4.425740    32.7288        825     3.4333  0.000e+00
     19.520    19.0763   4.425794    32.7285        826     3.4375  0.000e+00
     19.544    19.0772   4.426628    32.7346        827     3.4417  0.000e+00
     19.564    19.0795   4.427146    32.7371        828     3.4458  0.000e+00
     19.569    19.0809   4.424691    32.7158        829     3.4500  0.000e+00
     19.575    19.0770   4.423642    32.7101        830     3.4542  0.000e+00
