HB2407/sbe082.cnv
* Sea-Bird SBE 19plus V2 Data File:
* FileName = C:\cruise\data\sbe082.hex
* Software Version Seasave V 7.26.7.121
* Temperature SN = 7143
* Conductivity SN = 7143
* System UpLoad Time = Oct 12 2024 16:19:45
* NMEA Latitude = 40 57.92 N
* NMEA Longitude = 067 51.42 W
* NMEA UTC (Time) = Oct 12 2024  16:19:32
** Ship: Bigelow
** Cruise:  HB2407
** Program:  Fall Bottom Trawl
# nquan = 7
# nvalues = 1558                                  
# units = specified
# name 0 = depSM: Depth [salt water, m]
# name 1 = tv290C: Temperature [ITS-90, deg C]
# name 2 = c0S/m: Conductivity [S/m]
# name 3 = sal00: Salinity, Practical [PSU]
# name 4 = scan: Scan Count
# name 5 = timeM: Time, Elapsed [minutes]
# name 6 = flag:  0.000e+00
# span 0 =     -0.154,     49.931                 
# span 1 =    13.9716,    18.1837                 
# span 2 =   0.000061,   4.101014                 
# span 3 =     0.0091,    32.3266                 
# span 4 =         11,       1568                 
# span 5 =     0.0417,     6.5292                 
# span 6 = 0.0000e+00, 0.0000e+00                 
# interval = seconds: 0.25
# start_time = Oct 12 2024 16:19:32 [NMEA time, header]
# bad_flag = -9.990e-29
*END*
[from data line 616]
     35.260    14.3854   3.912259    32.0528        627     2.6083  0.000e+00
     35.167    14.3920   3.914125    32.0644        628     2.6125  0.000e+00
     35.086    14.4050   3.916887    32.0789        629     2.6167  0.000e+00
     35.017    14.4249   3.916721    32.0609        630     2.6208  0.000e+00
     34.952    14.4436   3.918780    32.0643        631     2.6250  0.000e+00
     34.901    14.4587   3.919061    32.0543        632     2.6292  0.000e+00
     34.859    14.4737   3.920334    32.0536        633     2.6333  0.000e+00
     34.834    14.4867   3.919886    32.0387        634     2.6375  0.000e+00
     34.818    14.4941   3.919106    32.0255        635     2.6417  0.000e+00
     34.805    14.4956   3.919656    32.0293        636     2.6458  0.000e+00
     34.800    14.4957   3.921805    32.0488        637     2.6500  0.000e+00
     34.800    14.5035   3.921684    32.0412        638     2.6542  0.000e+00
     34.796    14.5119   3.923264    32.0487        639     2.6583  0.000e+00
     34.794    14.5240   3.923200    32.0381        640     2.6625  0.000e+00
     34.780    14.5332   3.922067    32.0202        641     2.6667  0.000e+00
     34.762    14.5340   3.918306    31.9853        642     2.6708  0.000e+00
     34.727    14.5175   3.918350    31.9994        643     2.6750  0.000e+00
     34.678    14.5000   3.921664    32.0440        644     2.6792  0.000e+00
     34.626    14.5036   3.922323    32.0470        645     2.6833  0.000e+00
     34.557    14.5148   3.922586    32.0402        646     2.6875  0.000e+00
     34.477    14.5242   3.924083    32.0461        647     2.6917  0.000e+00
     34.396    14.5357   3.927136    32.0644        648     2.6958  0.000e+00
     34.316    14.5550   3.927949    32.0558        649     2.7000  0.000e+00
     34.237    14.5745   3.924575    32.0091        650     2.7042  0.000e+00
     34.153    14.5774   3.927558    32.0339        651     2.7083  0.000e+00
     34.072    14.5805   3.927904    32.0345        652     2.7125  0.000e+00
     33.998    14.5881   3.928128    32.0303        653     2.7167  0.000e+00
     33.929    14.5948   3.929197    32.0346        654     2.7208  0.000e+00
     33.862    14.6029   3.927333    32.0109        655     2.7250  0.000e+00
     33.799    14.6024   3.927301    32.0111        656     2.7292  0.000e+00
     33.728    14.5982   3.927449    32.0160        657     2.7333  0.000e+00
     33.654    14.5970   3.929056    32.0315        658     2.7375  0.000e+00
     33.580    14.6013   3.929786    32.0346        659     2.7417  0.000e+00
     33.509    14.6106   3.931483    32.0425        660     2.7458  0.000e+00
     33.437    14.6237   3.929600    32.0145        661     2.7500  0.000e+00
     33.371    14.6269   3.930663    32.0216        662     2.7542  0.000e+00
     33.315    14.6300   3.931662    32.0281        663     2.7583  0.000e+00
     33.259    14.6360   3.933538    32.0402        664     2.7625  0.000e+00
     33.218    14.6488   3.934679    32.0400        665     2.7667  0.000e+00
     33.192    14.6639   3.933749    32.0192        666     2.7708  0.000e+00
     33.176    14.6716   3.933429    32.0099        667     2.7750  0.000e+00
     33.180    14.6719   3.933089    32.0066        668     2.7792  0.000e+00
     33.192    14.6698   3.933179    32.0092        669     2.7833  0.000e+00
     33.198    14.6683   3.933589    32.0141        670     2.7875  0.000e+00
     33.199    14.6691   3.933845    32.0158        671     2.7917  0.000e+00
     33.201    14.6716   3.934134    32.0163        672     2.7958  0.000e+00
     33.198    14.6744   3.933730    32.0103        673     2.8000  0.000e+00
     33.178    14.6746   3.932801    32.0017        674     2.8042  0.000e+00
     33.143    14.6706   3.933109    32.0079        675     2.8083  0.000e+00
     33.091    14.6677   3.931424    31.9950        676     2.8125  0.000e+00
     33.026    14.6612   3.931283    31.9991        677     2.8167  0.000e+00
     32.944    14.6527   3.934813    32.0382        678     2.8208  0.000e+00
     32.863    14.6607   3.936274    32.0448        679     2.8250  0.000e+00
     32.761    14.6782   3.936946    32.0366        680     2.8292  0.000e+00
     32.667    14.6936   3.936196    32.0171        681     2.8333  0.000e+00
     32.570    14.7007   3.934511    31.9960        682     2.8375  0.000e+00
     32.483    14.6962   3.934767    32.0021        683     2.8417  0.000e+00
     32.412    14.6923   3.934915    32.0067        684     2.8458  0.000e+00
     32.356    14.6902   3.935626    32.0149        685     2.8500  0.000e+00
     32.305    14.6917   3.936959    32.0257        686     2.8542  0.000e+00
     32.260    14.6990   3.936831    32.0186        687     2.8583  0.000e+00
     32.226    14.7057   3.937651    32.0205        688     2.8625  0.000e+00
     32.209    14.7118   3.938554    32.0237        689     2.8667  0.000e+00
     32.188    14.7201   3.938259    32.0142        690     2.8708  0.000e+00
     32.175    14.7258   3.939240    32.0184        691     2.8750  0.000e+00
     32.166    14.7321   3.940419    32.0239        692     2.8792  0.000e+00
     32.153    14.7412   3.940810    32.0199        693     2.8833  0.000e+00
     32.141    14.7504   3.940791    32.0122        694     2.8875  0.000e+00
     32.128    14.7554   3.936599    31.9701        695     2.8917  0.000e+00
     32.106    14.7435   3.936625    31.9802        696     2.8958  0.000e+00
     32.081    14.7283   3.937349    31.9993        697     2.9000  0.000e+00
     32.041    14.7221   3.937413    32.0049        698     2.9042  0.000e+00
     32.001    14.7209   3.939932    32.0288        699     2.9083  0.000e+00
     31.951    14.7286   3.941234    32.0342        700     2.9125  0.000e+00
     31.889    14.7441   3.939977    32.0101        701     2.9167  0.000e+00
     31.835    14.7518   3.939528    31.9997        702     2.9208  0.000e+00
     31.775    14.7507   3.937362    31.9811        703     2.9250  0.000e+00
     31.721    14.7399   3.937765    31.9936        704     2.9292  0.000e+00
     31.666    14.7314   3.938580    32.0080        705     2.9333  0.000e+00
     31.628    14.7302   3.938836    32.0114        706     2.9375  0.000e+00
     31.601    14.7316   3.935221    31.9774        707     2.9417  0.000e+00
     31.567    14.7214   3.936247    31.9951        708     2.9458  0.000e+00
     31.538    14.7107   3.936651    32.0076        709     2.9500  0.000e+00
     31.513    14.7094   3.938291    32.0235        710     2.9542  0.000e+00
     31.487    14.7155   3.939362    32.0282        711     2.9583  0.000e+00
     31.455    14.7248   3.937599    32.0046        712     2.9625  0.000e+00
     31.418    14.7271   3.939695    32.0217        713     2.9667  0.000e+00
     31.379    14.7326   3.941439    32.0330        714     2.9708  0.000e+00
     31.342    14.7469   3.942291    32.0290        715     2.9750  0.000e+00
     31.297    14.7608   3.943144    32.0253        716     2.9792  0.000e+00
     31.245    14.7735   3.943644    32.0194        717     2.9833  0.000e+00
     31.187    14.7833   3.945196    32.0254        718     2.9875  0.000e+00
     31.136    14.7963   3.945330    32.0159        719     2.9917  0.000e+00
     31.082    14.8070   3.946748    32.0200        720     2.9958  0.000e+00
     31.020    14.8172   3.946035    32.0052        721     3.0000  0.000e+00
     30.957    14.8228   3.947960    32.0180        722     3.0042  0.000e+00
     30.901    14.8325   3.947530    32.0062        723     3.0083  0.000e+00
     30.839    14.8395   3.943777    31.9666        724     3.0125  0.000e+00
     30.785    14.8288   3.944310    31.9802        725     3.0167  0.000e+00
     30.736    14.8171   3.943688    31.9841        726     3.0208  0.000e+00
     30.687    14.8093   3.938668    31.9452        727     3.0250  0.000e+00
     30.653    14.7833   3.938694    31.9668        728     3.0292  0.000e+00
     30.609    14.7613   3.939258    31.9900        729     3.0333  0.000e+00
     30.573    14.7501   3.939098    31.9977        730     3.0375  0.000e+00
     30.542    14.7454   3.939303    32.0034        731     3.0417  0.000e+00
     30.506    14.7436   3.939790    32.0094        732     3.0458  0.000e+00
     30.470    14.7448   3.939713    32.0077        733     3.0500  0.000e+00
     30.434    14.7463   3.939528    32.0048        734     3.0542  0.000e+00
     30.396    14.7464   3.939669    32.0060        735     3.0583  0.000e+00
     30.345    14.7463   3.940053    32.0096        736     3.0625  0.000e+00
     30.293    14.7487   3.939598    32.0035        737     3.0667  0.000e+00
     30.235    14.7484   3.939713    32.0048        738     3.0708  0.000e+00
     30.162    14.7479   3.940168    32.0094        739     3.0750  0.000e+00
     30.090    14.7500   3.941124    32.0163        740     3.0792  0.000e+00
     30.021    14.7557   3.944439    32.0417        741     3.0833  0.000e+00
     29.958    14.7722   3.950918    32.0868        742     3.0875  0.000e+00
     29.887    14.8096   3.953646    32.0807        743     3.0917  0.000e+00
     29.816    14.8562   3.955103    32.0555        744     3.0958  0.000e+00
     29.755    14.8948   3.955513    32.0275        745     3.1000  0.000e+00
     29.693    14.9193   3.954716    32.0003        746     3.1042  0.000e+00
     29.633    14.9291   3.954806    31.9931        747     3.1083  0.000e+00
     29.581    14.9346   3.954241    31.9835        748     3.1125  0.000e+00
     29.527    14.9337   3.953882    31.9810        749     3.1167  0.000e+00
     29.480    14.9303   3.958460    32.0251        750     3.1208  0.000e+00
     29.425    14.9456   3.956103    31.9913        751     3.1250  0.000e+00
     29.377    14.9549   3.951519    31.9424        752     3.1292  0.000e+00
     29.324    14.9373   3.951513    31.9568        753     3.1333  0.000e+00
     29.272    14.9179   3.952431    31.9810        754     3.1375  0.000e+00
     29.226    14.9114   3.954883    32.0084        755     3.1417  0.000e+00
     29.169    14.9169   3.950384    31.9634        756     3.1458  0.000e+00
     29.111    14.9100   3.954049    32.0021        757     3.1500  0.000e+00
     29.053    14.9113   3.957375    32.0311        758     3.1542  0.000e+00
     28.993    14.9307   3.957952    32.0204        759     3.1583  0.000e+00
     28.923    14.9503   3.955602    31.9831        760     3.1625  0.000e+00
     28.859    14.9546   3.954164    31.9667        761     3.1667  0.000e+00
     28.800    14.9453   3.953881    31.9718        762     3.1708  0.000e+00
     28.738    14.9367   3.952161    31.9634        763     3.1750  0.000e+00
     28.687    14.9255   3.951590    31.9674        764     3.1792  0.000e+00
     28.635    14.9150   3.958229    32.0359        765     3.1833  0.000e+00
     28.594    14.9298   3.959931    32.0391        766     3.1875  0.000e+00
     28.550    14.9600   3.957637    31.9937        767     3.1917  0.000e+00
     28.518    14.9703   3.959461    32.0017        768     3.1958  0.000e+00
     28.489    14.9785   3.962853    32.0256        769     3.2000  0.000e+00
     28.467    15.0009   3.965385    32.0300        770     3.2042  0.000e+00
     28.434    15.0275   3.964916    32.0040        771     3.2083  0.000e+00
     28.409    15.0454   3.966027    31.9993        772     3.2125  0.000e+00
     28.380    15.0588   3.965494    31.9836        773     3.2167  0.000e+00
     28.351    15.0665   3.966509    31.9864        774     3.2208  0.000e+00
     28.309    15.0715   3.966406    31.9814        775     3.2250  0.000e+00
     28.264    15.0770   3.969556    32.0052        776     3.2292  0.000e+00
     28.213    15.0898   3.970630    32.0045        777     3.2333  0.000e+00
     28.154    15.1088   3.974463    32.0233        778     3.2375  0.000e+00
     28.081    15.1374   3.975724    32.0113        779     3.2417  0.000e+00
     28.002    15.1635   3.970861    31.9465        780     3.2458  0.000e+00
     27.913    15.1629   3.968803    31.9285        781     3.2500  0.000e+00
     27.824    15.1451   3.975196    32.0004        782     3.2542  0.000e+00
     27.730    15.1525   3.975724    31.9991        783     3.2583  0.000e+00
     27.638    15.1715   3.977010    31.9952        784     3.2625  0.000e+00
     27.551    15.1890   3.978683    31.9960        785     3.2667  0.000e+00
     27.475    15.2057   3.972423    31.9262        786     3.2708  0.000e+00
     27.413    15.1981   3.972262    31.9310        787     3.2750  0.000e+00
     27.350    15.1783   3.971799    31.9431        788     3.2792  0.000e+00
     27.303    15.1645   3.974906    31.9822        789     3.2833  0.000e+00
     27.258    15.1696   3.975723    31.9854        790     3.2875  0.000e+00
     27.213    15.1799   3.977313    31.9912        791     3.2917  0.000e+00
     27.171    15.1941   3.979288    31.9974        792     3.2958  0.000e+00
     27.133    15.2117   3.982127    32.0084        793     3.3000  0.000e+00
     27.088    15.2356   3.986171    32.0252        794     3.3042  0.000e+00
     27.046    15.2719   3.986473    31.9982        795     3.3083  0.000e+00
     27.010    15.2998   3.986724    31.9778        796     3.3125  0.000e+00
     26.978    15.3160   3.984708    31.9465        797     3.3167  0.000e+00
     26.941    15.3191   3.983014    31.9289        798     3.3208  0.000e+00
     26.907    15.3081   3.976976    31.8839        799     3.3250  0.000e+00
     26.871    15.2794   3.972743    31.8694        800     3.3292  0.000e+00
     26.833    15.2320   3.976977    31.9458        801     3.3333  0.000e+00
     26.806    15.2116   3.980298    31.9923        802     3.3375  0.000e+00
     26.784    15.2231   3.980395    31.9838        803     3.3417  0.000e+00
     26.760    15.2377   3.981032    31.9775        804     3.3458  0.000e+00
     26.741    15.2481   3.981476    31.9731        805     3.3500  0.000e+00
     26.724    15.2573   3.982596    31.9756        806     3.3542  0.000e+00
     26.704    15.2664   3.985069    31.9902        807     3.3583  0.000e+00
     26.681    15.2839   3.984438    31.9704        808     3.3625  0.000e+00
     26.650    15.2958   3.981166    31.9314        809     3.3667  0.000e+00
     26.607    15.2897   3.986698    31.9859        810     3.3708  0.000e+00
     26.552    15.2972   3.986447    31.9776        811     3.3750  0.000e+00
     26.498    15.3131   3.986099    31.9615        812     3.3792  0.000e+00
     26.426    15.3204   3.985165    31.9473        813     3.3833  0.000e+00
     26.352    15.3201   3.984328    31.9400        814     3.3875  0.000e+00
     26.274    15.3149   3.985062    31.9509        815     3.3917  0.000e+00
     26.187    15.3115   3.984778    31.9512        816     3.3958  0.000e+00
     26.104    15.3118   3.984070    31.9446        817     3.4000  0.000e+00
     26.022    15.3077   3.984373    31.9506        818     3.4042  0.000e+00
     25.957    15.3048   3.985062    31.9592        819     3.4083  0.000e+00
     25.908    15.3069   3.985358    31.9602        820     3.4125  0.000e+00
     25.870    15.3112   3.985474    31.9577        821     3.4167  0.000e+00
     25.854    15.3146   3.985435    31.9547        822     3.4208  0.000e+00
     25.849    15.3158   3.984372    31.9442        823     3.4250  0.000e+00
     25.860    15.3130   3.985261    31.9544        824     3.4292  0.000e+00
     25.879    15.3127   3.986305    31.9639        825     3.4333  0.000e+00
     25.903    15.3182   3.987438    31.9696        826     3.4375  0.000e+00
     25.936    15.3270   3.985635    31.9463        827     3.4417  0.000e+00
     25.972    15.3280   3.985918    31.9480        828     3.4458  0.000e+00
     26.012    15.3248   3.983452    31.9286        829     3.4500  0.000e+00
     26.034    15.3156   3.982415    31.9268        830     3.4542  0.000e+00
