HB2407/sbe050.cnv
* Sea-Bird SBE 19plus V2 Data File:
* FileName = C:\cruise\data\sbe050.hex
* Software Version Seasave V 7.26.7.121
* Temperature SN = 7143
* Conductivity SN = 7143
* System UpLoad Time = Oct 04 2024 13:24:29
* NMEA Latitude = 40 45.90 N
* NMEA Longitude = 071 18.47 W
* NMEA UTC (Time) = Oct 04 2024  13:24:07
** Ship: Bigelow
** Cruise:  HB2407
** Program:  Fall Bottom Trawl
# nquan = 7
# nvalues = 1896                                  
# units = specified
# name 0 = depSM: Depth [salt water, m]
# name 1 = tv290C: Temperature [ITS-90, deg C]
# name 2 = c0S/m: Conductivity [S/m]
# name 3 = sal00: Salinity, Practical [PSU]
# name 4 = scan: Scan Count
# name 5 = timeM: Time, Elapsed [minutes]
# name 6 = flag:  0.000e+00
# span 0 =      0.039,     50.807                 
# span 1 =    17.3916,    19.6438                 
# span 2 =   0.000050,   4.531259                 
# span 3 =     0.0097,    33.4527                 
# span 4 =         11,       1906                 
# span 5 =     0.0417,     7.9375                 
# span 6 = 0.0000e+00, 0.0000e+00                 
# interval = seconds: 0.25
# start_time = Oct 04 2024 13:24:07 [NMEA time, header]
# bad_flag = -9.990e-29
*END*
      0.042    19.4835   0.000056     0.0097         11     0.0417  0.000e+00
      0.043    19.4838   0.000056     0.0097         12     0.0458  0.000e+00
      0.043    19.4845   0.000050     0.0097         13     0.0500  0.000e+00
      0.045    19.4859   0.000056     0.0097         14     0.0542  0.000e+00
      0.043    19.4877   0.000056     0.0097         15     0.0583  0.000e+00
      0.045    19.4897   0.000056     0.0097         16     0.0625  0.000e+00
      0.047    19.4925   0.000056     0.0097         17     0.0667  0.000e+00
      0.045    19.4955   0.000056     0.0097         18     0.0708  0.000e+00
      0.049    19.4983   0.000058     0.0097         19     0.0750  0.000e+00
      0.047    19.5005   0.000050     0.0097         20     0.0792  0.000e+00
      0.051    19.5028   0.000056     0.0097         21     0.0833  0.000e+00
      0.050    19.5057   0.000056     0.0097         22     0.0875  0.000e+00
      0.047    19.5096   0.000056     0.0097         23     0.0917  0.000e+00
      0.050    19.5110   0.000056     0.0097         24     0.0958  0.000e+00
      0.052    19.5110   0.000056     0.0097         25     0.1000  0.000e+00
      0.050    19.5105   0.000050     0.0097         26     0.1042  0.000e+00
      0.049    19.5098   0.000058     0.0097         27     0.1083  0.000e+00
      0.049    19.5095   0.000050     0.0097         28     0.1125  0.000e+00
      0.049    19.5106   0.000056     0.0097         29     0.1167  0.000e+00
      0.048    19.5112   0.000058     0.0097         30     0.1208  0.000e+00
      0.045    19.5117   0.000050     0.0097         31     0.1250  0.000e+00
      0.048    19.5146   0.000056     0.0097         32     0.1292  0.000e+00
      0.047    19.5165   0.000056     0.0097         33     0.1333  0.000e+00
      0.048    19.5186   0.000056     0.0097         34     0.1375  0.000e+00
      0.048    19.5205   0.000050     0.0097         35     0.1417  0.000e+00
      0.044    19.5215   0.000050     0.0098         36     0.1458  0.000e+00
      0.046    19.5211   0.000056     0.0097         37     0.1500  0.000e+00
      0.046    19.5191   0.000050     0.0097         38     0.1542  0.000e+00
      0.046    19.5177   0.000056     0.0097         39     0.1583  0.000e+00
      0.039    19.5163   0.000056     0.0097         40     0.1625  0.000e+00
      0.040    19.5156   0.000056     0.0097         41     0.1667  0.000e+00
      0.042    19.5156   0.000056     0.0097         42     0.1708  0.000e+00
      0.046    19.5152   0.000050     0.0097         43     0.1750  0.000e+00
      0.042    19.5156   0.000050     0.0097         44     0.1792  0.000e+00
      0.042    19.5177   0.000056     0.0097         45     0.1833  0.000e+00
      0.044    19.5196   0.000050     0.0097         46     0.1875  0.000e+00
      0.044    19.5203   0.000056     0.0097         47     0.1917  0.000e+00
      0.047    19.5214   0.000050     0.0098         48     0.1958  0.000e+00
      0.047    19.5231   0.000056     0.0097         49     0.2000  0.000e+00
      0.047    19.5247   0.000056     0.0097         50     0.2042  0.000e+00
      0.049    19.5267   0.000056     0.0097         51     0.2083  0.000e+00
      0.053    19.5288   0.000056     0.0097         52     0.2125  0.000e+00
      0.051    19.5299   0.000058     0.0097         53     0.2167  0.000e+00
      0.055    19.5301   0.000056     0.0097         54     0.2208  0.000e+00
      0.047    19.5276   0.000050     0.0098         55     0.2250  0.000e+00
      0.046    19.5232   0.000056     0.0097         56     0.2292  0.000e+00
      0.047    19.5194   0.000050     0.0097         57     0.2333  0.000e+00
      0.047    19.5177   0.000056     0.0097         58     0.2375  0.000e+00
      0.055    19.5181   0.000213     0.0100         59     0.2417  0.000e+00
      0.140    19.5342   0.000168     0.0099         60     0.2458  0.000e+00
      0.297    19.5816   0.000146     0.0098         61     0.2500  0.000e+00
      0.326    19.6321   0.179061     1.0206         62     0.2542  0.000e+00
      0.289    19.6438   2.645098    18.2702         63     0.2583  0.000e+00
      0.240    19.4976   1.805701    12.0818         64     0.2625  0.000e+00
      0.269    19.3009   1.764170    11.8350         65     0.2667  0.000e+00
      0.379    19.1844   2.700547    18.8964         66     0.2708  0.000e+00
      0.518    19.1111   2.037271    13.9061         67     0.2750  0.000e+00
      0.721    19.0672   0.932591     5.9732         68     0.2792  0.000e+00
      0.938    19.0436   2.738707    19.2545         69     0.2833  0.000e+00
      1.167    19.0290   3.666172    26.5737         70     0.2875  0.000e+00
      1.375    19.0108   4.311296    31.8401         71     0.2917  0.000e+00
      1.543    18.9630   3.753852    27.3230         72     0.2958  0.000e+00
      1.654    18.8830   4.302305    31.8639         73     0.3000  0.000e+00
      1.730    18.7854   4.373601    32.5310         74     0.3042  0.000e+00
      1.786    18.6907   4.367171    32.5520         75     0.3083  0.000e+00
      1.838    18.6155   3.725410    27.3212         76     0.3125  0.000e+00
      1.896    18.5666   2.803367    19.9820         77     0.3167  0.000e+00
      1.968    18.5422   3.156703    22.7860         78     0.3208  0.000e+00
      2.066    18.5308   3.855176    28.4383         79     0.3250  0.000e+00
      2.185    18.5641   4.383630    32.7895         80     0.3292  0.000e+00
      2.319    18.6134   4.389125    32.7962         81     0.3333  0.000e+00
      2.475    18.6532   4.390888    32.7792         82     0.3375  0.000e+00
      2.652    18.6746   4.402132    32.8560         83     0.3417  0.000e+00
      2.852    18.6852   4.402615    32.8515         84     0.3458  0.000e+00
      3.060    18.6867   4.397790    32.8100         85     0.3500  0.000e+00
      3.283    18.6721   4.387737    32.7376         86     0.3542  0.000e+00
      3.524    18.6371   4.374735    32.6568         87     0.3583  0.000e+00
      3.768    18.5811   4.362244    32.5968         88     0.3625  0.000e+00
      4.001    18.5217   4.353676    32.5721         89     0.3667  0.000e+00
      4.199    18.4656   4.351139    32.5952         90     0.3708  0.000e+00
      4.372    18.4174   4.353451    32.6527         91     0.3750  0.000e+00
      4.530    18.3826   4.352222    32.6700         92     0.3792  0.000e+00
      4.669    18.3592   4.350312    32.6725         93     0.3833  0.000e+00
      4.745    18.3424   4.348863    32.6737         94     0.3875  0.000e+00
      4.763    18.3294   4.348837    32.6838         95     0.3917  0.000e+00
      4.755    18.3193   4.349278    32.6955         96     0.3958  0.000e+00
      4.740    18.3114   4.334229    32.5754         97     0.4000  0.000e+00
      4.749    18.3064   4.308925    32.3670         98     0.4042  0.000e+00
      4.776    18.3043   4.303771    32.3253         99     0.4083  0.000e+00
      4.827    18.3036   4.324364    32.4987        100     0.4125  0.000e+00
      4.885    18.3043   4.319202    32.4548        101     0.4167  0.000e+00
      4.979    18.3055   4.360357    32.7996        102     0.4208  0.000e+00
      5.107    18.3070   4.363453    32.8243        103     0.4250  0.000e+00
      5.274    18.3218   4.365359    32.8285        104     0.4292  0.000e+00
      5.463    18.3507   4.369245    32.8380        105     0.4333  0.000e+00
      5.675    18.3769   4.366488    32.7939        106     0.4375  0.000e+00
      5.921    18.3910   4.359173    32.7211        107     0.4417  0.000e+00
      6.183    18.3843   4.353172    32.6760        108     0.4458  0.000e+00
      6.421    18.3680   4.351529    32.6751        109     0.4500  0.000e+00
      6.660    18.3525   4.352938    32.6992        110     0.4542  0.000e+00
      6.917    18.3414   4.353707    32.7144        111     0.4583  0.000e+00
      7.161    18.3347   4.354195    32.7238        112     0.4625  0.000e+00
      7.366    18.3310   4.354676    32.7306        113     0.4667  0.000e+00
      7.556    18.3298   4.356868    32.7500        114     0.4708  0.000e+00
      7.763    18.3295   4.357503    32.7555        115     0.4750  0.000e+00
      7.951    18.3304   4.357049    32.7508        116     0.4792  0.000e+00
      8.103    18.3322   4.357537    32.7535        117     0.4833  0.000e+00
      8.208    18.3350   4.358071    32.7557        118     0.4875  0.000e+00
      8.277    18.3373   4.358513    32.7575        119     0.4917  0.000e+00
      8.345    18.3388   4.359816    32.7673        120     0.4958  0.000e+00
      8.416    18.3411   4.361421    32.7789        121     0.5000  0.000e+00
      8.497    18.3435   4.363012    32.7903        122     0.5042  0.000e+00
      8.583    18.3461   4.364738    32.8027        123     0.5083  0.000e+00
      8.662    18.3486   4.365045    32.8032        124     0.5125  0.000e+00
      8.735    18.3512   4.364343    32.7952        125     0.5167  0.000e+00
      8.812    18.3544   4.364945    32.7977        126     0.5208  0.000e+00
      8.901    18.3574   4.366002    32.8042        127     0.5250  0.000e+00
      8.991    18.3602   4.367199    32.8119        128     0.5292  0.000e+00
      9.084    18.3631   4.368316    32.8190        129     0.5333  0.000e+00
      9.174    18.3657   4.368979    32.8224        130     0.5375  0.000e+00
      9.276    18.3680   4.368939    32.8202        131     0.5417  0.000e+00
      9.377    18.3701   4.369220    32.8209        132     0.5458  0.000e+00
      9.484    18.3723   4.369641    32.8227        133     0.5500  0.000e+00
      9.602    18.3741   4.369762    32.8221        134     0.5542  0.000e+00
      9.730    18.3760   4.369668    32.8198        135     0.5583  0.000e+00
      9.866    18.3780   4.369508    32.8168        136     0.5625  0.000e+00
     10.009    18.3805   4.369815    32.8174        137     0.5667  0.000e+00
     10.167    18.3832   4.370016    32.8169        138     0.5708  0.000e+00
     10.326    18.3855   4.370177    32.8163        139     0.5750  0.000e+00
     10.498    18.3875   4.370578    32.8180        140     0.5792  0.000e+00
     10.676    18.3892   4.370639    32.8171        141     0.5833  0.000e+00
     10.858    18.3902   4.370679    32.8166        142     0.5875  0.000e+00
     11.052    18.3905   4.370719    32.8166        143     0.5917  0.000e+00
     11.244    18.3913   4.370793    32.8165        144     0.5958  0.000e+00
     11.449    18.3920   4.371201    32.8193        145     0.6000  0.000e+00
     11.635    18.3924   4.371288    32.8196        146     0.6042  0.000e+00
     11.820    18.3931   4.371148    32.8178        147     0.6083  0.000e+00
     11.990    18.3936   4.371081    32.8169        148     0.6125  0.000e+00
     12.142    18.3946   4.371108    32.8162        149     0.6167  0.000e+00
     12.282    18.3969   4.371670    32.8190        150     0.6208  0.000e+00
     12.399    18.4049   4.373812    32.8306        151     0.6250  0.000e+00
     12.501    18.4232   4.377548    32.8472        152     0.6292  0.000e+00
     12.591    18.4460   4.381104    32.8589        153     0.6333  0.000e+00
     12.665    18.4703   4.384078    32.8644        154     0.6375  0.000e+00
     12.739    18.4966   4.386899    32.8669        155     0.6417  0.000e+00
     12.806    18.5213   4.389178    32.8663        156     0.6458  0.000e+00
     12.872    18.5422   4.390686    32.8622        157     0.6500  0.000e+00
     12.949    18.5567   4.391229    32.8551        158     0.6542  0.000e+00
     13.034    18.5650   4.390988    32.8465        159     0.6583  0.000e+00
     13.129    18.5698   4.390116    32.8354        160     0.6625  0.000e+00
     13.241    18.5744   4.389452    32.8261        161     0.6667  0.000e+00
     13.368    18.5798   4.389050    32.8184        162     0.6708  0.000e+00
     13.516    18.5846   4.388883    32.8131        163     0.6750  0.000e+00
     13.677    18.5867   4.389385    32.8156        164     0.6792  0.000e+00
     13.860    18.5875   4.391980    32.8366        165     0.6833  0.000e+00
     14.052    18.5894   4.393878    32.8509        166     0.6875  0.000e+00
     14.256    18.5920   4.396032    32.8668        167     0.6917  0.000e+00
     14.461    18.5968   4.397669    32.8765        168     0.6958  0.000e+00
     14.665    18.6087   4.402051    32.9036        169     0.7000  0.000e+00
     14.867    18.6264   4.406851    32.9295        170     0.7042  0.000e+00
     15.055    18.6446   4.409819    32.9397        171     0.7083  0.000e+00
     15.219    18.6641   4.412614    32.9475        172     0.7125  0.000e+00
     15.368    18.6843   4.416538    32.9640        173     0.7167  0.000e+00
     15.479    18.7078   4.420377    32.9772        174     0.7208  0.000e+00
     15.562    18.7338   4.423288    32.9807        175     0.7250  0.000e+00
     15.630    18.7584   4.425636    32.9807        176     0.7292  0.000e+00
     15.678    18.7780   4.427102    32.9772        177     0.7333  0.000e+00
     15.723    18.7952   4.428279    32.9733        178     0.7375  0.000e+00
     15.761    18.8098   4.429605    32.9726        179     0.7417  0.000e+00
     15.793    18.8223   4.430823    32.9728        180     0.7458  0.000e+00
     15.828    18.8323   4.431388    32.9696        181     0.7500  0.000e+00
     15.864    18.8397   4.431563    32.9651        182     0.7542  0.000e+00
     15.916    18.8444   4.431556    32.9613        183     0.7583  0.000e+00
     15.978    18.8474   4.430661    32.9514        184     0.7625  0.000e+00
     16.065    18.8490   4.427390    32.9229        185     0.7667  0.000e+00
     16.152    18.8497   4.423213    32.8875        186     0.7708  0.000e+00
     16.248    18.8505   4.422547    32.8814        187     0.7750  0.000e+00
     16.360    18.8515   4.421337    32.8705        188     0.7792  0.000e+00
     16.478    18.8485   4.421135    32.8711        189     0.7833  0.000e+00
     16.608    18.8433   4.422016    32.8826        190     0.7875  0.000e+00
     16.757    18.8360   4.424222    32.9066        191     0.7917  0.000e+00
     16.912    18.8304   4.425844    32.9246        192     0.7958  0.000e+00
     17.074    18.8273   4.427654    32.9420        193     0.8000  0.000e+00
     17.242    18.8258   4.429605    32.9594        194     0.8042  0.000e+00
     17.416    18.8310   4.431039    32.9671        195     0.8083  0.000e+00
     17.586    18.8437   4.433267    32.9755        196     0.8125  0.000e+00
     17.756    18.8578   4.436283    32.9893        197     0.8167  0.000e+00
     17.923    18.8715   4.438728    32.9986        198     0.8208  0.000e+00
     18.084    18.8859   4.440984    33.0058        199     0.8250  0.000e+00
     18.245    18.8994   4.443066    33.0123        200     0.8292  0.000e+00
     18.408    18.9108   4.444663    33.0165        201     0.8333  0.000e+00
     18.562    18.9206   4.445742    33.0176        202     0.8375  0.000e+00
     18.716    18.9289   4.446678    33.0187        203     0.8417  0.000e+00
     18.864    18.9355   4.447433    33.0196        204     0.8458  0.000e+00
     18.998    18.9408   4.448074    33.0207        205     0.8500  0.000e+00
     19.136    18.9452   4.448445    33.0202        206     0.8542  0.000e+00
     19.261    18.9488   4.448970    33.0217        207     0.8583  0.000e+00
     19.371    18.9517   4.449389    33.0227        208     0.8625  0.000e+00
     19.474    18.9544   4.449753    33.0236        209     0.8667  0.000e+00
     19.561    18.9565   4.450211    33.0257        210     0.8708  0.000e+00
     19.632    18.9584   4.450535    33.0268        211     0.8750  0.000e+00
     19.683    18.9600   4.450912    33.0287        212     0.8792  0.000e+00
     19.724    18.9609   4.451135    33.0298        213     0.8833  0.000e+00
     19.748    18.9620   4.451418    33.0313        214     0.8875  0.000e+00
     19.773    18.9628   4.451715    33.0331        215     0.8917  0.000e+00
