HB2407/sbe070.cnv
* Sea-Bird SBE 19plus V2 Data File:
* FileName = C:\cruise\data\sbe070.hex
* Software Version Seasave V 7.26.7.121
* Temperature SN = 7143
* Conductivity SN = 7143
* System UpLoad Time = Oct 09 2024 15:17:19
* NMEA Latitude = 40 30.91 N
* NMEA Longitude = 068 54.21 W
* NMEA UTC (Time) = Oct 09 2024  15:17:03
** Ship: Bigelow
** Cruise:  HB2407
** Program:  Fall Bottom Trawl
# nquan = 7
# nvalues = 1474                                  
# units = specified
# name 0 = depSM: Depth [salt water, m]
# name 1 = tv290C: Temperature [ITS-90, deg C]
# name 2 = c0S/m: Conductivity [S/m]
# name 3 = sal00: Salinity, Practical [PSU]
# name 4 = scan: Scan Count
# name 5 = timeM: Time, Elapsed [minutes]
# name 6 = flag:  0.000e+00
# span 0 =     -0.083,     66.778                 
# span 1 =    11.6239,    17.4031                 
# span 2 =   0.000008,   4.115232                 
# span 3 =     0.0087,    32.3846                 
# span 4 =         11,       1484                 
# span 5 =     0.0417,     6.1792                 
# span 6 = 0.0000e+00, 0.0000e+00                 
# interval = seconds: 0.25
# start_time = Oct 09 2024 15:17:03 [NMEA time, header]
# bad_flag = -9.990e-29
*END*
[from data line 411]
     53.077    13.7761   3.847081    31.9530        422     1.7542  0.000e+00
     53.204    13.7004   3.841389    31.9634        423     1.7583  0.000e+00
     53.327    13.6308   3.839164    32.0008        424     1.7625  0.000e+00
     53.465    13.5742   3.836349    32.0219        425     1.7667  0.000e+00
     53.608    13.5281   3.834992    32.0479        426     1.7708  0.000e+00
     53.758    13.4926   3.833009    32.0592        427     1.7750  0.000e+00
     53.919    13.4620   3.830594    32.0623        428     1.7792  0.000e+00
     54.082    13.4320   3.828592    32.0687        429     1.7833  0.000e+00
     54.256    13.4038   3.826097    32.0692        430     1.7875  0.000e+00
     54.430    13.3733   3.823057    32.0663        431     1.7917  0.000e+00
     54.604    13.3398   3.820557    32.0711        432     1.7958  0.000e+00
     54.781    13.3054   3.818519    32.0810        433     1.8000  0.000e+00
     54.955    13.2735   3.816805    32.0917        434     1.8042  0.000e+00
     55.120    13.2450   3.813256    32.0824        435     1.8083  0.000e+00
     55.294    13.2126   3.809095    32.0707        436     1.8125  0.000e+00
     55.452    13.1707   3.807496    32.0910        437     1.8167  0.000e+00
     55.600    13.1336   3.807453    32.1219        438     1.8208  0.000e+00
     55.745    13.1120   3.805557    32.1223        439     1.8250  0.000e+00
     55.883    13.0912   3.802821    32.1141        440     1.8292  0.000e+00
     56.018    13.0661   3.801361    32.1215        441     1.8333  0.000e+00
     56.154    13.0401   3.798261    32.1143        442     1.8375  0.000e+00
     56.286    13.0131   3.795079    32.1072        443     1.8417  0.000e+00
     56.426    12.9781   3.794643    32.1327        444     1.8458  0.000e+00
     56.564    12.9514   3.793028    32.1400        445     1.8500  0.000e+00
     56.708    12.9293   3.791690    32.1461        446     1.8542  0.000e+00
     56.862    12.9092   3.790056    32.1478        447     1.8583  0.000e+00
     57.007    12.8890   3.789280    32.1575        448     1.8625  0.000e+00
     57.167    12.8724   3.789034    32.1692        449     1.8667  0.000e+00
     57.326    12.8607   3.787760    32.1671        450     1.8708  0.000e+00
     57.496    12.8493   3.786991    32.1694        451     1.8750  0.000e+00
     57.668    12.8386   3.787105    32.1795        452     1.8792  0.000e+00
     57.850    12.8317   3.786947    32.1839        453     1.8833  0.000e+00
     58.034    12.8272   3.786399    32.1824        454     1.8875  0.000e+00
     58.232    12.8228   3.785881    32.1812        455     1.8917  0.000e+00
     58.429    12.8180   3.785882    32.1852        456     1.8958  0.000e+00
     58.630    12.8144   3.786153    32.1907        457     1.9000  0.000e+00
     58.833    12.8133   3.785245    32.1830        458     1.9042  0.000e+00
     59.030    12.8100   3.784999    32.1834        459     1.9083  0.000e+00
     59.230    12.8055   3.784450    32.1820        460     1.9125  0.000e+00
     59.429    12.8008   3.784249    32.1840        461     1.9167  0.000e+00
     59.621    12.7964   3.784047    32.1857        462     1.9208  0.000e+00
     59.813    12.7929   3.783864    32.1870        463     1.9250  0.000e+00
     60.007    12.7901   3.783770    32.1884        464     1.9292  0.000e+00
     60.199    12.7879   3.783480    32.1873        465     1.9333  0.000e+00
     60.383    12.7853   3.783209    32.1870        466     1.9375  0.000e+00
     60.563    12.7824   3.782932    32.1867        467     1.9417  0.000e+00
     60.731    12.7796   3.782434    32.1843        468     1.9458  0.000e+00
     60.883    12.7756   3.781866    32.1823        469     1.9500  0.000e+00
     61.023    12.7703   3.781394    32.1823        470     1.9542  0.000e+00
     61.158    12.7648   3.781098    32.1841        471     1.9583  0.000e+00
     61.282    12.7597   3.780852    32.1861        472     1.9625  0.000e+00
     61.401    12.7556   3.780467    32.1859        473     1.9667  0.000e+00
     61.517    12.7514   3.780083    32.1858        474     1.9708  0.000e+00
     61.633    12.7470   3.779900    32.1877        475     1.9750  0.000e+00
     61.747    12.7431   3.779856    32.1906        476     1.9792  0.000e+00
     61.868    12.7409   3.779743    32.1913        477     1.9833  0.000e+00
     61.995    12.7387   3.779743    32.1932        478     1.9875  0.000e+00
     62.127    12.7375   3.779333    32.1903        479     1.9917  0.000e+00
     62.272    12.7353   3.778817    32.1872        480     1.9958  0.000e+00
     62.422    12.7313   3.778180    32.1845        481     2.0000  0.000e+00
     62.589    12.7257   3.777771    32.1854        482     2.0042  0.000e+00
     62.754    12.7200   3.777500    32.1876        483     2.0083  0.000e+00
     62.928    12.7145   3.776939    32.1868        484     2.0125  0.000e+00
     63.111    12.7090   3.776290    32.1853        485     2.0167  0.000e+00
     63.303    12.7024   3.775736    32.1856        486     2.0208  0.000e+00
     63.506    12.6955   3.775106    32.1855        487     2.0250  0.000e+00
     63.712    12.6885   3.773771    32.1786        488     2.0292  0.000e+00
     63.920    12.6785   3.772619    32.1762        489     2.0333  0.000e+00
     64.130    12.6650   3.769458    32.1576        490     2.0375  0.000e+00
     64.340    12.6437   3.764228    32.1260        491     2.0417  0.000e+00
     64.549    12.6064   3.759548    32.1132        492     2.0458  0.000e+00
     64.750    12.5560   3.755795    32.1205        493     2.0500  0.000e+00
     64.947    12.5020   3.752697    32.1370        494     2.0542  0.000e+00
     65.145    12.4544   3.754112    32.1911        495     2.0583  0.000e+00
     65.337    12.4260   3.747810    32.1552        496     2.0625  0.000e+00
     65.525    12.3874   3.741004    32.1231        497     2.0667  0.000e+00
     65.697    12.3287   3.737654    32.1413        498     2.0708  0.000e+00
     65.856    12.2691   3.733126    32.1489        499     2.0750  0.000e+00
     66.001    12.2126   3.727509    32.1435        500     2.0792  0.000e+00
     66.135    12.1515   3.722930    32.1519        501     2.0833  0.000e+00
     66.251    12.0888   3.718065    32.1591        502     2.0875  0.000e+00
     66.362    12.0286   3.715274    32.1840        503     2.0917  0.000e+00
     66.456    11.9746   3.710506    32.1845        504     2.0958  0.000e+00
     66.558    11.9190   3.706298    32.1919        505     2.1000  0.000e+00
     66.652    11.8632   3.705204    32.2295        506     2.1042  0.000e+00
     66.764    11.8197   3.702129    32.2374        507     2.1083  0.000e+00
     66.778    11.7824   3.697431    32.2241        508     2.1125  0.000e+00
     66.769    11.7391   3.694502    32.2332        509     2.1167  0.000e+00
     66.701    11.6946   3.693004    32.2573        510     2.1208  0.000e+00
     66.625    11.6589   3.693117    32.2895        511     2.1250  0.000e+00
     66.587    11.6374   3.693336    32.3103        512     2.1292  0.000e+00
     66.572    11.6277   3.693535    32.3208        513     2.1333  0.000e+00
     66.569    11.6241   3.693779    32.3263        514     2.1375  0.000e+00
     66.552    11.6239   3.693779    32.3264        515     2.1417  0.000e+00
     66.534    11.6248   3.693929    32.3271        516     2.1458  0.000e+00
     66.520    11.6261   3.694129    32.3279        517     2.1500  0.000e+00
     66.509    11.6285   3.694197    32.3265        518     2.1542  0.000e+00
     66.505    11.6310   3.694147    32.3238        519     2.1583  0.000e+00
     66.483    11.6320   3.694241    32.3239        520     2.1625  0.000e+00
     66.478    11.6334   3.694460    32.3248        521     2.1667  0.000e+00
     66.454    11.6353   3.694828    32.3267        522     2.1708  0.000e+00
     66.436    11.6383   3.695384    32.3295        523     2.1750  0.000e+00
     66.420    11.6434   3.696221    32.3332        524     2.1792  0.000e+00
     66.397    11.6506   3.696858    32.3332        525     2.1833  0.000e+00
     66.380    11.6591   3.697101    32.3281        526     2.1875  0.000e+00
     66.349    11.6665   3.697301    32.3237        527     2.1917  0.000e+00
     66.319    11.6715   3.697401    32.3203        528     2.1958  0.000e+00
     66.275    11.6750   3.697388    32.3171        529     2.2000  0.000e+00
     66.230    11.6772   3.697501    32.3163        530     2.2042  0.000e+00
     66.177    11.6790   3.697850    32.3182        531     2.2083  0.000e+00
     66.116    11.6816   3.699219    32.3292        532     2.2125  0.000e+00
     66.040    11.6896   3.701756    32.3470        533     2.2167  0.000e+00
     65.964    11.7068   3.703212    32.3462        534     2.2208  0.000e+00
     65.875    11.7274   3.703768    32.3337        535     2.2250  0.000e+00
     65.788    11.7444   3.707106    32.3514        536     2.2292  0.000e+00
     65.701    11.7679   3.712636    32.3846        537     2.2333  0.000e+00
     65.614    11.8099   3.715583    32.3767        538     2.2375  0.000e+00
     65.516    11.8554   3.717360    32.3544        539     2.2417  0.000e+00
     65.422    11.8937   3.718693    32.3341        540     2.2458  0.000e+00
     65.323    11.9232   3.720139    32.3225        541     2.2500  0.000e+00
     65.225    11.9473   3.721798    32.3176        542     2.2542  0.000e+00
     65.121    11.9701   3.723001    32.3096        543     2.2583  0.000e+00
     65.015    11.9909   3.727180    32.3320        544     2.2625  0.000e+00
     64.910    12.0205   3.731254    32.3457        545     2.2667  0.000e+00
     64.799    12.0614   3.733843    32.3352        546     2.2708  0.000e+00
     64.680    12.1020   3.737594    32.3363        547     2.2750  0.000e+00
     64.558    12.1449   3.740404    32.3263        548     2.2792  0.000e+00
     64.435    12.1861   3.743134    32.3170        549     2.2833  0.000e+00
     64.307    12.2245   3.745727    32.3088        550     2.2875  0.000e+00
     64.178    12.2612   3.750368    32.3217        551     2.2917  0.000e+00
     64.043    12.3051   3.754339    32.3220        552     2.2958  0.000e+00
     63.923    12.3534   3.758425    32.3196        553     2.3000  0.000e+00
     63.802    12.4045   3.760877    32.2991        554     2.3042  0.000e+00
     63.691    12.4497   3.762946    32.2800        555     2.3083  0.000e+00
     63.586    12.4872   3.764796    32.2656        556     2.3125  0.000e+00
     63.490    12.5188   3.765897    32.2489        557     2.3167  0.000e+00
     63.407    12.5437   3.766664    32.2349        558     2.3208  0.000e+00
     63.327    12.5622   3.767407    32.2263        559     2.3250  0.000e+00
     63.262    12.5767   3.768357    32.2229        560     2.3292  0.000e+00
     63.197    12.5892   3.769213    32.2204        561     2.3333  0.000e+00
     63.137    12.6008   3.769912    32.2171        562     2.3375  0.000e+00
     63.073    12.6116   3.770409    32.2127        563     2.3417  0.000e+00
     63.010    12.6205   3.770818    32.2089        564     2.3458  0.000e+00
     62.950    12.6279   3.771246    32.2067        565     2.3500  0.000e+00
     62.885    12.6341   3.771737    32.2061        566     2.3542  0.000e+00
     62.815    12.6398   3.772121    32.2049        567     2.3583  0.000e+00
     62.744    12.6457   3.772486    32.2034        568     2.3625  0.000e+00
     62.666    12.6508   3.772889    32.2029        569     2.3667  0.000e+00
     62.596    12.6557   3.773324    32.2029        570     2.3708  0.000e+00
     62.512    12.6609   3.773796    32.2030        571     2.3750  0.000e+00
     62.431    12.6663   3.774199    32.2022        572     2.3792  0.000e+00
     62.349    12.6717   3.774407    32.1996        573     2.3833  0.000e+00
     62.270    12.6762   3.774608    32.1977        574     2.3875  0.000e+00
     62.185    12.6800   3.774967    32.1979        575     2.3917  0.000e+00
     62.102    12.6835   3.775333    32.1984        576     2.3958  0.000e+00
     62.004    12.6872   3.775761    32.1994        577     2.4000  0.000e+00
     61.921    12.6918   3.776259    32.2002        578     2.4042  0.000e+00
     61.819    12.6969   3.776712    32.2002        579     2.4083  0.000e+00
     61.716    12.7024   3.776870    32.1970        580     2.4125  0.000e+00
     61.598    12.7069   3.777185    32.1962        581     2.4167  0.000e+00
     61.484    12.7109   3.777657    32.1973        582     2.4208  0.000e+00
     61.370    12.7158   3.777978    32.1962        583     2.4250  0.000e+00
     61.250    12.7203   3.778136    32.1940        584     2.4292  0.000e+00
     61.133    12.7240   3.778224    32.1916        585     2.4333  0.000e+00
     61.011    12.7267   3.778337    32.1905        586     2.4375  0.000e+00
     60.903    12.7288   3.778564    32.1909        587     2.4417  0.000e+00
     60.798    12.7308   3.778677    32.1903        588     2.4458  0.000e+00
     60.700    12.7328   3.778766    32.1894        589     2.4500  0.000e+00
     60.611    12.7345   3.778835    32.1887        590     2.4542  0.000e+00
     60.528    12.7361   3.778948    32.1885        591     2.4583  0.000e+00
     60.454    12.7373   3.779106    32.1890        592     2.4625  0.000e+00
     60.381    12.7387   3.779244    32.1891        593     2.4667  0.000e+00
     60.312    12.7405   3.779314    32.1883        594     2.4708  0.000e+00
     60.242    12.7419   3.779402    32.1879        595     2.4750  0.000e+00
     60.177    12.7433   3.779534    32.1880        596     2.4792  0.000e+00
     60.108    12.7441   3.779673    32.1887        597     2.4833  0.000e+00
     60.041    12.7458   3.779742    32.1879        598     2.4875  0.000e+00
     59.972    12.7473   3.779874    32.1879        599     2.4917  0.000e+00
     59.900    12.7490   3.780038    32.1881        600     2.4958  0.000e+00
     59.820    12.7504   3.780126    32.1877        601     2.5000  0.000e+00
     59.742    12.7520   3.780215    32.1872        602     2.5042  0.000e+00
     59.668    12.7532   3.780259    32.1866        603     2.5083  0.000e+00
     59.590    12.7543   3.780372    32.1868        604     2.5125  0.000e+00
     59.507    12.7554   3.780441    32.1865        605     2.5167  0.000e+00
     59.431    12.7564   3.780536    32.1866        606     2.5208  0.000e+00
     59.356    12.7576   3.780561    32.1859        607     2.5250  0.000e+00
     59.284    12.7583   3.780599    32.1857        608     2.5292  0.000e+00
     59.211    12.7589   3.780693    32.1861        609     2.5333  0.000e+00
     59.141    12.7596   3.780782    32.1864        610     2.5375  0.000e+00
     59.070    12.7608   3.780826    32.1858        611     2.5417  0.000e+00
     59.007    12.7615   3.780870    32.1856        612     2.5458  0.000e+00
     58.945    12.7623   3.780870    32.1850        613     2.5500  0.000e+00
     58.880    12.7631   3.780939    32.1850        614     2.5542  0.000e+00
     58.819    12.7633   3.780939    32.1848        615     2.5583  0.000e+00
     58.750    12.7638   3.780964    32.1847        616     2.5625  0.000e+00
     58.675    12.7640   3.780964    32.1846        617     2.5667  0.000e+00
     58.599    12.7643   3.780983    32.1845        618     2.5708  0.000e+00
     58.514    12.7645   3.781034    32.1849        619     2.5750  0.000e+00
     58.429    12.7648   3.781097    32.1852        620     2.5792  0.000e+00
     58.337    12.7654   3.781147    32.1852        621     2.5833  0.000e+00
     58.239    12.7660   3.781166    32.1849        622     2.5875  0.000e+00
     58.141    12.7664   3.781191    32.1849        623     2.5917  0.000e+00
     58.044    12.7670   3.781254    32.1850        624     2.5958  0.000e+00
     57.948    12.7674   3.781254    32.1846        625     2.6000  0.000e+00
