HB2407/sbe042.cnv
* Sea-Bird SBE 19plus V2 Data File:
* FileName = C:\cruise\data\sbe042.hex
* Software Version Seasave V 7.26.7.121
* Temperature SN = 7143
* Conductivity SN = 7143
* System UpLoad Time = Sep 24 2024 15:51:09
* NMEA Latitude = 40 52.41 N
* NMEA Longitude = 072 06.26 W
* NMEA UTC (Time) = Sep 24 2024  15:50:36
** Ship: Bigelow
** Cruise:  HB2407
** Program:  Fall Bottom Trawl
# nquan = 7
# nvalues = 1314                                  
# units = specified
# name 0 = depSM: Depth [salt water, m]
# name 1 = tv290C: Temperature [ITS-90, deg C]
# name 2 = c0S/m: Conductivity [S/m]
# name 3 = sal00: Salinity, Practical [PSU]
# name 4 = scan: Scan Count
# name 5 = timeM: Time, Elapsed [minutes]
# name 6 = flag:  0.000e+00
# span 0 =     -0.013,     29.313                 
# span 1 =    16.2141,    18.4864                 
# span 2 =  -0.000015,   4.249413                 
# span 3 =     0.0000,    32.1366                 
# span 4 =         11,       1324                 
# span 5 =     0.0417,     5.5125                 
# span 6 = 0.0000e+00, 0.0000e+00                 
# interval = seconds: 0.25
# start_time = Sep 24 2024 15:50:36 [NMEA time, header]
# bad_flag = -9.990e-29
*END*
[from data line 821]
     10.285    18.2941   4.226852    31.6869        832     3.4625  0.000e+00
     10.263    18.3014   4.227077    31.6831        833     3.4667  0.000e+00
     10.265    18.3080   4.227248    31.6795        834     3.4708  0.000e+00
     10.279    18.3138   4.227195    31.6746        835     3.4750  0.000e+00
     10.308    18.3188   4.227248    31.6711        836     3.4792  0.000e+00
     10.344    18.3226   4.227420    31.6697        837     3.4833  0.000e+00
     10.379    18.3249   4.227519    31.6687        838     3.4875  0.000e+00
     10.406    18.3256   4.227472    31.6677        839     3.4917  0.000e+00
     10.430    18.3232   4.227195    31.6672        840     3.4958  0.000e+00
     10.431    18.3176   4.226977    31.6698        841     3.5000  0.000e+00
     10.424    18.3103   4.226826    31.6741        842     3.5042  0.000e+00
     10.395    18.3031   4.226694    31.6786        843     3.5083  0.000e+00
     10.339    18.2963   4.226529    31.6824        844     3.5125  0.000e+00
     10.266    18.2899   4.226404    31.6864        845     3.5167  0.000e+00
     10.165    18.2842   4.226483    31.6915        846     3.5208  0.000e+00
     10.060    18.2810   4.226978    31.6981        847     3.5250  0.000e+00
      9.930    18.2857   4.228139    31.7043        848     3.5292  0.000e+00
      9.798    18.3028   4.229380    31.7015        849     3.5333  0.000e+00
      9.664    18.3288   4.230218    31.6885        850     3.5375  0.000e+00
      9.525    18.3568   4.230567    31.6699        851     3.5417  0.000e+00
      9.400    18.3799   4.230811    31.6542        852     3.5458  0.000e+00
      9.278    18.3973   4.230936    31.6418        853     3.5500  0.000e+00
      9.166    18.4103   4.231095    31.6332        854     3.5542  0.000e+00
      9.066    18.4212   4.231332    31.6269        855     3.5583  0.000e+00
      8.979    18.4327   4.231385    31.6185        856     3.5625  0.000e+00
      8.907    18.4422   4.231305    31.6106        857     3.5667  0.000e+00
      8.849    18.4462   4.231259    31.6071        858     3.5708  0.000e+00
      8.797    18.4468   4.231305    31.6071        859     3.5750  0.000e+00
      8.753    18.4472   4.231332    31.6070        860     3.5792  0.000e+00
      8.717    18.4497   4.231483    31.6063        861     3.5833  0.000e+00
      8.683    18.4547   4.231556    31.6031        862     3.5875  0.000e+00
      8.654    18.4592   4.231628    31.6003        863     3.5917  0.000e+00
      8.626    18.4616   4.231523    31.5976        864     3.5958  0.000e+00
      8.606    18.4603   4.231430    31.5978        865     3.6000  0.000e+00
      8.570    18.4570   4.231582    31.6016        866     3.6042  0.000e+00
      8.545    18.4570   4.231727    31.6029        867     3.6083  0.000e+00
      8.516    18.4614   4.231780    31.5999        868     3.6125  0.000e+00
      8.489    18.4661   4.231879    31.5971        869     3.6167  0.000e+00
      8.456    18.4699   4.231952    31.5948        870     3.6208  0.000e+00
      8.436    18.4730   4.231952    31.5925        871     3.6250  0.000e+00
      8.405    18.4743   4.231978    31.5917        872     3.6292  0.000e+00
      8.380    18.4747   4.231998    31.5916        873     3.6333  0.000e+00
      8.355    18.4743   4.232044    31.5923        874     3.6375  0.000e+00
      8.336    18.4740   4.232051    31.5925        875     3.6417  0.000e+00
      8.318    18.4739   4.232051    31.5927        876     3.6458  0.000e+00
      8.297    18.4735   4.232051    31.5929        877     3.6500  0.000e+00
      8.275    18.4728   4.232097    31.5939        878     3.6542  0.000e+00
      8.248    18.4729   4.232123    31.5940        879     3.6583  0.000e+00
      8.212    18.4728   4.232150    31.5944        880     3.6625  0.000e+00
      8.168    18.4717   4.232150    31.5952        881     3.6667  0.000e+00
      8.128    18.4707   4.232176    31.5962        882     3.6708  0.000e+00
      8.082    18.4695   4.232150    31.5969        883     3.6750  0.000e+00
      8.027    18.4681   4.232150    31.5980        884     3.6792  0.000e+00
      7.962    18.4671   4.232183    31.5991        885     3.6833  0.000e+00
      7.882    18.4663   4.232222    31.6001        886     3.6875  0.000e+00
      7.783    18.4667   4.232321    31.6006        887     3.6917  0.000e+00
      7.663    18.4692   4.232374    31.5992        888     3.6958  0.000e+00
      7.533    18.4733   4.232374    31.5961        889     3.7000  0.000e+00
      7.399    18.4764   4.232374    31.5938        890     3.7042  0.000e+00
      7.277    18.4779   4.232347    31.5924        891     3.7083  0.000e+00
      7.163    18.4779   4.232374    31.5926        892     3.7125  0.000e+00
      7.055    18.4785   4.232374    31.5922        893     3.7167  0.000e+00
      6.966    18.4792   4.232374    31.5917        894     3.7208  0.000e+00
      6.888    18.4798   4.232354    31.5911        895     3.7250  0.000e+00
      6.823    18.4804   4.232374    31.5908        896     3.7292  0.000e+00
      6.761    18.4805   4.232321    31.5904        897     3.7333  0.000e+00
      6.707    18.4808   4.232373    31.5906        898     3.7375  0.000e+00
      6.656    18.4804   4.232393    31.5911        899     3.7417  0.000e+00
      6.607    18.4798   4.232393    31.5915        900     3.7458  0.000e+00
      6.553    18.4791   4.232347    31.5917        901     3.7500  0.000e+00
      6.510    18.4785   4.232321    31.5920        902     3.7542  0.000e+00
      6.470    18.4783   4.232274    31.5918        903     3.7583  0.000e+00
      6.439    18.4787   4.232274    31.5915        904     3.7625  0.000e+00
      6.423    18.4790   4.232281    31.5913        905     3.7667  0.000e+00
      6.421    18.4788   4.232274    31.5914        906     3.7708  0.000e+00
      6.412    18.4784   4.232294    31.5919        907     3.7750  0.000e+00
      6.417    18.4777   4.232294    31.5924        908     3.7792  0.000e+00
      6.412    18.4769   4.232294    31.5930        909     3.7833  0.000e+00
      6.397    18.4764   4.232274    31.5933        910     3.7875  0.000e+00
      6.372    18.4758   4.232274    31.5937        911     3.7917  0.000e+00
      6.345    18.4754   4.232274    31.5940        912     3.7958  0.000e+00
      6.308    18.4763   4.232274    31.5934        913     3.8000  0.000e+00
      6.270    18.4771   4.232321    31.5932        914     3.8042  0.000e+00
      6.231    18.4768   4.231733    31.5885        915     3.8083  0.000e+00
      6.191    18.4771   4.232347    31.5934        916     3.8125  0.000e+00
      6.142    18.4773   4.232347    31.5932        917     3.8167  0.000e+00
      6.096    18.4775   4.232373    31.5933        918     3.8208  0.000e+00
      6.046    18.4773   4.232373    31.5935        919     3.8250  0.000e+00
      5.991    18.4766   4.232373    31.5940        920     3.8292  0.000e+00
      5.944    18.4751   4.232347    31.5950        921     3.8333  0.000e+00
      5.888    18.4743   4.232347    31.5956        922     3.8375  0.000e+00
      5.834    18.4728   4.232320    31.5966        923     3.8417  0.000e+00
      5.783    18.4714   4.232274    31.5973        924     3.8458  0.000e+00
      5.732    18.4712   4.232301    31.5977        925     3.8500  0.000e+00
      5.696    18.4730   4.232294    31.5963        926     3.8542  0.000e+00
      5.664    18.4757   4.232320    31.5944        927     3.8583  0.000e+00
      5.644    18.4776   4.232347    31.5932        928     3.8625  0.000e+00
      5.618    18.4792   4.232393    31.5923        929     3.8667  0.000e+00
      5.598    18.4800   4.232393    31.5918        930     3.8708  0.000e+00
      5.566    18.4803   4.232373    31.5914        931     3.8750  0.000e+00
      5.522    18.4805   4.232320    31.5908        932     3.8792  0.000e+00
      5.479    18.4804   4.232347    31.5911        933     3.8833  0.000e+00
      5.428    18.4804   4.231997    31.5882        934     3.8875  0.000e+00
      5.374    18.4805   4.232373    31.5913        935     3.8917  0.000e+00
      5.293    18.4806   4.232373    31.5912        936     3.8958  0.000e+00
      5.180    18.4809   4.232346    31.5909        937     3.9000  0.000e+00
      5.052    18.4807   4.232346    31.5910        938     3.9042  0.000e+00
      4.904    18.4808   4.232346    31.5910        939     3.9083  0.000e+00
      4.770    18.4809   4.232373    31.5911        940     3.9125  0.000e+00
      4.679    18.4813   4.232320    31.5905        941     3.9167  0.000e+00
      4.636    18.4814   4.232274    31.5900        942     3.9208  0.000e+00
      4.621    18.4816   4.232274    31.5898        943     3.9250  0.000e+00
      4.628    18.4815   4.232247    31.5897        944     3.9292  0.000e+00
      4.648    18.4813   4.232247    31.5899        945     3.9333  0.000e+00
      4.672    18.4812   4.232234    31.5898        946     3.9375  0.000e+00
      4.704    18.4814   4.232247    31.5898        947     3.9417  0.000e+00
      4.728    18.4811   4.232293    31.5904        948     3.9458  0.000e+00
      4.741    18.4808   4.232320    31.5908        949     3.9500  0.000e+00
      4.730    18.4808   4.232346    31.5911        950     3.9542  0.000e+00
      4.697    18.4808   4.232373    31.5913        951     3.9583  0.000e+00
      4.655    18.4806   4.232392    31.5916        952     3.9625  0.000e+00
      4.605    18.4806   4.232419    31.5918        953     3.9667  0.000e+00
      4.565    18.4805   4.232392    31.5917        954     3.9708  0.000e+00
      4.532    18.4797   4.232346    31.5919        955     3.9750  0.000e+00
      4.516    18.4795   4.232353    31.5922        956     3.9792  0.000e+00
      4.501    18.4793   4.232373    31.5925        957     3.9833  0.000e+00
      4.494    18.4790   4.232392    31.5929        958     3.9875  0.000e+00
      4.492    18.4786   4.232373    31.5930        959     3.9917  0.000e+00
      4.481    18.4784   4.232346    31.5929        960     3.9958  0.000e+00
      4.461    18.4791   4.232373    31.5926        961     4.0000  0.000e+00
      4.436    18.4801   4.232346    31.5917        962     4.0042  0.000e+00
      4.398    18.4806   4.232346    31.5913        963     4.0083  0.000e+00
      4.360    18.4811   4.232320    31.5907        964     4.0125  0.000e+00
      4.316    18.4810   4.232320    31.5908        965     4.0167  0.000e+00
      4.277    18.4807   4.232300    31.5909        966     4.0208  0.000e+00
      4.255    18.4803   4.232293    31.5912        967     4.0250  0.000e+00
      4.242    18.4797   4.232320    31.5919        968     4.0292  0.000e+00
      4.232    18.4791   4.232293    31.5921        969     4.0333  0.000e+00
      4.213    18.4791   4.232320    31.5923        970     4.0375  0.000e+00
      4.177    18.4787   4.232372    31.5931        971     4.0417  0.000e+00
      4.126    18.4791   4.232346    31.5925        972     4.0458  0.000e+00
      4.070    18.4787   4.232320    31.5927        973     4.0500  0.000e+00
      4.014    18.4784   4.232320    31.5929        974     4.0542  0.000e+00
      3.971    18.4784   4.229989    31.5735        975     4.0583  0.000e+00
      3.938    18.4787   4.232326    31.5928        976     4.0625  0.000e+00
      3.913    18.4785   4.232320    31.5928        977     4.0667  0.000e+00
      3.893    18.4788   4.232346    31.5929        978     4.0708  0.000e+00
      3.869    18.4793   4.232346    31.5925        979     4.0750  0.000e+00
      3.833    18.4792   4.232346    31.5926        980     4.0792  0.000e+00
      3.797    18.4795   4.232346    31.5924        981     4.0833  0.000e+00
      3.753    18.4794   4.232346    31.5925        982     4.0875  0.000e+00
      3.697    18.4793   4.232319    31.5923        983     4.0917  0.000e+00
      3.607    18.4791   4.232319    31.5925        984     4.0958  0.000e+00
      3.498    18.4786   4.232293    31.5927        985     4.1000  0.000e+00
      3.360    18.4784   4.232300    31.5929        986     4.1042  0.000e+00
      3.232    18.4790   4.232293    31.5925        987     4.1083  0.000e+00
      3.142    18.4800   4.232293    31.5918        988     4.1125  0.000e+00
      3.091    18.4803   4.232273    31.5914        989     4.1167  0.000e+00
      3.076    18.4808   4.232220    31.5906        990     4.1208  0.000e+00
      3.094    18.4811   4.232220    31.5903        991     4.1250  0.000e+00
      3.147    18.4815   4.232220    31.5900        992     4.1292  0.000e+00
      3.221    18.4816   4.232194    31.5897        993     4.1333  0.000e+00
      3.297    18.4820   4.232022    31.5879        994     4.1375  0.000e+00
      3.362    18.4822   4.232095    31.5884        995     4.1417  0.000e+00
      3.398    18.4826   4.232253    31.5894        996     4.1458  0.000e+00
      3.406    18.4824   4.232293    31.5898        997     4.1500  0.000e+00
      3.369    18.4822   4.232346    31.5905        998     4.1542  0.000e+00
      3.302    18.4815   4.232319    31.5907        999     4.1583  0.000e+00
      3.235    18.4808   4.232293    31.5911       1000     4.1625  0.000e+00
      3.194    18.4797   4.232247    31.5916       1001     4.1667  0.000e+00
      3.185    18.4784   4.232220    31.5923       1002     4.1708  0.000e+00
      3.195    18.4777   4.232273    31.5934       1003     4.1750  0.000e+00
      3.210    18.4775   4.232273    31.5935       1004     4.1792  0.000e+00
      3.235    18.4776   4.232247    31.5932       1005     4.1833  0.000e+00
      3.257    18.4777   4.232299    31.5936       1006     4.1875  0.000e+00
      3.284    18.4783   4.232319    31.5933       1007     4.1917  0.000e+00
      3.286    18.4788   4.232346    31.5931       1008     4.1958  0.000e+00
      3.262    18.4796   4.232319    31.5923       1009     4.2000  0.000e+00
      3.193    18.4797   4.232319    31.5922       1010     4.2042  0.000e+00
      3.094    18.4801   4.232273    31.5915       1011     4.2083  0.000e+00
      2.983    18.4792   4.232293    31.5924       1012     4.2125  0.000e+00
      2.869    18.4785   4.232273    31.5928       1013     4.2167  0.000e+00
      2.777    18.4791   4.232273    31.5924       1014     4.2208  0.000e+00
      2.697    18.4800   4.232273    31.5918       1015     4.2250  0.000e+00
      2.630    18.4808   4.232246    31.5910       1016     4.2292  0.000e+00
      2.565    18.4805   4.232253    31.5912       1017     4.2333  0.000e+00
      2.511    18.4803   4.232193    31.5909       1018     4.2375  0.000e+00
      2.489    18.4793   4.232193    31.5917       1019     4.2417  0.000e+00
      2.502    18.4790   4.232194    31.5920       1020     4.2458  0.000e+00
      2.547    18.4790   4.232194    31.5919       1021     4.2500  0.000e+00
      2.620    18.4790   4.232194    31.5918       1022     4.2542  0.000e+00
      2.685    18.4792   4.232220    31.5919       1023     4.2583  0.000e+00
      2.753    18.4792   4.232246    31.5921       1024     4.2625  0.000e+00
      2.813    18.4793   4.232246    31.5920       1025     4.2667  0.000e+00
      2.829    18.4794   4.232273    31.5922       1026     4.2708  0.000e+00
      2.802    18.4795   4.232279    31.5922       1027     4.2750  0.000e+00
      2.719    18.4787   4.232095    31.5912       1028     4.2792  0.000e+00
      2.599    18.4790   4.232075    31.5909       1029     4.2833  0.000e+00
      2.455    18.4791   4.232246    31.5923       1030     4.2875  0.000e+00
      2.313    18.4787   4.232220    31.5924       1031     4.2917  0.000e+00
      2.187    18.4787   4.232292    31.5931       1032     4.2958  0.000e+00
      2.098    18.4791   4.232273    31.5926       1033     4.3000  0.000e+00
      2.056    18.4790   4.232273    31.5927       1034     4.3042  0.000e+00
      2.044    18.4794   4.232246    31.5922       1035     4.3083  0.000e+00
