HB2407/sbe043.cnv
* Sea-Bird SBE 19plus V2 Data File:
* FileName = C:\cruise\data\sbe043.hex
* Software Version Seasave V 7.26.7.121
* Temperature SN = 7143
* Conductivity SN = 7143
* System UpLoad Time = Sep 24 2024 17:36:32
* NMEA Latitude = 40 51.17 N
* NMEA Longitude = 071 54.45 W
* NMEA UTC (Time) = Sep 24 2024  17:35:58
** Ship: Bigelow
** Cruise:  HB2407
** Program:  Fall Bottom Trawl
# nquan = 7
# nvalues = 1417                                  
# units = specified
# name 0 = depSM: Depth [salt water, m]
# name 1 = tv290C: Temperature [ITS-90, deg C]
# name 2 = c0S/m: Conductivity [S/m]
# name 3 = sal00: Salinity, Practical [PSU]
# name 4 = scan: Scan Count
# name 5 = timeM: Time, Elapsed [minutes]
# name 6 = flag:  0.000e+00
# span 0 =     -0.027,     35.484                 
# span 1 =    17.3667,    17.9353                 
# span 2 =  -0.000037,   4.247647                 
# span 3 =     0.0000,    32.3855                 
# span 4 =         11,       1427                 
# span 5 =     0.0417,     5.9417                 
# span 6 = 0.0000e+00, 0.0000e+00                 
# interval = seconds: 0.25
# start_time = Sep 24 2024 17:35:58 [NMEA time, header]
# bad_flag = -9.990e-29
*END*
[from data line 411]
     34.128    17.6021   4.244018    32.3658        422     1.7542  0.000e+00
     34.148    17.6021   4.243939    32.3651        423     1.7583  0.000e+00
     34.157    17.6019   4.243992    32.3657        424     1.7625  0.000e+00
     34.150    17.6018   4.244038    32.3662        425     1.7667  0.000e+00
     34.133    17.6021   4.244315    32.3684        426     1.7708  0.000e+00
     34.110    17.6025   4.244091    32.3661        427     1.7750  0.000e+00
     34.075    17.6009   4.243443    32.3619        428     1.7792  0.000e+00
     34.034    17.5991   4.244018    32.3683        429     1.7833  0.000e+00
     33.970    17.5993   4.245089    32.3772        430     1.7875  0.000e+00
     33.900    17.6024   4.245611    32.3792        431     1.7917  0.000e+00
     33.822    17.6066   4.246530    32.3837        432     1.7958  0.000e+00
     33.733    17.6116   4.247204    32.3855        433     1.8000  0.000e+00
     33.643    17.6167   4.247647    32.3852        434     1.8042  0.000e+00
     33.548    17.6214   4.247647    32.3815        435     1.8083  0.000e+00
     33.447    17.6240   4.247403    32.3774        436     1.8125  0.000e+00
     33.338    17.6247   4.247323    32.3762        437     1.8167  0.000e+00
     33.231    17.6247   4.247548    32.3782        438     1.8208  0.000e+00
     33.123    17.6254   4.247350    32.3760        439     1.8250  0.000e+00
     33.012    17.6258   4.247105    32.3736        440     1.8292  0.000e+00
     32.895    17.6259   4.246926    32.3720        441     1.8333  0.000e+00
     32.782    17.6257   4.246999    32.3729        442     1.8375  0.000e+00
     32.672    17.6256   4.246926    32.3724        443     1.8417  0.000e+00
     32.560    17.6256   4.246827    32.3716        444     1.8458  0.000e+00
     32.445    17.6252   4.246675    32.3706        445     1.8500  0.000e+00
     32.337    17.6249   4.246404    32.3686        446     1.8542  0.000e+00
     32.228    17.6240   4.246529    32.3704        447     1.8583  0.000e+00
     32.127    17.6234   4.246106    32.3673        448     1.8625  0.000e+00
     32.033    17.6222   4.244962    32.3586        449     1.8667  0.000e+00
     31.937    17.6202   4.244513    32.3564        450     1.8708  0.000e+00
     31.846    17.6186   4.244142    32.3546        451     1.8750  0.000e+00
     31.759    17.6170   4.243792    32.3529        452     1.8792  0.000e+00
     31.680    17.6159   4.243270    32.3493        453     1.8833  0.000e+00
     31.604    17.6146   4.243072    32.3487        454     1.8875  0.000e+00
     31.533    17.6140   4.243594    32.3536        455     1.8917  0.000e+00
     31.466    17.6136   4.242873    32.3478        456     1.8958  0.000e+00
     31.403    17.6129   4.241379    32.3357        457     1.9000  0.000e+00
     31.345    17.6109   4.240164    32.3269        458     1.9042  0.000e+00
     31.291    17.6084   4.239542    32.3237        459     1.9083  0.000e+00
     31.245    17.6065   4.239417    32.3241        460     1.9125  0.000e+00
     31.207    17.6050   4.238472    32.3173        461     1.9167  0.000e+00
     31.169    17.6028   4.237131    32.3076        462     1.9208  0.000e+00
     31.140    17.6002   4.236087    32.3008        463     1.9250  0.000e+00
     31.108    17.5975   4.236761    32.3087        464     1.9292  0.000e+00
     31.068    17.5970   4.237428    32.3148        465     1.9333  0.000e+00
     31.023    17.5970   4.237157    32.3126        466     1.9375  0.000e+00
     30.972    17.5968   4.236484    32.3070        467     1.9417  0.000e+00
     30.907    17.5960   4.235592    32.3000        468     1.9458  0.000e+00
     30.829    17.5944   4.235394    32.2997        469     1.9500  0.000e+00
     30.740    17.5929   4.234628    32.2943        470     1.9542  0.000e+00
     30.646    17.5907   4.233135    32.2834        471     1.9583  0.000e+00
     30.546    17.5880   4.232693    32.2818        472     1.9625  0.000e+00
     30.441    17.5853   4.231352    32.2726        473     1.9667  0.000e+00
     30.336    17.5821   4.230388    32.2670        474     1.9708  0.000e+00
     30.231    17.5786   4.229669    32.2637        475     1.9750  0.000e+00
     30.128    17.5751   4.229002    32.2608        476     1.9792  0.000e+00
     30.028    17.5717   4.227933    32.2544        477     1.9833  0.000e+00
     29.940    17.5675   4.226620    32.2466        478     1.9875  0.000e+00
     29.860    17.5619   4.225630    32.2427        479     1.9917  0.000e+00
     29.786    17.5565   4.224917    32.2409        480     1.9958  0.000e+00
     29.711    17.5512   4.224495    32.2415        481     2.0000  0.000e+00
     29.639    17.5475   4.224198    32.2420        482     2.0042  0.000e+00
     29.577    17.5446   4.223928    32.2420        483     2.0083  0.000e+00
     29.512    17.5427   4.223479    32.2397        484     2.0125  0.000e+00
     29.449    17.5409   4.222964    32.2368        485     2.0167  0.000e+00
     29.384    17.5391   4.222292    32.2325        486     2.0208  0.000e+00
     29.319    17.5375   4.221909    32.2305        487     2.0250  0.000e+00
     29.246    17.5361   4.221698    32.2298        488     2.0292  0.000e+00
     29.181    17.5351   4.221309    32.2273        489     2.0333  0.000e+00
     29.105    17.5343   4.220986    32.2252        490     2.0375  0.000e+00
     29.033    17.5336   4.220834    32.2246        491     2.0417  0.000e+00
     28.955    17.5329   4.220590    32.2231        492     2.0458  0.000e+00
     28.882    17.5325   4.219897    32.2175        493     2.0500  0.000e+00
     28.812    17.5316   4.219455    32.2144        494     2.0542  0.000e+00
     28.746    17.5310   4.219132    32.2122        495     2.0583  0.000e+00
     28.689    17.5305   4.218862    32.2103        496     2.0625  0.000e+00
     28.631    17.5302   4.218690    32.2091        497     2.0667  0.000e+00
     28.578    17.5298   4.218565    32.2084        498     2.0708  0.000e+00
     28.531    17.5295   4.217701    32.2012        499     2.0750  0.000e+00
     28.493    17.5288   4.216442    32.1911        500     2.0792  0.000e+00
     28.446    17.5271   4.215440    32.1839        501     2.0833  0.000e+00
     28.402    17.5254   4.214689    32.1789        502     2.0875  0.000e+00
     28.363    17.5237   4.214662    32.1800        503     2.0917  0.000e+00
     28.310    17.5228   4.214194    32.1768        504     2.0958  0.000e+00
     28.243    17.5216   4.213482    32.1717        505     2.1000  0.000e+00
     28.167    17.5203   4.213456    32.1725        506     2.1042  0.000e+00
     28.075    17.5194   4.213034    32.1696        507     2.1083  0.000e+00
     27.977    17.5190   4.212448    32.1650        508     2.1125  0.000e+00
     27.872    17.5182   4.211999    32.1619        509     2.1167  0.000e+00
     27.756    17.5176   4.211485    32.1580        510     2.1208  0.000e+00
     27.638    17.5172   4.210767    32.1522        511     2.1250  0.000e+00
     27.520    17.5176   4.210378    32.1486        512     2.1292  0.000e+00
     27.408    17.5191   4.210102    32.1451        513     2.1333  0.000e+00
     27.300    17.5211   4.209812    32.1411        514     2.1375  0.000e+00
     27.207    17.5225   4.209364    32.1362        515     2.1417  0.000e+00
     27.127    17.5228   4.209166    32.1343        516     2.1458  0.000e+00
     27.060    17.5230   4.209047    32.1332        517     2.1500  0.000e+00
     27.004    17.5227   4.208698    32.1305        518     2.1542  0.000e+00
     26.955    17.5220   4.208428    32.1288        519     2.1583  0.000e+00
     26.903    17.5214   4.208184    32.1272        520     2.1625  0.000e+00
     26.863    17.5214   4.207941    32.1251        521     2.1667  0.000e+00
     26.832    17.5220   4.207591    32.1216        522     2.1708  0.000e+00
     26.802    17.5231   4.207150    32.1170        523     2.1750  0.000e+00
     26.767    17.5244   4.206511    32.1106        524     2.1792  0.000e+00
     26.729    17.5260   4.206070    32.1056        525     2.1833  0.000e+00
     26.680    17.5268   4.205747    32.1022        526     2.1875  0.000e+00
     26.624    17.5275   4.205503    32.0995        527     2.1917  0.000e+00
     26.557    17.5280   4.205405    32.0983        528     2.1958  0.000e+00
     26.481    17.5283   4.205378    32.0979        529     2.2000  0.000e+00
     26.392    17.5284   4.205405    32.0981        530     2.2042  0.000e+00
     26.298    17.5285   4.205352    32.0976        531     2.2083  0.000e+00
     26.204    17.5287   4.205279    32.0969        532     2.2125  0.000e+00
     26.099    17.5285   4.205306    32.0973        533     2.2167  0.000e+00
     25.992    17.5285   4.205279    32.0971        534     2.2208  0.000e+00
     25.887    17.5287   4.205253    32.0967        535     2.2250  0.000e+00
     25.788    17.5290   4.205233    32.0964        536     2.2292  0.000e+00
     25.699    17.5290   4.205233    32.0964        537     2.2333  0.000e+00
     25.610    17.5289   4.205253    32.0967        538     2.2375  0.000e+00
     25.540    17.5288   4.205134    32.0958        539     2.2417  0.000e+00
     25.475    17.5284   4.205134    32.0961        540     2.2458  0.000e+00
     25.417    17.5285   4.205233    32.0969        541     2.2500  0.000e+00
     25.371    17.5284   4.205253    32.0972        542     2.2542  0.000e+00
     25.324    17.5283   4.205233    32.0971        543     2.2583  0.000e+00
     25.279    17.5283   4.205207    32.0969        544     2.2625  0.000e+00
     25.226    17.5285   4.205108    32.0959        545     2.2667  0.000e+00
     25.165    17.5281   4.205055    32.0958        546     2.2708  0.000e+00
     25.096    17.5281   4.205009    32.0954        547     2.2750  0.000e+00
     25.020    17.5280   4.204910    32.0947        548     2.2792  0.000e+00
     24.933    17.5279   4.204857    32.0944        549     2.2833  0.000e+00
     24.832    17.5275   4.204713    32.0934        550     2.2875  0.000e+00
     24.723    17.5271   4.204515    32.0921        551     2.2917  0.000e+00
     24.616    17.5265   4.204100    32.0892        552     2.2958  0.000e+00
     24.506    17.5251   4.203488    32.0850        553     2.3000  0.000e+00
     24.388    17.5232   4.203310    32.0851        554     2.3042  0.000e+00
     24.279    17.5215   4.202895    32.0829        555     2.3083  0.000e+00
     24.172    17.5198   4.201815    32.0751        556     2.3125  0.000e+00
     24.085    17.5173   4.201644    32.0757        557     2.3167  0.000e+00
     24.006    17.5150   4.201493    32.0762        558     2.3208  0.000e+00
     23.933    17.5140   4.201763    32.0793        559     2.3250  0.000e+00
     23.881    17.5134   4.201914    32.0811        560     2.3292  0.000e+00
     23.839    17.5136   4.202329    32.0845        561     2.3333  0.000e+00
     23.814    17.5142   4.202651    32.0868        562     2.3375  0.000e+00
     23.790    17.5151   4.202770    32.0871        563     2.3417  0.000e+00
     23.772    17.5161   4.202869    32.0871        564     2.3458  0.000e+00
     23.770    17.5169   4.202941    32.0871        565     2.3500  0.000e+00
     23.765    17.5174   4.202994    32.0872        566     2.3542  0.000e+00
     23.759    17.5177   4.202941    32.0865        567     2.3583  0.000e+00
     23.756    17.5179   4.203020    32.0870        568     2.3625  0.000e+00
     23.745    17.5184   4.203191    32.0881        569     2.3667  0.000e+00
     23.732    17.5186   4.203165    32.0877        570     2.3708  0.000e+00
     23.707    17.5189   4.203290    32.0885        571     2.3750  0.000e+00
     23.664    17.5194   4.203290    32.0881        572     2.3792  0.000e+00
     23.620    17.5197   4.203165    32.0869        573     2.3833  0.000e+00
     23.555    17.5194   4.203165    32.0871        574     2.3875  0.000e+00
     23.488    17.5190   4.203138    32.0872        575     2.3917  0.000e+00
     23.417    17.5191   4.203336    32.0889        576     2.3958  0.000e+00
     23.336    17.5194   4.203928    32.0937        577     2.4000  0.000e+00
     23.244    17.5211   4.203757    32.0909        578     2.4042  0.000e+00
     23.144    17.5217   4.203435    32.0878        579     2.4083  0.000e+00
     23.032    17.5216   4.203191    32.0858        580     2.4125  0.000e+00
     22.903    17.5210   4.203658    32.0903        581     2.4167  0.000e+00
     22.773    17.5213   4.204343    32.0960        582     2.4208  0.000e+00
     22.639    17.5226   4.204396    32.0954        583     2.4250  0.000e+00
     22.494    17.5240   4.204936    32.0990        584     2.4292  0.000e+00
     22.355    17.5246   4.204982    32.0989        585     2.4333  0.000e+00
     22.221    17.5255   4.205008    32.0985        586     2.4375  0.000e+00
     22.103    17.5261   4.205008    32.0980        587     2.4417  0.000e+00
     21.987    17.5267   4.204665    32.0947        588     2.4458  0.000e+00
     21.893    17.5259   4.204738    32.0960        589     2.4500  0.000e+00
     21.817    17.5257   4.204639    32.0953        590     2.4542  0.000e+00
     21.762    17.5255   4.204784    32.0968        591     2.4583  0.000e+00
     21.730    17.5255   4.204883    32.0976        592     2.4625  0.000e+00
     21.726    17.5255   4.204981    32.0984        593     2.4667  0.000e+00
     21.750    17.5259   4.205034    32.0986        594     2.4708  0.000e+00
     21.801    17.5260   4.205008    32.0982        595     2.4750  0.000e+00
     21.873    17.5260   4.205008    32.0982        596     2.4792  0.000e+00
     21.951    17.5265   4.205008    32.0978        597     2.4833  0.000e+00
     22.030    17.5266   4.205080    32.0983        598     2.4875  0.000e+00
     22.103    17.5264   4.205107    32.0987        599     2.4917  0.000e+00
     22.172    17.5267   4.205133    32.0986        600     2.4958  0.000e+00
     22.228    17.5267   4.205080    32.0982        601     2.5000  0.000e+00
     22.266    17.5266   4.205133    32.0987        602     2.5042  0.000e+00
     22.268    17.5268   4.205179    32.0989        603     2.5083  0.000e+00
     22.235    17.5269   4.205107    32.0983        604     2.5125  0.000e+00
     22.174    17.5265   4.204567    32.0940        605     2.5167  0.000e+00
     22.089    17.5259   4.203605    32.0863        606     2.5208  0.000e+00
     21.985    17.5240   4.203065    32.0832        607     2.5250  0.000e+00
     21.879    17.5216   4.202058    32.0766        608     2.5292  0.000e+00
     21.768    17.5192   4.200853    32.0682        609     2.5333  0.000e+00
     21.649    17.5174   4.200241    32.0645        610     2.5375  0.000e+00
     21.531    17.5169   4.199780    32.0610        611     2.5417  0.000e+00
     21.424    17.5174   4.199530    32.0585        612     2.5458  0.000e+00
     21.324    17.5179   4.199181    32.0551        613     2.5500  0.000e+00
     21.237    17.5184   4.199208    32.0551        614     2.5542  0.000e+00
     21.160    17.5189   4.199181    32.0544        615     2.5583  0.000e+00
     21.096    17.5189   4.199181    32.0545        616     2.5625  0.000e+00
     21.044    17.5188   4.199181    32.0546        617     2.5667  0.000e+00
     21.002    17.5193   4.199181    32.0542        618     2.5708  0.000e+00
     20.968    17.5191   4.199260    32.0550        619     2.5750  0.000e+00
     20.941    17.5191   4.199333    32.0556        620     2.5792  0.000e+00
     20.919    17.5185   4.199306    32.0559        621     2.5833  0.000e+00
     20.903    17.5182   4.199359    32.0566        622     2.5875  0.000e+00
     20.893    17.5178   4.199405    32.0573        623     2.5917  0.000e+00
     20.881    17.5175   4.199431    32.0578        624     2.5958  0.000e+00
     20.857    17.5170   4.199431    32.0582        625     2.6000  0.000e+00
