HB2407/sbe007.cnv
* Sea-Bird SBE 19plus V2 Data File:
* FileName = C:\cruise\data\sbe007.hex
* Software Version Seasave V 7.26.7.121
* Temperature SN = 7143
* Conductivity SN = 7143
* System UpLoad Time = Sep 08 2024 21:31:47
* NMEA Latitude = 38 45.53 N
* NMEA Longitude = 073 39.55 W
* NMEA UTC (Time) = Sep 08 2024  21:31:55
** Ship: Bigelow
** Cruise:  HB2407
** Program:  Fall Bottom Trawl
# nquan = 7
# nvalues = 1395                                  
# units = specified
# name 0 = depSM: Depth [salt water, m]
# name 1 = tv290C: Temperature [ITS-90, deg C]
# name 2 = c0S/m: Conductivity [S/m]
# name 3 = sal00: Salinity, Practical [PSU]
# name 4 = scan: Scan Count
# name 5 = timeM: Time, Elapsed [minutes]
# name 6 = flag:  0.000e+00
# span 0 =     -0.039,     52.641                 
# span 1 =     7.4784,    20.6433                 
# span 2 =  -0.000046,   4.450779                 
# span 3 =     0.0000,    34.6583                 
# span 4 =         11,       1405                 
# span 5 =     0.0417,     5.8500                 
# span 6 = 0.0000e+00, 0.0000e+00                 
# interval = seconds: 0.25
# start_time = Sep 08 2024 21:31:55 [NMEA time, header]
# bad_flag = -9.990e-29
*END*
[from data line 411]
     49.551     7.5650   3.342246    32.3971        422     1.7542  0.000e+00
     49.719     7.5633   3.344364    32.4213        423     1.7583  0.000e+00
     49.886     7.5623   3.346375    32.4438        424     1.7625  0.000e+00
     50.058     7.5620   3.349569    32.4783        425     1.7667  0.000e+00
     50.237     7.5624   3.352553    32.5100        426     1.7708  0.000e+00
     50.419     7.5647   3.353959    32.5229        427     1.7750  0.000e+00
     50.607     7.5684   3.356519    32.5469        428     1.7792  0.000e+00
     50.799     7.5718   3.358502    32.5649        429     1.7833  0.000e+00
     50.991     7.5749   3.360276    32.5810        430     1.7875  0.000e+00
     51.185     7.5773   3.360462    32.5807        431     1.7917  0.000e+00
     51.375     7.5784   3.356868    32.5409        432     1.7958  0.000e+00
     51.567     7.5773   3.349052    32.4578        433     1.8000  0.000e+00
     51.753     7.5743   3.341796    32.3826        434     1.8042  0.000e+00
     51.927     7.5702   3.336567    32.3300        435     1.8083  0.000e+00
     52.099     7.5692   3.333611    32.2991        436     1.8125  0.000e+00
     52.266     7.5732   3.331933    32.2773        437     1.8167  0.000e+00
     52.442     7.5773   3.331400    32.2677        438     1.8208  0.000e+00
     52.572     7.5776   3.321065    32.1564        439     1.8250  0.000e+00
     52.632     7.5725   3.318677    32.1354        440     1.8292  0.000e+00
     52.626     7.5623   3.317762    32.1350        441     1.8333  0.000e+00
     52.585     7.5508   3.319964    32.1693        442     1.8375  0.000e+00
     52.552     7.5422   3.343045    32.4255        443     1.8417  0.000e+00
     52.576     7.5409   3.363440    32.6463        444     1.8458  0.000e+00
     52.619     7.5471   3.364456    32.6513        445     1.8500  0.000e+00
     52.641     7.6174   3.361497    32.5536        446     1.8542  0.000e+00
     52.635     7.7235   3.353730    32.3713        447     1.8583  0.000e+00
     52.617     7.7736   3.346397    32.2464        448     1.8625  0.000e+00
     52.592     7.7777   3.339143    32.1652        449     1.8667  0.000e+00
     52.567     7.7461   3.328613    32.0817        450     1.8708  0.000e+00
     52.512     7.7049   3.320531    32.0332        451     1.8750  0.000e+00
     52.456     7.6612   3.317192    32.0378        452     1.8792  0.000e+00
     52.389     7.6204   3.314304    32.0444        453     1.8833  0.000e+00
     52.331     7.5888   3.314669    32.0775        454     1.8875  0.000e+00
     52.282     7.5664   3.314424    32.0955        455     1.8917  0.000e+00
     52.239     7.5519   3.313408    32.0981        456     1.8958  0.000e+00
     52.210     7.5421   3.313833    32.1117        457     1.9000  0.000e+00
     52.184     7.5336   3.314921    32.1312        458     1.9042  0.000e+00
     52.173     7.5274   3.315603    32.1443        459     1.9083  0.000e+00
     52.164     7.5232   3.315238    32.1443        460     1.9125  0.000e+00
     52.161     7.5207   3.315585    32.1503        461     1.9167  0.000e+00
     52.164     7.5197   3.315136    32.1465        462     1.9208  0.000e+00
     52.166     7.5185   3.314018    32.1355        463     1.9250  0.000e+00
     52.163     7.5168   3.313917    32.1360        464     1.9292  0.000e+00
     52.155     7.5156   3.313528    32.1330        465     1.9333  0.000e+00
     52.141     7.5148   3.312798    32.1259        466     1.9375  0.000e+00
     52.117     7.5146   3.311352    32.1105        467     1.9417  0.000e+00
     52.086     7.5139   3.310886    32.1061        468     1.9458  0.000e+00
     52.045     7.5142   3.309361    32.0895        469     1.9500  0.000e+00
     51.988     7.5133   3.308549    32.0816        470     1.9542  0.000e+00
     51.927     7.5110   3.307210    32.0693        471     1.9583  0.000e+00
     51.858     7.5094   3.306667    32.0651        472     1.9625  0.000e+00
     51.777     7.5078   3.306410    32.0638        473     1.9667  0.000e+00
     51.686     7.5051   3.305693    32.0586        474     1.9708  0.000e+00
     51.592     7.5020   3.305508    32.0596        475     1.9750  0.000e+00
     51.479     7.4989   3.304898    32.0559        476     1.9792  0.000e+00
     51.365     7.4966   3.305060    32.0598        477     1.9833  0.000e+00
     51.257     7.4956   3.304719    32.0571        478     1.9875  0.000e+00
     51.137     7.4951   3.304080    32.0508        479     1.9917  0.000e+00
     51.025     7.4942   3.304271    32.0537        480     1.9958  0.000e+00
     50.920     7.4934   3.304474    32.0567        481     2.0000  0.000e+00
     50.819     7.4944   3.304313    32.0541        482     2.0042  0.000e+00
     50.733     7.4965   3.304390    32.0530        483     2.0083  0.000e+00
     50.655     7.4981   3.304737    32.0553        484     2.0125  0.000e+00
     50.588     7.4996   3.305203    32.0589        485     2.0167  0.000e+00
     50.529     7.5011   3.305788    32.0639        486     2.0208  0.000e+00
     50.485     7.5026   3.306158    32.0665        487     2.0250  0.000e+00
     50.453     7.5041   3.306565    32.0695        488     2.0292  0.000e+00
     50.433     7.5055   3.307311    32.0762        489     2.0333  0.000e+00
     50.407     7.5066   3.307777    32.0803        490     2.0375  0.000e+00
     50.391     7.5071   3.307676    32.0787        491     2.0417  0.000e+00
     50.369     7.5066   3.306989    32.0717        492     2.0458  0.000e+00
     50.337     7.5063   3.306469    32.0665        493     2.0500  0.000e+00
     50.299     7.5062   3.305465    32.0558        494     2.0542  0.000e+00
     50.259     7.5066   3.304880    32.0491        495     2.0583  0.000e+00
     50.204     7.5066   3.304575    32.0459        496     2.0625  0.000e+00
     50.146     7.5059   3.304211    32.0427        497     2.0667  0.000e+00
     50.076     7.5043   3.303888    32.0407        498     2.0708  0.000e+00
     50.005     7.5017   3.303996    32.0443        499     2.0750  0.000e+00
     49.933     7.4996   3.303685    32.0429        500     2.0792  0.000e+00
     49.866     7.4977   3.303823    32.0462        501     2.0833  0.000e+00
     49.800     7.4956   3.303823    32.0482        502     2.0875  0.000e+00
     49.728     7.4941   3.303620    32.0474        503     2.0917  0.000e+00
     49.656     7.4935   3.303787    32.0498        504     2.0958  0.000e+00
     49.587     7.4930   3.303685    32.0491        505     2.1000  0.000e+00
     49.520     7.4936   3.303614    32.0479        506     2.1042  0.000e+00
     49.458     7.4941   3.303703    32.0484        507     2.1083  0.000e+00
     49.396     7.4950   3.303620    32.0467        508     2.1125  0.000e+00
     49.335     7.4955   3.303440    32.0443        509     2.1167  0.000e+00
     49.286     7.4957   3.303620    32.0461        510     2.1208  0.000e+00
     49.228     7.4961   3.303321    32.0426        511     2.1250  0.000e+00
     49.172     7.4961   3.303315    32.0425        512     2.1292  0.000e+00
     49.121     7.4964   3.302933    32.0382        513     2.1333  0.000e+00
     49.065     7.4955   3.303136    32.0412        514     2.1375  0.000e+00
     49.003     7.4947   3.302849    32.0389        515     2.1417  0.000e+00
     48.940     7.4947   3.302628    32.0365        516     2.1458  0.000e+00
     48.870     7.4947   3.302688    32.0372        517     2.1500  0.000e+00
     48.799     7.4936   3.302550    32.0368        518     2.1542  0.000e+00
     48.721     7.4918   3.302377    32.0366        519     2.1583  0.000e+00
     48.636     7.4905   3.302306    32.0371        520     2.1625  0.000e+00
     48.553     7.4903   3.302103    32.0351        521     2.1667  0.000e+00
     48.464     7.4904   3.302019    32.0342        522     2.1708  0.000e+00
     48.381     7.4906   3.301959    32.0334        523     2.1750  0.000e+00
     48.294     7.4903   3.301941    32.0335        524     2.1792  0.000e+00
     48.219     7.4897   3.302138    32.0362        525     2.1833  0.000e+00
     48.141     7.4891   3.302246    32.0379        526     2.1875  0.000e+00
     48.080     7.4891   3.302162    32.0371        527     2.1917  0.000e+00
     48.018     7.4903   3.302264    32.0371        528     2.1958  0.000e+00
     47.962     7.4912   3.302305    32.0367        529     2.2000  0.000e+00
     47.906     7.4920   3.302323    32.0362        530     2.2042  0.000e+00
     47.857     7.4929   3.302311    32.0353        531     2.2083  0.000e+00
     47.804     7.4935   3.302407    32.0358        532     2.2125  0.000e+00
     47.750     7.4935   3.302383    32.0355        533     2.2167  0.000e+00
     47.692     7.4930   3.302425    32.0365        534     2.2208  0.000e+00
     47.641     7.4921   3.302120    32.0340        535     2.2250  0.000e+00
     47.589     7.4919   3.302120    32.0343        536     2.2292  0.000e+00
     47.535     7.4920   3.302228    32.0354        537     2.2333  0.000e+00
     47.482     7.4923   3.302263    32.0355        538     2.2375  0.000e+00
     47.428     7.4924   3.302204    32.0348        539     2.2417  0.000e+00
     47.386     7.4923   3.302102    32.0339        540     2.2458  0.000e+00
     47.339     7.4925   3.302102    32.0337        541     2.2500  0.000e+00
     47.301     7.4927   3.302120    32.0336        542     2.2542  0.000e+00
     47.265     7.4930   3.302263    32.0349        543     2.2583  0.000e+00
     47.230     7.4934   3.302228    32.0342        544     2.2625  0.000e+00
     47.200     7.4937   3.302186    32.0335        545     2.2667  0.000e+00
     47.171     7.4940   3.302042    32.0317        546     2.2708  0.000e+00
     47.136     7.4944   3.301959    32.0304        547     2.2750  0.000e+00
     47.109     7.4949   3.301798    32.0283        548     2.2792  0.000e+00
     47.069     7.4953   3.301857    32.0286        549     2.2833  0.000e+00
     47.031     7.4945   3.301672    32.0273        550     2.2875  0.000e+00
     46.988     7.4939   3.301493    32.0259        551     2.2917  0.000e+00
     46.941     7.4933   3.301314    32.0246        552     2.2958  0.000e+00
     46.888     7.4929   3.301254    32.0244        553     2.3000  0.000e+00
     46.830     7.4922   3.300866    32.0209        554     2.3042  0.000e+00
     46.758     7.4912   3.300723    32.0203        555     2.3083  0.000e+00
     46.669     7.4896   3.300753    32.0222        556     2.3125  0.000e+00
     46.571     7.4878   3.300400    32.0200        557     2.3167  0.000e+00
     46.468     7.4860   3.300299    32.0207        558     2.3208  0.000e+00
     46.359     7.4848   3.300138    32.0201        559     2.3250  0.000e+00
     46.256     7.4841   3.300138    32.0208        560     2.3292  0.000e+00
     46.146     7.4837   3.300078    32.0206        561     2.3333  0.000e+00
     46.050     7.4831   3.300179    32.0222        562     2.3375  0.000e+00
     45.952     7.4831   3.300096    32.0214        563     2.3417  0.000e+00
     45.861     7.4831   3.300197    32.0226        564     2.3458  0.000e+00
     45.774     7.4832   3.300239    32.0229        565     2.3500  0.000e+00
     45.693     7.4834   3.300221    32.0226        566     2.3542  0.000e+00
     45.611     7.4835   3.300096    32.0211        567     2.3583  0.000e+00
     45.537     7.4837   3.300137    32.0215        568     2.3625  0.000e+00
     45.463     7.4834   3.300036    32.0207        569     2.3667  0.000e+00
     45.383     7.4834   3.300078    32.0212        570     2.3708  0.000e+00
     45.309     7.4828   3.300036    32.0213        571     2.3750  0.000e+00
     45.235     7.4822   3.300018    32.0217        572     2.3792  0.000e+00
     45.155     7.4820   3.300054    32.0224        573     2.3833  0.000e+00
     45.077     7.4822   3.300072    32.0224        574     2.3875  0.000e+00
     44.999     7.4821   3.299934    32.0210        575     2.3917  0.000e+00
     44.916     7.4819   3.299958    32.0215        576     2.3958  0.000e+00
     44.840     7.4819   3.299857    32.0205        577     2.4000  0.000e+00
     44.778     7.4817   3.299934    32.0215        578     2.4042  0.000e+00
     44.717     7.4821   3.300036    32.0223        579     2.4083  0.000e+00
     44.662     7.4826   3.300221    32.0238        580     2.4125  0.000e+00
     44.624     7.4840   3.300197    32.0223        581     2.4167  0.000e+00
     44.592     7.4853   3.300358    32.0228        582     2.4208  0.000e+00
     44.561     7.4863   3.300400    32.0224        583     2.4250  0.000e+00
     44.532     7.4870   3.300257    32.0202        584     2.4292  0.000e+00
     44.498     7.4873   3.299994    32.0171        585     2.4333  0.000e+00
     44.460     7.4878   3.299946    32.0161        586     2.4375  0.000e+00
     44.409     7.4878   3.299755    32.0141        587     2.4417  0.000e+00
     44.344     7.4875   3.299689    32.0137        588     2.4458  0.000e+00
     44.260     7.4862   3.299409    32.0119        589     2.4500  0.000e+00
     44.163     7.4849   3.299146    32.0104        590     2.4542  0.000e+00
     44.054     7.4840   3.299003    32.0097        591     2.4583  0.000e+00
     43.936     7.4831   3.298860    32.0090        592     2.4625  0.000e+00
     43.815     7.4822   3.298758    32.0088        593     2.4667  0.000e+00
     43.686     7.4819   3.298842    32.0101        594     2.4708  0.000e+00
     43.565     7.4814   3.298800    32.0102        595     2.4750  0.000e+00
     43.453     7.4813   3.298901    32.0114        596     2.4792  0.000e+00
     43.355     7.4813   3.299027    32.0127        597     2.4833  0.000e+00
     43.277     7.4814   3.299134    32.0138        598     2.4875  0.000e+00
     43.221     7.4817   3.299265    32.0150        599     2.4917  0.000e+00
     43.175     7.4823   3.299325    32.0152        600     2.4958  0.000e+00
     43.146     7.4831   3.299307    32.0143        601     2.5000  0.000e+00
     43.114     7.4841   3.299307    32.0133        602     2.5042  0.000e+00
     43.087     7.4851   3.299205    32.0113        603     2.5083  0.000e+00
     43.054     7.4859   3.299026    32.0086        604     2.5125  0.000e+00
     43.016     7.4861   3.299002    32.0082        605     2.5167  0.000e+00
     42.971     7.4855   3.298925    32.0080        606     2.5208  0.000e+00
     42.904     7.4850   3.298680    32.0058        607     2.5250  0.000e+00
     42.824     7.4840   3.298537    32.0053        608     2.5292  0.000e+00
     42.723     7.4831   3.298418    32.0048        609     2.5333  0.000e+00
     42.608     7.4826   3.298364    32.0048        610     2.5375  0.000e+00
     42.480     7.4823   3.298334    32.0048        611     2.5417  0.000e+00
     42.353     7.4818   3.298274    32.0047        612     2.5458  0.000e+00
     42.226     7.4817   3.298232    32.0044        613     2.5500  0.000e+00
     42.101     7.4813   3.298316    32.0057        614     2.5542  0.000e+00
     41.982     7.4811   3.298334    32.0061        615     2.5583  0.000e+00
     41.877     7.4812   3.298471    32.0076        616     2.5625  0.000e+00
     41.788     7.4811   3.298578    32.0089        617     2.5667  0.000e+00
     41.709     7.4813   3.298698    32.0100        618     2.5708  0.000e+00
     41.653     7.4817   3.298781    32.0105        619     2.5750  0.000e+00
     41.618     7.4825   3.298859    32.0107        620     2.5792  0.000e+00
     41.591     7.4829   3.298883    32.0106        621     2.5833  0.000e+00
     41.573     7.4837   3.298984    32.0109        622     2.5875  0.000e+00
     41.558     7.4844   3.298942    32.0098        623     2.5917  0.000e+00
     41.546     7.4850   3.298960    32.0095        624     2.5958  0.000e+00
     41.535     7.4855   3.298799    32.0073        625     2.6000  0.000e+00
