HB2407/sbe059.cnv
* Sea-Bird SBE 19plus V2 Data File:
* FileName = C:\cruise\data\sbe059.hex
* Software Version Seasave V 7.26.7.121
* Temperature SN = 7143
* Conductivity SN = 7143
* System UpLoad Time = Oct 06 2024 02:21:37
* NMEA Latitude = 39 33.43 N
* NMEA Longitude = 073 06.10 W
* NMEA UTC (Time) = Oct 06 2024  02:21:17
** Ship: Bigelow
** Cruise:  HB2407
** Program:  Fall Bottom Trawl
# nquan = 7
# nvalues = 1514                                  
# units = specified
# name 0 = depSM: Depth [salt water, m]
# name 1 = tv290C: Temperature [ITS-90, deg C]
# name 2 = c0S/m: Conductivity [S/m]
# name 3 = sal00: Salinity, Practical [PSU]
# name 4 = scan: Scan Count
# name 5 = timeM: Time, Elapsed [minutes]
# name 6 = flag:  0.000e+00
# span 0 =     -0.012,     42.001                 
# span 1 =    17.5573,    20.8104                 
# span 2 =   0.000008,   4.787157                 
# span 3 =     0.0092,    35.1052                 
# span 4 =         11,       1524                 
# span 5 =     0.0417,     6.3458                 
# span 6 = 0.0000e+00, 0.0000e+00                 
# interval = seconds: 0.25
# start_time = Oct 06 2024 02:21:17 [NMEA time, header]
# bad_flag = -9.990e-29
*END*
[from data line 1026]
     14.108    20.7696   4.771485    34.2002       1037     4.3167  0.000e+00
     14.074    20.7701   4.771381    34.1990       1038     4.3208  0.000e+00
     14.047    20.7703   4.771353    34.1987       1039     4.3250  0.000e+00
     14.025    20.7703   4.771402    34.1991       1040     4.3292  0.000e+00
     14.010    20.7707   4.771409    34.1988       1041     4.3333  0.000e+00
     14.003    20.7704   4.771353    34.1985       1042     4.3375  0.000e+00
     13.996    20.7704   4.771249    34.1978       1043     4.3417  0.000e+00
     13.985    20.7701   4.770916    34.1953       1044     4.3458  0.000e+00
     13.974    20.7690   4.770888    34.1959       1045     4.3500  0.000e+00
     13.963    20.7680   4.769207    34.1833       1046     4.3542  0.000e+00
     13.945    20.7649   4.767159    34.1693       1047     4.3583  0.000e+00
     13.925    20.7575   4.764591    34.1546       1048     4.3625  0.000e+00
     13.896    20.7484   4.763050    34.1495       1049     4.3667  0.000e+00
     13.871    20.7379   4.758665    34.1228       1050     4.3708  0.000e+00
     13.840    20.7241   4.755343    34.1071       1051     4.3750  0.000e+00
     13.809    20.7064   4.752279    34.0967       1052     4.3792  0.000e+00
     13.768    20.6874   4.750227    34.0954       1053     4.3833  0.000e+00
     13.731    20.6705   4.747822    34.0896       1054     4.3875  0.000e+00
     13.697    20.6591   4.746533    34.0884       1055     4.3917  0.000e+00
     13.663    20.6479   4.746617    34.0981       1056     4.3958  0.000e+00
     13.626    20.6369   4.743423    34.0812       1057     4.4000  0.000e+00
     13.596    20.6265   4.738312    34.0484       1058     4.4042  0.000e+00
     13.567    20.6089   4.733410    34.0230       1059     4.4083  0.000e+00
     13.536    20.5866   4.729681    34.0108       1060     4.4125  0.000e+00
     13.509    20.5632   4.730518    34.0364       1061     4.4167  0.000e+00
     13.483    20.5470   4.724756    34.0029       1062     4.4208  0.000e+00
     13.458    20.5317   4.721956    33.9926       1063     4.4250  0.000e+00
     13.429    20.5129   4.721161    34.0013       1064     4.4292  0.000e+00
     13.402    20.4977   4.718209    33.9896       1065     4.4333  0.000e+00
     13.373    20.4830   4.716668    33.9890       1066     4.4375  0.000e+00
     13.344    20.4701   4.720761    34.0325       1067     4.4417  0.000e+00
     13.320    20.4681   4.718079    34.0123       1068     4.4458  0.000e+00
     13.291    20.4679   4.718355    34.0148       1069     4.4500  0.000e+00
     13.271    20.4662   4.719592    34.0262       1070     4.4542  0.000e+00
     13.255    20.4657   4.716938    34.0051       1071     4.4583  0.000e+00
     13.242    20.4640   4.719219    34.0249       1072     4.4625  0.000e+00
     13.233    20.4641   4.728209    34.0975       1073     4.4667  0.000e+00
     13.232    20.4817   4.725822    34.0640       1074     4.4708  0.000e+00
     13.230    20.4946   4.715148    33.9675       1075     4.4750  0.000e+00
     13.228    20.4821   4.715252    33.9783       1076     4.4792  0.000e+00
     13.230    20.4653   4.713953    33.9813       1077     4.4833  0.000e+00
     13.233    20.4534   4.709947    33.9584       1078     4.4875  0.000e+00
     13.230    20.4395   4.708904    33.9612       1079     4.4917  0.000e+00
     13.222    20.4263   4.708455    33.9682       1080     4.4958  0.000e+00
     13.204    20.4170   4.711708    34.0020       1081     4.5000  0.000e+00
     13.181    20.4163   4.711384    33.9999       1082     4.5042  0.000e+00
     13.143    20.4204   4.710679    33.9909       1083     4.5083  0.000e+00
     13.103    20.4199   4.707026    33.9618       1084     4.5125  0.000e+00
     13.050    20.4138   4.704030    33.9425       1085     4.5167  0.000e+00
     12.983    20.4022   4.699378    33.9141       1086     4.5208  0.000e+00
     12.916    20.3870   4.696301    33.9015       1087     4.5250  0.000e+00
     12.842    20.3691   4.694467    33.9010       1088     4.5292  0.000e+00
     12.768    20.3543   4.688379    33.8636       1089     4.5333  0.000e+00
     12.684    20.3357   4.689185    33.8851       1090     4.5375  0.000e+00
     12.601    20.3178   4.684478    33.8613       1091     4.5417  0.000e+00
     12.523    20.3056   4.678010    33.8187       1092     4.5458  0.000e+00
     12.447    20.2809   4.679615    33.8515       1093     4.5500  0.000e+00
     12.385    20.2643   4.683025    33.8925       1094     4.5542  0.000e+00
     12.328    20.2626   4.683507    33.8978       1095     4.5583  0.000e+00
     12.284    20.2667   4.683941    33.8981       1096     4.5625  0.000e+00
     12.248    20.2704   4.686656    33.9172       1097     4.5667  0.000e+00
     12.222    20.2772   4.688214    33.9243       1098     4.5708  0.000e+00
     12.206    20.2872   4.686008    33.8984       1099     4.5750  0.000e+00
     12.201    20.2901   4.685037    33.8882       1100     4.5792  0.000e+00
     12.210    20.2879   4.684582    33.8863       1101     4.5833  0.000e+00
     12.221    20.2849   4.684609    33.8889       1102     4.5875  0.000e+00
     12.244    20.2826   4.687111    33.9110       1103     4.5917  0.000e+00
     12.270    20.2851   4.691261    33.9426       1104     4.5958  0.000e+00
     12.297    20.2964   4.692123    33.9405       1105     4.6000  0.000e+00
     12.331    20.3073   4.691930    33.9302       1106     4.6042  0.000e+00
     12.360    20.3136   4.692040    33.9260       1107     4.6083  0.000e+00
     12.384    20.3172   4.693116    33.9319       1108     4.6125  0.000e+00
     12.403    20.3208   4.693874    33.9351       1109     4.6167  0.000e+00
     12.416    20.3245   4.693088    33.9258       1110     4.6208  0.000e+00
     12.416    20.3261   4.692447    33.9193       1111     4.6250  0.000e+00
     12.403    20.3246   4.692226    33.9187       1112     4.6292  0.000e+00
     12.385    20.3233   4.691447    33.9135       1113     4.6333  0.000e+00
     12.363    20.3212   4.690854    33.9103       1114     4.6375  0.000e+00
     12.327    20.3188   4.692054    33.9220       1115     4.6417  0.000e+00
     12.287    20.3176   4.690261    33.9085       1116     4.6458  0.000e+00
     12.249    20.3157   4.689585    33.9045       1117     4.6500  0.000e+00
     12.208    20.3120   4.688648    33.8999       1118     4.6542  0.000e+00
     12.162    20.3081   4.689020    33.9061       1119     4.6583  0.000e+00
     12.122    20.3057   4.688593    33.9045       1120     4.6625  0.000e+00
     12.084    20.3040   4.687407    33.8963       1121     4.6667  0.000e+00
     12.048    20.3008   4.686711    33.8932       1122     4.6708  0.000e+00
     12.017    20.2968   4.686490    33.8947       1123     4.6750  0.000e+00
     11.992    20.2935   4.686442    33.8969       1124     4.6792  0.000e+00
     11.965    20.2916   4.684961    33.8865       1125     4.6833  0.000e+00
     11.939    20.2881   4.683562    33.8780       1126     4.6875  0.000e+00
     11.919    20.2826   4.682060    33.8702       1127     4.6917  0.000e+00
     11.903    20.2756   4.679828    33.8577       1128     4.6958  0.000e+00
     11.878    20.2669   4.677920    33.8492       1129     4.7000  0.000e+00
     11.852    20.2567   4.676123    33.8428       1130     4.7042  0.000e+00
     11.818    20.2453   4.674258    33.8368       1131     4.7083  0.000e+00
     11.783    20.2347   4.673735    33.8411       1132     4.7125  0.000e+00
     11.742    20.2262   4.673817    33.8486       1133     4.7167  0.000e+00
     11.700    20.2204   4.673198    33.8483       1134     4.7208  0.000e+00
     11.653    20.2163   4.669048    33.8179       1135     4.7250  0.000e+00
     11.604    20.2068   4.668160    33.8183       1136     4.7292  0.000e+00
     11.562    20.1954   4.667631    33.8231       1137     4.7333  0.000e+00
     11.511    20.1870   4.666234    33.8186       1138     4.7375  0.000e+00
     11.464    20.1797   4.665945    33.8221       1139     4.7417  0.000e+00
     11.424    20.1737   4.665780    33.8256       1140     4.7458  0.000e+00
     11.388    20.1702   4.666317    33.8328       1141     4.7500  0.000e+00
     11.359    20.1687   4.666104    33.8322       1142     4.7542  0.000e+00
     11.336    20.1683   4.668064    33.8485       1143     4.7583  0.000e+00
     11.318    20.1714   4.671299    33.8723       1144     4.7625  0.000e+00
     11.294    20.1814   4.671643    33.8671       1145     4.7667  0.000e+00
     11.279    20.1910   4.673198    33.8720       1146     4.7708  0.000e+00
     11.269    20.1990   4.673707    33.8697       1147     4.7750  0.000e+00
     11.250    20.2062   4.675642    33.8796       1148     4.7792  0.000e+00
     11.239    20.2136   4.675318    33.8711       1149     4.7833  0.000e+00
     11.223    20.2193   4.676661    33.8774       1150     4.7875  0.000e+00
     11.205    20.2241   4.680958    33.9085       1151     4.7917  0.000e+00
     11.189    20.2364   4.681867    33.9059       1152     4.7958  0.000e+00
     11.165    20.2485   4.681495    33.8932       1153     4.8000  0.000e+00
     11.147    20.2560   4.681330    33.8859       1154     4.8042  0.000e+00
     11.126    20.2601   4.679477    33.8676       1155     4.8083  0.000e+00
     11.102    20.2584   4.683052    33.8979       1156     4.8125  0.000e+00
     11.082    20.2599   4.680524    33.8762       1157     4.8167  0.000e+00
     11.059    20.2617   4.678375    33.8573       1158     4.8208  0.000e+00
     11.033    20.2554   4.676874    33.8502       1159     4.8250  0.000e+00
     11.010    20.2475   4.674650    33.8385       1160     4.8292  0.000e+00
     10.988    20.2381   4.672640    33.8298       1161     4.8333  0.000e+00
     10.963    20.2272   4.676440    33.8694       1162     4.8375  0.000e+00
     10.934    20.2236   4.673466    33.8481       1163     4.8417  0.000e+00
     10.905    20.2224   4.669474    33.8167       1164     4.8458  0.000e+00
     10.876    20.2118   4.671965    33.8454       1165     4.8500  0.000e+00
     10.842    20.2061   4.668752    33.8239       1166     4.8542  0.000e+00
     10.818    20.2001   4.666344    33.8092       1167     4.8583  0.000e+00
     10.782    20.1893   4.663799    33.7972       1168     4.8625  0.000e+00
     10.752    20.1768   4.663723    33.8066       1169     4.8667  0.000e+00
     10.723    20.1671   4.667521    33.8452       1170     4.8708  0.000e+00
     10.696    20.1692   4.670142    33.8649       1171     4.8750  0.000e+00
     10.664    20.1777   4.665030    33.8166       1172     4.8792  0.000e+00
     10.636    20.1774   4.664679    33.8139       1173     4.8833  0.000e+00
     10.611    20.1702   4.663455    33.8098       1174     4.8875  0.000e+00
     10.578    20.1649   4.660780    33.7923       1175     4.8917  0.000e+00
     10.558    20.1551   4.661179    33.8034       1176     4.8958  0.000e+00
     10.538    20.1481   4.661399    33.8108       1177     4.9000  0.000e+00
     10.522    20.1447   4.661612    33.8153       1178     4.9042  0.000e+00
     10.504    20.1438   4.661447    33.8147       1179     4.9083  0.000e+00
     10.489    20.1436   4.662437    33.8229       1180     4.9125  0.000e+00
     10.471    20.1453   4.663799    33.8326       1181     4.9167  0.000e+00
     10.445    20.1501   4.664790    33.8368       1182     4.9208  0.000e+00
     10.420    20.1563   4.663799    33.8238       1183     4.9250  0.000e+00
     10.386    20.1592   4.664659    33.8285       1184     4.9292  0.000e+00
     10.330    20.1610   4.663696    33.8192       1185     4.9333  0.000e+00
     10.277    20.1613   4.663538    33.8177       1186     4.9375  0.000e+00
     10.218    20.1603   4.663634    33.8193       1187     4.9417  0.000e+00
     10.143    20.1591   4.662279    33.8093       1188     4.9458  0.000e+00
     10.069    20.1568   4.659528    33.7888       1189     4.9500  0.000e+00
      9.993    20.1493   4.655734    33.7640       1190     4.9542  0.000e+00
      9.922    20.1358   4.654484    33.7647       1191     4.9583  0.000e+00
      9.857    20.1223   4.653364    33.7664       1192     4.9625  0.000e+00
      9.799    20.1110   4.652910    33.7718       1193     4.9667  0.000e+00
      9.752    20.1031   4.652931    33.7783       1194     4.9708  0.000e+00
      9.712    20.0982   4.653281    33.7851       1195     4.9750  0.000e+00
      9.687    20.0967   4.653790    33.7904       1196     4.9792  0.000e+00
      9.670    20.0969   4.653948    33.7916       1197     4.9833  0.000e+00
      9.669    20.0979   4.651790    33.7732       1198     4.9875  0.000e+00
      9.674    20.0946   4.649764    33.7594       1199     4.9917  0.000e+00
      9.687    20.0872   4.651124    33.7764       1200     4.9958  0.000e+00
      9.699    20.0833   4.651839    33.7853       1201     5.0000  0.000e+00
      9.717    20.0838   4.652643    33.7915       1202     5.0042  0.000e+00
      9.723    20.0867   4.652052    33.7843       1203     5.0083  0.000e+00
      9.736    20.0880   4.651949    33.7825       1204     5.0125  0.000e+00
      9.728    20.0880   4.650856    33.7736       1205     5.0167  0.000e+00
      9.717    20.0858   4.652017    33.7848       1206     5.0208  0.000e+00
      9.701    20.0860   4.652911    33.7919       1207     5.0250  0.000e+00
      9.678    20.0887   4.652031    33.7826       1208     5.0292  0.000e+00
      9.651    20.0902   4.651736    33.7790       1209     5.0333  0.000e+00
      9.620    20.0887   4.652052    33.7827       1210     5.0375  0.000e+00
      9.589    20.0879   4.651811    33.7815       1211     5.0417  0.000e+00
      9.549    20.0882   4.651413    33.7780       1212     5.0458  0.000e+00
      9.511    20.0868   4.652347    33.7867       1213     5.0500  0.000e+00
      9.464    20.0877   4.652883    33.7904       1214     5.0542  0.000e+00
      9.415    20.0906   4.652429    33.7844       1215     5.0583  0.000e+00
      9.363    20.0921   4.652347    33.7825       1216     5.0625  0.000e+00
      9.305    20.0923   4.651522    33.7757       1217     5.0667  0.000e+00
      9.247    20.0906   4.651976    33.7807       1218     5.0708  0.000e+00
      9.189    20.0895   4.651921    33.7812       1219     5.0750  0.000e+00
      9.136    20.0895   4.651763    33.7799       1220     5.0792  0.000e+00
      9.086    20.0885   4.652189    33.7843       1221     5.0833  0.000e+00
      9.040    20.0885   4.651577    33.7793       1222     5.0875  0.000e+00
      8.997    20.0885   4.650245    33.7684       1223     5.0917  0.000e+00
      8.955    20.0861   4.652292    33.7871       1224     5.0958  0.000e+00
      8.921    20.0864   4.652319    33.7870       1225     5.1000  0.000e+00
      8.881    20.0895   4.651378    33.7769       1226     5.1042  0.000e+00
      8.845    20.0886   4.650931    33.7740       1227     5.1083  0.000e+00
      8.801    20.0855   4.639197    33.6810       1228     5.1125  0.000e+00
      8.761    20.0644   4.637022    33.6802       1229     5.1167  0.000e+00
      8.718    20.0268   4.649201    33.8096       1230     5.1208  0.000e+00
      8.669    20.0326   4.651736    33.8256       1231     5.1250  0.000e+00
      8.629    20.0547   4.650801    33.8002       1232     5.1292  0.000e+00
      8.589    20.0684   4.652532    33.8033       1233     5.1333  0.000e+00
      8.544    20.0769   4.652828    33.7989       1234     5.1375  0.000e+00
      8.515    20.0837   4.653096    33.7957       1235     5.1417  0.000e+00
      8.479    20.0897   4.654429    33.8017       1236     5.1458  0.000e+00
      8.461    20.0948   4.654587    33.7989       1237     5.1500  0.000e+00
      8.432    20.0997   4.650670    33.7632       1238     5.1542  0.000e+00
      8.410    20.0957   4.648376    33.7476       1239     5.1583  0.000e+00
      8.385    20.0847   4.647257    33.7474       1240     5.1625  0.000e+00
