HB2407/sbe016.cnv
* Sea-Bird SBE 19plus V2 Data File:
* FileName = C:\cruise\data\sbe016.hex
* Software Version Seasave V 7.26.7.121
* Temperature SN = 7143
* Conductivity SN = 7143
* System UpLoad Time = Sep 11 2024 10:32:20
* NMEA Latitude = 36 47.61 N
* NMEA Longitude = 075 06.76 W
* NMEA UTC (Time) = Sep 11 2024  10:32:31
** Ship: Bigelow
** Cruise:  HB2407
** Program:  Fall Bottom Trawl
# nquan = 7
# nvalues = 1324                                  
# units = specified
# name 0 = depSM: Depth [salt water, m]
# name 1 = tv290C: Temperature [ITS-90, deg C]
# name 2 = c0S/m: Conductivity [S/m]
# name 3 = sal00: Salinity, Practical [PSU]
# name 4 = scan: Scan Count
# name 5 = timeM: Time, Elapsed [minutes]
# name 6 = flag:  0.000e+00
# span 0 =      0.012,     25.033                 
# span 1 =    17.2626,    22.2671                 
# span 2 =  -0.000026,   4.669836                 
# span 3 =     0.0000,    32.6319                 
# span 4 =         11,       1334                 
# span 5 =     0.0417,     5.5542                 
# span 6 = 0.0000e+00, 0.0000e+00                 
# interval = seconds: 0.25
# start_time = Sep 11 2024 10:32:31 [NMEA time, header]
# bad_flag = -9.990e-29
*END*
[from data line 821]
      9.848    22.1276   4.642331    32.1348        832     3.4625  0.000e+00
      9.844    22.1274   4.641960    32.1321        833     3.4667  0.000e+00
      9.841    22.1264   4.642015    32.1333        834     3.4708  0.000e+00
      9.830    22.1255   4.641830    32.1325        835     3.4750  0.000e+00
      9.812    22.1251   4.641480    32.1301        836     3.4792  0.000e+00
      9.794    22.1237   4.641693    32.1328        837     3.4833  0.000e+00
      9.763    22.1228   4.641857    32.1347        838     3.4875  0.000e+00
      9.730    22.1231   4.641507    32.1318        839     3.4917  0.000e+00
      9.690    22.1228   4.641404    32.1313        840     3.4958  0.000e+00
      9.649    22.1220   4.641404    32.1318        841     3.5000  0.000e+00
      9.602    22.1219   4.641452    32.1323        842     3.5042  0.000e+00
      9.556    22.1212   4.641480    32.1330        843     3.5083  0.000e+00
      9.506    22.1213   4.641452    32.1328        844     3.5125  0.000e+00
      9.459    22.1214   4.641590    32.1338        845     3.5167  0.000e+00
      9.408    22.1216   4.641644    32.1341        846     3.5208  0.000e+00
      9.359    22.1218   4.641589    32.1335        847     3.5250  0.000e+00
      9.312    22.1217   4.641480    32.1328        848     3.5292  0.000e+00
      9.266    22.1217   4.641548    32.1333        849     3.5333  0.000e+00
      9.223    22.1217   4.641507    32.1330        850     3.5375  0.000e+00
      9.183    22.1217   4.641349    32.1318        851     3.5417  0.000e+00
      9.149    22.1213   4.641164    32.1306        852     3.5458  0.000e+00
      9.113    22.1205   4.641109    32.1308        853     3.5500  0.000e+00
      9.085    22.1200   4.641136    32.1315        854     3.5542  0.000e+00
      9.062    22.1197   4.641027    32.1308        855     3.5583  0.000e+00
      9.044    22.1195   4.641054    32.1312        856     3.5625  0.000e+00
      9.020    22.1191   4.640951    32.1307        857     3.5667  0.000e+00
      9.009    22.1188   4.640951    32.1309        858     3.5708  0.000e+00
      8.997    22.1183   4.640951    32.1313        859     3.5750  0.000e+00
      8.989    22.1189   4.640978    32.1311        860     3.5792  0.000e+00
      8.986    22.1187   4.640978    32.1312        861     3.5833  0.000e+00
      8.986    22.1186   4.640951    32.1311        862     3.5875  0.000e+00
      8.980    22.1184   4.640924    32.1310        863     3.5917  0.000e+00
      8.973    22.1183   4.640924    32.1311        864     3.5958  0.000e+00
      8.964    22.1184   4.641006    32.1317        865     3.6000  0.000e+00
      8.958    22.1186   4.641109    32.1323        866     3.6042  0.000e+00
      8.953    22.1189   4.641027    32.1315        867     3.6083  0.000e+00
      8.938    22.1192   4.641054    32.1315        868     3.6125  0.000e+00
      8.926    22.1193   4.641109    32.1318        869     3.6167  0.000e+00
      8.904    22.1195   4.641164    32.1321        870     3.6208  0.000e+00
      8.893    22.1196   4.641164    32.1320        871     3.6250  0.000e+00
      8.881    22.1195   4.641431    32.1342        872     3.6292  0.000e+00
      8.864    22.1205   4.641987    32.1377        873     3.6333  0.000e+00
      8.852    22.1235   4.641720    32.1335        874     3.6375  0.000e+00
      8.841    22.1254   4.641775    32.1324        875     3.6417  0.000e+00
      8.830    22.1259   4.641562    32.1304        876     3.6458  0.000e+00
      8.817    22.1257   4.641404    32.1294        877     3.6500  0.000e+00
      8.808    22.1246   4.641294    32.1294        878     3.6542  0.000e+00
      8.795    22.1238   4.641267    32.1297        879     3.6583  0.000e+00
      8.781    22.1225   4.641267    32.1307        880     3.6625  0.000e+00
      8.759    22.1222   4.641239    32.1307        881     3.6667  0.000e+00
      8.730    22.1213   4.641294    32.1318        882     3.6708  0.000e+00
      8.703    22.1213   4.641349    32.1322        883     3.6750  0.000e+00
      8.667    22.1218   4.641562    32.1335        884     3.6792  0.000e+00
      8.630    22.1229   4.641562    32.1327        885     3.6833  0.000e+00
      8.591    22.1238   4.641644    32.1327        886     3.6875  0.000e+00
      8.553    22.1246   4.641932    32.1344        887     3.6917  0.000e+00
      8.513    22.1263   4.642159    32.1349        888     3.6958  0.000e+00
      8.469    22.1283   4.642200    32.1337        889     3.7000  0.000e+00
      8.435    22.1300   4.642227    32.1327        890     3.7042  0.000e+00
      8.397    22.1310   4.642042    32.1305        891     3.7083  0.000e+00
      8.359    22.1310   4.641877    32.1293        892     3.7125  0.000e+00
      8.324    22.1314   4.641664    32.1273        893     3.7167  0.000e+00
      8.288    22.1315   4.640813    32.1207        894     3.7208  0.000e+00
      8.252    22.1305   4.640552    32.1194        895     3.7250  0.000e+00
      8.225    22.1295   4.640525    32.1199        896     3.7292  0.000e+00
      8.190    22.1286   4.640230    32.1184        897     3.7333  0.000e+00
      8.166    22.1284   4.640182    32.1181        898     3.7375  0.000e+00
      8.137    22.1279   4.640099    32.1179        899     3.7417  0.000e+00
      8.116    22.1273   4.640072    32.1181        900     3.7458  0.000e+00
      8.096    22.1269   4.640072    32.1184        901     3.7500  0.000e+00
      8.081    22.1267   4.639804    32.1165        902     3.7542  0.000e+00
      8.074    22.1267   4.639701    32.1157        903     3.7583  0.000e+00
      8.074    22.1262   4.639674    32.1158        904     3.7625  0.000e+00
      8.074    22.1262   4.639777    32.1166        905     3.7667  0.000e+00
      8.088    22.1268   4.639777    32.1162        906     3.7708  0.000e+00
      8.095    22.1267   4.639756    32.1161        907     3.7750  0.000e+00
      8.117    22.1268   4.639777    32.1162        908     3.7792  0.000e+00
      8.134    22.1270   4.639914    32.1171        909     3.7833  0.000e+00
      8.153    22.1266   4.640045    32.1184        910     3.7875  0.000e+00
      8.171    22.1269   4.640017    32.1179        911     3.7917  0.000e+00
      8.184    22.1266   4.640154    32.1192        912     3.7958  0.000e+00
      8.202    22.1268   4.640257    32.1199        913     3.8000  0.000e+00
      8.211    22.1264   4.640312    32.1206        914     3.8042  0.000e+00
      8.213    22.1261   4.640285    32.1206        915     3.8083  0.000e+00
      8.208    22.1264   4.640340    32.1208        916     3.8125  0.000e+00
      8.200    22.1269   4.640415    32.1210        917     3.8167  0.000e+00
      8.186    22.1268   4.640415    32.1211        918     3.8208  0.000e+00
      8.160    22.1267   4.640072    32.1185        919     3.8250  0.000e+00
      8.139    22.1267   4.639969    32.1177        920     3.8292  0.000e+00
      8.117    22.1269   4.639887    32.1170        921     3.8333  0.000e+00
      8.093    22.1276   4.640127    32.1183        922     3.8375  0.000e+00
      8.065    22.1286   4.640202    32.1182        923     3.8417  0.000e+00
      8.047    22.1295   4.640182    32.1173        924     3.8458  0.000e+00
      8.021    22.1302   4.640257    32.1174        925     3.8500  0.000e+00
      8.001    22.1310   4.640340    32.1175        926     3.8542  0.000e+00
      7.974    22.1319   4.640497    32.1180        927     3.8583  0.000e+00
      7.952    22.1327   4.640628    32.1185        928     3.8625  0.000e+00
      7.927    22.1344   4.640792    32.1185        929     3.8667  0.000e+00
      7.894    22.1365   4.640868    32.1175        930     3.8708  0.000e+00
      7.869    22.1380   4.641039    32.1178        931     3.8750  0.000e+00
      7.840    22.1393   4.641005    32.1165        932     3.8792  0.000e+00
      7.808    22.1400   4.641190    32.1174        933     3.8833  0.000e+00
      7.779    22.1411   4.641190    32.1167        934     3.8875  0.000e+00
      7.746    22.1419   4.641218    32.1163        935     3.8917  0.000e+00
      7.721    22.1424   4.641266    32.1163        936     3.8958  0.000e+00
      7.701    22.1426   4.641218    32.1158        937     3.9000  0.000e+00
      7.683    22.1427   4.641266    32.1161        938     3.9042  0.000e+00
      7.675    22.1431   4.641266    32.1158        939     3.9083  0.000e+00
      7.665    22.1436   4.641293    32.1157        940     3.9125  0.000e+00
      7.664    22.1436   4.641348    32.1161        941     3.9167  0.000e+00
      7.661    22.1435   4.641348    32.1162        942     3.9208  0.000e+00
      7.675    22.1439   4.641348    32.1158        943     3.9250  0.000e+00
      7.683    22.1439   4.641321    32.1157        944     3.9292  0.000e+00
      7.688    22.1440   4.641376    32.1159        945     3.9333  0.000e+00
      7.699    22.1439   4.641348    32.1159        946     3.9375  0.000e+00
      7.703    22.1440   4.641266    32.1151        947     3.9417  0.000e+00
      7.702    22.1439   4.641293    32.1154        948     3.9458  0.000e+00
      7.693    22.1437   4.641218    32.1150        949     3.9500  0.000e+00
      7.688    22.1437   4.641266    32.1154        950     3.9542  0.000e+00
      7.674    22.1434   4.641321    32.1160        951     3.9583  0.000e+00
      7.645    22.1438   4.641266    32.1153        952     3.9625  0.000e+00
      7.621    22.1439   4.641293    32.1154        953     3.9667  0.000e+00
      7.594    22.1442   4.641348    32.1156        954     3.9708  0.000e+00
      7.559    22.1444   4.640895    32.1120        955     3.9750  0.000e+00
      7.527    22.1451   4.641108    32.1131        956     3.9792  0.000e+00
      7.491    22.1452   4.641348    32.1149        957     3.9833  0.000e+00
      7.465    22.1454   4.641506    32.1160        958     3.9875  0.000e+00
      7.440    22.1460   4.641478    32.1154        959     3.9917  0.000e+00
      7.414    22.1468   4.641506    32.1150        960     3.9958  0.000e+00
      7.400    22.1475   4.641430    32.1139        961     4.0000  0.000e+00
      7.382    22.1481   4.641375    32.1131        962     4.0042  0.000e+00
      7.373    22.1483   4.641478    32.1137        963     4.0083  0.000e+00
      7.369    22.1484   4.641616    32.1147        964     4.0125  0.000e+00
      7.367    22.1488   4.641643    32.1146        965     4.0167  0.000e+00
      7.373    22.1493   4.641664    32.1144        966     4.0208  0.000e+00
      7.376    22.1496   4.641430    32.1123        967     4.0250  0.000e+00
      7.380    22.1492   4.641348    32.1120        968     4.0292  0.000e+00
      7.382    22.1492   4.641375    32.1122        969     4.0333  0.000e+00
      7.382    22.1492   4.641526    32.1134        970     4.0375  0.000e+00
      7.376    22.1492   4.641375    32.1122        971     4.0417  0.000e+00
      7.376    22.1494   4.641375    32.1121        972     4.0458  0.000e+00
      7.362    22.1495   4.641506    32.1130        973     4.0500  0.000e+00
      7.346    22.1492   4.641430    32.1126        974     4.0542  0.000e+00
      7.327    22.1494   4.641293    32.1114        975     4.0583  0.000e+00
      7.306    22.1495   4.641293    32.1114        976     4.0625  0.000e+00
      7.275    22.1494   4.641293    32.1115        977     4.0667  0.000e+00
      7.248    22.1492   4.641053    32.1098        978     4.0708  0.000e+00
      7.224    22.1493   4.641217    32.1110        979     4.0750  0.000e+00
      7.188    22.1490   4.641108    32.1103        980     4.0792  0.000e+00
      7.153    22.1491   4.641053    32.1099        981     4.0833  0.000e+00
      7.119    22.1489   4.640977    32.1094        982     4.0875  0.000e+00
      7.083    22.1488   4.640792    32.1081        983     4.0917  0.000e+00
      7.050    22.1483   4.640524    32.1064        984     4.0958  0.000e+00
      7.014    22.1472   4.640284    32.1054        985     4.1000  0.000e+00
      6.983    22.1465   4.639941    32.1033        986     4.1042  0.000e+00
      6.960    22.1450   4.639756    32.1029        987     4.1083  0.000e+00
      6.932    22.1436   4.639858    32.1048        988     4.1125  0.000e+00
      6.916    22.1431   4.639433    32.1019        989     4.1167  0.000e+00
      6.903    22.1425   4.639090    32.0997        990     4.1208  0.000e+00
      6.898    22.1407   4.638664    32.0977        991     4.1250  0.000e+00
      6.891    22.1392   4.638610    32.0983        992     4.1292  0.000e+00
      6.894    22.1377   4.638637    32.0997        993     4.1333  0.000e+00
      6.893    22.1373   4.638610    32.0998        994     4.1375  0.000e+00
      6.900    22.1364   4.638452    32.0992        995     4.1417  0.000e+00
      6.909    22.1360   4.638719    32.1016        996     4.1458  0.000e+00
      6.911    22.1363   4.638767    32.1017        997     4.1500  0.000e+00
      6.914    22.1367   4.638767    32.1014        998     4.1542  0.000e+00
      6.911    22.1369   4.638692    32.1007        999     4.1583  0.000e+00
      6.903    22.1369   4.638534    32.0995       1000     4.1625  0.000e+00
      6.891    22.1368   4.638740    32.1012       1001     4.1667  0.000e+00
      6.874    22.1367   4.638932    32.1027       1002     4.1708  0.000e+00
      6.854    22.1369   4.638850    32.1019       1003     4.1750  0.000e+00
      6.831    22.1372   4.638239    32.0970       1004     4.1792  0.000e+00
      6.809    22.1363   4.638157    32.0970       1005     4.1833  0.000e+00
      6.787    22.1354   4.637971    32.0962       1006     4.1875  0.000e+00
      6.764    22.1340   4.634870    32.0733       1007     4.1917  0.000e+00
      6.744    22.1304   4.632744    32.0595       1008     4.1958  0.000e+00
      6.729    22.1244   4.631873    32.0572       1009     4.2000  0.000e+00
      6.707    22.1183   4.631476    32.0586       1010     4.2042  0.000e+00
      6.682    22.1138   4.629302    32.0451       1011     4.2083  0.000e+00
      6.659    22.1094   4.626944    32.0301       1012     4.2125  0.000e+00
      6.633    22.1030   4.625066    32.0203       1013     4.2167  0.000e+00
      6.608    22.0957   4.623736    32.0154       1014     4.2208  0.000e+00
      6.581    22.0876   4.622366    32.0108       1015     4.2250  0.000e+00
      6.548    22.0800   4.621201    32.0073       1016     4.2292  0.000e+00
      6.521    22.0730   4.621071    32.0115       1017     4.2333  0.000e+00
      6.494    22.0683   4.621092    32.0151       1018     4.2375  0.000e+00
      6.466    22.0663   4.621359    32.0186       1019     4.2417  0.000e+00
      6.439    22.0662   4.621811    32.0222       1020     4.2458  0.000e+00
      6.419    22.0676   4.622072    32.0232       1021     4.2500  0.000e+00
      6.405    22.0701   4.622394    32.0239       1022     4.2542  0.000e+00
      6.388    22.0725   4.622524    32.0231       1023     4.2583  0.000e+00
      6.381    22.0745   4.622496    32.0215       1024     4.2625  0.000e+00
      6.370    22.0757   4.623051    32.0249       1025     4.2667  0.000e+00
      6.367    22.0780   4.623291    32.0251       1026     4.2708  0.000e+00
      6.361    22.0802   4.623976    32.0287       1027     4.2750  0.000e+00
      6.356    22.0834   4.624134    32.0276       1028     4.2792  0.000e+00
      6.352    22.0861   4.624374    32.0275       1029     4.2833  0.000e+00
      6.340    22.0886   4.624641    32.0277       1030     4.2875  0.000e+00
      6.321    22.0913   4.624929    32.0280       1031     4.2917  0.000e+00
      6.301    22.0938   4.625621    32.0314       1032     4.2958  0.000e+00
      6.280    22.0972   4.625881    32.0309       1033     4.3000  0.000e+00
      6.238    22.1004   4.626149    32.0307       1034     4.3042  0.000e+00
      6.207    22.1037   4.626759    32.0330       1035     4.3083  0.000e+00
