HB2407/sbe020.cnv
* Sea-Bird SBE 19plus V2 Data File:
* FileName = C:\cruise\data\sbe020.hex
* Software Version Seasave V 7.26.7.121
* Temperature SN = 7143
* Conductivity SN = 7143
* System UpLoad Time = Sep 16 2024 00:24:08
* NMEA Latitude = 37 11.00 N
* NMEA Longitude = 075 33.87 W
* NMEA UTC (Time) = Sep 16 2024  00:24:24
** Ship: Bigelow
** Cruise:  HB2407
** Program:  Fall Bottom Trawl
# nquan = 7
# nvalues = 1267                                  
# units = specified
# name 0 = depSM: Depth [salt water, m]
# name 1 = tv290C: Temperature [ITS-90, deg C]
# name 2 = c0S/m: Conductivity [S/m]
# name 3 = sal00: Salinity, Practical [PSU]
# name 4 = scan: Scan Count
# name 5 = timeM: Time, Elapsed [minutes]
# name 6 = flag:  0.000e+00
# span 0 =      0.048,     16.759                 
# span 1 =    21.2040,    22.1011                 
# span 2 =  -0.000037,   4.736422                 
# span 3 =     0.0000,    32.9460                 
# span 4 =         11,       1277                 
# span 5 =     0.0417,     5.3167                 
# span 6 = 0.0000e+00, 0.0000e+00                 
# interval = seconds: 0.25
# start_time = Sep 16 2024 00:24:24 [NMEA time, header]
# bad_flag = -9.990e-29
*END*
[from data line 821]
      7.316    22.0973   4.469558    30.8229        832     3.4625  0.000e+00
      7.057    22.0983   4.469605    30.8226        833     3.4667  0.000e+00
      6.798    22.0983   4.469544    30.8222        834     3.4708  0.000e+00
      6.511    22.0978   4.469300    30.8208        835     3.4750  0.000e+00
      6.281    22.0976   4.468983    30.8186        836     3.4792  0.000e+00
      6.073    22.0963   4.469023    30.8199        837     3.4833  0.000e+00
      5.912    22.0954   4.468976    30.8202        838     3.4875  0.000e+00
      5.805    22.0949   4.469037    30.8211        839     3.4917  0.000e+00
      5.756    22.0944   4.469077    30.8217        840     3.4958  0.000e+00
      5.807    22.0946   4.469098    30.8217        841     3.5000  0.000e+00
      5.921    22.0949   4.469118    30.8216        842     3.5042  0.000e+00
      6.071    22.0946   4.469098    30.8216        843     3.5083  0.000e+00
      6.232    22.0952   4.469152    30.8216        844     3.5125  0.000e+00
      6.408    22.0949   4.469145    30.8217        845     3.5167  0.000e+00
      6.582    22.0950   4.469199    30.8220        846     3.5208  0.000e+00
      6.759    22.0953   4.469199    30.8217        847     3.5250  0.000e+00
      6.921    22.0952   4.469226    30.8220        848     3.5292  0.000e+00
      7.066    22.0953   4.469226    30.8219        849     3.5333  0.000e+00
      7.196    22.0957   4.469226    30.8215        850     3.5375  0.000e+00
      7.306    22.0955   4.469200    30.8214        851     3.5417  0.000e+00
      7.375    22.0954   4.469281    30.8221        852     3.5458  0.000e+00
      7.395    22.0957   4.469672    30.8249        853     3.5500  0.000e+00
      7.393    22.0963   4.469760    30.8252        854     3.5542  0.000e+00
      7.402    22.0976   4.469760    30.8242        855     3.5583  0.000e+00
      7.406    22.0981   4.469780    30.8240        856     3.5625  0.000e+00
      7.388    22.0983   4.469835    30.8243        857     3.5667  0.000e+00
      7.344    22.0988   4.469936    30.8247        858     3.5708  0.000e+00
      7.285    22.0989   4.469861    30.8241        859     3.5750  0.000e+00
      7.198    22.0994   4.470017    30.8250        860     3.5792  0.000e+00
      7.084    22.0999   4.469888    30.8237        861     3.5833  0.000e+00
      6.944    22.0998   4.469915    30.8240        862     3.5875  0.000e+00
      6.776    22.1000   4.469760    30.8227        863     3.5917  0.000e+00
      6.591    22.0995   4.469490    30.8210        864     3.5958  0.000e+00
      6.397    22.0987   4.469483    30.8216        865     3.6000  0.000e+00
      6.209    22.0985   4.469584    30.8226        866     3.6042  0.000e+00
      6.033    22.0981   4.469570    30.8228        867     3.6083  0.000e+00
      5.897    22.0981   4.469557    30.8227        868     3.6125  0.000e+00
      5.801    22.0979   4.469050    30.8190        869     3.6167  0.000e+00
      5.758    22.0969   4.469145    30.8205        870     3.6208  0.000e+00
      5.752    22.0963   4.469327    30.8223        871     3.6250  0.000e+00
      5.817    22.0965   4.469280    30.8218        872     3.6292  0.000e+00
      5.904    22.0968   4.469489    30.8232        873     3.6333  0.000e+00
      6.002    22.0974   4.469530    30.8230        874     3.6375  0.000e+00
      6.091    22.0974   4.469172    30.8202        875     3.6417  0.000e+00
      6.163    22.0972   4.469179    30.8204        876     3.6458  0.000e+00
      6.227    22.0968   4.469125    30.8203        877     3.6500  0.000e+00
      6.277    22.0960   4.469172    30.8212        878     3.6542  0.000e+00
      6.303    22.0963   4.469179    30.8210        879     3.6583  0.000e+00
      6.301    22.0962   4.469125    30.8207        880     3.6625  0.000e+00
      6.265    22.0957   4.469145    30.8212        881     3.6667  0.000e+00
      6.207    22.0960   4.469381    30.8228        882     3.6708  0.000e+00
      6.134    22.0966   4.469503    30.8234        883     3.6750  0.000e+00
      6.069    22.0967   4.469516    30.8234        884     3.6792  0.000e+00
      6.008    22.0972   4.469503    30.8229        885     3.6833  0.000e+00
      5.946    22.0972   4.469543    30.8232        886     3.6875  0.000e+00
      5.899    22.0974   4.469354    30.8217        887     3.6917  0.000e+00
      5.866    22.0974   4.469327    30.8215        888     3.6958  0.000e+00
      5.866    22.0970   4.469327    30.8218        889     3.7000  0.000e+00
      5.888    22.0971   4.469503    30.8230        890     3.7042  0.000e+00
      5.926    22.0974   4.469658    30.8240        891     3.7083  0.000e+00
      5.967    22.0971   4.469726    30.8247        892     3.7125  0.000e+00
      6.020    22.0980   4.469760    30.8243        893     3.7167  0.000e+00
      6.063    22.0981   4.469706    30.8238        894     3.7208  0.000e+00
      6.105    22.0985   4.469726    30.8237        895     3.7250  0.000e+00
      6.143    22.0985   4.468773    30.8164        896     3.7292  0.000e+00
      6.174    22.0967   4.468922    30.8188        897     3.7333  0.000e+00
      6.207    22.0952   4.469037    30.8207        898     3.7375  0.000e+00
      6.245    22.0950   4.469125    30.8215        899     3.7417  0.000e+00
      6.274    22.0947   4.469199    30.8223        900     3.7458  0.000e+00
      6.281    22.0955   4.469354    30.8229        901     3.7500  0.000e+00
      6.275    22.0959   4.469125    30.8209        902     3.7542  0.000e+00
      6.268    22.0955   4.468483    30.8162        903     3.7583  0.000e+00
      6.246    22.0946   4.468361    30.8159        904     3.7625  0.000e+00
      6.216    22.0926   4.468314    30.8170        905     3.7667  0.000e+00
      6.167    22.0916   4.468584    30.8198        906     3.7708  0.000e+00
      6.098    22.0917   4.468443    30.8187        907     3.7750  0.000e+00
      6.002    22.0916   4.468692    30.8207        908     3.7792  0.000e+00
      5.895    22.0923   4.468719    30.8205        909     3.7833  0.000e+00
      5.750    22.0922   4.468240    30.8169        910     3.7875  0.000e+00
      5.587    22.0908   4.468138    30.8171        911     3.7917  0.000e+00
      5.406    22.0903   4.468287    30.8187        912     3.7958  0.000e+00
      5.230    22.0895   4.468084    30.8177        913     3.8000  0.000e+00
      5.056    22.0889   4.468030    30.8178        914     3.8042  0.000e+00
      4.910    22.0886   4.468138    30.8188        915     3.8083  0.000e+00
      4.777    22.0879   4.468084    30.8190        916     3.8125  0.000e+00
      4.681    22.0884   4.468138    30.8191        917     3.8167  0.000e+00
      4.625    22.0882   4.467834    30.8169        918     3.8208  0.000e+00
      4.602    22.0875   4.467834    30.8174        919     3.8250  0.000e+00
      4.605    22.0875   4.467821    30.8173        920     3.8292  0.000e+00
      4.649    22.0868   4.467807    30.8177        921     3.8333  0.000e+00
      4.696    22.0866   4.467895    30.8185        922     3.8375  0.000e+00
      4.764    22.0872   4.467733    30.8168        923     3.8417  0.000e+00
      4.844    22.0867   4.467753    30.8173        924     3.8458  0.000e+00
      4.917    22.0867   4.467767    30.8174        925     3.8500  0.000e+00
      4.967    22.0866   4.467780    30.8175        926     3.8542  0.000e+00
      5.024    22.0864   4.467753    30.8174        927     3.8583  0.000e+00
      5.069    22.0868   4.467794    30.8175        928     3.8625  0.000e+00
      5.103    22.0867   4.467807    30.8176        929     3.8667  0.000e+00
      5.140    22.0870   4.467807    30.8174        930     3.8708  0.000e+00
      5.171    22.0876   4.467821    30.8171        931     3.8750  0.000e+00
      5.187    22.0877   4.467753    30.8165        932     3.8792  0.000e+00
      5.189    22.0880   4.467713    30.8160        933     3.8833  0.000e+00
      5.165    22.0876   4.467733    30.8164        934     3.8875  0.000e+00
      5.126    22.0869   4.467753    30.8171        935     3.8917  0.000e+00
      5.059    22.0875   4.467767    30.8168        936     3.8958  0.000e+00
      4.977    22.0871   4.467733    30.8168        937     3.9000  0.000e+00
      4.903    22.0871   4.467733    30.8168        938     3.9042  0.000e+00
      4.834    22.0875   4.467821    30.8173        939     3.9083  0.000e+00
      4.771    22.0878   4.467733    30.8164        940     3.9125  0.000e+00
      4.714    22.0881   4.467807    30.8168        941     3.9167  0.000e+00
      4.673    22.0880   4.467739    30.8163        942     3.9208  0.000e+00
      4.655    22.0878   4.467706    30.8162        943     3.9250  0.000e+00
      4.651    22.0874   4.467631    30.8159        944     3.9292  0.000e+00
      4.667    22.0865   4.467706    30.8171        945     3.9333  0.000e+00
      4.682    22.0865   4.467706    30.8171        946     3.9375  0.000e+00
      4.707    22.0865   4.467604    30.8163        947     3.9417  0.000e+00
      4.716    22.0860   4.467807    30.8182        948     3.9458  0.000e+00
      4.696    22.0871   4.467854    30.8178        949     3.9500  0.000e+00
      4.660    22.0877   4.467794    30.8170        950     3.9542  0.000e+00
      4.611    22.0881   4.467652    30.8156        951     3.9583  0.000e+00
      4.567    22.0881   4.467780    30.8165        952     3.9625  0.000e+00
      4.551    22.0876   4.467766    30.8169        953     3.9667  0.000e+00
      4.551    22.0881   4.467733    30.8162        954     3.9708  0.000e+00
      4.569    22.0877   4.467848    30.8174        955     3.9750  0.000e+00
      4.580    22.0877   4.467854    30.8175        956     3.9792  0.000e+00
      4.575    22.0882   4.467807    30.8167        957     3.9833  0.000e+00
      4.548    22.0879   4.467739    30.8164        958     3.9875  0.000e+00
      4.506    22.0881   4.467706    30.8161        959     3.9917  0.000e+00
      4.439    22.0881   4.467503    30.8145        960     3.9958  0.000e+00
      4.337    22.0864   4.467503    30.8157        961     4.0000  0.000e+00
      4.205    22.0857   4.467503    30.8162        962     4.0042  0.000e+00
      4.040    22.0854   4.467550    30.8169        963     4.0083  0.000e+00
      3.836    22.0857   4.467523    30.8165        964     4.0125  0.000e+00
      3.593    22.0859   4.467550    30.8167        965     4.0167  0.000e+00
      3.339    22.0853   4.467340    30.8155        966     4.0208  0.000e+00
      3.129    22.0852   4.467347    30.8157        967     4.0250  0.000e+00
      2.971    22.0844   4.467347    30.8163        968     4.0292  0.000e+00
      2.894    22.0836   4.467475    30.8180        969     4.0333  0.000e+00
      2.901    22.0840   4.467124    30.8149        970     4.0375  0.000e+00
      3.022    22.0839   4.467502    30.8179        971     4.0417  0.000e+00
      3.207    22.0841   4.467394    30.8168        972     4.0458  0.000e+00
      3.412    22.0841   4.467347    30.8164        973     4.0500  0.000e+00
      3.620    22.0837   4.467401    30.8170        974     4.0542  0.000e+00
      3.812    22.0838   4.467368    30.8166        975     4.0583  0.000e+00
      3.975    22.0837   4.467503    30.8178        976     4.0625  0.000e+00
      4.114    22.0838   4.467476    30.8174        977     4.0667  0.000e+00
      4.230    22.0847   4.467706    30.8185        978     4.0708  0.000e+00
      4.332    22.0852   4.467908    30.8197        979     4.0750  0.000e+00
      4.372    22.0872   4.467895    30.8182        980     4.0792  0.000e+00
      4.330    22.0882   4.467780    30.8165        981     4.0833  0.000e+00
      4.247    22.0885   4.467733    30.8160        982     4.0875  0.000e+00
      4.113    22.0884   4.467766    30.8164        983     4.0917  0.000e+00
      3.939    22.0881   4.467732    30.8164        984     4.0958  0.000e+00
      3.767    22.0878   4.467854    30.8176        985     4.1000  0.000e+00
      3.616    22.0882   4.467867    30.8174        986     4.1042  0.000e+00
      3.495    22.0887   4.467807    30.8167        987     4.1083  0.000e+00
      3.345    22.0888   4.467820    30.8167        988     4.1125  0.000e+00
      3.205    22.0884   4.467806    30.8170        989     4.1167  0.000e+00
      3.100    22.0881   4.467752    30.8168        990     4.1208  0.000e+00
      3.013    22.0883   4.467712    30.8163        991     4.1250  0.000e+00
      2.955    22.0874   4.467779    30.8176        992     4.1292  0.000e+00
      2.908    22.0873   4.467779    30.8177        993     4.1333  0.000e+00
      2.890    22.0878   4.467793    30.8174        994     4.1375  0.000e+00
      2.903    22.0874   4.467475    30.8153        995     4.1417  0.000e+00
      2.973    22.0878   4.467678    30.8165        996     4.1458  0.000e+00
      3.022    22.0871   4.467766    30.8177        997     4.1500  0.000e+00
      3.044    22.0874   4.467705    30.8170        998     4.1542  0.000e+00
      3.053    22.0876   4.467131    30.8124        999     4.1583  0.000e+00
      3.065    22.0873   4.467705    30.8170       1000     4.1625  0.000e+00
      3.076    22.0876   4.467732    30.8170       1001     4.1667  0.000e+00
      3.076    22.0874   4.467685    30.8168       1002     4.1708  0.000e+00
      3.064    22.0874   4.467732    30.8172       1003     4.1750  0.000e+00
      3.053    22.0879   4.467678    30.8164       1004     4.1792  0.000e+00
      3.035    22.0881   4.467712    30.8166       1005     4.1833  0.000e+00
      2.998    22.0890   4.467806    30.8166       1006     4.1875  0.000e+00
      2.948    22.0890   4.467752    30.8162       1007     4.1917  0.000e+00
      2.890    22.0888   4.467948    30.8179       1008     4.1958  0.000e+00
      2.844    22.0899   4.467752    30.8156       1009     4.2000  0.000e+00
      2.797    22.0899   4.467475    30.8135       1010     4.2042  0.000e+00
      2.740    22.0885   4.467529    30.8149       1011     4.2083  0.000e+00
      2.685    22.0871   4.467448    30.8153       1012     4.2125  0.000e+00
      2.658    22.0863   4.467523    30.8165       1013     4.2167  0.000e+00
      2.680    22.0866   4.467401    30.8153       1014     4.2208  0.000e+00
      2.723    22.0858   4.467502    30.8166       1015     4.2250  0.000e+00
      2.788    22.0858   4.467550    30.8170       1016     4.2292  0.000e+00
      2.857    22.0858   4.467529    30.8168       1017     4.2333  0.000e+00
      2.932    22.0860   4.467631    30.8174       1018     4.2375  0.000e+00
      2.999    22.0867   4.467394    30.8151       1019     4.2417  0.000e+00
      3.049    22.0863   4.467347    30.8150       1020     4.2458  0.000e+00
      3.084    22.0859   4.467286    30.8148       1021     4.2500  0.000e+00
      3.105    22.0851   4.467374    30.8160       1022     4.2542  0.000e+00
      3.093    22.0848   4.467908    30.8203       1023     4.2583  0.000e+00
      3.067    22.0869   4.467921    30.8190       1024     4.2625  0.000e+00
      3.020    22.0889   4.467881    30.8172       1025     4.2667  0.000e+00
      2.955    22.0897   4.467779    30.8159       1026     4.2708  0.000e+00
      2.872    22.0899   4.467867    30.8165       1027     4.2750  0.000e+00
      2.792    22.0896   4.467908    30.8170       1028     4.2792  0.000e+00
      2.729    22.0905   4.467955    30.8168       1029     4.2833  0.000e+00
      2.665    22.0910   4.467955    30.8165       1030     4.2875  0.000e+00
      2.607    22.0916   4.467948    30.8160       1031     4.2917  0.000e+00
      2.555    22.0920   4.467955    30.8158       1032     4.2958  0.000e+00
      2.513    22.0917   4.467982    30.8162       1033     4.3000  0.000e+00
      2.477    22.0922   4.467948    30.8156       1034     4.3042  0.000e+00
      2.441    22.0924   4.467955    30.8156       1035     4.3083  0.000e+00
