HB2407/sbe088.cnv
* Sea-Bird SBE 19plus V2 Data File:
* FileName = C:\cruise\data\sbe088.hex
* Software Version Seasave V 7.26.7.121
* Temperature SN = 7037
* Conductivity SN = 7037
* System UpLoad Time = Oct 13 2024 18:46:26
* NMEA Latitude = 40 55.40 N
* NMEA Longitude = 068 46.92 W
* NMEA UTC (Time) = Oct 13 2024  18:46:15
** Ship: Bigelow
** Cruise:  HB2407
** Program:  Spring Bottom Trawl
# nquan = 8
# nvalues = 1536                                  
# units = specified
# name 0 = depSM: Depth [salt water, m]
# name 1 = tv290C: Temperature [ITS-90, deg C]
# name 2 = c0S/m: Conductivity [S/m]
# name 3 = sal00: Salinity, Practical [PSU]
# name 4 = scan: Scan Count
# name 5 = timeM: Time, Elapsed [minutes]
# name 6 = sbeox0V: Oxygen raw, SBE 43 [V]
# name 7 = flag:  0.000e+00
# span 0 =     -0.051,     62.856                 
# span 1 =    15.3815,    18.4040                 
# span 2 =  -0.000001,   4.132203                 
# span 3 =     0.0000,    32.1865                 
# span 4 =         11,       1546                 
# span 5 =     0.0417,     6.4375                 
# span 6 =     2.0773,     2.5517                 
# span 7 = 0.0000e+00, 0.0000e+00                 
# interval = seconds: 0.25
# start_time = Oct 13 2024 18:46:15 [NMEA time, header]
# bad_flag = -9.990e-29
*END*
[from data line 720]
     47.428    15.4322   3.999047    31.9724        731     3.0417     2.3720  0.000e+00
     47.320    15.4333   3.998859    31.9698        732     3.0458     2.3728  0.000e+00
     47.208    15.4336   3.998925    31.9702        733     3.0500     2.3728  0.000e+00
     47.077    15.4339   3.998998    31.9707        734     3.0542     2.3737  0.000e+00
     46.953    15.4342   3.998907    31.9697        735     3.0583     2.3736  0.000e+00
     46.821    15.4342   3.998931    31.9700        736     3.0625     2.3730  0.000e+00
     46.696    15.4343   3.999168    31.9721        737     3.0667     2.3741  0.000e+00
     46.569    15.4352   3.999495    31.9743        738     3.0708     2.3740  0.000e+00
     46.448    15.4373   3.999380    31.9716        739     3.0750     2.3737  0.000e+00
     46.334    15.4384   3.999216    31.9693        740     3.0792     2.3740  0.000e+00
     46.235    15.4384   3.999168    31.9689        741     3.0833     2.3741  0.000e+00
     46.148    15.4380   3.998998    31.9677        742     3.0875     2.3746  0.000e+00
     46.072    15.4372   3.998998    31.9684        743     3.0917     2.3754  0.000e+00
     46.011    15.4369   3.999216    31.9706        744     3.0958     2.3754  0.000e+00
     45.953    15.4372   3.999234    31.9706        745     3.1000     2.3747  0.000e+00
     45.906    15.4378   3.999398    31.9715        746     3.1042     2.3741  0.000e+00
     45.857    15.4387   3.999283    31.9698        747     3.1083     2.3743  0.000e+00
     45.815    15.4389   3.999258    31.9694        748     3.1125     2.3750  0.000e+00
     45.772    15.4392   3.999477    31.9711        749     3.1167     2.3743  0.000e+00
     45.717    15.4402   3.999568    31.9711        750     3.1208     2.3745  0.000e+00
     45.672    15.4409   3.999568    31.9706        751     3.1250     2.3732  0.000e+00
     45.625    15.4417   3.999568    31.9700        752     3.1292     2.3746  0.000e+00
     45.569    15.4422   3.999537    31.9693        753     3.1333     2.3744  0.000e+00
     45.511    15.4424   3.999543    31.9692        754     3.1375     2.3747  0.000e+00
     45.446    15.4422   3.999477    31.9688        755     3.1417     2.3748  0.000e+00
     45.377    15.4423   3.999477    31.9688        756     3.1458     2.3749  0.000e+00
     45.298    15.4420   3.999519    31.9694        757     3.1500     2.3751  0.000e+00
     45.215    15.4421   3.999567    31.9698        758     3.1542     2.3757  0.000e+00
     45.131    15.4424   3.999580    31.9697        759     3.1583     2.3753  0.000e+00
     45.052    15.4428   3.999567    31.9693        760     3.1625     2.3755  0.000e+00
     44.967    15.4432   3.999901    31.9720        761     3.1667     2.3755  0.000e+00
     44.882    15.4447   4.000186    31.9733        762     3.1708     2.3757  0.000e+00
     44.793    15.4464   3.999804    31.9686        763     3.1750     2.3757  0.000e+00
     44.699    15.4464   3.999616    31.9670        764     3.1792     2.3758  0.000e+00
     44.598    15.4457   3.999616    31.9675        765     3.1833     2.3760  0.000e+00
     44.489    15.4450   3.999695    31.9688        766     3.1875     2.3753  0.000e+00
     44.372    15.4449   3.999713    31.9692        767     3.1917     2.3750  0.000e+00
     44.251    15.4449   3.999804    31.9700        768     3.1958     2.3744  0.000e+00
     44.117    15.4457   4.000659    31.9771        769     3.2000     2.3743  0.000e+00
     43.983    15.4490   4.000780    31.9755        770     3.2042     2.3742  0.000e+00
     43.847    15.4528   4.001041    31.9748        771     3.2083     2.3757  0.000e+00
     43.715    15.4563   4.001150    31.9729        772     3.2125     2.3757  0.000e+00
     43.587    15.4590   4.001301    31.9721        773     3.2167     2.3764  0.000e+00
     43.473    15.4614   4.001204    31.9694        774     3.2208     2.3763  0.000e+00
     43.368    15.4626   4.001392    31.9701        775     3.2250     2.3768  0.000e+00
     43.278    15.4641   4.001417    31.9691        776     3.2292     2.3767  0.000e+00
     43.194    15.4654   4.001465    31.9685        777     3.2333     2.3766  0.000e+00
     43.124    15.4662   4.001423    31.9675        778     3.2375     2.3776  0.000e+00
     43.062    15.4668   4.001416    31.9671        779     3.2417     2.3782  0.000e+00
     43.008    15.4669   4.001374    31.9666        780     3.2458     2.3774  0.000e+00
     42.952    15.4669   4.001392    31.9668        781     3.2500     2.3792  0.000e+00
     42.901    15.4669   4.001416    31.9670        782     3.2542     2.3783  0.000e+00
     42.851    15.4673   4.001513    31.9676        783     3.2583     2.3776  0.000e+00
     42.798    15.4676   4.001701    31.9690        784     3.2625     2.3780  0.000e+00
     42.744    15.4687   4.001786    31.9689        785     3.2667     2.3774  0.000e+00
     42.688    15.4698   4.001920    31.9692        786     3.2708     2.3776  0.000e+00
     42.625    15.4709   4.001920    31.9684        787     3.2750     2.3781  0.000e+00
     42.538    15.4720   4.002108    31.9692        788     3.2792     2.3787  0.000e+00
     42.449    15.4733   4.002247    31.9694        789     3.2833     2.3786  0.000e+00
     42.357    15.4750   4.002247    31.9680        790     3.2875     2.3788  0.000e+00
     42.238    15.4758   4.002035    31.9655        791     3.2917     2.3789  0.000e+00
     42.118    15.4756   4.001871    31.9643        792     3.2958     2.3792  0.000e+00
     41.992    15.4747   4.001895    31.9653        793     3.3000     2.3790  0.000e+00
     41.862    15.4739   4.001750    31.9647        794     3.3042     2.3792  0.000e+00
     41.737    15.4729   4.001798    31.9660        795     3.3083     2.3794  0.000e+00
     41.617    15.4727   4.002107    31.9690        796     3.3125     2.3794  0.000e+00
     41.502    15.4735   4.002107    31.9683        797     3.3167     2.3807  0.000e+00
     41.399    15.4744   4.002180    31.9683        798     3.3208     2.3802  0.000e+00
     41.305    15.4753   4.002083    31.9668        799     3.3250     2.3799  0.000e+00
     41.230    15.4758   4.002180    31.9672        800     3.3292     2.3805  0.000e+00
     41.171    15.4760   4.002083    31.9662        801     3.3333     2.3795  0.000e+00
     41.120    15.4762   4.002083    31.9661        802     3.3375     2.3802  0.000e+00
     41.073    15.4761   4.002059    31.9659        803     3.3417     2.3799  0.000e+00
     41.037    15.4760   4.002010    31.9656        804     3.3458     2.3809  0.000e+00
     41.006    15.4757   4.002010    31.9658        805     3.3500     2.3795  0.000e+00
     40.981    15.4753   4.001986    31.9659        806     3.3542     2.3796  0.000e+00
     40.946    15.4750   4.001919    31.9656        807     3.3583     2.3796  0.000e+00
     40.921    15.4745   4.001846    31.9654        808     3.3625     2.3792  0.000e+00
     40.887    15.4740   4.001895    31.9663        809     3.3667     2.3792  0.000e+00
     40.838    15.4739   4.001943    31.9668        810     3.3708     2.3803  0.000e+00
     40.791    15.4740   4.002059    31.9677        811     3.3750     2.3804  0.000e+00
     40.731    15.4744   4.002180    31.9685        812     3.3792     2.3805  0.000e+00
     40.657    15.4754   4.002344    31.9692        813     3.3833     2.3809  0.000e+00
     40.576    15.4768   4.002441    31.9689        814     3.3875     2.3815  0.000e+00
     40.476    15.4782   4.002465    31.9681        815     3.3917     2.3819  0.000e+00
     40.368    15.4792   4.002447    31.9671        816     3.3958     2.3819  0.000e+00
     40.248    15.4796   4.002392    31.9664        817     3.4000     2.3822  0.000e+00
     40.115    15.4797   4.002295    31.9655        818     3.4042     2.3823  0.000e+00
     39.968    15.4794   4.002295    31.9658        819     3.4083     2.3822  0.000e+00
     39.812    15.4792   4.002368    31.9667        820     3.4125     2.3831  0.000e+00
     39.652    15.4795   4.003077    31.9728        821     3.4167     2.3823  0.000e+00
     39.487    15.4820   4.003132    31.9713        822     3.4208     2.3817  0.000e+00
     39.340    15.4847   4.003247    31.9702        823     3.4250     2.3821  0.000e+00
     39.192    15.4868   4.003174    31.9679        824     3.4292     2.3815  0.000e+00
     39.078    15.4882   4.003223    31.9673        825     3.4333     2.3817  0.000e+00
     38.970    15.4890   4.003174    31.9662        826     3.4375     2.3830  0.000e+00
     38.888    15.4896   4.003125    31.9653        827     3.4417     2.3832  0.000e+00
     38.832    15.4897   4.002992    31.9641        828     3.4458     2.3835  0.000e+00
     38.789    15.4892   4.002962    31.9642        829     3.4500     2.3834  0.000e+00
     38.762    15.4885   4.002865    31.9639        830     3.4542     2.3838  0.000e+00
     38.747    15.4878   4.002865    31.9645        831     3.4583     2.3844  0.000e+00
     38.744    15.4874   4.002889    31.9651        832     3.4625     2.3838  0.000e+00
     38.747    15.4870   4.002792    31.9645        833     3.4667     2.3844  0.000e+00
     38.762    15.4865   4.002725    31.9643        834     3.4708     2.3849  0.000e+00
     38.774    15.4858   4.002652    31.9642        835     3.4750     2.3837  0.000e+00
     38.791    15.4851   4.002604    31.9643        836     3.4792     2.3845  0.000e+00
     38.807    15.4846   4.002652    31.9652        837     3.4833     2.3842  0.000e+00
     38.816    15.4841   4.002677    31.9658        838     3.4875     2.3861  0.000e+00
     38.814    15.4840   4.002701    31.9661        839     3.4917     2.3851  0.000e+00
     38.802    15.4842   4.002725    31.9662        840     3.4958     2.3857  0.000e+00
     38.765    15.4843   4.002743    31.9662        841     3.5000     2.3861  0.000e+00
     38.718    15.4844   4.002725    31.9660        842     3.5042     2.3860  0.000e+00
     38.666    15.4842   4.002652    31.9656        843     3.5083     2.3847  0.000e+00
     38.588    15.4842   4.002628    31.9654        844     3.5125     2.3844  0.000e+00
     38.512    15.4838   4.002579    31.9653        845     3.5167     2.3850  0.000e+00
     38.431    15.4835   4.002555    31.9653        846     3.5208     2.3847  0.000e+00
     38.335    15.4832   4.002719    31.9671        847     3.5250     2.3848  0.000e+00
     38.243    15.4837   4.002840    31.9678        848     3.5292     2.3844  0.000e+00
     38.152    15.4842   4.002749    31.9666        849     3.5333     2.3852  0.000e+00
     38.071    15.4845   4.002725    31.9662        850     3.5375     2.3851  0.000e+00
     37.991    15.4846   4.002725    31.9661        851     3.5417     2.3854  0.000e+00
     37.928    15.4847   4.002652    31.9654        852     3.5458     2.3850  0.000e+00
     37.866    15.4842   4.002676    31.9660        853     3.5500     2.3846  0.000e+00
     37.809    15.4845   4.002725    31.9663        854     3.5542     2.3846  0.000e+00
     37.767    15.4844   4.002749    31.9666        855     3.5583     2.3857  0.000e+00
     37.731    15.4846   4.002773    31.9666        856     3.5625     2.3851  0.000e+00
     37.700    15.4849   4.002725    31.9660        857     3.5667     2.3851  0.000e+00
     37.677    15.4853   4.003010    31.9683        858     3.5708     2.3845  0.000e+00
     37.651    15.4867   4.003422    31.9708        859     3.5750     2.3847  0.000e+00
     37.629    15.4893   4.003507    31.9694        860     3.5792     2.3851  0.000e+00
     37.599    15.4913   4.003532    31.9680        861     3.5833     2.3856  0.000e+00
     37.566    15.4928   4.003623    31.9676        862     3.5875     2.3843  0.000e+00
     37.537    15.4940   4.003695    31.9673        863     3.5917     2.3856  0.000e+00
     37.496    15.4952   4.003671    31.9662        864     3.5958     2.3867  0.000e+00
     37.443    15.4956   4.003671    31.9659        865     3.6000     2.3859  0.000e+00
     37.376    15.4959   4.003677    31.9656        866     3.6042     2.3864  0.000e+00
     37.302    15.4962   4.003719    31.9658        867     3.6083     2.3863  0.000e+00
     37.221    15.4965   4.003719    31.9656        868     3.6125     2.3864  0.000e+00
     37.121    15.4969   4.003841    31.9664        869     3.6167     2.3861  0.000e+00
     37.025    15.4975   4.003907    31.9665        870     3.6208     2.3870  0.000e+00
     36.915    15.4983   4.003889    31.9658        871     3.6250     2.3871  0.000e+00
     36.814    15.4988   4.003901    31.9655        872     3.6292     2.3883  0.000e+00
     36.714    15.4992   4.004029    31.9664        873     3.6333     2.3884  0.000e+00
     36.602    15.4999   4.004435    31.9695        874     3.6375     2.3885  0.000e+00
     36.508    15.5021   4.004648    31.9696        875     3.6417     2.3896  0.000e+00
     36.416    15.5045   4.004696    31.9681        876     3.6458     2.3899  0.000e+00
     36.344    15.5064   4.004696    31.9666        877     3.6500     2.3899  0.000e+00
     36.271    15.5078   4.004696    31.9655        878     3.6542     2.3905  0.000e+00
     36.217    15.5085   4.004720    31.9652        879     3.6583     2.3892  0.000e+00
     36.175    15.5089   4.004696    31.9646        880     3.6625     2.3896  0.000e+00
     36.139    15.5094   4.004763    31.9648        881     3.6667     2.3899  0.000e+00
     36.112    15.5101   4.005048    31.9668        882     3.6708     2.3901  0.000e+00
     36.080    15.5115   4.005048    31.9657        883     3.6750     2.3909  0.000e+00
     36.052    15.5125   4.004926    31.9638        884     3.6792     2.3902  0.000e+00
     36.020    15.5127   4.005048    31.9647        885     3.6833     2.3900  0.000e+00
     35.996    15.5133   4.005121    31.9649        886     3.6875     2.3913  0.000e+00
     35.964    15.5140   4.005145    31.9645        887     3.6917     2.3917  0.000e+00
     35.938    15.5147   4.005406    31.9663        888     3.6958     2.3918  0.000e+00
     35.895    15.5162   4.005503    31.9660        889     3.7000     2.3913  0.000e+00
     35.855    15.5177   4.005721    31.9668        890     3.7042     2.3921  0.000e+00
     35.801    15.5194   4.005837    31.9664        891     3.7083     2.3921  0.000e+00
     35.747    15.5211   4.005837    31.9650        892     3.7125     2.3924  0.000e+00
     35.700    15.5224   4.005903    31.9646        893     3.7167     2.3915  0.000e+00
     35.640    15.5233   4.006049    31.9652        894     3.7208     2.3920  0.000e+00
     35.580    15.5243   4.006049    31.9644        895     3.7250     2.3915  0.000e+00
     35.510    15.5249   4.006110    31.9645        896     3.7292     2.3915  0.000e+00
     35.437    15.5257   4.006310    31.9656        897     3.7333     2.3928  0.000e+00
     35.363    15.5270   4.006310    31.9646        898     3.7375     2.3931  0.000e+00
     35.289    15.5283   4.006856    31.9684        899     3.7417     2.3937  0.000e+00
     35.210    15.5310   4.006977    31.9674        900     3.7458     2.3931  0.000e+00
     35.139    15.5337   4.007433    31.9692        901     3.7500     2.3938  0.000e+00
     35.065    15.5372   4.007572    31.9677        902     3.7542     2.3938  0.000e+00
     34.985    15.5400   4.007596    31.9656        903     3.7583     2.3933  0.000e+00
     34.908    15.5422   4.007663    31.9645        904     3.7625     2.3943  0.000e+00
     34.824    15.5437   4.007572    31.9625        905     3.7667     2.3951  0.000e+00
     34.741    15.5443   4.007639    31.9626        906     3.7708     2.3946  0.000e+00
     34.649    15.5449   4.007863    31.9642        907     3.7750     2.3953  0.000e+00
     34.562    15.5462   4.008167    31.9659        908     3.7792     2.3941  0.000e+00
