HB2407/sbe071.cnv
* Sea-Bird SBE 19plus V2 Data File:
* FileName = C:\cruise\data\sbe071.hex
* Software Version Seasave V 7.26.7.121
* Temperature SN = 7143
* Conductivity SN = 7143
* System UpLoad Time = Oct 09 2024 18:41:01
* NMEA Latitude = 40 15.23 N
* NMEA Longitude = 068 34.99 W
* NMEA UTC (Time) = Oct 09 2024  18:40:46
** Ship: Bigelow
** Cruise:  HB2407
** Program:  Fall Bottom Trawl
# nquan = 7
# nvalues = 3700                                  
# units = specified
# name 0 = depSM: Depth [salt water, m]
# name 1 = tv290C: Temperature [ITS-90, deg C]
# name 2 = c0S/m: Conductivity [S/m]
# name 3 = sal00: Salinity, Practical [PSU]
# name 4 = scan: Scan Count
# name 5 = timeM: Time, Elapsed [minutes]
# name 6 = flag:  0.000e+00
# span 0 =     -0.098,    135.945                 
# span 1 =     6.7212,    19.7097                 
# span 2 =  -0.061199,   4.357104                 
# span 3 =     0.0000,    33.9383                 
# span 4 =         11,       3710                 
# span 5 =     0.0417,    15.4542                 
# span 6 = 0.0000e+00, 0.0000e+00                 
# interval = seconds: 0.25
# start_time = Oct 09 2024 18:40:46 [NMEA time, header]
# bad_flag = -9.990e-29
*END*
[from data line 2667]
     44.375     9.8183   3.549931    32.5051       2678    11.1542  0.000e+00
     44.354     9.8451   3.551523    32.4971       2679    11.1583  0.000e+00
     44.327     9.8704   3.553613    32.4956       2680    11.1625  0.000e+00
     44.301     9.8952   3.555205    32.4894       2681    11.1667  0.000e+00
     44.262     9.9195   3.558501    32.5010       2682    11.1708  0.000e+00
     44.218     9.9490   3.563232    32.5225       2683    11.1750  0.000e+00
     44.164     9.9912   3.565207    32.5045       2684    11.1792  0.000e+00
     44.099    10.0324   3.565638    32.4719       2685    11.1833  0.000e+00
     44.030    10.0605   3.566025    32.4506       2686    11.1875  0.000e+00
     43.956    10.0781   3.566714    32.4418       2687    11.1917  0.000e+00
     43.873    10.0904   3.566554    32.4292       2688    11.1958  0.000e+00
     43.790    10.0975   3.567496    32.4325       2689    11.2000  0.000e+00
     43.712    10.1046   3.568752    32.4388       2690    11.2042  0.000e+00
     43.633    10.1169   3.568721    32.4275       2691    11.2083  0.000e+00
     43.560    10.1261   3.568284    32.4149       2692    11.2125  0.000e+00
     43.497    10.1284   3.567619    32.4061       2693    11.2167  0.000e+00
     43.428    10.1261   3.568001    32.4121       2694    11.2208  0.000e+00
     43.374    10.1245   3.572251    32.4564       2695    11.2250  0.000e+00
     43.316    10.1410   3.573883    32.4581       2696    11.2292  0.000e+00
     43.264    10.1623   3.580855    32.5095       2697    11.2333  0.000e+00
     43.219    10.2028   3.583124    32.4960       2698    11.2375  0.000e+00
     43.179    10.2477   3.584548    32.4702       2699    11.2417  0.000e+00
     43.149    10.2821   3.584215    32.4361       2700    11.2458  0.000e+00
     43.120    10.3023   3.586312    32.4392       2701    11.2500  0.000e+00
     43.093    10.3195   3.590398    32.4649       2702    11.2542  0.000e+00
     43.076    10.3480   3.592058    32.4561       2703    11.2583  0.000e+00
     43.062    10.3730   3.581086    32.3237       2704    11.2625  0.000e+00
     43.044    10.3553   3.577307    32.3015       2705    11.2667  0.000e+00
     43.030    10.3085   3.568824    32.2579       2706    11.2708  0.000e+00
     43.003    10.2392   3.567864    32.3099       2707    11.2750  0.000e+00
     42.976    10.1838   3.568061    32.3613       2708    11.2792  0.000e+00
     42.945    10.1523   3.568708    32.3960       2709    11.2833  0.000e+00
     42.918    10.1394   3.569398    32.4145       2710    11.2875  0.000e+00
     42.883    10.1378   3.569663    32.4186       2711    11.2917  0.000e+00
     42.849    10.1396   3.570070    32.4211       2712    11.2958  0.000e+00
     42.813    10.1433   3.569909    32.4162       2713    11.3000  0.000e+00
     42.775    10.1459   3.572269    32.4377       2714    11.3042  0.000e+00
     42.739    10.1564   3.573285    32.4386       2715    11.3083  0.000e+00
     42.696    10.1712   3.573162    32.4241       2716    11.3125  0.000e+00
     42.654    10.1809   3.572638    32.4102       2717    11.3167  0.000e+00
     42.616    10.1845   3.576569    32.4466       2718    11.3208  0.000e+00
     42.577    10.1988   3.576594    32.4341       2719    11.3250  0.000e+00
     42.531    10.2155   3.577968    32.4330       2720    11.3292  0.000e+00
     42.495    10.2294   3.575108    32.3918       2721    11.3333  0.000e+00
     42.450    10.2290   3.573352    32.3745       2722    11.3375  0.000e+00
     42.405    10.2147   3.573814    32.3919       2723    11.3417  0.000e+00
     42.354    10.2071   3.576594    32.4267       2724    11.3458  0.000e+00
     42.304    10.2134   3.576421    32.4194       2725    11.3500  0.000e+00
     42.250    10.2229   3.578110    32.4279       2726    11.3542  0.000e+00
     42.205    10.2330   3.577185    32.4096       2727    11.3583  0.000e+00
     42.154    10.2390   3.577240    32.4048       2728    11.3625  0.000e+00
     42.105    10.2407   3.579047    32.4215       2729    11.3667  0.000e+00
     42.064    10.2484   3.579336    32.4176       2730    11.3708  0.000e+00
     42.024    10.2570   3.578923    32.4057       2731    11.3750  0.000e+00
     41.990    10.2607   3.578646    32.3996       2732    11.3792  0.000e+00
     41.963    10.2603   3.579114    32.4048       2733    11.3833  0.000e+00
     41.925    10.2611   3.579712    32.4101       2734    11.3875  0.000e+00
     41.895    10.2681   3.588713    32.4944       2735    11.3917  0.000e+00
     41.858    10.2994   3.592861    32.5081       2736    11.3958  0.000e+00
     41.821    10.3450   3.588971    32.4283       2737    11.4000  0.000e+00
     41.782    10.3724   3.598129    32.4958       2738    11.4042  0.000e+00
     41.739    10.4040   3.592254    32.4087       2739    11.4083  0.000e+00
     41.699    10.4225   3.587285    32.3425       2740    11.4125  0.000e+00
     41.649    10.4035   3.589976    32.3864       2741    11.4167  0.000e+00
     41.604    10.3898   3.594675    32.4457       2742    11.4208  0.000e+00
     41.557    10.4060   3.594916    32.4336       2743    11.4250  0.000e+00
     41.502    10.4229   3.597659    32.4461       2744    11.4292  0.000e+00
     41.446    10.4436   3.601057    32.4617       2745    11.4333  0.000e+00
     41.386    10.4715   3.596954    32.3958       2746    11.4375  0.000e+00
     41.336    10.4759   3.600797    32.4304       2747    11.4417  0.000e+00
     41.283    10.4849   3.605545    32.4699       2748    11.4458  0.000e+00
     41.233    10.5174   3.606806    32.4536       2749    11.4500  0.000e+00
     41.200    10.5414   3.607430    32.4386       2750    11.4542  0.000e+00
     41.177    10.5637   3.610201    32.4464       2751    11.4583  0.000e+00
     41.155    10.5847   3.612354    32.4493       2752    11.4625  0.000e+00
     41.144    10.6085   3.612014    32.4247       2753    11.4667  0.000e+00
     41.139    10.6237   3.611141    32.4025       2754    11.4708  0.000e+00
     41.143    10.6282   3.610918    32.3962       2755    11.4750  0.000e+00
     41.154    10.6280   3.610330    32.3906       2756    11.4792  0.000e+00
     41.159    10.6250   3.609656    32.3865       2757    11.4833  0.000e+00
     41.163    10.6190   3.607553    32.3708       2758    11.4875  0.000e+00
     41.163    10.6081   3.607634    32.3813       2759    11.4917  0.000e+00
     41.159    10.5969   3.605568    32.3707       2760    11.4958  0.000e+00
     41.149    10.5847   3.606261    32.3884       2761    11.5000  0.000e+00
     41.121    10.5794   3.607832    32.4088       2762    11.5042  0.000e+00
     41.089    10.5814   3.608630    32.4150       2763    11.5083  0.000e+00
     41.044    10.5870   3.609588    32.4196       2764    11.5125  0.000e+00
     41.002    10.5964   3.609335    32.4088       2765    11.5167  0.000e+00
     40.950    10.6016   3.609681    32.4076       2766    11.5208  0.000e+00
     40.901    10.6059   3.611692    32.4238       2767    11.5250  0.000e+00
     40.859    10.6146   3.612143    32.4207       2768    11.5292  0.000e+00
     40.814    10.6241   3.608530    32.3762       2769    11.5333  0.000e+00
     40.769    10.6209   3.611067    32.4043       2770    11.5375  0.000e+00
     40.729    10.6193   3.612484    32.4199       2771    11.5417  0.000e+00
     40.684    10.6275   3.613802    32.4258       2772    11.5458  0.000e+00
     40.640    10.6389   3.614545    32.4232       2773    11.5500  0.000e+00
     40.593    10.6502   3.614520    32.4129       2774    11.5542  0.000e+00
     40.546    10.6575   3.615033    32.4115       2775    11.5583  0.000e+00
     40.501    10.6620   3.614371    32.4009       2776    11.5625  0.000e+00
     40.458    10.6636   3.615083    32.4067       2777    11.5667  0.000e+00
     40.411    10.6661   3.614111    32.3948       2778    11.5708  0.000e+00
     40.369    10.6651   3.615918    32.4137       2779    11.5750  0.000e+00
     40.328    10.6696   3.616457    32.4151       2780    11.5792  0.000e+00
     40.285    10.6763   3.616494    32.4095       2781    11.5833  0.000e+00
     40.247    10.6812   3.614228    32.3827       2782    11.5875  0.000e+00
     40.209    10.6778   3.615120    32.3946       2783    11.5917  0.000e+00
     40.175    10.6722   3.616129    32.4096       2784    11.5958  0.000e+00
     40.138    10.6736   3.617788    32.4249       2785    11.6000  0.000e+00
     40.112    10.6838   3.618921    32.4271       2786    11.6042  0.000e+00
     40.083    10.6958   3.618426    32.4116       2787    11.6083  0.000e+00
     40.054    10.7018   3.618264    32.4046       2788    11.6125  0.000e+00
     40.031    10.7046   3.618023    32.3997       2789    11.6167  0.000e+00
     40.012    10.7050   3.617967    32.3988       2790    11.6208  0.000e+00
     39.991    10.7042   3.615336    32.3734       2791    11.6250  0.000e+00
     39.984    10.6952   3.617268    32.4006       2792    11.6292  0.000e+00
     39.978    10.6903   3.618760    32.4198       2793    11.6333  0.000e+00
     39.973    10.6975   3.619156    32.4174       2794    11.6375  0.000e+00
     39.964    10.7056   3.619441    32.4131       2795    11.6417  0.000e+00
     39.953    10.7114   3.619614    32.4096       2796    11.6458  0.000e+00
     39.955    10.7156   3.619181    32.4016       2797    11.6500  0.000e+00
     39.946    10.7165   3.619224    32.4012       2798    11.6542  0.000e+00
     39.928    10.7166   3.619707    32.4060       2799    11.6583  0.000e+00
     39.908    10.7182   3.621070    32.4181       2800    11.6625  0.000e+00
     39.887    10.7245   3.621671    32.4185       2801    11.6667  0.000e+00
     39.861    10.7317   3.621417    32.4096       2802    11.6708  0.000e+00
     39.840    10.7364   3.620060    32.3920       2803    11.6750  0.000e+00
     39.807    10.7332   3.618580    32.3801       2804    11.6792  0.000e+00
     39.769    10.7258   3.619329    32.3941       2805    11.6833  0.000e+00
     39.722    10.7201   3.620426    32.4101       2806    11.6875  0.000e+00
     39.670    10.7216   3.622780    32.4322       2807    11.6917  0.000e+00
     39.608    10.7331   3.623827    32.4324       2808    11.6958  0.000e+00
     39.543    10.7474   3.624384    32.4254       2809    11.7000  0.000e+00
     39.471    10.7583   3.623547    32.4074       2810    11.7042  0.000e+00
     39.395    10.7627   3.622618    32.3943       2811    11.7083  0.000e+00
     39.310    10.7613   3.625332    32.4225       2812    11.7125  0.000e+00
     39.234    10.7676   3.626596    32.4296       2813    11.7167  0.000e+00
     39.160    10.7793   3.627873    32.4319       2814    11.7208  0.000e+00
     39.086    10.7922   3.629224    32.4339       2815    11.7250  0.000e+00
     39.028    10.8063   3.631649    32.4456       2816    11.7292  0.000e+00
     38.974    10.8252   3.633329    32.4455       2817    11.7333  0.000e+00
     38.936    10.8428   3.633155    32.4282       2818    11.7375  0.000e+00
     38.902    10.8559   3.634706    32.4321       2819    11.7417  0.000e+00
     38.873    10.8671   3.639751    32.4722       2820    11.7458  0.000e+00
     38.855    10.8926   3.640657    32.4586       2821    11.7500  0.000e+00
     38.837    10.9189   3.635183    32.3811       2822    11.7542  0.000e+00
     38.822    10.9172   3.636746    32.3981       2823    11.7583  0.000e+00
     38.812    10.9089   3.634668    32.3848       2824    11.7625  0.000e+00
     38.799    10.9029   3.632708    32.3708       2825    11.7667  0.000e+00
     38.790    10.8878   3.635748    32.4142       2826    11.7708  0.000e+00
     38.774    10.8865   3.636548    32.4233       2827    11.7750  0.000e+00
     38.758    10.8936   3.634432    32.3960       2828    11.7792  0.000e+00
     38.742    10.8950   3.636530    32.4156       2829    11.7833  0.000e+00
     38.717    10.8935   3.635146    32.4032       2830    11.7875  0.000e+00
     38.695    10.8939   3.635406    32.4055       2831    11.7917  0.000e+00
     38.666    10.8939   3.636139    32.4127       2832    11.7958  0.000e+00
     38.627    10.8948   3.639446    32.4447       2833    11.8000  0.000e+00
     38.585    10.9093   3.642811    32.4653       2834    11.8042  0.000e+00
     38.546    10.9329   3.641240    32.4288       2835    11.8083  0.000e+00
     38.497    10.9477   3.639253    32.3961       2836    11.8125  0.000e+00
     38.457    10.9458   3.635158    32.3573       2837    11.8167  0.000e+00
     38.410    10.9284   3.636529    32.3862       2838    11.8208  0.000e+00
     38.374    10.9146   3.634519    32.3785       2839    11.8250  0.000e+00
     38.334    10.9024   3.635046    32.3945       2840    11.8292  0.000e+00
     38.307    10.8950   3.636678    32.4173       2841    11.8333  0.000e+00
     38.280    10.8982   3.637671    32.4243       2842    11.8375  0.000e+00
     38.258    10.9056   3.639036    32.4313       2843    11.8417  0.000e+00
     38.240    10.9154   3.637479    32.4071       2844    11.8458  0.000e+00
     38.209    10.9189   3.638385    32.4131       2845    11.8500  0.000e+00
     38.192    10.9209   3.639812    32.4255       2846    11.8542  0.000e+00
     38.168    10.9267   3.638037    32.4028       2847    11.8583  0.000e+00
     38.135    10.9269   3.637609    32.3984       2848    11.8625  0.000e+00
     38.096    10.9244   3.638062    32.4051       2849    11.8667  0.000e+00
     38.058    10.9210   3.638403    32.4115       2850    11.8708  0.000e+00
     38.007    10.9225   3.639142    32.4174       2851    11.8750  0.000e+00
     37.953    10.9266   3.639855    32.4210       2852    11.8792  0.000e+00
     37.900    10.9323   3.640035    32.4178       2853    11.8833  0.000e+00
     37.843    10.9377   3.643431    32.4466       2854    11.8875  0.000e+00
     37.790    10.9505   3.643257    32.4336       2855    11.8917  0.000e+00
     37.739    10.9645   3.646244    32.4508       2856    11.8958  0.000e+00
     37.694    10.9819   3.646182    32.4348       2857    11.9000  0.000e+00
     37.669    10.9960   3.647219    32.4326       2858    11.9042  0.000e+00
     37.647    11.0069   3.644728    32.3984       2859    11.9083  0.000e+00
     37.625    11.0059   3.643263    32.3848       2860    11.9125  0.000e+00
     37.613    10.9952   3.644921    32.4106       2861    11.9167  0.000e+00
     37.602    10.9943   3.656344    32.5244       2862    11.9208  0.000e+00
     37.591    11.0325   3.655299    32.4803       2863    11.9250  0.000e+00
     37.582    11.0701   3.649368    32.3885       2864    11.9292  0.000e+00
     37.570    11.0698   3.650257    32.3976       2865    11.9333  0.000e+00
     37.557    11.0621   3.649455    32.3964       2866    11.9375  0.000e+00
     37.533    11.0547   3.651146    32.4197       2867    11.9417  0.000e+00
     37.503    11.0559   3.651885    32.4260       2868    11.9458  0.000e+00
     37.470    11.0619   3.650717    32.4092       2869    11.9500  0.000e+00
     37.425    11.0614   3.651512    32.4174       2870    11.9542  0.000e+00
     37.375    11.0642   3.652606    32.4258       2871    11.9583  0.000e+00
     37.324    11.0713   3.655279    32.4459       2872    11.9625  0.000e+00
     37.266    11.0841   3.657779    32.4594       2873    11.9667  0.000e+00
     37.210    11.1041   3.660236    32.4660       2874    11.9708  0.000e+00
     37.158    11.1283   3.660609    32.4483       2875    11.9750  0.000e+00
     37.107    11.1457   3.659259    32.4197       2876    11.9792  0.000e+00
     37.060    11.1526   3.657878    32.4000       2877    11.9833  0.000e+00
     37.022    11.1485   3.655888    32.3840       2878    11.9875  0.000e+00
     36.982    11.1367   3.655583    32.3914       2879    11.9917  0.000e+00
     36.946    11.1256   3.655670    32.4021       2880    11.9958  0.000e+00
     36.912    11.1193   3.654135    32.3925       2881    12.0000  0.000e+00
