HB2407/sbe099.cnv
* Sea-Bird SBE 19plus V2 Data File:
* FileName = C:\cruise\data\sbe099.hex
* Software Version Seasave V 7.26.7.121
* Temperature SN = 7037
* Conductivity SN = 7037
* System UpLoad Time = Oct 18 2024 03:14:13
* NMEA Latitude = 42 06.30 N
* NMEA Longitude = 067 30.24 W
* NMEA UTC (Time) = Oct 18 2024  03:13:07
** Ship: Bigelow
** Cruise:  HB2407
** Program:  Spring Bottom Trawl
# nquan = 8
# nvalues = 4367                                  
# units = specified
# name 0 = depSM: Depth [salt water, m]
# name 1 = tv290C: Temperature [ITS-90, deg C]
# name 2 = c0S/m: Conductivity [S/m]
# name 3 = sal00: Salinity, Practical [PSU]
# name 4 = scan: Scan Count
# name 5 = timeM: Time, Elapsed [minutes]
# name 6 = sbeox0V: Oxygen raw, SBE 43 [V]
# name 7 = flag:  0.000e+00
# span 0 =      0.036,    153.579                 
# span 1 =     6.8482,    14.1814                 
# span 2 =   0.000009,   3.881879                 
# span 3 =     0.0056,    34.8287                 
# span 4 =         11,       4377                 
# span 5 =     0.0417,    18.2333                 
# span 6 =     1.7501,     2.5933                 
# span 7 = 0.0000e+00, 0.0000e+00                 
# interval = seconds: 0.25
# start_time = Oct 18 2024 03:13:07 [NMEA time, header]
# bad_flag = -9.990e-29
*END*
[from data line 180]
      6.265    13.5138   3.806454    31.8129        191     0.7917     2.0677  0.000e+00
      6.247    13.4871   3.806567    31.8362        192     0.7958     2.0552  0.000e+00
      6.238    13.4653   3.807756    31.8655        193     0.8000     2.0455  0.000e+00
      6.226    13.4436   3.810432    31.9086        194     0.8042     2.0367  0.000e+00
      6.213    13.4276   3.813353    31.9492        195     0.8083     2.0280  0.000e+00
      6.200    13.4243   3.814650    31.9641        196     0.8125     2.0205  0.000e+00
      6.191    13.4333   3.815744    31.9668        197     0.8167     2.0123  0.000e+00
      6.186    13.4466   3.816309    31.9609        198     0.8208     2.0054  0.000e+00
      6.193    13.4590   3.816756    31.9546        199     0.8250     1.9988  0.000e+00
      6.215    13.4697   3.817505    31.9527        200     0.8292     1.9982  0.000e+00
      6.253    13.4780   3.817832    31.9488        201     0.8333     1.9987  0.000e+00
      6.289    13.4854   3.817743    31.9418        202     0.8375     2.0038  0.000e+00
      6.334    13.4915   3.817106    31.9306        203     0.8417     2.0107  0.000e+00
      6.384    13.4935   3.817945    31.9368        204     0.8458     2.0171  0.000e+00
      6.442    13.4948   3.818707    31.9428        205     0.8500     2.0251  0.000e+00
      6.506    13.4978   3.819677    31.9493        206     0.8542     2.0349  0.000e+00
      6.574    13.5027   3.819826    31.9465        207     0.8583     2.0453  0.000e+00
      6.657    13.5099   3.820797    31.9495        208     0.8625     2.0567  0.000e+00
      6.739    13.5164   3.821493    31.9505        209     0.8667     2.0696  0.000e+00
      6.838    13.5236   3.822481    31.9536        210     0.8708     2.0803  0.000e+00
      6.948    13.5324   3.823339    31.9542        211     0.8750     2.0914  0.000e+00
      7.073    13.5428   3.823762    31.9494        212     0.8792     2.1032  0.000e+00
      7.212    13.5532   3.824244    31.9452        213     0.8833     2.1119  0.000e+00
      7.357    13.5617   3.824953    31.9446        214     0.8875     2.1216  0.000e+00
      7.511    13.5676   3.825155    31.9414        215     0.8917     2.1296  0.000e+00
      7.663    13.5733   3.825560    31.9404        216     0.8958     2.1369  0.000e+00
      7.814    13.5796   3.825769    31.9370        217     0.9000     2.1430  0.000e+00
      7.955    13.5858   3.826102    31.9349        218     0.9042     2.1466  0.000e+00
      8.084    13.5905   3.826418    31.9338        219     0.9083     2.1504  0.000e+00
      8.219    13.5948   3.826853    31.9342        220     0.9125     2.1538  0.000e+00
      8.332    13.5982   3.826936    31.9321        221     0.9167     2.1568  0.000e+00
      8.445    13.6026   3.826936    31.9284        222     0.9208     2.1594  0.000e+00
      8.552    13.6073   3.827341    31.9282        223     0.9250     2.1629  0.000e+00
      8.646    13.6117   3.827770    31.9285        224     0.9292     2.1648  0.000e+00
      8.746    13.6145   3.828485    31.9328        225     0.9333     2.1643  0.000e+00
      8.856    13.6156   3.829206    31.9384        226     0.9375     2.1646  0.000e+00
      8.988    13.6170   3.830386    31.9482        227     0.9417     2.1630  0.000e+00
      9.131    13.6206   3.830446    31.9457        228     0.9458     2.1627  0.000e+00
      9.293    13.6260   3.830714    31.9436        229     0.9500     2.1635  0.000e+00
      9.454    13.6300   3.830964    31.9426        230     0.9542     2.1640  0.000e+00
      9.613    13.6323   3.831441    31.9450        231     0.9583     2.1651  0.000e+00
      9.774    13.6343   3.831912    31.9477        232     0.9625     2.1656  0.000e+00
      9.926    13.6372   3.831799    31.9441        233     0.9667     2.1661  0.000e+00
     10.076    13.6394   3.831304    31.9376        234     0.9708     2.1658  0.000e+00
     10.210    13.6411   3.830642    31.9300        235     0.9750     2.1636  0.000e+00
     10.338    13.6440   3.830243    31.9239        236     0.9792     2.1595  0.000e+00
     10.456    13.6477   3.831864    31.9358        237     0.9833     2.1550  0.000e+00
     10.568    13.6518   3.832150    31.9349        238     0.9875     2.1488  0.000e+00
     10.680    13.6554   3.832770    31.9376        239     0.9917     2.1410  0.000e+00
     10.788    13.6588   3.833962    31.9458        240     0.9958     2.1343  0.000e+00
     10.900    13.6641   3.834660    31.9478        241     1.0000     2.1269  0.000e+00
     11.020    13.6707   3.835238    31.9476        242     1.0042     2.1213  0.000e+00
     11.145    13.6762   3.835745    31.9477        243     1.0083     2.1187  0.000e+00
     11.293    13.6812   3.836443    31.9499        244     1.0125     2.1183  0.000e+00
     11.456    13.6850   3.837123    31.9530        245     1.0167     2.1221  0.000e+00
     11.625    13.6898   3.837081    31.9485        246     1.0208     2.1269  0.000e+00
     11.797    13.6958   3.837123    31.9439        247     1.0250     2.1298  0.000e+00
     11.982    13.7016   3.837236    31.9400        248     1.0292     2.1318  0.000e+00
     12.171    13.7069   3.837367    31.9367        249     1.0333     2.1330  0.000e+00
     12.361    13.7115   3.837785    31.9367        250     1.0375     2.1325  0.000e+00
     12.553    13.7137   3.838250    31.9391        251     1.0417     2.1318  0.000e+00
     12.750    13.7144   3.838834    31.9438        252     1.0458     2.1308  0.000e+00
     12.933    13.7182   3.839359    31.9455        253     1.0500     2.1283  0.000e+00
     13.104    13.7233   3.839747    31.9447        254     1.0542     2.1284  0.000e+00
     13.271    13.7279   3.840171    31.9447        255     1.0583     2.1289  0.000e+00
     13.422    13.7331   3.840958    31.9476        256     1.0625     2.1307  0.000e+00
     13.569    13.7399   3.840940    31.9418        257     1.0667     2.1343  0.000e+00
     13.703    13.7462   3.841000    31.9370        258     1.0708     2.1357  0.000e+00
     13.827    13.7503   3.840690    31.9307        259     1.0750     2.1395  0.000e+00
     13.945    13.7540   3.840260    31.9236        260     1.0792     2.1427  0.000e+00
     14.068    13.7560   3.839878    31.9183        261     1.0833     2.1443  0.000e+00
     14.180    13.7571   3.839890    31.9175        262     1.0875     2.1444  0.000e+00
     14.287    13.7570   3.840553    31.9237        263     1.0917     2.1420  0.000e+00
     14.397    13.7570   3.840827    31.9261        264     1.0958     2.1382  0.000e+00
     14.511    13.7573   3.840803    31.9257        265     1.1000     2.1324  0.000e+00
     14.634    13.7558   3.840785    31.9267        266     1.1042     2.1258  0.000e+00
     14.762    13.7535   3.841030    31.9308        267     1.1083     2.1186  0.000e+00
     14.894    13.7509   3.841185    31.9343        268     1.1125     2.1124  0.000e+00
     15.046    13.7497   3.841346    31.9368        269     1.1167     2.1034  0.000e+00
     15.205    13.7504   3.841663    31.9391        270     1.1208     2.0984  0.000e+00
     15.373    13.7530   3.842295    31.9427        271     1.1250     2.0925  0.000e+00
     15.557    13.7570   3.842677    31.9428        272     1.1292     2.0884  0.000e+00
     15.747    13.7604   3.842749    31.9406        273     1.1333     2.0857  0.000e+00
     15.933    13.7637   3.842534    31.9357        274     1.1375     2.0834  0.000e+00
     16.125    13.7664   3.842206    31.9304        275     1.1417     2.0842  0.000e+00
     16.315    13.7691   3.842069    31.9268        276     1.1458     2.0854  0.000e+00
     16.496    13.7712   3.842295    31.9271        277     1.1500     2.0873  0.000e+00
     16.671    13.7720   3.842182    31.9253        278     1.1542     2.0886  0.000e+00
     16.834    13.7717   3.842093    31.9246        279     1.1583     2.0883  0.000e+00
     16.987    13.7711   3.842021    31.9244        280     1.1625     2.0865  0.000e+00
     17.130    13.7708   3.841842    31.9230        281     1.1667     2.0844  0.000e+00
     17.260    13.7704   3.841639    31.9214        282     1.1708     2.0796  0.000e+00
     17.383    13.7704   3.841413    31.9192        283     1.1750     2.0743  0.000e+00
     17.501    13.7708   3.841866    31.9230        284     1.1792     2.0670  0.000e+00
     17.611    13.7717   3.842612    31.9291        285     1.1833     2.0612  0.000e+00
     17.725    13.7727   3.842678    31.9289        286     1.1875     2.0542  0.000e+00
     17.839    13.7705   3.842612    31.9301        287     1.1917     2.0468  0.000e+00
     17.958    13.7679   3.842726    31.9332        288     1.1958     2.0411  0.000e+00
     18.085    13.7660   3.842881    31.9362        289     1.2000     2.0352  0.000e+00
     18.217    13.7652   3.843173    31.9395        290     1.2042     2.0290  0.000e+00
     18.354    13.7659   3.843311    31.9401        291     1.2083     2.0234  0.000e+00
     18.501    13.7672   3.841186    31.9194        292     1.2125     2.0152  0.000e+00
     18.653    13.7688   3.853825    32.0349        293     1.2167     2.0065  0.000e+00
     18.815    13.7937   3.876094    32.2202        294     1.2208     1.9977  0.000e+00
     18.973    13.8754   3.877524    32.1648        295     1.2250     1.9928  0.000e+00
     19.123    13.9576   3.878038    32.1008        296     1.2292     2.0018  0.000e+00
     19.274    14.0190   3.878355    32.0524        297     1.2333     2.0262  0.000e+00
     19.430    14.0612   3.878696    32.0204        298     1.2375     2.0587  0.000e+00
     19.573    14.0900   3.878923    31.9985        299     1.2417     2.0965  0.000e+00
     19.725    14.1095   3.878881    31.9819        300     1.2458     2.1326  0.000e+00
     19.860    14.1220   3.878905    31.9717        301     1.2500     2.1658  0.000e+00
     19.998    14.1298   3.878905    31.9651        302     1.2542     2.1961  0.000e+00
     20.122    14.1348   3.878971    31.9616        303     1.2583     2.2216  0.000e+00
     20.251    14.1380   3.879018    31.9593        304     1.2625     2.2416  0.000e+00
     20.379    14.1401   3.878881    31.9562        305     1.2667     2.2603  0.000e+00
     20.509    14.1411   3.878719    31.9539        306     1.2708     2.2748  0.000e+00
     20.643    14.1412   3.878581    31.9525        307     1.2750     2.2873  0.000e+00
     20.791    14.1404   3.878569    31.9530        308     1.2792     2.2960  0.000e+00
     20.940    14.1398   3.878557    31.9533        309     1.2833     2.3048  0.000e+00
     21.100    14.1391   3.878516    31.9535        310     1.2875     2.3118  0.000e+00
     21.267    14.1383   3.878420    31.9531        311     1.2917     2.3182  0.000e+00
     21.435    14.1374   3.878378    31.9534        312     1.2958     2.3228  0.000e+00
     21.608    14.1367   3.878306    31.9533        313     1.3000     2.3270  0.000e+00
     21.786    14.1358   3.878049    31.9517        314     1.3042     2.3314  0.000e+00
     21.950    14.1342   3.878151    31.9538        315     1.3083     2.3341  0.000e+00
     22.120    14.1331   3.878127    31.9545        316     1.3125     2.3368  0.000e+00
     22.277    14.1324   3.877690    31.9510        317     1.3167     2.3391  0.000e+00
     22.420    14.1307   3.877438    31.9500        318     1.3208     2.3402  0.000e+00
     22.558    14.1280   3.877372    31.9516        319     1.3250     2.3410  0.000e+00
     22.681    14.1260   3.877438    31.9538        320     1.3292     2.3428  0.000e+00
     22.787    14.1244   3.877570    31.9563        321     1.3333     2.3437  0.000e+00
     22.894    14.1237   3.877624    31.9573        322     1.3375     2.3424  0.000e+00
     22.993    14.1237   3.877624    31.9573        323     1.3417     2.3440  0.000e+00
     23.098    14.1237   3.877762    31.9585        324     1.3458     2.3434  0.000e+00
     23.207    14.1242   3.877876    31.9591        325     1.3500     2.3431  0.000e+00
     23.313    14.1248   3.877852    31.9584        326     1.3542     2.3425  0.000e+00
     23.429    14.1253   3.877954    31.9588        327     1.3583     2.3433  0.000e+00
     23.559    14.1258   3.877990    31.9587        328     1.3625     2.3431  0.000e+00
     23.689    14.1263   3.878421    31.9622        329     1.3667     2.3433  0.000e+00
     23.836    14.1279   3.878655    31.9630        330     1.3708     2.3432  0.000e+00
     23.999    14.1301   3.878541    31.9601        331     1.3750     2.3438  0.000e+00
     24.165    14.1314   3.878559    31.9590        332     1.3792     2.3451  0.000e+00
     24.338    14.1322   3.878607    31.9588        333     1.3833     2.3446  0.000e+00
     24.525    14.1327   3.878523    31.9575        334     1.3875     2.3467  0.000e+00
     24.711    14.1330   3.878607    31.9580        335     1.3917     2.3456  0.000e+00
     24.910    14.1330   3.878469    31.9566        336     1.3958     2.3457  0.000e+00
     25.105    14.1329   3.878493    31.9568        337     1.4000     2.3481  0.000e+00
     25.297    14.1325   3.878445    31.9567        338     1.4042     2.3489  0.000e+00
     25.483    14.1321   3.878290    31.9555        339     1.4083     2.3484  0.000e+00
     25.658    14.1314   3.878290    31.9560        340     1.4125     2.3459  0.000e+00
     25.825    14.1308   3.878404    31.9575        341     1.4167     2.3471  0.000e+00
     25.978    14.1304   3.878494    31.9586        342     1.4208     2.3467  0.000e+00
     26.123    14.1304   3.878518    31.9587        343     1.4250     2.3464  0.000e+00
     26.260    14.1307   3.878560    31.9588        344     1.4292     2.3489  0.000e+00
     26.382    14.1313   3.878608    31.9587        345     1.4333     2.3463  0.000e+00
     26.503    14.1317   3.878697    31.9591        346     1.4375     2.3461  0.000e+00
     26.617    14.1322   3.878572    31.9576        347     1.4417     2.3492  0.000e+00
     26.716    14.1325   3.878290    31.9547        348     1.4458     2.3462  0.000e+00
     26.821    14.1313   3.878242    31.9552        349     1.4500     2.3459  0.000e+00
     26.927    14.1301   3.878218    31.9559        350     1.4542     2.3467  0.000e+00
     27.043    14.1293   3.878218    31.9565        351     1.4583     2.3460  0.000e+00
     27.157    14.1286   3.878195    31.9569        352     1.4625     2.3467  0.000e+00
     27.276    14.1281   3.878027    31.9557        353     1.4667     2.3456  0.000e+00
     27.408    14.1273   3.878039    31.9564        354     1.4708     2.3460  0.000e+00
     27.548    14.1267   3.878081    31.9573        355     1.4750     2.3463  0.000e+00
     27.700    14.1262   3.878153    31.9582        356     1.4792     2.3456  0.000e+00
     27.859    14.1258   3.878105    31.9580        357     1.4833     2.3450  0.000e+00
     28.023    14.1258   3.878039    31.9574        358     1.4875     2.3434  0.000e+00
     28.188    14.1256   3.878057    31.9577        359     1.4917     2.3434  0.000e+00
     28.352    14.1255   3.878357    31.9605        360     1.4958     2.3427  0.000e+00
     28.518    14.1260   3.878447    31.9608        361     1.5000     2.3420  0.000e+00
     28.678    14.1270   3.878471    31.9601        362     1.5042     2.3421  0.000e+00
     28.839    14.1280   3.878423    31.9588        363     1.5083     2.3427  0.000e+00
     28.998    14.1285   3.878447    31.9586        364     1.5125     2.3436  0.000e+00
     29.153    14.1286   3.878609    31.9599        365     1.5167     2.3442  0.000e+00
     29.310    14.1291   3.878812    31.9613        366     1.5208     2.3439  0.000e+00
     29.475    14.1302   3.878908    31.9612        367     1.5250     2.3435  0.000e+00
     29.641    14.1316   3.879022    31.9610        368     1.5292     2.3435  0.000e+00
     29.818    14.1327   3.879160    31.9613        369     1.5333     2.3437  0.000e+00
