HB2407/sbe023.cnv
* Sea-Bird SBE 19plus V2 Data File:
* FileName = C:\cruise\data\sbe023.hex
* Software Version Seasave V 7.26.7.121
* Temperature SN = 7143
* Conductivity SN = 7143
* System UpLoad Time = Sep 17 2024 02:25:28
* NMEA Latitude = 39 18.02 N
* NMEA Longitude = 074 15.36 W
* NMEA UTC (Time) = Sep 17 2024  02:25:45
** Ship: Bigelow
** Cruise:  HB2407
** Program:  Fall Bottom Trawl
# nquan = 7
# nvalues = 1428                                  
# units = specified
# name 0 = depSM: Depth [salt water, m]
# name 1 = tv290C: Temperature [ITS-90, deg C]
# name 2 = c0S/m: Conductivity [S/m]
# name 3 = sal00: Salinity, Practical [PSU]
# name 4 = scan: Scan Count
# name 5 = timeM: Time, Elapsed [minutes]
# name 6 = flag:  0.000e+00
# span 0 =      0.027,     17.597                 
# span 1 =    20.9433,    21.6601                 
# span 2 =  -0.000029,   4.402331                 
# span 3 =     0.0000,    30.6290                 
# span 4 =         11,       1438                 
# span 5 =     0.0417,     5.9875                 
# span 6 = 0.0000e+00, 0.0000e+00                 
# interval = seconds: 0.25
# start_time = Sep 17 2024 02:25:45 [NMEA time, header]
# bad_flag = -9.990e-29
*END*
[from data line 206]
      1.959    21.6315   4.399016    30.6092        217     0.9000  0.000e+00
      2.187    21.6312   4.398922    30.6086        218     0.9042  0.000e+00
      2.437    21.6313   4.398989    30.6089        219     0.9083  0.000e+00
      2.679    21.6316   4.399257    30.6108        220     0.9125  0.000e+00
      2.920    21.6316   4.399466    30.6123        221     0.9167  0.000e+00
      3.060    21.6324   4.399754    30.6140        222     0.9208  0.000e+00
      3.092    21.6338   4.397822    30.5979        223     0.9250  0.000e+00
      3.022    21.6353   4.400170    30.6151        224     0.9292  0.000e+00
      2.984    21.6366   4.399788    30.6112        225     0.9333  0.000e+00
      3.002    21.6377   4.381751    30.4704        226     0.9375  0.000e+00
      3.047    21.6380   4.384083    30.4883        227     0.9417  0.000e+00
      3.096    21.6380   4.398419    30.5995        228     0.9458  0.000e+00
      3.130    21.6380   4.399674    30.6093        229     0.9500  0.000e+00
      3.141    21.6380   4.399734    30.6098        230     0.9542  0.000e+00
      3.156    21.6376   4.399828    30.6108        231     0.9583  0.000e+00
      3.159    21.6375   4.399935    30.6117        232     0.9625  0.000e+00
      3.138    21.6375   4.400009    30.6123        233     0.9667  0.000e+00
      3.090    21.6376   4.399962    30.6119        234     0.9708  0.000e+00
      3.036    21.6377   4.390685    30.5398        235     0.9750  0.000e+00
      2.960    21.6380   4.326282    30.0401        236     0.9792  0.000e+00
      2.904    21.6379   4.228018    29.2804        237     0.9833  0.000e+00
      2.884    21.6374   4.221163    29.2278        238     0.9875  0.000e+00
      2.911    21.6369   4.235525    29.3390        239     0.9917  0.000e+00
      2.973    21.6365   4.398452    30.6009        240     0.9958  0.000e+00
      3.063    21.6352   4.398446    30.6018        241     1.0000  0.000e+00
      3.172    21.6326   4.398110    30.6010        242     1.0042  0.000e+00
      3.306    21.6302   4.397969    30.6016        243     1.0083  0.000e+00
      3.440    21.6287   4.398345    30.6055        244     1.0125  0.000e+00
      3.567    21.6283   4.399043    30.6111        245     1.0167  0.000e+00
      3.692    21.6295   4.399466    30.6136        246     1.0208  0.000e+00
      3.786    21.6311   4.399660    30.6139        247     1.0250  0.000e+00
      3.862    21.6333   4.399754    30.6130        248     1.0292  0.000e+00
      3.920    21.6352   4.399815    30.6122        249     1.0333  0.000e+00
      3.947    21.6368   4.399909    30.6117        250     1.0375  0.000e+00
      3.947    21.6377   4.399909    30.6111        251     1.0417  0.000e+00
      3.934    21.6382   4.399882    30.6105        252     1.0458  0.000e+00
      3.911    21.6390   4.399909    30.6102        253     1.0500  0.000e+00
      3.895    21.6393   4.399962    30.6104        254     1.0542  0.000e+00
      3.891    21.6394   4.399862    30.6095        255     1.0583  0.000e+00
      3.902    21.6392   4.399754    30.6088        256     1.0625  0.000e+00
      3.916    21.6390   4.399385    30.6061        257     1.0667  0.000e+00
      3.958    21.6386   4.398714    30.6012        258     1.0708  0.000e+00
      4.021    21.6384   4.398580    30.6002        259     1.0750  0.000e+00
      4.128    21.6371   4.398520    30.6007        260     1.0792  0.000e+00
      4.262    21.6334   4.398480    30.6029        261     1.0833  0.000e+00
      4.411    21.6299   4.398319    30.6042        262     1.0875  0.000e+00
      4.565    21.6264   4.398138    30.6052        263     1.0917  0.000e+00
      4.724    21.6237   4.398124    30.6069        264     1.0958  0.000e+00
      4.878    21.6224   4.398373    30.6098        265     1.1000  0.000e+00
      5.017    21.6220   4.398695    30.6125        266     1.1042  0.000e+00
      5.137    21.6231   4.399359    30.6168        267     1.1083  0.000e+00
      5.235    21.6258   4.399836    30.6186        268     1.1125  0.000e+00
      5.302    21.6298   4.400064    30.6175        269     1.1167  0.000e+00
      5.323    21.6330   4.400084    30.6153        270     1.1208  0.000e+00
      5.321    21.6355   4.400037    30.6132        271     1.1250  0.000e+00
      5.294    21.6371   4.399983    30.6117        272     1.1292  0.000e+00
      5.267    21.6379   4.399856    30.6102        273     1.1333  0.000e+00
      5.251    21.6388   4.399715    30.6084        274     1.1375  0.000e+00
      5.265    21.6392   4.399258    30.6046        275     1.1417  0.000e+00
      5.309    21.6392   4.398742    30.6006        276     1.1458  0.000e+00
      5.378    21.6389   4.398507    30.5989        277     1.1500  0.000e+00
      5.470    21.6385   4.398447    30.5987        278     1.1542  0.000e+00
      5.562    21.6381   4.398319    30.5979        279     1.1583  0.000e+00
      5.667    21.6380   4.398245    30.5974        280     1.1625  0.000e+00
      5.778    21.6373   4.398581    30.6005        281     1.1667  0.000e+00
      5.872    21.6366   4.398943    30.6038        282     1.1708  0.000e+00
      5.952    21.6367   4.399259    30.6061        283     1.1750  0.000e+00
      6.031    21.6369   4.399541    30.6082        284     1.1792  0.000e+00
      6.091    21.6371   4.399675    30.6091        285     1.1833  0.000e+00
      6.149    21.6370   4.399675    30.6091        286     1.1875  0.000e+00
      6.185    21.6368   4.399762    30.6099        287     1.1917  0.000e+00
      6.198    21.6371   4.399856    30.6104        288     1.1958  0.000e+00
      6.211    21.6373   4.400037    30.6117        289     1.2000  0.000e+00
      6.205    21.6377   4.400091    30.6118        290     1.2042  0.000e+00
      6.193    21.6384   4.400064    30.6111        291     1.2083  0.000e+00
      6.180    21.6388   4.400037    30.6106        292     1.2125  0.000e+00
      6.182    21.6396   4.399836    30.6085        293     1.2167  0.000e+00
      6.207    21.6396   4.399131    30.6030        294     1.2208  0.000e+00
      6.260    21.6397   4.398816    30.6005        295     1.2250  0.000e+00
      6.348    21.6388   4.398581    30.5993        296     1.2292  0.000e+00
      6.448    21.6358   4.398467    30.6005        297     1.2333  0.000e+00
      6.567    21.6324   4.398373    30.6021        298     1.2375  0.000e+00
      6.696    21.6296   4.398320    30.6037        299     1.2417  0.000e+00
      6.819    21.6277   4.398508    30.6065        300     1.2458  0.000e+00
      6.933    21.6263   4.398816    30.6098        301     1.2500  0.000e+00
      7.035    21.6261   4.398971    30.6111        302     1.2542  0.000e+00
      7.124    21.6271   4.399367    30.6134        303     1.2583  0.000e+00
      7.208    21.6287   4.399729    30.6151        304     1.2625  0.000e+00
      7.283    21.6308   4.399964    30.6154        305     1.2667  0.000e+00
      7.330    21.6328   4.400065    30.6148        306     1.2708  0.000e+00
      7.370    21.6345   4.399964    30.6128        307     1.2750  0.000e+00
      7.395    21.6354   4.399387    30.6076        308     1.2792  0.000e+00
      7.431    21.6362   4.398696    30.6017        309     1.2833  0.000e+00
      7.473    21.6366   4.398508    30.5999        310     1.2875  0.000e+00
      7.525    21.6361   4.398320    30.5988        311     1.2917  0.000e+00
      7.601    21.6333   4.398374    30.6011        312     1.2958  0.000e+00
      7.699    21.6288   4.398401    30.6045        313     1.3000  0.000e+00
      7.812    21.6250   4.398421    30.6074        314     1.3042  0.000e+00
      7.936    21.6227   4.398401    30.6088        315     1.3083  0.000e+00
      8.070    21.6217   4.398320    30.6088        316     1.3125  0.000e+00
      8.202    21.6208   4.398273    30.6091        317     1.3167  0.000e+00
      8.334    21.6198   4.398294    30.6099        318     1.3208  0.000e+00
      8.450    21.6191   4.398482    30.6118        319     1.3250  0.000e+00
      8.563    21.6186   4.398495    30.6122        320     1.3292  0.000e+00
      8.669    21.6191   4.398663    30.6132        321     1.3333  0.000e+00
      8.756    21.6210   4.399166    30.6157        322     1.3375  0.000e+00
      8.834    21.6238   4.399649    30.6174        323     1.3417  0.000e+00
      8.894    21.6268   4.400213    30.6197        324     1.3458  0.000e+00
      8.939    21.6299   4.400401    30.6189        325     1.3500  0.000e+00
      8.977    21.6338   4.401629    30.6257        326     1.3542  0.000e+00
      9.006    21.6380   4.401649    30.6228        327     1.3583  0.000e+00
      9.005    21.6407   4.401656    30.6210        328     1.3625  0.000e+00
      8.985    21.6416   4.401676    30.6205        329     1.3667  0.000e+00
      8.957    21.6422   4.401555    30.6192        330     1.3708  0.000e+00
      8.934    21.6418   4.401676    30.6204        331     1.3750  0.000e+00
      8.903    21.6422   4.401582    30.6194        332     1.3792  0.000e+00
      8.872    21.6424   4.401676    30.6200        333     1.3833  0.000e+00
      8.847    21.6426   4.401683    30.6199        334     1.3875  0.000e+00
      8.820    21.6422   4.401703    30.6204        335     1.3917  0.000e+00
      8.811    21.6424   4.401756    30.6206        336     1.3958  0.000e+00
      8.816    21.6427   4.401213    30.6162        337     1.4000  0.000e+00
      8.836    21.6426   4.401703    30.6201        338     1.4042  0.000e+00
      8.862    21.6425   4.401756    30.6206        339     1.4083  0.000e+00
      8.894    21.6425   4.401756    30.6205        340     1.4125  0.000e+00
      8.936    21.6429   4.401730    30.6200        341     1.4167  0.000e+00
      8.990    21.6432   4.401756    30.6200        342     1.4208  0.000e+00
      9.046    21.6434   4.401730    30.6196        343     1.4250  0.000e+00
      9.114    21.6431   4.401783    30.6202        344     1.4292  0.000e+00
      9.186    21.6431   4.401730    30.6198        345     1.4333  0.000e+00
      9.266    21.6435   4.401730    30.6195        346     1.4375  0.000e+00
      9.362    21.6434   4.401757    30.6197        347     1.4417  0.000e+00
      9.467    21.6430   4.401730    30.6198        348     1.4458  0.000e+00
      9.588    21.6432   4.401757    30.6198        349     1.4500  0.000e+00
      9.718    21.6429   4.401757    30.6200        350     1.4542  0.000e+00
      9.856    21.6430   4.401730    30.6197        351     1.4583  0.000e+00
     10.003    21.6431   4.401811    30.6201        352     1.4625  0.000e+00
     10.153    21.6433   4.401804    30.6199        353     1.4667  0.000e+00
     10.296    21.6436   4.401811    30.6197        354     1.4708  0.000e+00
     10.421    21.6435   4.401831    30.6199        355     1.4750  0.000e+00
     10.529    21.6438   4.401838    30.6197        356     1.4792  0.000e+00
     10.607    21.6439   4.401878    30.6199        357     1.4833  0.000e+00
     10.655    21.6439   4.401865    30.6198        358     1.4875  0.000e+00
     10.665    21.6440   4.401851    30.6196        359     1.4917  0.000e+00
     10.645    21.6440   4.401885    30.6199        360     1.4958  0.000e+00
     10.595    21.6440   4.401851    30.6197        361     1.5000  0.000e+00
     10.524    21.6440   4.401838    30.6196        362     1.5042  0.000e+00
     10.430    21.6441   4.401831    30.6195        363     1.5083  0.000e+00
     10.323    21.6438   4.401838    30.6198        364     1.5125  0.000e+00
     10.205    21.6440   4.401831    30.6196        365     1.5167  0.000e+00
     10.104    21.6439   4.401784    30.6194        366     1.5208  0.000e+00
     10.030    21.6430   4.401683    30.6193        367     1.5250  0.000e+00
      9.972    21.6427   4.401603    30.6189        368     1.5292  0.000e+00
      9.952    21.6429   4.401629    30.6190        369     1.5333  0.000e+00
      9.975    21.6431   4.401703    30.6194        370     1.5375  0.000e+00
     10.051    21.6431   4.401730    30.6196        371     1.5417  0.000e+00
     10.171    21.6430   4.401703    30.6194        372     1.5458  0.000e+00
     10.336    21.6427   4.401703    30.6195        373     1.5500  0.000e+00
     10.524    21.6426   4.401703    30.6196        374     1.5542  0.000e+00
     10.740    21.6427   4.401683    30.6193        375     1.5583  0.000e+00
     10.962    21.6426   4.401630    30.6189        376     1.5625  0.000e+00
     11.172    21.6425   4.401757    30.6198        377     1.5667  0.000e+00
     11.359    21.6426   4.401784    30.6199        378     1.5708  0.000e+00
     11.517    21.6426   4.401805    30.6200        379     1.5750  0.000e+00
     11.638    21.6428   4.401784    30.6197        380     1.5792  0.000e+00
     11.719    21.6431   4.401939    30.6207        381     1.5833  0.000e+00
     11.770    21.6431   4.402006    30.6212        382     1.5875  0.000e+00
     11.779    21.6429   4.401993    30.6212        383     1.5917  0.000e+00
     11.756    21.6431   4.402006    30.6211        384     1.5958  0.000e+00
     11.709    21.6434   4.402019    30.6210        385     1.6000  0.000e+00
     11.631    21.6437   4.402026    30.6209        386     1.6042  0.000e+00
     11.524    21.6440   4.402073    30.6211        387     1.6083  0.000e+00
     11.373    21.6445   4.402053    30.6206        388     1.6125  0.000e+00
     11.214    21.6444   4.402019    30.6205        389     1.6167  0.000e+00
     11.064    21.6445   4.402006    30.6204        390     1.6208  0.000e+00
     10.935    21.6440   4.402019    30.6209        391     1.6250  0.000e+00
     10.836    21.6442   4.401878    30.6197        392     1.6292  0.000e+00
     10.780    21.6437   4.401992    30.6209        393     1.6333  0.000e+00
     10.759    21.6441   4.402006    30.6207        394     1.6375  0.000e+00
     10.797    21.6439   4.401965    30.6206        395     1.6417  0.000e+00
     10.885    21.6442   4.401979    30.6204        396     1.6458  0.000e+00
     11.006    21.6441   4.401965    30.6204        397     1.6500  0.000e+00
     11.147    21.6439   4.401932    30.6202        398     1.6542  0.000e+00
     11.314    21.6439   4.401992    30.6206        399     1.6583  0.000e+00
     11.486    21.6440   4.402026    30.6207        400     1.6625  0.000e+00
     11.661    21.6440   4.402046    30.6208        401     1.6667  0.000e+00
     11.832    21.6442   4.401979    30.6201        402     1.6708  0.000e+00
     12.000    21.6440   4.401885    30.6195        403     1.6750  0.000e+00
     12.167    21.6440   4.401979    30.6202        404     1.6792  0.000e+00
     12.337    21.6438   4.402020    30.6206        405     1.6833  0.000e+00
     12.502    21.6436   4.401932    30.6200        406     1.6875  0.000e+00
     12.656    21.6439   4.401785    30.6186        407     1.6917  0.000e+00
     12.782    21.6438   4.401832    30.6190        408     1.6958  0.000e+00
     12.893    21.6435   4.401966    30.6202        409     1.7000  0.000e+00
     12.985    21.6430   4.402054    30.6212        410     1.7042  0.000e+00
     13.054    21.6425   4.401866    30.6201        411     1.7083  0.000e+00
     13.106    21.6422   4.402007    30.6214        412     1.7125  0.000e+00
     13.126    21.6422   4.401886    30.6204        413     1.7167  0.000e+00
     13.117    21.6426   4.401805    30.6196        414     1.7208  0.000e+00
     13.088    21.6428   4.401839    30.6197        415     1.7250  0.000e+00
     13.043    21.6430   4.401953    30.6204        416     1.7292  0.000e+00
     12.969    21.6428   4.401812    30.6195        417     1.7333  0.000e+00
     12.891    21.6427   4.401684    30.6186        418     1.7375  0.000e+00
     12.800    21.6429   4.401678    30.6185        419     1.7417  0.000e+00
     12.706    21.6432   4.401651    30.6180        420     1.7458  0.000e+00
