HB2407/sbe021.cnv
* Sea-Bird SBE 19plus V2 Data File:
* FileName = C:\cruise\data\sbe021.hex
* Software Version Seasave V 7.26.7.121
* Temperature SN = 7143
* Conductivity SN = 7143
* System UpLoad Time = Sep 16 2024 23:15:48
* NMEA Latitude = 39 17.42 N
* NMEA Longitude = 074 04.57 W
* NMEA UTC (Time) = Sep 16 2024  23:16:05
** Ship: Bigelow
** Cruise:  HB2407
** Program:  Fall Bottom Trawl
# nquan = 7
# nvalues = 1405                                  
# units = specified
# name 0 = depSM: Depth [salt water, m]
# name 1 = tv290C: Temperature [ITS-90, deg C]
# name 2 = c0S/m: Conductivity [S/m]
# name 3 = sal00: Salinity, Practical [PSU]
# name 4 = scan: Scan Count
# name 5 = timeM: Time, Elapsed [minutes]
# name 6 = flag:  0.000e+00
# span 0 =      0.024,     25.826                 
# span 1 =    17.1941,    21.5994                 
# span 2 =  -0.000009,   4.597463                 
# span 3 =     0.0000,    32.3988                 
# span 4 =         11,       1415                 
# span 5 =     0.0417,     5.8917                 
# span 6 = 0.0000e+00, 0.0000e+00                 
# interval = seconds: 0.25
# start_time = Sep 16 2024 23:16:05 [NMEA time, header]
# bad_flag = -9.990e-29
*END*
[from data line 206]
      0.044    21.4453   0.000036     0.0106        217     0.9000  0.000e+00
      0.044    21.4446   0.000036     0.0106        218     0.9042  0.000e+00
      0.049    21.4439   0.000036     0.0106        219     0.9083  0.000e+00
      0.053    21.4427   0.000036     0.0106        220     0.9125  0.000e+00
      0.051    21.4415   0.000030     0.0106        221     0.9167  0.000e+00
      0.047    21.4406   0.000036     0.0106        222     0.9208  0.000e+00
      0.047    21.4392   0.000030     0.0106        223     0.9250  0.000e+00
      0.053    21.4381   0.000036     0.0106        224     0.9292  0.000e+00
      0.060    21.4363   0.000030     0.0106        225     0.9333  0.000e+00
      0.056    21.4338   0.000030     0.0106        226     0.9375  0.000e+00
      0.049    21.4316   0.000042     0.0105        227     0.9417  0.000e+00
      0.207    21.4299   0.000042     0.0105        228     0.9458  0.000e+00
      0.516    21.4326   0.000002     0.0108        229     0.9500  0.000e+00
      0.799    21.4246  -0.000003     0.0000        230     0.9542  0.000e+00
      1.056    21.3916  -0.000009     0.0000        231     0.9583  0.000e+00
      1.286    21.3584   0.383058     2.1887        232     0.9625  0.000e+00
      1.380    21.3362   0.955111     5.8120        233     0.9667  0.000e+00
      1.534    21.3224   1.961394    12.6679        234     0.9708  0.000e+00
      1.559    21.3147   3.684072    25.3144        235     0.9750  0.000e+00
      1.465    21.3127   4.536016    31.9118        236     0.9792  0.000e+00
      1.246    21.3148   4.435311    31.1196        237     0.9833  0.000e+00
      0.978    21.3162   4.407203    30.8985        238     0.9875  0.000e+00
      0.786    21.3146   2.846801    19.0460        239     0.9917  0.000e+00
      0.674    21.3143   3.848631    26.5722        240     0.9958  0.000e+00
      0.592    21.3144   4.491063    31.5575        241     1.0000  0.000e+00
      0.549    21.3123   3.923708    27.1498        242     1.0042  0.000e+00
      0.609    21.3091   4.597463    32.3988        243     1.0083  0.000e+00
      0.804    21.3050   4.495071    31.5958        244     1.0125  0.000e+00
      1.096    21.3006   4.566362    32.1599        245     1.0167  0.000e+00
      1.447    21.2971   4.565742    32.1575        246     1.0208  0.000e+00
      1.815    21.2953   4.542142    31.9729        247     1.0250  0.000e+00
      2.070    21.2986   4.487044    31.5370        248     1.0292  0.000e+00
      2.324    21.3047   4.474513    31.4341        249     1.0333  0.000e+00
      2.573    21.3103   4.470756    31.4005        250     1.0375  0.000e+00
      2.829    21.3146   4.468675    31.3809        251     1.0417  0.000e+00
      3.091    21.3170   4.468121    31.3747        252     1.0458  0.000e+00
      3.319    21.3187   4.466068    31.3573        253     1.0500  0.000e+00
      3.452    21.3197   4.465792    31.3544        254     1.0542  0.000e+00
      3.582    21.3202   4.463941    31.3394        255     1.0583  0.000e+00
      3.642    21.3206   4.461660    31.3212        256     1.0625  0.000e+00
      3.540    21.3207   4.461410    31.3192        257     1.0667  0.000e+00
      3.316    21.3205   4.461255    31.3182        258     1.0708  0.000e+00
      3.079    21.3206   4.461052    31.3166        259     1.0750  0.000e+00
      2.861    21.3211   4.460775    31.3142        260     1.0792  0.000e+00
      2.639    21.3211   4.460829    31.3147        261     1.0833  0.000e+00
      2.432    21.3212   4.460944    31.3155        262     1.0875  0.000e+00
      2.269    21.3221   4.388269    30.7457        263     1.0917  0.000e+00
      2.197    21.3224   4.415917    30.9618        264     1.0958  0.000e+00
      2.258    21.3221   4.460748    31.3134        265     1.1000  0.000e+00
      2.396    21.3211   4.460788    31.3144        266     1.1042  0.000e+00
      2.562    21.3198   4.460802    31.3154        267     1.1083  0.000e+00
      2.738    21.3189   4.461079    31.3182        268     1.1125  0.000e+00
      2.923    21.3187   4.461315    31.3201        269     1.1167  0.000e+00
      3.108    21.3194   4.461032    31.3173        270     1.1208  0.000e+00
      3.287    21.3203   4.461383    31.3193        271     1.1250  0.000e+00
      3.450    21.3213   4.461450    31.3191        272     1.1292  0.000e+00
      3.606    21.3215   4.461437    31.3188        273     1.1333  0.000e+00
      3.731    21.3222   4.461471    31.3186        274     1.1375  0.000e+00
      3.814    21.3224   4.461457    31.3182        275     1.1417  0.000e+00
      3.877    21.3220   4.461383    31.3180        276     1.1458  0.000e+00
      3.922    21.3222   4.459095    31.2998        277     1.1500  0.000e+00
      3.979    21.3221   4.442634    31.1709        278     1.1542  0.000e+00
      4.053    21.3221   4.446739    31.2030        279     1.1583  0.000e+00
      4.138    21.3220   4.455620    31.2727        280     1.1625  0.000e+00
      4.236    21.3213   4.456983    31.2838        281     1.1667  0.000e+00
      4.335    21.3210   4.456558    31.2807        282     1.1708  0.000e+00
      4.437    21.3202   4.455114    31.2699        283     1.1750  0.000e+00
      4.536    21.3200   4.454575    31.2658        284     1.1792  0.000e+00
      4.625    21.3199   4.454359    31.2642        285     1.1833  0.000e+00
      4.694    21.3199   4.454028    31.2616        286     1.1875  0.000e+00
      4.741    21.3195   4.454204    31.2632        287     1.1917  0.000e+00
      4.779    21.3196   4.454507    31.2655        288     1.1958  0.000e+00
      4.788    21.3199   4.454683    31.2667        289     1.2000  0.000e+00
      4.783    21.3201   4.454811    31.2675        290     1.2042  0.000e+00
      4.757    21.3196   4.454885    31.2685        291     1.2083  0.000e+00
      4.730    21.3193   4.455000    31.2696        292     1.2125  0.000e+00
      4.697    21.3188   4.455087    31.2706        293     1.2167  0.000e+00
      4.681    21.3185   4.454865    31.2691        294     1.2208  0.000e+00
      4.681    21.3182   4.454447    31.2661        295     1.2250  0.000e+00
      4.705    21.3179   4.454359    31.2656        296     1.2292  0.000e+00
      4.743    21.3177   4.454366    31.2658        297     1.2333  0.000e+00
      4.792    21.3176   4.454406    31.2662        298     1.2375  0.000e+00
      4.839    21.3180   4.454534    31.2669        299     1.2417  0.000e+00
      4.869    21.3186   4.454811    31.2685        300     1.2458  0.000e+00
      4.898    21.3192   4.454959    31.2693        301     1.2500  0.000e+00
      4.924    21.3202   4.455155    31.2701        302     1.2542  0.000e+00
      4.949    21.3216   4.455216    31.2695        303     1.2583  0.000e+00
      4.992    21.3226   4.455114    31.2680        304     1.2625  0.000e+00
      5.040    21.3234   4.455081    31.2671        305     1.2667  0.000e+00
      5.094    21.3238   4.455114    31.2671        306     1.2708  0.000e+00
      5.145    21.3238   4.455209    31.2678        307     1.2750  0.000e+00
      5.208    21.3239   4.455189    31.2676        308     1.2792  0.000e+00
      5.293    21.3236   4.455216    31.2680        309     1.2833  0.000e+00
      5.402    21.3232   4.455290    31.2688        310     1.2875  0.000e+00
      5.525    21.3230   4.455391    31.2697        311     1.2917  0.000e+00
      5.657    21.3221   4.455493    31.2711        312     1.2958  0.000e+00
      5.786    21.3213   4.455607    31.2726        313     1.3000  0.000e+00
      5.912    21.3207   4.455769    31.2742        314     1.3042  0.000e+00
      6.041    21.3205   4.455844    31.2749        315     1.3083  0.000e+00
      6.151    21.3195   4.455823    31.2755        316     1.3125  0.000e+00
      6.247    21.3173   4.455796    31.2768        317     1.3167  0.000e+00
      6.309    21.3138   4.455763    31.2791        318     1.3208  0.000e+00
      6.323    21.3099   4.455695    31.2814        319     1.3250  0.000e+00
      6.304    21.3056   4.455662    31.2843        320     1.3292  0.000e+00
      6.264    21.2999   4.455520    31.2873        321     1.3333  0.000e+00
      6.215    21.2939   4.455419    31.2909        322     1.3375  0.000e+00
      6.157    21.2883   4.455237    31.2936        323     1.3417  0.000e+00
      6.086    21.2837   4.455142    31.2962        324     1.3458  0.000e+00
      6.016    21.2805   4.454684    31.2950        325     1.3500  0.000e+00
      5.943    21.2794   4.454434    31.2938        326     1.3542  0.000e+00
      5.878    21.2806   4.454609    31.2944        327     1.3583  0.000e+00
      5.844    21.2838   4.454738    31.2930        328     1.3625  0.000e+00
      5.833    21.2869   4.454765    31.2910        329     1.3667  0.000e+00
      5.867    21.2896   4.454576    31.2875        330     1.3708  0.000e+00
      5.940    21.2915   4.454684    31.2870        331     1.3750  0.000e+00
      6.048    21.2930   4.454987    31.2882        332     1.3792  0.000e+00
      6.193    21.2942   4.455129    31.2884        333     1.3833  0.000e+00
      6.365    21.2951   4.455365    31.2895        334     1.3875  0.000e+00
      6.557    21.2957   4.455709    31.2918        335     1.3917  0.000e+00
      6.762    21.2968   4.456128    31.2941        336     1.3958  0.000e+00
      6.985    21.2970   4.456229    31.2947        337     1.4000  0.000e+00
      7.226    21.2957   4.456323    31.2964        338     1.4042  0.000e+00
      7.466    21.2942   4.456378    31.2978        339     1.4083  0.000e+00
      7.711    21.2940   4.457140    31.3039        340     1.4125  0.000e+00
      7.952    21.2947   4.457801    31.3085        341     1.4167  0.000e+00
      8.173    21.2967   4.458348    31.3112        342     1.4208  0.000e+00
      8.339    21.2995   4.458935    31.3137        343     1.4250  0.000e+00
      8.430    21.3028   4.458706    31.3095        344     1.4292  0.000e+00
      8.468    21.3050   4.458679    31.3077        345     1.4333  0.000e+00
      8.471    21.3064   4.458591    31.3060        346     1.4375  0.000e+00
      8.446    21.3044   4.458348    31.3056        347     1.4417  0.000e+00
      8.397    21.2997   4.458011    31.3063        348     1.4458  0.000e+00
      8.326    21.2940   4.457842    31.3092        349     1.4500  0.000e+00
      8.236    21.2890   4.457795    31.3124        350     1.4542  0.000e+00
      8.133    21.2855   4.457748    31.3147        351     1.4583  0.000e+00
      8.037    21.2836   4.457869    31.3170        352     1.4625  0.000e+00
      7.939    21.2845   4.457896    31.3167        353     1.4667  0.000e+00
      7.861    21.2875   4.458038    31.3156        354     1.4708  0.000e+00
      7.805    21.2908   4.458071    31.3134        355     1.4750  0.000e+00
      7.779    21.2933   4.458038    31.3114        356     1.4792  0.000e+00
      7.801    21.2947   4.457970    31.3098        357     1.4833  0.000e+00
      7.857    21.2958   4.458173    31.3106        358     1.4875  0.000e+00
      7.959    21.2967   4.458301    31.3109        359     1.4917  0.000e+00
      8.095    21.2970   4.458328    31.3109        360     1.4958  0.000e+00
      8.256    21.2975   4.458247    31.3098        361     1.5000  0.000e+00
      8.450    21.2977   4.458301    31.3100        362     1.5042  0.000e+00
      8.669    21.2979   4.458449    31.3110        363     1.5083  0.000e+00
      8.901    21.2976   4.458517    31.3117        364     1.5125  0.000e+00
      9.142    21.2967   4.458477    31.3119        365     1.5167  0.000e+00
      9.375    21.2947   4.458430    31.3129        366     1.5208  0.000e+00
      9.598    21.2927   4.458382    31.3140        367     1.5250  0.000e+00
      9.797    21.2898   4.458376    31.3160        368     1.5292  0.000e+00
      9.967    21.2870   4.458437    31.3184        369     1.5333  0.000e+00
     10.081    21.2836   4.458477    31.3212        370     1.5375  0.000e+00
     10.145    21.2802   4.458450    31.3234        371     1.5417  0.000e+00
     10.185    21.2771   4.458909    31.3293        372     1.5458  0.000e+00
     10.197    21.2762   4.459564    31.3351        373     1.5500  0.000e+00
     10.213    21.2758   4.459996    31.3387        374     1.5542  0.000e+00
     10.228    21.2757   4.460475    31.3426        375     1.5583  0.000e+00
     10.241    21.2753   4.460907    31.3463        376     1.5625  0.000e+00
     10.264    21.2753   4.461238    31.3489        377     1.5667  0.000e+00
     10.291    21.2756   4.461386    31.3498        378     1.5708  0.000e+00
     10.357    21.2760   4.461285    31.3487        379     1.5750  0.000e+00
     10.453    21.2760   4.460603    31.3433        380     1.5792  0.000e+00
     10.572    21.2766   4.460273    31.3402        381     1.5833  0.000e+00
     10.721    21.2765   4.460313    31.3406        382     1.5875  0.000e+00
     10.878    21.2767   4.460529    31.3421        383     1.5917  0.000e+00
     11.039    21.2773   4.461184    31.3467        384     1.5958  0.000e+00
     11.200    21.2779   4.461792    31.3510        385     1.6000  0.000e+00
     11.358    21.2776   4.462224    31.3546        386     1.6042  0.000e+00
     11.506    21.2792   4.463135    31.3606        387     1.6083  0.000e+00
     11.635    21.2820   4.464445    31.3687        388     1.6125  0.000e+00
     11.747    21.2857   4.465492    31.3742        389     1.6167  0.000e+00
     11.841    21.2899   4.466505    31.3790        390     1.6208  0.000e+00
     11.923    21.2942   4.467491    31.3836        391     1.6250  0.000e+00
     12.001    21.2977   4.468457    31.3886        392     1.6292  0.000e+00
     12.062    21.3015   4.469287    31.3923        393     1.6333  0.000e+00
     12.127    21.3043   4.470051    31.3963        394     1.6375  0.000e+00
     12.189    21.3070   4.470787    31.4000        395     1.6417  0.000e+00
     12.256    21.3092   4.471436    31.4035        396     1.6458  0.000e+00
     12.316    21.3114   4.472159    31.4076        397     1.6500  0.000e+00
     12.381    21.3135   4.472665    31.4100        398     1.6542  0.000e+00
     12.444    21.3152   4.473057    31.4118        399     1.6583  0.000e+00
     12.508    21.3163   4.473253    31.4125        400     1.6625  0.000e+00
     12.562    21.3170   4.473253    31.4120        401     1.6667  0.000e+00
     12.622    21.3176   4.473139    31.4106        402     1.6708  0.000e+00
     12.673    21.3182   4.473328    31.4116        403     1.6750  0.000e+00
     12.730    21.3186   4.473666    31.4140        404     1.6792  0.000e+00
     12.778    21.3188   4.473882    31.4155        405     1.6833  0.000e+00
     12.832    21.3189   4.474010    31.4164        406     1.6875  0.000e+00
     12.893    21.3193   4.473983    31.4159        407     1.6917  0.000e+00
     12.960    21.3199   4.473328    31.4103        408     1.6958  0.000e+00
     13.033    21.3194   4.471679    31.3977        409     1.7000  0.000e+00
     13.114    21.3196   4.470247    31.3863        410     1.7042  0.000e+00
     13.219    21.3197   4.469571    31.3809        411     1.7083  0.000e+00
     13.337    21.3192   4.468504    31.3729        412     1.7125  0.000e+00
     13.471    21.3185   4.469659    31.3824        413     1.7167  0.000e+00
     13.629    21.3174   4.479831    31.4630        414     1.7208  0.000e+00
     13.801    21.3174   4.482604    31.4847        415     1.7250  0.000e+00
     13.987    21.3186   4.482543    31.4832        416     1.7292  0.000e+00
     14.183    21.3198   4.482706    31.4836        417     1.7333  0.000e+00
     14.382    21.3202   4.483267    31.4876        418     1.7375  0.000e+00
     14.578    21.3203   4.483531    31.4896        419     1.7417  0.000e+00
     14.771    21.3199   4.484004    31.4936        420     1.7458  0.000e+00
