HB2407/sbe081.cnv
* Sea-Bird SBE 19plus V2 Data File:
* FileName = C:\cruise\data\sbe081.hex
* Software Version Seasave V 7.26.7.121
* Temperature SN = 7143
* Conductivity SN = 7143
* System UpLoad Time = Oct 12 2024 14:22:06
* NMEA Latitude = 40 57.46 N
* NMEA Longitude = 067 47.43 W
* NMEA UTC (Time) = Oct 12 2024  14:21:53
** Ship: Bigelow
** Cruise:  HB2407
** Program:  Fall Bottom Trawl
# nquan = 7
# nvalues = 1355                                  
# units = specified
# name 0 = depSM: Depth [salt water, m]
# name 1 = tv290C: Temperature [ITS-90, deg C]
# name 2 = c0S/m: Conductivity [S/m]
# name 3 = sal00: Salinity, Practical [PSU]
# name 4 = scan: Scan Count
# name 5 = timeM: Time, Elapsed [minutes]
# name 6 = flag:  0.000e+00
# span 0 =     -0.171,     51.455                 
# span 1 =    13.5340,    16.2801                 
# span 2 =   0.000036,   4.009427                 
# span 3 =     0.0082,    32.5712                 
# span 4 =         11,       1365                 
# span 5 =     0.0417,     5.6833                 
# span 6 = 0.0000e+00, 0.0000e+00                 
# interval = seconds: 0.25
# start_time = Oct 12 2024 14:21:53 [NMEA time, header]
# bad_flag = -9.990e-29
*END*
[from data line 411]
     48.942    13.5449   3.842691    32.1073        422     1.7542  0.000e+00
     48.911    13.5453   3.842621    32.1063        423     1.7583  0.000e+00
     48.885    13.5461   3.842621    32.1057        424     1.7625  0.000e+00
     48.860    13.5460   3.842690    32.1064        425     1.7667  0.000e+00
     48.844    13.5463   3.842874    32.1078        426     1.7708  0.000e+00
     48.813    13.5469   3.843014    32.1086        427     1.7750  0.000e+00
     48.791    13.5487   3.843369    32.1105        428     1.7792  0.000e+00
     48.769    13.5513   3.843452    32.1090        429     1.7833  0.000e+00
     48.742    13.5536   3.843591    32.1084        430     1.7875  0.000e+00
     48.722    13.5556   3.843871    32.1093        431     1.7917  0.000e+00
     48.704    13.5578   3.843617    32.1051        432     1.7958  0.000e+00
     48.683    13.5587   3.843706    32.1052        433     1.8000  0.000e+00
     48.664    13.5588   3.844036    32.1082        434     1.8042  0.000e+00
     48.641    13.5604   3.843337    32.1004        435     1.8083  0.000e+00
     48.614    13.5596   3.842855    32.0966        436     1.8125  0.000e+00
     48.568    13.5556   3.842785    32.0993        437     1.8167  0.000e+00
     48.520    13.5523   3.842735    32.1016        438     1.8208  0.000e+00
     48.464    13.5502   3.842754    32.1036        439     1.8250  0.000e+00
     48.389    13.5490   3.842735    32.1045        440     1.8292  0.000e+00
     48.310    13.5490   3.842874    32.1058        441     1.8333  0.000e+00
     48.217    13.5491   3.842874    32.1058        442     1.8375  0.000e+00
     48.125    13.5494   3.842900    32.1057        443     1.8417  0.000e+00
     48.025    13.5499   3.843039    32.1067        444     1.8458  0.000e+00
     47.917    13.5501   3.843242    32.1084        445     1.8500  0.000e+00
     47.812    13.5518   3.843337    32.1080        446     1.8542  0.000e+00
     47.708    13.5532   3.842944    32.1031        447     1.8583  0.000e+00
     47.605    13.5531   3.842988    32.1037        448     1.8625  0.000e+00
     47.515    13.5523   3.842899    32.1035        449     1.8667  0.000e+00
     47.433    13.5515   3.842842    32.1037        450     1.8708  0.000e+00
     47.364    13.5511   3.842899    32.1046        451     1.8750  0.000e+00
     47.306    13.5510   3.842918    32.1049        452     1.8792  0.000e+00
     47.268    13.5507   3.843058    32.1064        453     1.8833  0.000e+00
     47.241    13.5511   3.843153    32.1070        454     1.8875  0.000e+00
     47.226    13.5522   3.843381    32.1082        455     1.8917  0.000e+00
     47.219    13.5538   3.843350    32.1066        456     1.8958  0.000e+00
     47.210    13.5553   3.843223    32.1042        457     1.9000  0.000e+00
     47.197    13.5553   3.843197    32.1040        458     1.9042  0.000e+00
     47.188    13.5550   3.843337    32.1055        459     1.9083  0.000e+00
     47.176    13.5556   3.843635    32.1078        460     1.9125  0.000e+00
     47.156    13.5569   3.844295    32.1128        461     1.9167  0.000e+00
     47.125    13.5608   3.845945    32.1249        462     1.9208  0.000e+00
     47.086    13.5701   3.846986    32.1268        463     1.9250  0.000e+00
     47.024    13.5831   3.847221    32.1181        464     1.9292  0.000e+00
     46.952    13.5929   3.847748    32.1148        465     1.9333  0.000e+00
     46.866    13.5997   3.846611    32.0986        466     1.9375  0.000e+00
     46.765    13.6011   3.846268    32.0942        467     1.9417  0.000e+00
     46.652    13.5985   3.846573    32.0993        468     1.9458  0.000e+00
     46.536    13.5968   3.846916    32.1040        469     1.9500  0.000e+00
     46.422    13.5982   3.847405    32.1073        470     1.9542  0.000e+00
     46.317    13.6014   3.847519    32.1058        471     1.9583  0.000e+00
     46.218    13.6044   3.846922    32.0978        472     1.9625  0.000e+00
     46.142    13.6045   3.847195    32.1002        473     1.9667  0.000e+00
     46.075    13.6038   3.847424    32.1029        474     1.9708  0.000e+00
     46.033    13.6049   3.847684    32.1044        475     1.9750  0.000e+00
     46.002    13.6072   3.848655    32.1116        476     1.9792  0.000e+00
     45.990    13.6123   3.848687    32.1076        477     1.9833  0.000e+00
     45.993    13.6172   3.847563    32.0930        478     1.9875  0.000e+00
     45.997    13.6159   3.847360    32.0922        479     1.9917  0.000e+00
     46.000    13.6122   3.847842    32.0998        480     1.9958  0.000e+00
     46.008    13.6112   3.848306    32.1049        481     2.0000  0.000e+00
     45.997    13.6131   3.848357    32.1038        482     2.0042  0.000e+00
     45.988    13.6158   3.848534    32.1033        483     2.0083  0.000e+00
     45.963    13.6178   3.848560    32.1018        484     2.0125  0.000e+00
     45.932    13.6195   3.849068    32.1051        485     2.0167  0.000e+00
     45.876    13.6224   3.849417    32.1059        486     2.0208  0.000e+00
     45.800    13.6259   3.849087    32.0999        487     2.0250  0.000e+00
     45.704    13.6273   3.848998    32.0980        488     2.0292  0.000e+00
     45.595    13.6275   3.849302    32.1007        489     2.0333  0.000e+00
     45.475    13.6285   3.849575    32.1025        490     2.0375  0.000e+00
     45.334    13.6304   3.849969    32.1046        491     2.0417  0.000e+00
     45.191    13.6335   3.849658    32.0992        492     2.0458  0.000e+00
     45.035    13.6354   3.849181    32.0932        493     2.0500  0.000e+00
     44.880    13.6338   3.849181    32.0946        494     2.0542  0.000e+00
     44.737    13.6321   3.849531    32.0993        495     2.0583  0.000e+00
     44.599    13.6318   3.850293    32.1067        496     2.0625  0.000e+00
     44.483    13.6358   3.850451    32.1049        497     2.0667  0.000e+00
     44.385    13.6398   3.850756    32.1043        498     2.0708  0.000e+00
     44.300    13.6434   3.850737    32.1012        499     2.0750  0.000e+00
     44.237    13.6462   3.850407    32.0958        500     2.0792  0.000e+00
     44.188    13.6464   3.850667    32.0981        501     2.0833  0.000e+00
     44.150    13.6467   3.850476    32.0961        502     2.0875  0.000e+00
     44.121    13.6470   3.850387    32.0950        503     2.0917  0.000e+00
     44.092    13.6460   3.850064    32.0929        504     2.0958  0.000e+00
     44.062    13.6439   3.849365    32.0881        505     2.1000  0.000e+00
     44.020    13.6400   3.849416    32.0919        506     2.1042  0.000e+00
     43.971    13.6361   3.849626    32.0971        507     2.1083  0.000e+00
     43.909    13.6354   3.849727    32.0987        508     2.1125  0.000e+00
     43.819    13.6360   3.849695    32.0980        509     2.1167  0.000e+00
     43.723    13.6360   3.849810    32.0990        510     2.1208  0.000e+00
     43.611    13.6363   3.849879    32.0995        511     2.1250  0.000e+00
     43.488    13.6373   3.849898    32.0988        512     2.1292  0.000e+00
     43.357    13.6382   3.850190    32.1008        513     2.1333  0.000e+00
     43.234    13.6395   3.850737    32.1049        514     2.1375  0.000e+00
     43.107    13.6431   3.851194    32.1062        515     2.1417  0.000e+00
     42.988    13.6480   3.851517    32.1051        516     2.1458  0.000e+00
     42.868    13.6529   3.852102    32.1065        517     2.1500  0.000e+00
     42.754    13.6582   3.852089    32.1019        518     2.1542  0.000e+00
     42.647    13.6625   3.853092    32.1077        519     2.1583  0.000e+00
     42.537    13.6682   3.855062    32.1212        520     2.1625  0.000e+00
     42.435    13.6808   3.855455    32.1143        521     2.1667  0.000e+00
     42.345    13.6931   3.855913    32.1083        522     2.1708  0.000e+00
     42.254    13.7022   3.856059    32.1021        523     2.1750  0.000e+00
     42.177    13.7086   3.857037    32.1058        524     2.1792  0.000e+00
     42.113    13.7162   3.856364    32.0933        525     2.1833  0.000e+00
     42.054    13.7194   3.855321    32.0810        526     2.1875  0.000e+00
     41.996    13.7158   3.855385    32.0845        527     2.1917  0.000e+00
     41.947    13.7120   3.855061    32.0847        528     2.1958  0.000e+00
     41.894    13.7088   3.855131    32.0881        529     2.2000  0.000e+00
     41.842    13.7067   3.855061    32.0892        530     2.2042  0.000e+00
     41.791    13.7056   3.856249    32.1012        531     2.2083  0.000e+00
     41.751    13.7086   3.855582    32.0925        532     2.2125  0.000e+00
     41.719    13.7112   3.855550    32.0900        533     2.2167  0.000e+00
     41.692    13.7105   3.855455    32.0897        534     2.2208  0.000e+00
     41.679    13.7104   3.855665    32.0918        535     2.2250  0.000e+00
     41.659    13.7105   3.856757    32.1018        536     2.2292  0.000e+00
     41.637    13.7152   3.857711    32.1067        537     2.2333  0.000e+00
     41.608    13.7236   3.858333    32.1055        538     2.2375  0.000e+00
     41.572    13.7319   3.858174    32.0971        539     2.2417  0.000e+00
     41.532    13.7373   3.858123    32.0921        540     2.2458  0.000e+00
     41.489    13.7399   3.857748    32.0865        541     2.2500  0.000e+00
     41.451    13.7392   3.857685    32.0865        542     2.2542  0.000e+00
     41.407    13.7380   3.857126    32.0823        543     2.2583  0.000e+00
     41.368    13.7341   3.856363    32.0785        544     2.2625  0.000e+00
     41.321    13.7293   3.856084    32.0800        545     2.2667  0.000e+00
     41.264    13.7238   3.856001    32.0839        546     2.2708  0.000e+00
     41.206    13.7200   3.856643    32.0930        547     2.2750  0.000e+00
     41.145    13.7196   3.856522    32.0923        548     2.2792  0.000e+00
     41.072    13.7212   3.856713    32.0927        549     2.2833  0.000e+00
     40.989    13.7222   3.857221    32.0966        550     2.2875  0.000e+00
     40.911    13.7249   3.857462    32.0966        551     2.2917  0.000e+00
     40.821    13.7289   3.857869    32.0971        552     2.2958  0.000e+00
     40.732    13.7327   3.856967    32.0856        553     2.3000  0.000e+00
     40.647    13.7329   3.856293    32.0792        554     2.3042  0.000e+00
     40.560    13.7279   3.857532    32.0949        555     2.3083  0.000e+00
     40.480    13.7285   3.860259    32.1197        556     2.3125  0.000e+00
     40.415    13.7418   3.860704    32.1127        557     2.3167  0.000e+00
     40.359    13.7561   3.860608    32.0998        558     2.3208  0.000e+00
     40.306    13.7645   3.860792    32.0945        559     2.3250  0.000e+00
     40.269    13.7697   3.861009    32.0922        560     2.3292  0.000e+00
     40.231    13.7739   3.860862    32.0874        561     2.3333  0.000e+00
     40.196    13.7753   3.860958    32.0871        562     2.3375  0.000e+00
     40.158    13.7763   3.861027    32.0869        563     2.3417  0.000e+00
     40.113    13.7772   3.861320    32.0889        564     2.3458  0.000e+00
     40.057    13.7786   3.861167    32.0863        565     2.3500  0.000e+00
     39.981    13.7797   3.861491    32.0884        566     2.3542  0.000e+00
     39.897    13.7809   3.861816    32.0904        567     2.3583  0.000e+00
     39.794    13.7839   3.862114    32.0907        568     2.3625  0.000e+00
     39.680    13.7869   3.862318    32.0902        569     2.3667  0.000e+00
     39.555    13.7899   3.862419    32.0887        570     2.3708  0.000e+00
     39.432    13.7925   3.862814    32.0901        571     2.3750  0.000e+00
     39.311    13.7955   3.863653    32.0954        572     2.3792  0.000e+00
     39.202    13.8009   3.863468    32.0893        573     2.3833  0.000e+00
     39.106    13.8050   3.864187    32.0926        574     2.3875  0.000e+00
     39.032    13.8098   3.864511    32.0915        575     2.3917  0.000e+00
     38.977    13.8148   3.864556    32.0878        576     2.3958  0.000e+00
     38.945    13.8181   3.865134    32.0904        577     2.4000  0.000e+00
     38.939    13.8225   3.865001    32.0855        578     2.4042  0.000e+00
     38.958    13.8252   3.864066    32.0746        579     2.4083  0.000e+00
     38.994    13.8232   3.864441    32.0797        580     2.4125  0.000e+00
     39.034    13.8215   3.864066    32.0776        581     2.4167  0.000e+00
     39.079    13.8192   3.863888    32.0779        582     2.4208  0.000e+00
     39.126    13.8173   3.863443    32.0753        583     2.4250  0.000e+00
     39.166    13.8141   3.863023    32.0742        584     2.4292  0.000e+00
     39.193    13.8097   3.863163    32.0791        585     2.4333  0.000e+00
     39.215    13.8072   3.862871    32.0785        586     2.4375  0.000e+00
     39.220    13.8047   3.862858    32.0805        587     2.4417  0.000e+00
     39.211    13.8027   3.863049    32.0839        588     2.4458  0.000e+00
     39.195    13.8025   3.863163    32.0852        589     2.4500  0.000e+00
     39.159    13.8031   3.863112    32.0842        590     2.4542  0.000e+00
     39.106    13.8034   3.863278    32.0855        591     2.4583  0.000e+00
     39.041    13.8044   3.863462    32.0864        592     2.4625  0.000e+00
     38.959    13.8057   3.864906    32.0987        593     2.4667  0.000e+00
     38.872    13.8116   3.864231    32.0875        594     2.4708  0.000e+00
     38.769    13.8162   3.864575    32.0869        595     2.4750  0.000e+00
     38.650    13.8190   3.866464    32.1021        596     2.4792  0.000e+00
     38.532    13.8271   3.866928    32.0997        597     2.4833  0.000e+00
     38.411    13.8375   3.868512    32.1056        598     2.4875  0.000e+00
     38.293    13.8509   3.869619    32.1047        599     2.4917  0.000e+00
     38.190    13.8649   3.869931    32.0960        600     2.4958  0.000e+00
     38.103    13.8760   3.870535    32.0923        601     2.5000  0.000e+00
     38.043    13.8846   3.871120    32.0905        602     2.5042  0.000e+00
     38.007    13.8932   3.871598    32.0878        603     2.5083  0.000e+00
     37.985    13.9003   3.872119    32.0866        604     2.5125  0.000e+00
     37.974    13.9071   3.872329    32.0829        605     2.5167  0.000e+00
     37.981    13.9128   3.872304    32.0779        606     2.5208  0.000e+00
     37.997    13.9159   3.872017    32.0726        607     2.5250  0.000e+00
     38.023    13.9163   3.871769    32.0700        608     2.5292  0.000e+00
     38.050    13.9150   3.870884    32.0630        609     2.5333  0.000e+00
     38.070    13.9105   3.870095    32.0594        610     2.5375  0.000e+00
     38.085    13.9031   3.870528    32.0696        611     2.5417  0.000e+00
     38.094    13.8995   3.870325    32.0707        612     2.5458  0.000e+00
     38.083    13.8972   3.870675    32.0759        613     2.5500  0.000e+00
     38.068    13.8968   3.871795    32.0865        614     2.5542  0.000e+00
     38.027    13.9018   3.872266    32.0868        615     2.5583  0.000e+00
     37.974    13.9085   3.872794    32.0860        616     2.5625  0.000e+00
     37.907    13.9149   3.872934    32.0820        617     2.5667  0.000e+00
     37.831    13.9201   3.872845    32.0768        618     2.5708  0.000e+00
     37.739    13.9232   3.873335    32.0789        619     2.5750  0.000e+00
     37.645    13.9260   3.873749    32.0804        620     2.5792  0.000e+00
     37.536    13.9306   3.874360    32.0822        621     2.5833  0.000e+00
     37.427    13.9358   3.875359    32.0871        622     2.5875  0.000e+00
     37.313    13.9436   3.876715    32.0932        623     2.5917  0.000e+00
     37.208    13.9551   3.877505    32.0909        624     2.5958  0.000e+00
     37.114    13.9666   3.877556    32.0818        625     2.6000  0.000e+00
