HB2407/sbe022.cnv
* Sea-Bird SBE 19plus V2 Data File:
* FileName = C:\cruise\data\sbe022.hex
* Software Version Seasave V 7.26.7.121
* Temperature SN = 7143
* Conductivity SN = 7143
* System UpLoad Time = Sep 17 2024 00:51:04
* NMEA Latitude = 39 15.93 N
* NMEA Longitude = 074 10.71 W
* NMEA UTC (Time) = Sep 17 2024  00:51:21
** Ship: Bigelow
** Cruise:  HB2407
** Program:  Fall Bottom Trawl
# nquan = 7
# nvalues = 1728                                  
# units = specified
# name 0 = depSM: Depth [salt water, m]
# name 1 = tv290C: Temperature [ITS-90, deg C]
# name 2 = c0S/m: Conductivity [S/m]
# name 3 = sal00: Salinity, Practical [PSU]
# name 4 = scan: Scan Count
# name 5 = timeM: Time, Elapsed [minutes]
# name 6 = flag:  0.000e+00
# span 0 =      0.032,     21.599                 
# span 1 =    20.6895,    21.3026                 
# span 2 =  -0.000029,   4.422904                 
# span 3 =     0.0000,    31.0342                 
# span 4 =         11,       1738                 
# span 5 =     0.0417,     7.2375                 
# span 6 = 0.0000e+00, 0.0000e+00                 
# interval = seconds: 0.25
# start_time = Sep 17 2024 00:51:21 [NMEA time, header]
# bad_flag = -9.990e-29
*END*
[from data line 1436]
      3.254    21.2745   4.384081    30.7467       1447     6.0250  0.000e+00
      3.460    21.2750   4.384088    30.7463       1448     6.0292  0.000e+00
      3.650    21.2748   4.384055    30.7461       1449     6.0333  0.000e+00
      3.804    21.2748   4.384135    30.7467       1450     6.0375  0.000e+00
      3.942    21.2751   4.384155    30.7466       1451     6.0417  0.000e+00
      4.069    21.2752   4.384189    30.7468       1452     6.0458  0.000e+00
      4.154    21.2750   4.384182    30.7468       1453     6.0500  0.000e+00
      4.175    21.2754   4.384189    30.7465       1454     6.0542  0.000e+00
      4.150    21.2756   4.384155    30.7461       1455     6.0583  0.000e+00
      4.101    21.2759   4.384135    30.7458       1456     6.0625  0.000e+00
      4.047    21.2760   4.384135    30.7457       1457     6.0667  0.000e+00
      3.994    21.2757   4.384155    30.7461       1458     6.0708  0.000e+00
      3.949    21.2752   4.384162    30.7466       1459     6.0750  0.000e+00
      3.895    21.2754   4.384155    30.7464       1460     6.0792  0.000e+00
      3.833    21.2756   4.384135    30.7461       1461     6.0833  0.000e+00
      3.770    21.2754   4.384108    30.7460       1462     6.0875  0.000e+00
      3.706    21.2751   4.384108    30.7463       1463     6.0917  0.000e+00
      3.635    21.2752   4.384081    30.7461       1464     6.0958  0.000e+00
      3.568    21.2746   4.384061    30.7463       1465     6.1000  0.000e+00
      3.525    21.2739   4.384088    30.7470       1466     6.1042  0.000e+00
      3.481    21.2737   4.384008    30.7466       1467     6.1083  0.000e+00
      3.433    21.2733   4.384008    30.7469       1468     6.1125  0.000e+00
      3.373    21.2726   4.384034    30.7476       1469     6.1167  0.000e+00
      3.311    21.2726   4.384088    30.7481       1470     6.1208  0.000e+00
      3.230    21.2732   4.384054    30.7474       1471     6.1250  0.000e+00
      3.119    21.2729   4.383954    30.7469       1472     6.1292  0.000e+00
      2.971    21.2735   4.384081    30.7474       1473     6.1333  0.000e+00
      2.797    21.2734   4.384061    30.7475       1474     6.1375  0.000e+00
      2.652    21.2734   4.384007    30.7471       1475     6.1417  0.000e+00
      2.536    21.2736   4.384054    30.7473       1476     6.1458  0.000e+00
      2.448    21.2738   4.384007    30.7468       1477     6.1500  0.000e+00
      2.397    21.2735   4.384034    30.7473       1478     6.1542  0.000e+00
      2.399    21.2727   4.384034    30.7479       1479     6.1583  0.000e+00
      2.440    21.2734   4.384054    30.7475       1480     6.1625  0.000e+00
      2.527    21.2733   4.384007    30.7472       1481     6.1667  0.000e+00
      2.654    21.2731   4.384054    30.7477       1482     6.1708  0.000e+00
      2.795    21.2735   4.384034    30.7472       1483     6.1750  0.000e+00
      2.951    21.2733   4.384061    30.7475       1484     6.1792  0.000e+00
      3.101    21.2734   4.384034    30.7472       1485     6.1833  0.000e+00
      3.244    21.2734   4.383981    30.7467       1486     6.1875  0.000e+00
      3.360    21.2734   4.384054    30.7472       1487     6.1917  0.000e+00
      3.462    21.2731   4.384108    30.7478       1488     6.1958  0.000e+00
      3.547    21.2735   4.384229    30.7485       1489     6.2000  0.000e+00
      3.599    21.2740   4.384289    30.7485       1490     6.2042  0.000e+00
      3.619    21.2751   4.384202    30.7471       1491     6.2083  0.000e+00
      3.599    21.2756   4.384215    30.7468       1492     6.2125  0.000e+00
      3.550    21.2765   4.384269    30.7466       1493     6.2167  0.000e+00
      3.447    21.2763   4.384229    30.7465       1494     6.2208  0.000e+00
      3.293    21.2762   4.384242    30.7467       1495     6.2250  0.000e+00
      3.101    21.2763   4.384329    30.7474       1496     6.2292  0.000e+00
      2.884    21.2762   4.384342    30.7476       1497     6.2333  0.000e+00
      2.666    21.2768   4.384356    30.7474       1498     6.2375  0.000e+00
      2.469    21.2771   4.384215    30.7461       1499     6.2417  0.000e+00
      2.353    21.2767   4.384201    30.7463       1500     6.2458  0.000e+00
      2.290    21.2764   4.384268    30.7471       1501     6.2500  0.000e+00
      2.283    21.2764   4.384255    30.7470       1502     6.2542  0.000e+00
      2.295    21.2762   4.384289    30.7474       1503     6.2583  0.000e+00
      2.353    21.2765   4.384369    30.7478       1504     6.2625  0.000e+00
      2.451    21.2769   4.384255    30.7466       1505     6.2667  0.000e+00
      2.556    21.2765   4.384215    30.7465       1506     6.2708  0.000e+00
      2.650    21.2760   4.384202    30.7467       1507     6.2750  0.000e+00
      2.721    21.2758   4.384242    30.7471       1508     6.2792  0.000e+00
      2.763    21.2758   4.384356    30.7480       1509     6.2833  0.000e+00
      2.790    21.2758   4.384289    30.7475       1510     6.2875  0.000e+00
      2.804    21.2761   4.384302    30.7474       1511     6.2917  0.000e+00
      2.806    21.2758   4.384215    30.7469       1512     6.2958  0.000e+00
      2.781    21.2758   4.384269    30.7473       1513     6.3000  0.000e+00
      2.734    21.2759   4.384255    30.7472       1514     6.3042  0.000e+00
      2.661    21.2757   4.384315    30.7478       1515     6.3083  0.000e+00
      2.560    21.2754   4.384376    30.7485       1516     6.3125  0.000e+00
      2.458    21.2765   4.384289    30.7471       1517     6.3167  0.000e+00
      2.346    21.2762   4.384282    30.7473       1518     6.3208  0.000e+00
      2.277    21.2763   4.384342    30.7477       1519     6.3250  0.000e+00
      2.230    21.2763   4.384255    30.7470       1520     6.3292  0.000e+00
      2.201    21.2763   4.384215    30.7467       1521     6.3333  0.000e+00
      2.194    21.2755   4.384268    30.7477       1522     6.3375  0.000e+00
      2.210    21.2757   4.384228    30.7473       1523     6.3417  0.000e+00
      2.236    21.2756   4.384188    30.7470       1524     6.3458  0.000e+00
      2.279    21.2751   4.384181    30.7473       1525     6.3500  0.000e+00
      2.321    21.2749   4.384242    30.7479       1526     6.3542  0.000e+00
      2.337    21.2745   4.384201    30.7479       1527     6.3583  0.000e+00
      2.337    21.2745   4.384242    30.7482       1528     6.3625  0.000e+00
      2.324    21.2748   4.384201    30.7477       1529     6.3667  0.000e+00
      2.279    21.2751   4.384215    30.7476       1530     6.3708  0.000e+00
      2.185    21.2746   4.384215    30.7480       1531     6.3750  0.000e+00
      2.053    21.2745   4.384201    30.7480       1532     6.3792  0.000e+00
      1.915    21.2748   4.384215    30.7479       1533     6.3833  0.000e+00
      1.808    21.2747   4.384201    30.7479       1534     6.3875  0.000e+00
      1.761    21.2747   4.384215    30.7480       1535     6.3917  0.000e+00
      1.774    21.2749   4.384201    30.7478       1536     6.3958  0.000e+00
      1.823    21.2749   4.384268    30.7483       1537     6.4000  0.000e+00
      1.906    21.2746   4.384282    30.7486       1538     6.4042  0.000e+00
      2.016    21.2752   4.384215    30.7476       1539     6.4083  0.000e+00
      2.145    21.2751   4.384228    30.7478       1540     6.4125  0.000e+00
      2.283    21.2749   4.384215    30.7477       1541     6.4167  0.000e+00
      2.417    21.2752   4.384268    30.7479       1542     6.4208  0.000e+00
      2.543    21.2749   4.384255    30.7480       1543     6.4250  0.000e+00
      2.650    21.2748   4.384242    30.7479       1544     6.4292  0.000e+00
      2.739    21.2753   4.384255    30.7476       1545     6.4333  0.000e+00
      2.782    21.2748   4.384269    30.7481       1546     6.4375  0.000e+00
      2.760    21.2747   4.384228    30.7478       1547     6.4417  0.000e+00
      2.652    21.2750   4.384188    30.7473       1548     6.4458  0.000e+00
      2.491    21.2747   4.384181    30.7475       1549     6.4500  0.000e+00
      2.309    21.2745   4.384215    30.7480       1550     6.4542  0.000e+00
      2.114    21.2742   4.384161    30.7478       1551     6.4583  0.000e+00
      1.916    21.2745   4.384154    30.7477       1552     6.4625  0.000e+00
      1.770    21.2742   4.384215    30.7484       1553     6.4667  0.000e+00
      1.665    21.2742   4.384201    30.7483       1554     6.4708  0.000e+00
      1.600    21.2742   4.384161    30.7480       1555     6.4750  0.000e+00
      1.549    21.2738   4.384154    30.7482       1556     6.4792  0.000e+00
      1.502    21.2741   4.384188    30.7483       1557     6.4833  0.000e+00
      1.464    21.2737   4.384154    30.7483       1558     6.4875  0.000e+00
      1.413    21.2735   4.384214    30.7490       1559     6.4917  0.000e+00
      1.369    21.2736   4.384214    30.7489       1560     6.4958  0.000e+00
      1.344    21.2738   4.384154    30.7483       1561     6.5000  0.000e+00
      1.333    21.2731   4.384214    30.7493       1562     6.5042  0.000e+00
      1.333    21.2735   4.384181    30.7488       1563     6.5083  0.000e+00
      1.346    21.2734   4.384214    30.7491       1564     6.5125  0.000e+00
      1.369    21.2733   4.384255    30.7495       1565     6.5167  0.000e+00
      1.406    21.2736   4.384315    30.7497       1566     6.5208  0.000e+00
      1.467    21.2737   4.384302    30.7495       1567     6.5250  0.000e+00
      1.563    21.2736   4.384288    30.7494       1568     6.5292  0.000e+00
      1.676    21.2741   4.384288    30.7490       1569     6.5333  0.000e+00
      1.806    21.2744   4.384228    30.7483       1570     6.5375  0.000e+00
      1.935    21.2743   4.384268    30.7487       1571     6.5417  0.000e+00
      2.052    21.2743   4.384355    30.7493       1572     6.5458  0.000e+00
      2.163    21.2743   4.384449    30.7500       1573     6.5500  0.000e+00
      2.253    21.2747   4.384429    30.7496       1574     6.5542  0.000e+00
      2.313    21.2753   4.384369    30.7487       1575     6.5583  0.000e+00
      2.327    21.2755   4.384402    30.7487       1576     6.5625  0.000e+00
      2.313    21.2754   4.384423    30.7490       1577     6.5667  0.000e+00
      2.269    21.2754   4.384423    30.7490       1578     6.5708  0.000e+00
      2.217    21.2757   4.384429    30.7488       1579     6.5750  0.000e+00
      2.164    21.2754   4.384449    30.7492       1580     6.5792  0.000e+00
      2.097    21.2758   4.384429    30.7488       1581     6.5833  0.000e+00
      2.030    21.2758   4.384469    30.7491       1582     6.5875  0.000e+00
      1.943    21.2758   4.384476    30.7492       1583     6.5917  0.000e+00
      1.855    21.2761   4.384496    30.7492       1584     6.5958  0.000e+00
      1.771    21.2764   4.384503    30.7491       1585     6.6000  0.000e+00
      1.690    21.2760   4.384469    30.7491       1586     6.6042  0.000e+00
      1.614    21.2766   4.384476    30.7488       1587     6.6083  0.000e+00
      1.545    21.2765   4.384469    30.7488       1588     6.6125  0.000e+00
      1.492    21.2762   4.384449    30.7489       1589     6.6167  0.000e+00
      1.438    21.2762   4.384503    30.7493       1590     6.6208  0.000e+00
      1.362    21.2767   4.384496    30.7489       1591     6.6250  0.000e+00
      1.295    21.2766   4.384503    30.7491       1592     6.6292  0.000e+00
      1.250    21.2767   4.384449    30.7486       1593     6.6333  0.000e+00
      1.250    21.2766   4.384449    30.7487       1594     6.6375  0.000e+00
      1.284    21.2762   4.384449    30.7489       1595     6.6417  0.000e+00
      1.322    21.2763   4.384429    30.7487       1596     6.6458  0.000e+00
      1.366    21.2766   4.384449    30.7486       1597     6.6500  0.000e+00
      1.409    21.2760   4.384449    30.7490       1598     6.6542  0.000e+00
      1.445    21.2763   4.384476    30.7490       1599     6.6583  0.000e+00
      1.487    21.2763   4.384449    30.7488       1600     6.6625  0.000e+00
      1.520    21.2758   4.384449    30.7491       1601     6.6667  0.000e+00
      1.543    21.2762   4.384496    30.7492       1602     6.6708  0.000e+00
      1.541    21.2764   4.384449    30.7487       1603     6.6750  0.000e+00
      1.503    21.2764   4.384496    30.7491       1604     6.6792  0.000e+00
      1.478    21.2763   4.384503    30.7492       1605     6.6833  0.000e+00
      1.478    21.2766   4.384549    30.7494       1606     6.6875  0.000e+00
      1.498    21.2764   4.384603    30.7499       1607     6.6917  0.000e+00
      1.518    21.2769   4.384576    30.7494       1608     6.6958  0.000e+00
      1.527    21.2771   4.384603    30.7495       1609     6.7000  0.000e+00
      1.512    21.2773   4.384650    30.7497       1610     6.7042  0.000e+00
      1.449    21.2779   4.384704    30.7496       1611     6.7083  0.000e+00
      1.382    21.2782   4.384603    30.7487       1612     6.7125  0.000e+00
      1.351    21.2784   4.384449    30.7473       1613     6.7167  0.000e+00
      1.374    21.2791   4.384355    30.7461       1614     6.7208  0.000e+00
      1.449    21.2792   4.384422    30.7466       1615     6.7250  0.000e+00
      1.534    21.2786   4.384503    30.7476       1616     6.7292  0.000e+00
      1.617    21.2792   4.384523    30.7473       1617     6.7333  0.000e+00
      1.698    21.2792   4.384449    30.7467       1618     6.7375  0.000e+00
      1.746    21.2791   4.384449    30.7467       1619     6.7417  0.000e+00
      1.755    21.2794   4.384523    30.7470       1620     6.7458  0.000e+00
      1.704    21.2791   4.384650    30.7483       1621     6.7500  0.000e+00
      1.570    21.2793   4.384549    30.7475       1622     6.7542  0.000e+00
      1.402    21.2791   4.384650    30.7484       1623     6.7583  0.000e+00
      1.211    21.2787   4.384657    30.7488       1624     6.7625  0.000e+00
      1.040    21.2786   4.384603    30.7485       1625     6.7667  0.000e+00
      0.869    21.2786   4.384576    30.7484       1626     6.7708  0.000e+00
      0.714    21.2782   4.384703    30.7497       1627     6.7750  0.000e+00
      0.581    21.2782   4.384623    30.7491       1628     6.7792  0.000e+00
      0.487    21.2787   4.384629    30.7488       1629     6.7833  0.000e+00
      0.411    21.2782   4.384449    30.7478       1630     6.7875  0.000e+00
      0.359    21.2775   4.384422    30.7481       1631     6.7917  0.000e+00
      0.408    21.2771   4.384449    30.7486       1632     6.7958  0.000e+00
      0.505    21.2763   4.384422    30.7489       1633     6.8000  0.000e+00
      0.592    21.2758   4.384429    30.7493       1634     6.8042  0.000e+00
      0.670    21.2759   4.384449    30.7493       1635     6.8083  0.000e+00
      0.750    21.2756   4.384496    30.7499       1636     6.8125  0.000e+00
      0.828    21.2755   4.384355    30.7488       1637     6.8167  0.000e+00
      0.893    21.2755   4.384241    30.7479       1638     6.8208  0.000e+00
      0.978    21.2752   4.384201    30.7478       1639     6.8250  0.000e+00
      1.087    21.2743   4.384288    30.7491       1640     6.8292  0.000e+00
      1.201    21.2742   4.384255    30.7489       1641     6.8333  0.000e+00
      1.328    21.2739   4.384422    30.7503       1642     6.8375  0.000e+00
      1.433    21.2743   4.384429    30.7501       1643     6.8417  0.000e+00
      1.519    21.2744   4.384395    30.7497       1644     6.8458  0.000e+00
      1.568    21.2746   4.384395    30.7496       1645     6.8500  0.000e+00
      1.574    21.2748   4.384402    30.7495       1646     6.8542  0.000e+00
      1.534    21.2754   4.384449    30.7494       1647     6.8583  0.000e+00
      1.469    21.2756   4.384449    30.7493       1648     6.8625  0.000e+00
      1.387    21.2761   4.384603    30.7502       1649     6.8667  0.000e+00
      1.271    21.2769   4.384549    30.7492       1650     6.8708  0.000e+00
      1.150    21.2773   4.384523    30.7488       1651     6.8750  0.000e+00
