HB2407/sbe062.cnv
* Sea-Bird SBE 19plus V2 Data File:
* FileName = C:\cruise\data\sbe062.hex
* Software Version Seasave V 7.26.7.121
* Temperature SN = 7143
* Conductivity SN = 7143
* System UpLoad Time = Oct 06 2024 18:36:16
* NMEA Latitude = 39 32.97 N
* NMEA Longitude = 072 33.77 W
* NMEA UTC (Time) = Oct 06 2024  18:35:57
** Ship: Bigelow
** Cruise:  HB2407
** Program:  Fall Bottom Trawl
# nquan = 7
# nvalues = 1453                                  
# units = specified
# name 0 = depSM: Depth [salt water, m]
# name 1 = tv290C: Temperature [ITS-90, deg C]
# name 2 = c0S/m: Conductivity [S/m]
# name 3 = sal00: Salinity, Practical [PSU]
# name 4 = scan: Scan Count
# name 5 = timeM: Time, Elapsed [minutes]
# name 6 = flag:  0.000e+00
# span 0 =      0.103,     80.871                 
# span 1 =    12.3611,    20.9163                 
# span 2 =   0.526297,   4.791874                 
# span 3 =     3.1041,    34.6951                 
# span 4 =         11,       1463                 
# span 5 =     0.0417,     6.0917                 
# span 6 = 0.0000e+00, 0.0000e+00                 
# interval = seconds: 0.25
# start_time = Oct 06 2024 18:35:57 [NMEA time, header]
# bad_flag = -9.990e-29
*END*
[from data line 1231]
     38.941    15.7254   4.331039    34.6951       1242     5.1708  0.000e+00
     38.644    16.2647   4.377067    34.6335       1243     5.1750  0.000e+00
     38.349    16.7719   4.417174    34.5475       1244     5.1792  0.000e+00
     38.045    17.2165   4.464448    34.5775       1245     5.1833  0.000e+00
     37.731    17.6317   4.496448    34.4997       1246     5.1875  0.000e+00
     37.434    18.0070   4.521516    34.3968       1247     5.1917  0.000e+00
     37.147    18.3138   4.537755    34.2774       1248     5.1958  0.000e+00
     36.862    18.5526   4.554148    34.2169       1249     5.2000  0.000e+00
     36.594    18.7403   4.563737    34.1419       1250     5.2042  0.000e+00
     36.343    18.8842   4.579018    34.1511       1251     5.2083  0.000e+00
     36.109    19.0110   4.584518    34.0925       1252     5.2125  0.000e+00
     35.896    19.1119   4.588020    34.0390       1253     5.2167  0.000e+00
     35.707    19.1810   4.593655    34.0292       1254     5.2208  0.000e+00
     35.550    19.2356   4.597906    34.0199       1255     5.2250  0.000e+00
     35.400    19.2818   4.599532    33.9956       1256     5.2292  0.000e+00
     35.280    19.3157   4.603607    34.0017       1257     5.2333  0.000e+00
     35.173    19.3454   4.609984    34.0302       1258     5.2375  0.000e+00
     35.088    19.3809   4.611722    34.0156       1259     5.2417  0.000e+00
     35.020    19.4109   4.612194    33.9951       1260     5.2458  0.000e+00
     34.951    19.4301   4.612358    33.9809       1261     5.2500  0.000e+00
     34.886    19.4408   4.612405    33.9725       1262     5.2542  0.000e+00
     34.815    19.4462   4.612118    33.9658       1263     5.2583  0.000e+00
     34.739    19.4480   4.612515    33.9677       1264     5.2625  0.000e+00
     34.638    19.4489   4.612830    33.9696       1265     5.2667  0.000e+00
     34.515    19.4506   4.612987    33.9695       1266     5.2708  0.000e+00
     34.379    19.4512   4.613966    33.9772       1267     5.2750  0.000e+00
     34.221    19.4543   4.617287    34.0021       1268     5.2792  0.000e+00
     34.040    19.4644   4.617424    33.9951       1269     5.2833  0.000e+00
     33.834    19.4746   4.618923    33.9992       1270     5.2875  0.000e+00
     33.604    19.4849   4.623815    34.0312       1271     5.2917  0.000e+00
     33.350    19.5056   4.626302    34.0349       1272     5.2958  0.000e+00
     33.073    19.5311   4.637096    34.1032       1273     5.3000  0.000e+00
     32.796    19.5777   4.641480    34.1014       1274     5.3042  0.000e+00
     32.510    19.6312   4.643072    34.0709       1275     5.3083  0.000e+00
     32.195    19.6710   4.645811    34.0612       1276     5.3125  0.000e+00
     31.867    19.7014   4.652095    34.0882       1277     5.3167  0.000e+00
     31.542    19.7364   4.668128    34.1914       1278     5.3208  0.000e+00
     31.210    19.8032   4.684494    34.2713       1279     5.3250  0.000e+00
     30.891    19.9042   4.698283    34.3019       1280     5.3292  0.000e+00
     30.566    20.0174   4.705362    34.2675       1281     5.3333  0.000e+00
     30.263    20.1186   4.709849    34.2219       1282     5.3375  0.000e+00
     29.963    20.1978   4.712624    34.1804       1283     5.3417  0.000e+00
     29.675    20.2532   4.712934    34.1381       1284     5.3458  0.000e+00
     29.410    20.2884   4.711469    34.0979       1285     5.3500  0.000e+00
     29.168    20.3038   4.711255    34.0839       1286     5.3542  0.000e+00
     28.951    20.3098   4.711199    34.0787       1287     5.3583  0.000e+00
     28.768    20.3125   4.711503    34.0790       1288     5.3625  0.000e+00
     28.616    20.3145   4.712145    34.0826       1289     5.3667  0.000e+00
     28.482    20.3172   4.712663    34.0847       1290     5.3708  0.000e+00
     28.373    20.3205   4.712822    34.0834       1291     5.3750  0.000e+00
     28.303    20.3230   4.713043    34.0832       1292     5.3792  0.000e+00
     28.256    20.3251   4.713451    34.0848       1293     5.3833  0.000e+00
     28.216    20.3269   4.713610    34.0846       1294     5.3875  0.000e+00
     28.183    20.3290   4.713748    34.0841       1295     5.3917  0.000e+00
     28.143    20.3303   4.713582    34.0817       1296     5.3958  0.000e+00
     28.095    20.3305   4.713285    34.0791       1297     5.4000  0.000e+00
     28.022    20.3298   4.713775    34.0837       1298     5.4042  0.000e+00
     27.932    20.3301   4.713948    34.0849       1299     5.4083  0.000e+00
     27.816    20.3311   4.714072    34.0852       1300     5.4125  0.000e+00
     27.658    20.3320   4.714044    34.0842       1301     5.4167  0.000e+00
     27.466    20.3325   4.714286    34.0858       1302     5.4208  0.000e+00
     27.244    20.3327   4.714182    34.0849       1303     5.4250  0.000e+00
     26.983    20.3325   4.713892    34.0828       1304     5.4292  0.000e+00
     26.706    20.3318   4.713284    34.0786       1305     5.4333  0.000e+00
     26.411    20.3296   4.713395    34.0813       1306     5.4375  0.000e+00
     26.099    20.3279   4.712745    34.0776       1307     5.4417  0.000e+00
     25.782    20.3257   4.712607    34.0784       1308     5.4458  0.000e+00
     25.462    20.3242   4.716455    34.1109       1309     5.4500  0.000e+00
     25.129    20.3325   4.718100    34.1176       1310     5.4542  0.000e+00
     24.796    20.3457   4.718328    34.1089       1311     5.4583  0.000e+00
     24.472    20.3561   4.719060    34.1066       1312     5.4625  0.000e+00
     24.166    20.3635   4.719578    34.1049       1313     5.4667  0.000e+00
     23.860    20.3692   4.718541    34.0920       1314     5.4708  0.000e+00
     23.566    20.3711   4.717241    34.0801       1315     5.4750  0.000e+00
     23.293    20.3686   4.715721    34.0698       1316     5.4792  0.000e+00
     23.027    20.3622   4.713095    34.0539       1317     5.4833  0.000e+00
     22.773    20.3519   4.712660    34.0587       1318     5.4875  0.000e+00
     22.545    20.3420   4.712391    34.0646       1319     5.4917  0.000e+00
     22.335    20.3354   4.711686    34.0642       1320     5.4958  0.000e+00
     22.150    20.3307   4.710491    34.0584       1321     5.5000  0.000e+00
     21.969    20.3249   4.709787    34.0574       1322     5.5042  0.000e+00
     21.806    20.3194   4.708951    34.0552       1323     5.5083  0.000e+00
     21.658    20.3135   4.708654    34.0575       1324     5.5125  0.000e+00
     21.513    20.3094   4.708627    34.0607       1325     5.5167  0.000e+00
     21.385    20.3064   4.708675    34.0635       1326     5.5208  0.000e+00
     21.252    20.3050   4.708785    34.0656       1327     5.5250  0.000e+00
     21.126    20.3044   4.708785    34.0661       1328     5.5292  0.000e+00
     21.004    20.3045   4.708654    34.0650       1329     5.5333  0.000e+00
     20.879    20.3040   4.708405    34.0635       1330     5.5375  0.000e+00
     20.769    20.3032   4.708405    34.0641       1331     5.5417  0.000e+00
     20.646    20.3029   4.708260    34.0633       1332     5.5458  0.000e+00
     20.526    20.3021   4.708191    34.0634       1333     5.5500  0.000e+00
     20.407    20.3011   4.708108    34.0635       1334     5.5542  0.000e+00
     20.284    20.3008   4.708005    34.0630       1335     5.5583  0.000e+00
     20.155    20.3003   4.707431    34.0588       1336     5.5625  0.000e+00
     20.014    20.2989   4.706651    34.0536       1337     5.5667  0.000e+00
     19.860    20.2956   4.706327    34.0537       1338     5.5708  0.000e+00
     19.679    20.2922   4.706271    34.0561       1339     5.5750  0.000e+00
     19.475    20.2899   4.706354    34.0587       1340     5.5792  0.000e+00
     19.250    20.2888   4.706430    34.0603       1341     5.5833  0.000e+00
     19.001    20.2889   4.706430    34.0603       1342     5.5875  0.000e+00
     18.733    20.2890   4.706989    34.0648       1343     5.5917  0.000e+00
     18.452    20.2902   4.707514    34.0682       1344     5.5958  0.000e+00
     18.168    20.2925   4.708031    34.0707       1345     5.6000  0.000e+00
     17.867    20.2963   4.708356    34.0704       1346     5.6042  0.000e+00
     17.578    20.2996   4.708432    34.0683       1347     5.6083  0.000e+00
     17.295    20.3015   4.708300    34.0659       1348     5.6125  0.000e+00
     17.015    20.3026   4.708203    34.0643       1349     5.6167  0.000e+00
     16.745    20.3027   4.708327    34.0653       1350     5.6208  0.000e+00
     16.508    20.3031   4.708921    34.0699       1351     5.6250  0.000e+00
     16.285    20.3051   4.710302    34.0796       1352     5.6292  0.000e+00
     16.068    20.3090   4.710813    34.0806       1353     5.6333  0.000e+00
     15.867    20.3142   4.709756    34.0680       1354     5.6375  0.000e+00
     15.675    20.3153   4.710046    34.0695       1355     5.6417  0.000e+00
     15.476    20.3155   4.710433    34.0726       1356     5.6458  0.000e+00
     15.287    20.3168   4.710923    34.0755       1357     5.6500  0.000e+00
     15.088    20.3190   4.712222    34.0843       1358     5.6542  0.000e+00
     14.886    20.3234   4.713742    34.0932       1359     5.6583  0.000e+00
     14.661    20.3309   4.716125    34.1066       1360     5.6625  0.000e+00
     14.435    20.3422   4.718482    34.1166       1361     5.6667  0.000e+00
     14.201    20.3561   4.720168    34.1191       1362     5.6708  0.000e+00
     13.957    20.3707   4.721226    34.1160       1363     5.6750  0.000e+00
     13.716    20.3833   4.722152    34.1134       1364     5.6792  0.000e+00
     13.483    20.3931   4.722518    34.1086       1365     5.6833  0.000e+00
     13.247    20.4013   4.723209    34.1076       1366     5.6875  0.000e+00
     13.025    20.4075   4.723887    34.1082       1367     5.6917  0.000e+00
     12.818    20.4134   4.725138    34.1137       1368     5.6958  0.000e+00
     12.619    20.4204   4.728701    34.1369       1369     5.7000  0.000e+00
     12.442    20.4341   4.730229    34.1383       1370     5.7042  0.000e+00
     12.274    20.4491   4.731205    34.1341       1371     5.7083  0.000e+00
     12.114    20.4614   4.733246    34.1408       1372     5.7125  0.000e+00
     11.960    20.4744   4.738452    34.1725       1373     5.7167  0.000e+00
     11.808    20.4946   4.739476    34.1645       1374     5.7208  0.000e+00
     11.653    20.5139   4.740037    34.1535       1375     5.7250  0.000e+00
     11.508    20.5272   4.740604    34.1474       1376     5.7292  0.000e+00
     11.352    20.5369   4.740715    34.1406       1377     5.7333  0.000e+00
     11.193    20.5428   4.740729    34.1360       1378     5.7375  0.000e+00
     11.014    20.5463   4.740742    34.1333       1379     5.7417  0.000e+00
     10.831    20.5481   4.740825    34.1327       1380     5.7458  0.000e+00
     10.623    20.5493   4.740063    34.1256       1381     5.7500  0.000e+00
     10.398    20.5495   4.737328    34.1035       1382     5.7542  0.000e+00
     10.167    20.5424   4.728615    34.0389       1383     5.7583  0.000e+00
      9.931    20.5178   4.725322    34.0322       1384     5.7625  0.000e+00
      9.683    20.4885   4.722065    34.0295       1385     5.7667  0.000e+00
      9.442    20.4616   4.720545    34.0389       1386     5.7708  0.000e+00
      9.212    20.4407   4.719031    34.0435       1387     5.7750  0.000e+00
      8.981    20.4250   4.714470    34.0193       1388     5.7792  0.000e+00
      8.764    20.4069   4.712784    34.0203       1389     5.7833  0.000e+00
      8.553    20.3890   4.711133    34.0215       1390     5.7875  0.000e+00
      8.344    20.3743   4.710837    34.0309       1391     5.7917  0.000e+00
      8.146    20.3632   4.710664    34.0385       1392     5.7958  0.000e+00
      7.945    20.3571   4.711002    34.0462       1393     5.8000  0.000e+00
      7.753    20.3546   4.713980    34.0724       1394     5.8042  0.000e+00
      7.552    20.3603   4.717262    34.0945       1395     5.8083  0.000e+00
      7.346    20.3748   4.718153    34.0901       1396     5.8125  0.000e+00
      7.134    20.3893   4.715658    34.0583       1397     5.8167  0.000e+00
      6.910    20.3934   4.712666    34.0309       1398     5.8208  0.000e+00
      6.669    20.3871   4.712328    34.0333       1399     5.8250  0.000e+00
      6.428    20.3806   4.712245    34.0379       1400     5.8292  0.000e+00
      6.177    20.3763   4.712300    34.0419       1401     5.8333  0.000e+00
      5.911    20.3744   4.712569    34.0457       1402     5.8375  0.000e+00
      5.650    20.3743   4.713336    34.0521       1403     5.8417  0.000e+00
      5.400    20.3771   4.713626    34.0523       1404     5.8458  0.000e+00
      5.161    20.3807   4.713681    34.0499       1405     5.8500  0.000e+00
      4.931    20.3837   4.713764    34.0482       1406     5.8542  0.000e+00
      4.720    20.3860   4.714220    34.0502       1407     5.8583  0.000e+00
      4.529    20.3890   4.715146    34.0553       1408     5.8625  0.000e+00
      4.359    20.3946   4.717440    34.0695       1409     5.8667  0.000e+00
      4.193    20.4056   4.726082    34.1306       1410     5.8708  0.000e+00
      4.032    20.4344   4.730924    34.1466       1411     5.8750  0.000e+00
      3.861    20.4782   4.749650    34.2628       1412     5.8792  0.000e+00
      3.697    20.5488   4.757318    34.2677       1413     5.8833  0.000e+00
      3.516    20.6293   4.748636    34.1328       1414     5.8875  0.000e+00
      3.331    20.6665   4.736645    34.0065       1415     5.8917  0.000e+00
      3.125    20.6425   4.732561    33.9929       1416     5.8958  0.000e+00
      2.906    20.6038   4.735053    34.0441       1417     5.9000  0.000e+00
      2.670    20.5821   4.738065    34.0859       1418     5.9042  0.000e+00
      2.419    20.5829   4.736182    34.0701       1419     5.9083  0.000e+00
      2.297    20.5821   4.726763    33.9949       1420     5.9125  0.000e+00
      2.205    20.5581   4.720049    33.9600       1421     5.9167  0.000e+00
      2.151    20.5122   4.716870    33.9711       1422     5.9208  0.000e+00
      2.075    20.4708   4.716359    34.0002       1423     5.9250  0.000e+00
      1.973    20.4430   4.718122    34.0368       1424     5.9292  0.000e+00
      1.859    20.4324   4.721005    34.0687       1425     5.9333  0.000e+00
      1.753    20.4366   4.726191    34.1073       1426     5.9375  0.000e+00
      1.651    20.4552   4.731947    34.1390       1427     5.9417  0.000e+00
      1.539    20.4868   4.724371    34.0523       1428     5.9458  0.000e+00
      1.407    20.4950   4.725976    34.0587       1429     5.9500  0.000e+00
      1.249    20.4935   4.733947    34.1244       1430     5.9542  0.000e+00
      1.152    20.5128   4.743710    34.1878       1431     5.9583  0.000e+00
      1.195    20.5566   4.741451    34.1342       1432     5.9625  0.000e+00
      1.305    20.5896   4.736043    34.0640       1433     5.9667  0.000e+00
      1.416    20.5913   4.730160    34.0152       1434     5.9708  0.000e+00
      1.494    20.5684   4.731738    34.0463       1435     5.9750  0.000e+00
      1.556    20.5532   4.738009    34.1091       1436     5.9792  0.000e+00
      1.623    20.5602   4.742760    34.1417       1437     5.9833  0.000e+00
      1.683    20.5847   4.739671    34.0971       1438     5.9875  0.000e+00
      1.742    20.5967   4.739290    34.0844       1439     5.9917  0.000e+00
      1.752    20.5999   4.745219    34.1296       1440     5.9958  0.000e+00
      1.735    20.6107   4.730325    34.0009       1441     6.0000  0.000e+00
      1.735    20.5902   4.721867    33.9491       1442     6.0042  0.000e+00
      1.770    20.5404   4.723963    34.0059       1443     6.0083  0.000e+00
      1.830    20.5057   4.724931    34.0416       1444     6.0125  0.000e+00
      1.900    20.4918   4.722387    34.0321       1445     6.0167  0.000e+00
