HB2407/sbe042.cnv
* Sea-Bird SBE 19plus V2 Data File:
* FileName = C:\cruise\data\sbe042.hex
* Software Version Seasave V 7.26.7.121
* Temperature SN = 7143
* Conductivity SN = 7143
* System UpLoad Time = Sep 24 2024 15:51:09
* NMEA Latitude = 40 52.41 N
* NMEA Longitude = 072 06.26 W
* NMEA UTC (Time) = Sep 24 2024  15:50:36
** Ship: Bigelow
** Cruise:  HB2407
** Program:  Fall Bottom Trawl
# nquan = 7
# nvalues = 1314                                  
# units = specified
# name 0 = depSM: Depth [salt water, m]
# name 1 = tv290C: Temperature [ITS-90, deg C]
# name 2 = c0S/m: Conductivity [S/m]
# name 3 = sal00: Salinity, Practical [PSU]
# name 4 = scan: Scan Count
# name 5 = timeM: Time, Elapsed [minutes]
# name 6 = flag:  0.000e+00
# span 0 =     -0.013,     29.313                 
# span 1 =    16.2141,    18.4864                 
# span 2 =  -0.000015,   4.249413                 
# span 3 =     0.0000,    32.1366                 
# span 4 =         11,       1324                 
# span 5 =     0.0417,     5.5125                 
# span 6 = 0.0000e+00, 0.0000e+00                 
# interval = seconds: 0.25
# start_time = Sep 24 2024 15:50:36 [NMEA time, header]
# bad_flag = -9.990e-29
*END*
     -0.009    16.4348   0.000008     0.0085         11     0.0417  0.000e+00
     -0.009    16.4307   0.000002     0.0086         12     0.0458  0.000e+00
     -0.013    16.4262   0.000008     0.0085         13     0.0500  0.000e+00
     -0.013    16.4202   0.000013     0.0085         14     0.0542  0.000e+00
     -0.005    16.4165   0.000008     0.0085         15     0.0583  0.000e+00
     -0.007    16.4177   0.000008     0.0085         16     0.0625  0.000e+00
     -0.007    16.4193   0.000008     0.0085         17     0.0667  0.000e+00
     -0.009    16.4223   0.000013     0.0085         18     0.0708  0.000e+00
     -0.007    16.4311   0.000013     0.0085         19     0.0750  0.000e+00
     -0.007    16.4443   0.000016     0.0085         20     0.0792  0.000e+00
     -0.005    16.4570   0.000013     0.0085         21     0.0833  0.000e+00
     -0.005    16.4606   0.000013     0.0085         22     0.0875  0.000e+00
     -0.003    16.4620   0.000008     0.0085         23     0.0917  0.000e+00
     -0.003    16.4609   0.000008     0.0085         24     0.0958  0.000e+00
     -0.007    16.4564   0.000008     0.0085         25     0.1000  0.000e+00
     -0.013    16.4533   0.000011     0.0085         26     0.1042  0.000e+00
     -0.009    16.4505   0.000008     0.0085         27     0.1083  0.000e+00
     -0.005    16.4471   0.000008     0.0085         28     0.1125  0.000e+00
     -0.007    16.4449   0.000008     0.0085         29     0.1167  0.000e+00
     -0.005    16.4412   0.000008     0.0085         30     0.1208  0.000e+00
     -0.001    16.4386   0.000008     0.0085         31     0.1250  0.000e+00
     -0.007    16.4375   0.000008     0.0085         32     0.1292  0.000e+00
     -0.009    16.4429   0.000013     0.0085         33     0.1333  0.000e+00
     -0.011    16.4449   0.000002     0.0086         34     0.1375  0.000e+00
     -0.007    16.4325  -0.000003     0.0000         35     0.1417  0.000e+00
     -0.009    16.4140  -0.000003     0.0000         36     0.1458  0.000e+00
     -0.009    16.4003  -0.000003     0.0000         37     0.1500  0.000e+00
     -0.007    16.3903  -0.000003     0.0000         38     0.1542  0.000e+00
     -0.007    16.3838   0.000002     0.0086         39     0.1583  0.000e+00
     -0.005    16.3754   0.000002     0.0086         40     0.1625  0.000e+00
     -0.003    16.3786   0.000002     0.0086         41     0.1667  0.000e+00
     -0.007    16.3786  -0.000003     0.0000         42     0.1708  0.000e+00
     -0.009    16.3713  -0.000003     0.0000         43     0.1750  0.000e+00
     -0.005    16.3618  -0.000003     0.0000         44     0.1792  0.000e+00
      0.000    16.3502  -0.000015     0.0000         45     0.1833  0.000e+00
     -0.003    16.3342  -0.000003     0.0000         46     0.1875  0.000e+00
     -0.007    16.3193  -0.000009     0.0000         47     0.1917  0.000e+00
     -0.005    16.3101  -0.000003     0.0000         48     0.1958  0.000e+00
     -0.005    16.3082  -0.000003     0.0000         49     0.2000  0.000e+00
     -0.002    16.3019   0.000002     0.0085         50     0.2042  0.000e+00
     -0.002    16.2959  -0.000003     0.0000         51     0.2083  0.000e+00
      0.004    16.2861  -0.000003     0.0000         52     0.2125  0.000e+00
      0.002    16.2691  -0.000015     0.0000         53     0.2167  0.000e+00
     -0.000    16.2505  -0.000012     0.0000         54     0.2208  0.000e+00
     -0.004    16.2382  -0.000009     0.0000         55     0.2250  0.000e+00
     -0.000    16.2358  -0.000003     0.0000         56     0.2292  0.000e+00
     -0.002    16.2322  -0.000003     0.0000         57     0.2333  0.000e+00
      0.003    16.2298  -0.000003     0.0000         58     0.2375  0.000e+00
     -0.000    16.2283  -0.000003     0.0000         59     0.2417  0.000e+00
     -0.004    16.2225  -0.000006     0.0000         60     0.2458  0.000e+00
     -0.007    16.2168  -0.000003     0.0000         61     0.2500  0.000e+00
     -0.002    16.2176  -0.000003     0.0000         62     0.2542  0.000e+00
     -0.000    16.2208   0.000002     0.0085         63     0.2583  0.000e+00
     -0.004    16.2224   0.000002     0.0085         64     0.2625  0.000e+00
     -0.002    16.2243   0.000002     0.0085         65     0.2667  0.000e+00
     -0.002    16.2303   0.000008     0.0084         66     0.2708  0.000e+00
     -0.004    16.2441   0.000008     0.0084         67     0.2750  0.000e+00
     -0.006    16.2628   0.000008     0.0084         68     0.2792  0.000e+00
     -0.002    16.2838   0.000011     0.0084         69     0.2833  0.000e+00
     -0.000    16.3099   0.000008     0.0085         70     0.2875  0.000e+00
     -0.002    16.3380   0.000008     0.0085         71     0.2917  0.000e+00
     -0.004    16.3479   0.000002     0.0086         72     0.2958  0.000e+00
     -0.002    16.3432   0.000002     0.0085         73     0.3000  0.000e+00
     -0.002    16.3378   0.000002     0.0085         74     0.3042  0.000e+00
     -0.002    16.3301   0.000008     0.0085         75     0.3083  0.000e+00
      0.002    16.3297   0.000008     0.0085         76     0.3125  0.000e+00
     -0.002    16.3366   0.000002     0.0085         77     0.3167  0.000e+00
     -0.002    16.3313  -0.000009     0.0000         78     0.3208  0.000e+00
     -0.000    16.3175  -0.000003     0.0000         79     0.3250  0.000e+00
     -0.000    16.3039  -0.000003     0.0000         80     0.3292  0.000e+00
     -0.000    16.2907  -0.000009     0.0000         81     0.3333  0.000e+00
      0.001    16.2811  -0.000009     0.0000         82     0.3375  0.000e+00
     -0.002    16.2789  -0.000003     0.0000         83     0.3417  0.000e+00
     -0.001    16.2898  -0.000003     0.0000         84     0.3458  0.000e+00
     -0.001    16.2879  -0.000009     0.0000         85     0.3500  0.000e+00
     -0.001    16.2755  -0.000006     0.0000         86     0.3542  0.000e+00
     -0.002    16.2616  -0.000009     0.0000         87     0.3583  0.000e+00
      0.001    16.2543  -0.000003     0.0000         88     0.3625  0.000e+00
     -0.002    16.2560   0.000002     0.0085         89     0.3667  0.000e+00
     -0.001    16.2732  -0.000003     0.0000         90     0.3708  0.000e+00
     -0.001    16.2863  -0.000006     0.0000         91     0.3750  0.000e+00
      0.001    16.2798   0.000002     0.0085         92     0.3792  0.000e+00
     -0.001    16.2708  -0.000009     0.0000         93     0.3833  0.000e+00
      0.001    16.2583  -0.000006     0.0000         94     0.3875  0.000e+00
     -0.006    16.2451  -0.000009     0.0000         95     0.3917  0.000e+00
     -0.001    16.2421   0.000002     0.0085         96     0.3958  0.000e+00
     -0.003    16.2507   0.000002     0.0085         97     0.4000  0.000e+00
     -0.004    16.2557   0.000002     0.0085         98     0.4042  0.000e+00
     -0.006    16.2543   0.000002     0.0085         99     0.4083  0.000e+00
     -0.006    16.2517   0.000002     0.0085        100     0.4125  0.000e+00
     -0.003    16.2482  -0.000003     0.0000        101     0.4167  0.000e+00
     -0.003    16.2474  -0.000003     0.0000        102     0.4208  0.000e+00
     -0.001    16.2427  -0.000006     0.0000        103     0.4250  0.000e+00
      0.001    16.2354  -0.000003     0.0000        104     0.4292  0.000e+00
     -0.003    16.2251  -0.000003     0.0000        105     0.4333  0.000e+00
     -0.003    16.2171  -0.000003     0.0000        106     0.4375  0.000e+00
      0.001    16.2141  -0.000003     0.0000        107     0.4417  0.000e+00
     -0.001    16.2220   0.000008     0.0084        108     0.4458  0.000e+00
     -0.003    16.2400   0.000008     0.0084        109     0.4500  0.000e+00
     -0.001    16.2598   0.000002     0.0085        110     0.4542  0.000e+00
     -0.001    16.2672   0.000002     0.0085        111     0.4583  0.000e+00
      0.001    16.2616  -0.000003     0.0000        112     0.4625  0.000e+00
      0.003    16.2509   0.000002     0.0085        113     0.4667  0.000e+00
      0.001    16.2463   0.000002     0.0085        114     0.4708  0.000e+00
      0.005    16.2597   0.000002     0.0085        115     0.4750  0.000e+00
     -0.003    16.2762   0.000008     0.0084        116     0.4792  0.000e+00
      0.001    16.2889   0.000011     0.0084        117     0.4833  0.000e+00
      0.005    16.3067   0.000013     0.0084        118     0.4875  0.000e+00
      0.001    16.3275   0.000008     0.0085        119     0.4917  0.000e+00
      0.003    16.3364   0.000002     0.0085        120     0.4958  0.000e+00
      0.005    16.3388   0.000013     0.0084        121     0.5000  0.000e+00
      0.007    16.3453   0.000013     0.0084        122     0.5042  0.000e+00
      0.003    16.3473  -0.000003     0.0000        123     0.5083  0.000e+00
      0.005    16.3385  -0.000009     0.0000        124     0.5125  0.000e+00
      0.008    16.3260  -0.000003     0.0000        125     0.5167  0.000e+00
      0.006    16.3132  -0.000003     0.0000        126     0.5208  0.000e+00
      0.003    16.3037   0.000008     0.0085        127     0.5250  0.000e+00
      0.005    16.3008   0.000002     0.0085        128     0.5292  0.000e+00
      0.003    16.2981   0.000002     0.0085        129     0.5333  0.000e+00
      0.003    16.2991   0.000008     0.0084        130     0.5375  0.000e+00
      0.003    16.3076   0.000008     0.0085        131     0.5417  0.000e+00
      0.001    16.3273   0.000008     0.0085        132     0.5458  0.000e+00
     -0.001    16.3576   0.000008     0.0085        133     0.5500  0.000e+00
      0.001    16.3835   0.000011     0.0085        134     0.5542  0.000e+00
      0.005    16.3952   0.000008     0.0085        135     0.5583  0.000e+00
      0.006    16.3989   0.000008     0.0085        136     0.5625  0.000e+00
     -0.003    16.4097   0.000011     0.0085        137     0.5667  0.000e+00
     -0.006    16.4316   0.000013     0.0085        138     0.5708  0.000e+00
      0.005    16.4550   0.000008     0.0085        139     0.5750  0.000e+00
      0.008    16.4782   2.084121    15.1993        140     0.5792  0.000e+00
      0.008    16.5041   0.440061     2.8459        141     0.5833  0.000e+00
      0.010    16.5189   0.168628     1.0321        142     0.5875  0.000e+00
      0.001    16.5215   0.142651     0.8659        143     0.5917  0.000e+00
      0.008    16.5462   0.125294     0.7555        144     0.5958  0.000e+00
      0.007    16.5834   0.104209     0.6227        145     0.6000  0.000e+00
      0.010    16.6133   0.081440     0.4815        146     0.6042  0.000e+00
      0.014    16.6415   3.103495    23.4291        147     0.6083  0.000e+00
      0.110    16.6965   3.559619    27.2279        148     0.6125  0.000e+00
      0.363    16.9894   3.819030    29.2259        149     0.6167  0.000e+00
      0.631    17.4012   3.877218    29.4203        150     0.6208  0.000e+00
      0.903    17.6771   4.156502    31.5751        151     0.6250  0.000e+00
      1.136    17.8461   4.214970    31.9383        152     0.6292  0.000e+00
      1.334    17.9552   4.211739    31.8257        153     0.6333  0.000e+00
      1.491    18.0269   4.209893    31.7543        154     0.6375  0.000e+00
      1.629    18.0791   4.210729    31.7209        155     0.6417  0.000e+00
      1.708    18.1340   4.216647    31.7280        156     0.6458  0.000e+00
      1.712    18.1952   4.219053    31.7009        157     0.6500  0.000e+00
      1.674    18.2547   4.220074    31.6635        158     0.6542  0.000e+00
      1.634    18.3018   4.213975    31.5762        159     0.6583  0.000e+00
      1.683    18.3293   4.211661    31.5357        160     0.6625  0.000e+00
      1.808    18.3272   4.213362    31.5515        161     0.6667  0.000e+00
      1.969    18.2946   4.212624    31.5703        162     0.6708  0.000e+00
      2.150    18.2651   4.211636    31.5847        163     0.6750  0.000e+00
      2.333    18.2458   4.211709    31.6001        164     0.6792  0.000e+00
      2.521    18.2322   4.212526    31.6173        165     0.6833  0.000e+00
      2.708    18.2198   4.213680    31.6365        166     0.6875  0.000e+00
      2.918    18.2104   4.214820    31.6532        167     0.6917  0.000e+00
      3.138    18.2110   4.214254    31.6479        168     0.6958  0.000e+00
      3.374    18.2239   4.214174    31.6372        169     0.7000  0.000e+00
      3.591    18.2333   4.212547    31.6163        170     0.7042  0.000e+00
      3.807    18.2312   4.210675    31.6022        171     0.7083  0.000e+00
      4.013    18.2271   4.207032    31.5748        172     0.7125  0.000e+00
      4.183    18.2243   4.206539    31.5727        173     0.7167  0.000e+00
      4.295    18.2225   4.210774    31.6096        174     0.7208  0.000e+00
      4.344    18.2398   4.219238    31.6671        175     0.7250  0.000e+00
      4.352    18.2843   4.222621    31.6611        176     0.7292  0.000e+00
      4.343    18.3304   4.222323    31.6230        177     0.7333  0.000e+00
      4.337    18.3620   4.219480    31.5750        178     0.7375  0.000e+00
      4.343    18.3798   4.214740    31.5218        179     0.7417  0.000e+00
      4.348    18.3887   4.213388    31.5037        180     0.7458  0.000e+00
      4.368    18.3933   4.213092    31.4977        181     0.7500  0.000e+00
      4.410    18.3869   4.212426    31.4971        182     0.7542  0.000e+00
      4.466    18.3643   4.212301    31.5133        183     0.7583  0.000e+00
      4.535    18.3333   4.211979    31.5344        184     0.7625  0.000e+00
      4.618    18.3074   4.211439    31.5497        185     0.7667  0.000e+00
      4.692    18.2905   4.210971    31.5587        186     0.7708  0.000e+00
      4.768    18.2769   4.210207    31.5628        187     0.7750  0.000e+00
      4.837    18.2652   4.208659    31.5587        188     0.7792  0.000e+00
      4.904    18.2559   4.208389    31.5636        189     0.7833  0.000e+00
      4.938    18.2490   4.209075    31.5747        190     0.7875  0.000e+00
      4.951    18.2478   4.209990    31.5833        191     0.7917  0.000e+00
      4.960    18.2625   4.211782    31.5869        192     0.7958  0.000e+00
      4.967    18.2840   4.210458    31.5593        193     0.8000  0.000e+00
      4.985    18.2983   4.207427    31.5230        194     0.8042  0.000e+00
      5.027    18.3085   4.207875    31.5189        195     0.8083  0.000e+00
      5.077    18.3127   4.208487    31.5208        196     0.8125  0.000e+00
      5.153    18.2958   4.209002    31.5380        197     0.8167  0.000e+00
      5.226    18.2712   4.208877    31.5558        198     0.8208  0.000e+00
      5.313    18.2546   4.208831    31.5682        199     0.8250  0.000e+00
      5.407    18.2457   4.209029    31.5766        200     0.8292  0.000e+00
      5.519    18.2389   4.209523    31.5860        201     0.8333  0.000e+00
      5.639    18.2312   4.209668    31.5931        202     0.8375  0.000e+00
      5.769    18.2255   4.209075    31.5925        203     0.8417  0.000e+00
      5.898    18.2209   4.206790    31.5768        204     0.8458  0.000e+00
      6.026    18.2151   4.205828    31.5732        205     0.8500  0.000e+00
      6.157    18.2104   4.206322    31.5810        206     0.8542  0.000e+00
      6.278    18.2071   4.206889    31.5882        207     0.8583  0.000e+00
      6.385    18.2059   4.208114    31.5993        208     0.8625  0.000e+00
      6.472    18.2239   4.210999    31.6096        209     0.8667  0.000e+00
      6.530    18.2575   4.214993    31.6171        210     0.8708  0.000e+00
      6.582    18.2908   4.217656    31.6137        211     0.8750  0.000e+00
      6.620    18.3185   4.218545    31.5999        212     0.8792  0.000e+00
      6.655    18.3398   4.218789    31.5855        213     0.8833  0.000e+00
      6.698    18.3576   4.218347    31.5682        214     0.8875  0.000e+00
      6.745    18.3706   4.216784    31.5451        215     0.8917  0.000e+00
