HB2407/sbe018.cnv
* Sea-Bird SBE 19plus V2 Data File:
* FileName = C:\cruise\data\sbe018.hex
* Software Version Seasave V 7.26.7.121
* Temperature SN = 7143
* Conductivity SN = 7143
* System UpLoad Time = Sep 15 2024 19:04:28
* NMEA Latitude = 36 52.38 N
* NMEA Longitude = 075 45.76 W
* NMEA UTC (Time) = Sep 15 2024  19:04:44
** Ship: Bigelow
** Cruise:  HB2407
** Program:  Fall Bottom Trawl
# nquan = 7
# nvalues = 1099                                  
# units = specified
# name 0 = depSM: Depth [salt water, m]
# name 1 = tv290C: Temperature [ITS-90, deg C]
# name 2 = c0S/m: Conductivity [S/m]
# name 3 = sal00: Salinity, Practical [PSU]
# name 4 = scan: Scan Count
# name 5 = timeM: Time, Elapsed [minutes]
# name 6 = flag:  0.000e+00
# span 0 =      0.032,     12.927                 
# span 1 =    22.2538,    23.1689                 
# span 2 =  -0.000051,   4.496531                 
# span 3 =     0.0000,    30.8961                 
# span 4 =         11,       1109                 
# span 5 =     0.0417,     4.6167                 
# span 6 = 0.0000e+00, 0.0000e+00                 
# interval = seconds: 0.25
# start_time = Sep 15 2024 19:04:44 [NMEA time, header]
# bad_flag = -9.990e-29
*END*
      0.047    23.0147  -0.000012     0.0000         11     0.0417  0.000e+00
      0.047    23.0200  -0.000009     0.0000         12     0.0458  0.000e+00
      0.047    23.0284  -0.000009     0.0000         13     0.0500  0.000e+00
      0.047    23.0363  -0.000006     0.0000         14     0.0542  0.000e+00
      0.048    23.0445  -0.000003     0.0000         15     0.0583  0.000e+00
      0.047    23.0490  -0.000003     0.0000         16     0.0625  0.000e+00
      0.045    23.0542  -0.000006     0.0000         17     0.0667  0.000e+00
      0.041    23.0567  -0.000009     0.0000         18     0.0708  0.000e+00
      0.043    23.0579  -0.000009     0.0000         19     0.0750  0.000e+00
      0.041    23.0576  -0.000006     0.0000         20     0.0792  0.000e+00
      0.037    23.0570  -0.000009     0.0000         21     0.0833  0.000e+00
      0.034    23.0565  -0.000015     0.0000         22     0.0875  0.000e+00
      0.035    23.0566  -0.000006     0.0000         23     0.0917  0.000e+00
      0.036    23.0568  -0.000009     0.0000         24     0.0958  0.000e+00
      0.035    23.0564  -0.000015     0.0000         25     0.1000  0.000e+00
      0.032    23.0583  -0.000006     0.0000         26     0.1042  0.000e+00
      0.035    23.0607  -0.000009     0.0000         27     0.1083  0.000e+00
      0.037    23.0641  -0.000012     0.0000         28     0.1125  0.000e+00
      0.039    23.0670  -0.000015     0.0000         29     0.1167  0.000e+00
      0.035    23.0717  -0.000009     0.0000         30     0.1208  0.000e+00
      0.037    23.0758  -0.000012     0.0000         31     0.1250  0.000e+00
      0.041    23.0819  -0.000009     0.0000         32     0.1292  0.000e+00
      0.044    23.0889  -0.000015     0.0000         33     0.1333  0.000e+00
      0.042    23.0965  -0.000003     0.0000         34     0.1375  0.000e+00
      0.041    23.1008  -0.000009     0.0000         35     0.1417  0.000e+00
      0.044    23.1030  -0.000009     0.0000         36     0.1458  0.000e+00
      0.042    23.1039  -0.000012     0.0000         37     0.1500  0.000e+00
      0.043    23.1048  -0.000009     0.0000         38     0.1542  0.000e+00
      0.043    23.1088  -0.000015     0.0000         39     0.1583  0.000e+00
      0.041    23.1123  -0.000012     0.0000         40     0.1625  0.000e+00
      0.041    23.1158  -0.000015     0.0000         41     0.1667  0.000e+00
      0.046    23.1191  -0.000009     0.0000         42     0.1708  0.000e+00
      0.046    23.1240  -0.000006     0.0000         43     0.1750  0.000e+00
      0.035    23.1290  -0.000009     0.0000         44     0.1792  0.000e+00
      0.042    23.1351  -0.000012     0.0000         45     0.1833  0.000e+00
      0.044    23.1384  -0.000015     0.0000         46     0.1875  0.000e+00
      0.048    23.1418  -0.000009     0.0000         47     0.1917  0.000e+00
      0.048    23.1468  -0.000006     0.0000         48     0.1958  0.000e+00
      0.044    23.1517  -0.000009     0.0000         49     0.2000  0.000e+00
      0.042    23.1553  -0.000009     0.0000         50     0.2042  0.000e+00
      0.046    23.1575  -0.000012     0.0000         51     0.2083  0.000e+00
      0.046    23.1584  -0.000015     0.0000         52     0.2125  0.000e+00
      0.044    23.1598  -0.000009     0.0000         53     0.2167  0.000e+00
      0.044    23.1625  -0.000006     0.0000         54     0.2208  0.000e+00
      0.046    23.1606  -0.000015     0.0000         55     0.2250  0.000e+00
      0.044    23.1556  -0.000015     0.0000         56     0.2292  0.000e+00
      0.044    23.1496  -0.000006     0.0000         57     0.2333  0.000e+00
      0.039    23.1470  -0.000009     0.0000         58     0.2375  0.000e+00
      0.037    23.1453  -0.000009     0.0000         59     0.2417  0.000e+00
      0.041    23.1450  -0.000012     0.0000         60     0.2458  0.000e+00
      0.044    23.1449  -0.000009     0.0000         61     0.2500  0.000e+00
      0.043    23.1439  -0.000015     0.0000         62     0.2542  0.000e+00
      0.043    23.1442  -0.000006     0.0000         63     0.2583  0.000e+00
      0.043    23.1442  -0.000009     0.0000         64     0.2625  0.000e+00
      0.044    23.1458  -0.000006     0.0000         65     0.2667  0.000e+00
      0.044    23.1474  -0.000009     0.0000         66     0.2708  0.000e+00
      0.043    23.1490  -0.000009     0.0000         67     0.2750  0.000e+00
      0.043    23.1458  -0.000006     0.0000         68     0.2792  0.000e+00
      0.044    23.1414  -0.000009     0.0000         69     0.2833  0.000e+00
      0.044    23.1361  -0.000009     0.0000         70     0.2875  0.000e+00
      0.046    23.1327  -0.000006     0.0000         71     0.2917  0.000e+00
      0.044    23.1311  -0.000009     0.0000         72     0.2958  0.000e+00
      0.048    23.1316  -0.000003     0.0000         73     0.3000  0.000e+00
      0.046    23.1321  -0.000006     0.0000         74     0.3042  0.000e+00
      0.046    23.1328  -0.000009     0.0000         75     0.3083  0.000e+00
      0.046    23.1330  -0.000003     0.0000         76     0.3125  0.000e+00
      0.046    23.1340  -0.000018     0.0000         77     0.3167  0.000e+00
      0.051    23.1357  -0.000009     0.0000         78     0.3208  0.000e+00
      0.049    23.1344  -0.000009     0.0000         79     0.3250  0.000e+00
      0.048    23.1324  -0.000006     0.0000         80     0.3292  0.000e+00
      0.046    23.1282  -0.000015     0.0000         81     0.3333  0.000e+00
      0.050    23.1259  -0.000012     0.0000         82     0.3375  0.000e+00
      0.050    23.1237  -0.000009     0.0000         83     0.3417  0.000e+00
      0.048    23.1225  -0.000015     0.0000         84     0.3458  0.000e+00
      0.046    23.1198  -0.000018     0.0000         85     0.3500  0.000e+00
      0.050    23.1175  -0.000009     0.0000         86     0.3542  0.000e+00
      0.050    23.1166  -0.000009     0.0000         87     0.3583  0.000e+00
      0.048    23.1163  -0.000012     0.0000         88     0.3625  0.000e+00
      0.044    23.1152  -0.000015     0.0000         89     0.3667  0.000e+00
      0.042    23.1141  -0.000009     0.0000         90     0.3708  0.000e+00
      0.048    23.1127  -0.000006     0.0000         91     0.3750  0.000e+00
      0.046    23.1090  -0.000009     0.0000         92     0.3792  0.000e+00
      0.046    23.1051  -0.000003     0.0000         93     0.3833  0.000e+00
      0.044    23.1018  -0.000012     0.0000         94     0.3875  0.000e+00
      0.040    23.0995  -0.000015     0.0000         95     0.3917  0.000e+00
      0.044    23.0967  -0.000015     0.0000         96     0.3958  0.000e+00
      0.046    23.0964  -0.000012     0.0000         97     0.4000  0.000e+00
      0.046    23.0946  -0.000015     0.0000         98     0.4042  0.000e+00
      0.042    23.0931  -0.000012     0.0000         99     0.4083  0.000e+00
      0.046    23.0931  -0.000015     0.0000        100     0.4125  0.000e+00
      0.051    23.0935  -0.000009     0.0000        101     0.4167  0.000e+00
      0.050    23.0953  -0.000012     0.0000        102     0.4208  0.000e+00
      0.051    23.0966  -0.000015     0.0000        103     0.4250  0.000e+00
      0.044    23.0984  -0.000009     0.0000        104     0.4292  0.000e+00
      0.048    23.0991  -0.000012     0.0000        105     0.4333  0.000e+00
      0.048    23.1014  -0.000009     0.0000        106     0.4375  0.000e+00
      0.048    23.1031  -0.000015     0.0000        107     0.4417  0.000e+00
      0.048    23.1069  -0.000012     0.0000        108     0.4458  0.000e+00
      0.050    23.1106  -0.000009     0.0000        109     0.4500  0.000e+00
      0.046    23.1138  -0.000009     0.0000        110     0.4542  0.000e+00
      0.046    23.1167  -0.000012     0.0000        111     0.4583  0.000e+00
      0.051    23.1179  -0.000015     0.0000        112     0.4625  0.000e+00
      0.050    23.1168  -0.000015     0.0000        113     0.4667  0.000e+00
      0.050    23.1152  -0.000006     0.0000        114     0.4708  0.000e+00
      0.050    23.1127  -0.000009     0.0000        115     0.4750  0.000e+00
      0.046    23.1087  -0.000015     0.0000        116     0.4792  0.000e+00
      0.048    23.1061  -0.000012     0.0000        117     0.4833  0.000e+00
      0.055    23.1052  -0.000015     0.0000        118     0.4875  0.000e+00
      0.057    23.1085  -0.000006     0.0000        119     0.4917  0.000e+00
      0.198    23.1131  -0.000003     0.0000        120     0.4958  0.000e+00
      0.399    23.1268  -0.000003     0.0000        121     0.5000  0.000e+00
      0.586    23.1446   0.417083     2.3013        122     0.5042  0.000e+00
      0.754    23.1619   1.368641     8.2206        123     0.5083  0.000e+00
      0.881    23.1689   1.744259    10.6913        124     0.5125  0.000e+00
      0.948    23.0587   1.789319    11.0191        125     0.5167  0.000e+00
      0.984    22.8759   2.207980    13.9130        126     0.5208  0.000e+00
      1.022    22.7371   2.073587    13.0322        127     0.5250  0.000e+00
      1.107    22.6373   2.112496    13.3292        128     0.5292  0.000e+00
      1.240    22.5764   2.360637    15.0692        129     0.5333  0.000e+00
      1.368    22.5487   3.557399    23.6714        130     0.5375  0.000e+00
      1.470    22.5366   4.003602    26.9932        131     0.5417  0.000e+00
      1.542    22.5279   4.314987    29.3462        132     0.5458  0.000e+00
      1.582    22.5059   4.313709    29.3513        133     0.5500  0.000e+00
      1.580    22.4721   4.138779    28.0501        134     0.5542  0.000e+00
      1.553    22.4399   2.159882    13.7170        135     0.5583  0.000e+00
      1.521    22.4192   1.217990     7.3691        136     0.5625  0.000e+00
      1.488    22.4066   1.848056    11.5822        137     0.5667  0.000e+00
      1.466    22.4005   3.255165    21.5320        138     0.5708  0.000e+00
      1.450    22.4080   3.871999    26.0859        139     0.5750  0.000e+00
      1.455    22.4171   4.400205    30.0696        140     0.5792  0.000e+00
      1.472    22.4255   4.398434    30.0503        141     0.5833  0.000e+00
      1.512    22.4358   4.395844    30.0235        142     0.5875  0.000e+00
      1.579    22.4508   4.394502    30.0030        143     0.5917  0.000e+00
      1.664    22.4638   4.394388    29.9931        144     0.5958  0.000e+00
      1.778    22.4721   4.395173    29.9934        145     0.6000  0.000e+00
      1.892    22.4754   4.395193    29.9912        146     0.6042  0.000e+00
      2.013    22.4751   4.399997    30.0279        147     0.6083  0.000e+00
      2.129    22.4740   4.406092    30.0751        148     0.6125  0.000e+00
      2.214    22.4756   4.406025    30.0735        149     0.6167  0.000e+00
      2.289    22.4782   4.405488    30.0676        150     0.6208  0.000e+00
      2.370    22.4756   4.406549    30.0774        151     0.6250  0.000e+00
      2.475    22.4638   4.407469    30.0925        152     0.6292  0.000e+00
      2.591    22.4480   4.411761    30.1361        153     0.6333  0.000e+00
      2.705    22.4343   4.423586    30.2357        154     0.6375  0.000e+00
      2.812    22.4177   4.433014    30.3192        155     0.6417  0.000e+00
      2.908    22.4021   4.439883    30.3825        156     0.6458  0.000e+00
      2.988    22.3859   4.446163    30.4417        157     0.6500  0.000e+00
      3.040    22.3729   4.450404    30.4832        158     0.6542  0.000e+00
      3.044    22.3607   4.452212    30.5056        159     0.6583  0.000e+00
      3.017    22.3519   4.453810    30.5240        160     0.6625  0.000e+00
      2.993    22.3445   4.454748    30.5363        161     0.6667  0.000e+00
      3.015    22.3404   4.448335    30.4901        162     0.6708  0.000e+00
      3.089    22.3390   4.440504    30.4311        163     0.6750  0.000e+00
      3.203    22.3386   4.437540    30.4086        164     0.6792  0.000e+00
      3.310    22.3441   4.437210    30.4023        165     0.6833  0.000e+00
      3.390    22.3559   4.438462    30.4036        166     0.6875  0.000e+00
      3.444    22.3724   4.444229    30.4362        167     0.6917  0.000e+00
      3.480    22.3841   4.449062    30.4650        168     0.6958  0.000e+00
      3.500    22.3922   4.452609    30.4865        169     0.7000  0.000e+00
      3.524    22.3937   4.454012    30.4961        170     0.7042  0.000e+00
      3.520    22.3891   4.454822    30.5055        171     0.7083  0.000e+00
      3.515    22.3796   4.455476    30.5171        172     0.7125  0.000e+00
      3.493    22.3702   4.455955    30.5274        173     0.7167  0.000e+00
      3.468    22.3613   4.456752    30.5397        174     0.7208  0.000e+00
      3.464    22.3539   4.457575    30.5512        175     0.7250  0.000e+00
      3.484    22.3485   4.456354    30.5456        176     0.7292  0.000e+00
      3.538    22.3481   4.450985    30.5048        177     0.7333  0.000e+00
      3.625    22.3471   4.444931    30.4591        178     0.7375  0.000e+00
      3.739    22.3498   4.441279    30.4293        179     0.7417  0.000e+00
      3.859    22.3657   4.446070    30.4548        180     0.7458  0.000e+00
      3.984    22.3823   4.452023    30.4887        181     0.7500  0.000e+00
      4.082    22.3940   4.452697    30.4856        182     0.7542  0.000e+00
      4.125    22.3992   4.453837    30.4907        183     0.7583  0.000e+00
      4.123    22.3976   4.454451    30.4965        184     0.7625  0.000e+00
      4.093    22.3884   4.455733    30.5128        185     0.7667  0.000e+00
      4.044    22.3768   4.457042    30.5310        186     0.7708  0.000e+00
      3.991    22.3621   4.457373    30.5437        187     0.7750  0.000e+00
      3.913    22.3482   4.460308    30.5760        188     0.7792  0.000e+00
      3.814    22.3347   4.465615    30.6261        189     0.7833  0.000e+00
      3.698    22.3248   4.464987    30.6283        190     0.7875  0.000e+00
      3.585    22.3174   4.463839    30.6247        191     0.7917  0.000e+00
      3.508    22.3128   4.463522    30.6256        192     0.7958  0.000e+00
      3.502    22.3099   4.461774    30.6142        193     0.8000  0.000e+00
      3.576    22.3093   4.445093    30.4869        194     0.8042  0.000e+00
      3.705    22.3109   4.468155    30.6623        195     0.8083  0.000e+00
      3.864    22.3178   4.474911    30.7092        196     0.8125  0.000e+00
      4.040    22.3261   4.475269    30.7061        197     0.8167  0.000e+00
      4.214    22.3320   4.476966    30.7149        198     0.8208  0.000e+00
      4.359    22.3372   4.476993    30.7114        199     0.8250  0.000e+00
      4.484    22.3392   4.476222    30.7040        200     0.8292  0.000e+00
      4.571    22.3372   4.475161    30.6973        201     0.8333  0.000e+00
      4.631    22.3290   4.475337    30.7044        202     0.8375  0.000e+00
      4.651    22.3232   4.475351    30.7086        203     0.8417  0.000e+00
      4.620    22.3172   4.474702    30.7078        204     0.8458  0.000e+00
      4.556    22.3129   4.474472    30.7091        205     0.8500  0.000e+00
      4.488    22.3083   4.473411    30.7043        206     0.8542  0.000e+00
      4.419    22.3051   4.474756    30.7168        207     0.8583  0.000e+00
      4.357    22.3024   4.474607    30.7176        208     0.8625  0.000e+00
      4.319    22.3003   4.474858    30.7210        209     0.8667  0.000e+00
      4.316    22.2989   4.475419    30.7263        210     0.8708  0.000e+00
      4.337    22.2981   4.476466    30.7349        211     0.8750  0.000e+00
      4.401    22.2985   4.477095    30.7394        212     0.8792  0.000e+00
      4.484    22.2992   4.477122    30.7391        213     0.8833  0.000e+00
      4.557    22.3019   4.477392    30.7393        214     0.8875  0.000e+00
      4.613    22.3066   4.477757    30.7387        215     0.8917  0.000e+00
