HB2407/sbe029.cnv
* Sea-Bird SBE 19plus V2 Data File:
* FileName = C:\cruise\data\sbe029.hex
* Software Version Seasave V 7.26.7.121
* Temperature SN = 7143
* Conductivity SN = 7143
* System UpLoad Time = Sep 18 2024 19:53:02
* NMEA Latitude = 37 19.63 N
* NMEA Longitude = 075 15.21 W
* NMEA UTC (Time) = Sep 18 2024  19:53:21
** Ship: Bigelow
** Cruise:  HB2407
** Program:  Fall Bottom Trawl
# nquan = 7
# nvalues = 1610                                  
# units = specified
# name 0 = depSM: Depth [salt water, m]
# name 1 = tv290C: Temperature [ITS-90, deg C]
# name 2 = c0S/m: Conductivity [S/m]
# name 3 = sal00: Salinity, Practical [PSU]
# name 4 = scan: Scan Count
# name 5 = timeM: Time, Elapsed [minutes]
# name 6 = flag:  0.000e+00
# span 0 =     -0.040,     18.475                 
# span 1 =    21.5995,    26.6761                 
# span 2 =   0.000030,   4.684023                 
# span 3 =     0.0124,    32.2070                 
# span 4 =         11,       1620                 
# span 5 =     0.0417,     6.7458                 
# span 6 = 0.0000e+00, 0.0000e+00                 
# interval = seconds: 0.25
# start_time = Sep 18 2024 19:53:21 [NMEA time, header]
# bad_flag = -9.990e-29
*END*
[from data line 1231]
      4.367    21.6239   4.577475    32.0050       1242     5.1708  0.000e+00
      4.523    21.6224   4.577632    32.0073       1243     5.1750  0.000e+00
      4.683    21.6190   4.577632    32.0098       1244     5.1792  0.000e+00
      4.840    21.6160   4.577946    32.0144       1245     5.1833  0.000e+00
      4.996    21.6133   4.579120    32.0255       1246     5.1875  0.000e+00
      5.128    21.6095   4.580322    32.0377       1247     5.1917  0.000e+00
      5.228    21.6065   4.582178    32.0544       1248     5.1958  0.000e+00
      5.291    21.6050   4.581974    32.0539       1249     5.2000  0.000e+00
      5.304    21.6045   4.581919    32.0539       1250     5.2042  0.000e+00
      5.286    21.6040   4.581373    32.0500       1251     5.2083  0.000e+00
      5.252    21.6036   4.579789    32.0379       1252     5.2125  0.000e+00
      5.187    21.6031   4.580950    32.0473       1253     5.2167  0.000e+00
      5.096    21.6027   4.580479    32.0440       1254     5.2208  0.000e+00
      4.989    21.6025   4.578595    32.0295       1255     5.2250  0.000e+00
      4.871    21.6015   4.577865    32.0245       1256     5.2292  0.000e+00
      4.743    21.6009   4.577503    32.0221       1257     5.2333  0.000e+00
      4.607    21.6017   4.577059    32.0181       1258     5.2375  0.000e+00
      4.500    21.6066   4.576609    32.0110       1259     5.2417  0.000e+00
      4.444    21.6176   4.576745    32.0039       1260     5.2458  0.000e+00
      4.424    21.6268   4.577168    32.0004       1261     5.2500  0.000e+00
      4.433    21.6291   4.577264    31.9995       1262     5.2542  0.000e+00
      4.493    21.6277   4.577373    32.0013       1263     5.2583  0.000e+00
      4.565    21.6251   4.578362    32.0110       1264     5.2625  0.000e+00
      4.645    21.6213   4.579959    32.0263       1265     5.2667  0.000e+00
      4.714    21.6159   4.580874    32.0374       1266     5.2708  0.000e+00
      4.777    21.6118   4.581475    32.0451       1267     5.2750  0.000e+00
      4.816    21.6087   4.581864    32.0505       1268     5.2792  0.000e+00
      4.821    21.6065   4.581728    32.0510       1269     5.2833  0.000e+00
      4.788    21.6048   4.581188    32.0481       1270     5.2875  0.000e+00
      4.729    21.6039   4.580663    32.0447       1271     5.2917  0.000e+00
      4.660    21.6032   4.580246    32.0419       1272     5.2958  0.000e+00
      4.573    21.6035   4.579850    32.0386       1273     5.3000  0.000e+00
      4.475    21.6049   4.578752    32.0291       1274     5.3042  0.000e+00
      4.361    21.6080   4.577660    32.0182       1275     5.3083  0.000e+00
      4.233    21.6156   4.577079    32.0081       1276     5.3125  0.000e+00
      4.119    21.6273   4.576847    31.9977       1277     5.3167  0.000e+00
      4.035    21.6418   4.576786    31.9864       1278     5.3208  0.000e+00
      3.981    21.6539   4.576717    31.9769       1279     5.3250  0.000e+00
      3.954    21.6621   4.576744    31.9711       1280     5.3292  0.000e+00
      3.959    21.6668   4.576819    31.9681       1281     5.3333  0.000e+00
      3.995    21.6683   4.577345    31.9712       1282     5.3375  0.000e+00
      4.057    21.6617   4.577550    31.9776       1283     5.3417  0.000e+00
      4.144    21.6509   4.577522    31.9854       1284     5.3458  0.000e+00
      4.229    21.6423   4.577550    31.9920       1285     5.3500  0.000e+00
      4.309    21.6374   4.577475    31.9950       1286     5.3542  0.000e+00
      4.383    21.6354   4.578151    32.0018       1287     5.3583  0.000e+00
      4.461    21.6302   4.578335    32.0070       1288     5.3625  0.000e+00
      4.513    21.6216   4.578833    32.0173       1289     5.3667  0.000e+00
      4.550    21.6135   4.580062    32.0329       1290     5.3708  0.000e+00
      4.559    21.6075   4.581216    32.0463       1291     5.3750  0.000e+00
      4.553    21.6048   4.581762    32.0527       1292     5.3792  0.000e+00
      4.546    21.6036   4.582021    32.0556       1293     5.3833  0.000e+00
      4.524    21.6035   4.581734    32.0534       1294     5.3875  0.000e+00
      4.512    21.6036   4.581707    32.0531       1295     5.3917  0.000e+00
      4.494    21.6035   4.581673    32.0529       1296     5.3958  0.000e+00
      4.470    21.6031   4.581632    32.0529       1297     5.4000  0.000e+00
      4.445    21.6028   4.581188    32.0497       1298     5.4042  0.000e+00
      4.416    21.6022   4.580635    32.0458       1299     5.4083  0.000e+00
      4.385    21.6019   4.581550    32.0532       1300     5.4125  0.000e+00
      4.351    21.6023   4.582151    32.0576       1301     5.4167  0.000e+00
      4.304    21.6029   4.581919    32.0553       1302     5.4208  0.000e+00
      4.235    21.6031   4.581420    32.0513       1303     5.4250  0.000e+00
      4.153    21.6028   4.580819    32.0469       1304     5.4292  0.000e+00
      4.059    21.6022   4.579953    32.0406       1305     5.4333  0.000e+00
      3.956    21.6012   4.578963    32.0336       1306     5.4375  0.000e+00
      3.853    21.6006   4.578048    32.0269       1307     5.4417  0.000e+00
      3.755    21.6002   4.577816    32.0254       1308     5.4458  0.000e+00
      3.675    21.6014   4.576950    32.0178       1309     5.4500  0.000e+00
      3.630    21.6070   4.577236    32.0159       1310     5.4542  0.000e+00
      3.599    21.6139   4.577188    32.0104       1311     5.4583  0.000e+00
      3.596    21.6175   4.576902    32.0055       1312     5.4625  0.000e+00
      3.650    21.6223   4.577420    32.0060       1313     5.4667  0.000e+00
      3.750    21.6217   4.577550    32.0074       1314     5.4708  0.000e+00
      3.873    21.6162   4.577816    32.0135       1315     5.4750  0.000e+00
      3.994    21.6110   4.579359    32.0294       1316     5.4792  0.000e+00
      4.092    21.6072   4.580164    32.0385       1317     5.4833  0.000e+00
      4.163    21.6048   4.580505    32.0430       1318     5.4875  0.000e+00
      4.210    21.6032   4.580192    32.0416       1319     5.4917  0.000e+00
      4.219    21.6019   4.580219    32.0429       1320     5.4958  0.000e+00
      4.172    21.6018   4.579536    32.0376       1321     5.5000  0.000e+00
      4.069    21.6021   4.577550    32.0219       1322     5.5042  0.000e+00
      3.920    21.6106   4.576704    32.0089       1323     5.5083  0.000e+00
      3.743    21.6425   4.577215    31.9894       1324     5.5125  0.000e+00
      3.524    21.6870   4.577317    31.9573       1325     5.5167  0.000e+00
      3.301    21.7042   4.577289    31.9444       1326     5.5208  0.000e+00
      3.102    21.7006   4.577030    31.9451       1327     5.5250  0.000e+00
      2.899    21.6881   4.576921    31.9535       1328     5.5292  0.000e+00
      2.700    21.6876   4.577030    31.9548       1329     5.5333  0.000e+00
      2.520    21.7012   4.576845    31.9434       1330     5.5375  0.000e+00
      2.403    21.7051   4.576811    31.9402       1331     5.5417  0.000e+00
      2.401    21.7000   4.576818    31.9441       1332     5.5458  0.000e+00
      2.538    21.6936   4.576975    31.9500       1333     5.5500  0.000e+00
      2.758    21.6845   4.576921    31.9563       1334     5.5542  0.000e+00
      2.991    21.6806   4.576921    31.9590       1335     5.5583  0.000e+00
      3.223    21.6827   4.576976    31.9579       1336     5.5625  0.000e+00
      3.421    21.6849   4.577105    31.9572       1337     5.5667  0.000e+00
      3.600    21.6819   4.577133    31.9596       1338     5.5708  0.000e+00
      3.760    21.6755   4.577344    31.9659       1339     5.5750  0.000e+00
      3.890    21.6682   4.577795    31.9748       1340     5.5792  0.000e+00
      3.973    21.6570   4.578648    31.9897       1341     5.5833  0.000e+00
      3.959    21.6389   4.579590    32.0105       1342     5.5875  0.000e+00
      3.854    21.6295   4.577946    32.0047       1343     5.5917  0.000e+00
      3.684    21.6602   4.578887    31.9893       1344     5.5958  0.000e+00
      3.486    21.6736   4.578750    31.9784       1345     5.6000  0.000e+00
      3.269    21.6512   4.576976    31.9812       1346     5.6042  0.000e+00
      3.062    21.6418   4.576662    31.9858       1347     5.6083  0.000e+00
      2.840    21.6470   4.576703    31.9823       1348     5.6125  0.000e+00
      2.646    21.6522   4.577604    31.9855       1349     5.6167  0.000e+00
      2.516    21.6443   4.578416    31.9978       1350     5.6208  0.000e+00
      2.405    21.6300   4.577160    31.9987       1351     5.6250  0.000e+00
      2.335    21.6221   4.576949    32.0029       1352     5.6292  0.000e+00
      2.295    21.6233   4.576458    31.9981       1353     5.6333  0.000e+00
      2.307    21.6345   4.576376    31.9892       1354     5.6375  0.000e+00
      2.360    21.6531   4.576457    31.9760       1355     5.6417  0.000e+00
      2.427    21.6684   4.576716    31.9667       1356     5.6458  0.000e+00
      2.489    21.6711   4.576921    31.9663       1357     5.6500  0.000e+00
      2.558    21.6679   4.576764    31.9674       1358     5.6542  0.000e+00
      2.615    21.6692   4.576744    31.9663       1359     5.6583  0.000e+00
      2.659    21.6781   4.576716    31.9594       1360     5.6625  0.000e+00
      2.704    21.6908   4.576873    31.9513       1361     5.6667  0.000e+00
      2.760    21.7074   4.576845    31.9387       1362     5.6708  0.000e+00
      2.822    21.7147   4.567011    31.8566       1363     5.6750  0.000e+00
      2.909    21.7153   4.559412    31.7968       1364     5.6792  0.000e+00
      2.989    21.7177   4.576811    31.9308       1365     5.6833  0.000e+00
      3.043    21.7186   4.576900    31.9307       1366     5.6875  0.000e+00
      3.040    21.7201   4.577187    31.9319       1367     5.6917  0.000e+00
      2.980    21.7302   4.577391    31.9260       1368     5.6958  0.000e+00
      2.864    21.7470   4.577548    31.9149       1369     5.7000  0.000e+00
      2.726    21.7625   4.577704    31.9047       1370     5.7042  0.000e+00
      2.592    21.7747   4.578073    31.8986       1371     5.7083  0.000e+00
      2.462    21.7893   4.577370    31.8824       1372     5.7125  0.000e+00
      2.355    21.7892   4.576946    31.8792       1373     5.7167  0.000e+00
      2.299    21.7705   4.576919    31.8928       1374     5.7208  0.000e+00
      2.312    21.7553   4.576947    31.9042       1375     5.7250  0.000e+00
      2.390    21.7471   4.576920    31.9100       1376     5.7292  0.000e+00
      2.518    21.7432   4.576920    31.9129       1377     5.7333  0.000e+00
      2.667    21.7404   4.577029    31.9158       1378     5.7375  0.000e+00
      2.814    21.7398   4.577104    31.9168       1379     5.7417  0.000e+00
      2.931    21.7412   4.576975    31.9147       1380     5.7458  0.000e+00
      3.027    21.7392   4.576900    31.9155       1381     5.7500  0.000e+00
      3.107    21.7326   4.576757    31.9192       1382     5.7542  0.000e+00
      3.171    21.7258   4.576634    31.9233       1383     5.7583  0.000e+00
      3.210    21.7240   4.576661    31.9248       1384     5.7625  0.000e+00
      3.230    21.7229   4.576716    31.9261       1385     5.7667  0.000e+00
      3.238    21.7234   4.576764    31.9261       1386     5.7708  0.000e+00
      3.223    21.7256   4.577002    31.9263       1387     5.7750  0.000e+00
      3.194    21.7325   4.576948    31.9208       1388     5.7792  0.000e+00
      3.151    21.7391   4.577077    31.9170       1389     5.7833  0.000e+00
      3.086    21.7446   4.577166    31.9136       1390     5.7875  0.000e+00
      3.013    21.7513   4.577288    31.9097       1391     5.7917  0.000e+00
      2.915    21.7584   4.577343    31.9048       1392     5.7958  0.000e+00
      2.803    21.7653   4.577131    31.8981       1393     5.8000  0.000e+00
      2.687    21.7663   4.577520    31.9005       1394     5.8042  0.000e+00
      2.564    21.7706   4.577390    31.8963       1395     5.8083  0.000e+00
      2.434    21.7746   4.577499    31.8943       1396     5.8125  0.000e+00
      2.336    21.7780   4.577260    31.8900       1397     5.8167  0.000e+00
      2.287    21.7785   4.577547    31.8918       1398     5.8208  0.000e+00
      2.274    21.7830   4.577793    31.8904       1399     5.8250  0.000e+00
      2.291    21.7913   4.577786    31.8842       1400     5.8292  0.000e+00
      2.321    21.7984   4.577731    31.8786       1401     5.8333  0.000e+00
      2.369    21.8016   4.577731    31.8762       1402     5.8375  0.000e+00
      2.418    21.8023   4.577519    31.8740       1403     5.8417  0.000e+00
      2.463    21.7995   4.577390    31.8750       1404     5.8458  0.000e+00
      2.512    21.7955   4.577260    31.8770       1405     5.8500  0.000e+00
      2.550    21.7902   4.577158    31.8801       1406     5.8542  0.000e+00
      2.588    21.7817   4.577056    31.8855       1407     5.8583  0.000e+00
      2.641    21.7712   4.577001    31.8928       1408     5.8625  0.000e+00
      2.702    21.7601   4.576974    31.9008       1409     5.8667  0.000e+00
      2.769    21.7524   4.577002    31.9066       1410     5.8708  0.000e+00
      2.845    21.7495   4.577029    31.9090       1411     5.8750  0.000e+00
      2.929    21.7462   4.577029    31.9114       1412     5.8792  0.000e+00
      3.010    21.7470   4.577104    31.9114       1413     5.8833  0.000e+00
      3.088    21.7542   4.577131    31.9063       1414     5.8875  0.000e+00
      3.153    21.7607   4.577104    31.9012       1415     5.8917  0.000e+00
      3.193    21.7591   4.577056    31.9020       1416     5.8958  0.000e+00
      3.211    21.7539   4.577002    31.9054       1417     5.9000  0.000e+00
      3.197    21.7481   4.576975    31.9095       1418     5.9042  0.000e+00
      3.155    21.7368   4.576845    31.9169       1419     5.9083  0.000e+00
      3.112    21.7254   4.576716    31.9243       1420     5.9125  0.000e+00
      3.083    21.7106   4.576716    31.9352       1421     5.9167  0.000e+00
      3.054    21.6914   4.576634    31.9488       1422     5.9208  0.000e+00
      3.012    21.6773   4.576587    31.9589       1423     5.9250  0.000e+00
      2.951    21.6766   4.576730    31.9606       1424     5.9292  0.000e+00
      2.880    21.6827   4.576846    31.9569       1425     5.9333  0.000e+00
      2.802    21.6923   4.576975    31.9509       1426     5.9375  0.000e+00
      2.703    21.7033   4.577057    31.9434       1427     5.9417  0.000e+00
      2.592    21.7201   4.577077    31.9312       1428     5.9458  0.000e+00
      2.483    21.7310   4.577575    31.9270       1429     5.9500  0.000e+00
      2.382    21.7478   4.578305    31.9204       1430     5.9542  0.000e+00
      2.270    21.7736   4.578646    31.9040       1431     5.9583  0.000e+00
      2.145    21.8017   4.577704    31.8760       1432     5.9625  0.000e+00
      2.013    21.8094   4.577519    31.8689       1433     5.9667  0.000e+00
      1.920    21.8026   4.578331    31.8802       1434     5.9708  0.000e+00
      1.884    21.8083   4.577342    31.8684       1435     5.9750  0.000e+00
      1.868    21.8030   4.576762    31.8677       1436     5.9792  0.000e+00
      1.890    21.7840   4.577519    31.8877       1437     5.9833  0.000e+00
      1.941    21.7786   4.578018    31.8955       1438     5.9875  0.000e+00
      2.008    21.7910   4.578331    31.8888       1439     5.9917  0.000e+00
      2.066    21.8047   4.577942    31.8757       1440     5.9958  0.000e+00
      2.115    21.8104   4.578202    31.8734       1441     6.0000  0.000e+00
      2.149    21.8136   4.577888    31.8686       1442     6.0042  0.000e+00
      2.189    21.8116   4.577287    31.8654       1443     6.0083  0.000e+00
      2.225    21.7987   4.576919    31.8721       1444     6.0125  0.000e+00
      2.241    21.7818   4.576871    31.8841       1445     6.0167  0.000e+00
