HB2407/sbe061.cnv
* Sea-Bird SBE 19plus V2 Data File:
* FileName = C:\cruise\data\sbe061.hex
* Software Version Seasave V 7.26.7.121
* Temperature SN = 7143
* Conductivity SN = 7143
* System UpLoad Time = Oct 06 2024 16:02:04
* NMEA Latitude = 39 28.29 N
* NMEA Longitude = 072 20.36 W
* NMEA UTC (Time) = Oct 06 2024  16:01:44
** Ship: Bigelow
** Cruise:  HB2407
** Program:  Fall Bottom Trawl
# nquan = 7
# nvalues = 3962                                  
# units = specified
# name 0 = depSM: Depth [salt water, m]
# name 1 = tv290C: Temperature [ITS-90, deg C]
# name 2 = c0S/m: Conductivity [S/m]
# name 3 = sal00: Salinity, Practical [PSU]
# name 4 = scan: Scan Count
# name 5 = timeM: Time, Elapsed [minutes]
# name 6 = flag:  0.000e+00
# span 0 =      0.011,    143.911                 
# span 1 =    13.0640,    25.6133                 
# span 2 =   0.000019,   5.068336                 
# span 3 =     0.0120,    36.5614                 
# span 4 =         11,       3972                 
# span 5 =     0.0417,    16.5458                 
# span 6 = 0.0000e+00, 0.0000e+00                 
# interval = seconds: 0.25
# start_time = Oct 06 2024 16:01:44 [NMEA time, header]
# bad_flag = -9.990e-29
*END*
[from data line 2257]
     74.236    18.4460   4.814614    36.4999       2268     9.4458  0.000e+00
     74.191    18.4471   4.814614    36.4990       2269     9.4500  0.000e+00
     74.150    18.4478   4.814726    36.4994       2270     9.4542  0.000e+00
     74.119    18.4487   4.814726    36.4986       2271     9.4583  0.000e+00
     74.092    18.4494   4.814726    36.4980       2272     9.4625  0.000e+00
     74.075    18.4500   4.814726    36.4974       2273     9.4667  0.000e+00
     74.059    18.4502   4.814754    36.4975       2274     9.4708  0.000e+00
     74.050    18.4500   4.814781    36.4979       2275     9.4750  0.000e+00
     74.047    18.4497   4.814754    36.4980       2276     9.4792  0.000e+00
     74.034    18.4498   4.814754    36.4978       2277     9.4833  0.000e+00
     74.025    18.4499   4.814809    36.4982       2278     9.4875  0.000e+00
     74.009    18.4503   4.814802    36.4979       2279     9.4917  0.000e+00
     73.987    18.4505   4.814809    36.4977       2280     9.4958  0.000e+00
     73.960    18.4507   4.814858    36.4980       2281     9.5000  0.000e+00
     73.922    18.4506   4.814837    36.4979       2282     9.5042  0.000e+00
     73.879    18.4502   4.814830    36.4982       2283     9.5083  0.000e+00
     73.830    18.4504   4.814865    36.4984       2284     9.5125  0.000e+00
     73.772    18.4508   4.815060    36.4997       2285     9.5167  0.000e+00
     73.707    18.4519   4.815339    36.5011       2286     9.5208  0.000e+00
     73.642    18.4535   4.815590    36.5018       2287     9.5250  0.000e+00
     73.566    18.4553   4.815708    36.5013       2288     9.5292  0.000e+00
     73.497    18.4567   4.815785    36.5007       2289     9.5333  0.000e+00
     73.414    18.4578   4.816315    36.5043       2290     9.5375  0.000e+00
     73.334    18.4599   4.817389    36.5116       2291     9.5417  0.000e+00
     73.253    18.4647   4.817507    36.5083       2292     9.5458  0.000e+00
     73.169    18.4695   4.818246    36.5105       2293     9.5500  0.000e+00
     73.099    18.4736   4.819041    36.5136       2294     9.5542  0.000e+00
     73.028    18.4790   4.819543    36.5131       2295     9.5583  0.000e+00
     72.964    18.4840   4.820031    36.5129       2296     9.5625  0.000e+00
     72.914    18.4884   4.820687    36.5146       2297     9.5667  0.000e+00
     72.863    18.4932   4.821078    36.5136       2298     9.5708  0.000e+00
     72.814    18.4982   4.821412    36.5120       2299     9.5750  0.000e+00
     72.778    18.5023   4.821796    36.5116       2300     9.5792  0.000e+00
     72.740    18.5056   4.822082    36.5112       2301     9.5833  0.000e+00
     72.711    18.5085   4.822305    36.5105       2302     9.5875  0.000e+00
     72.677    18.5110   4.822570    36.5106       2303     9.5917  0.000e+00
     72.637    18.5133   4.822835    36.5108       2304     9.5958  0.000e+00
     72.601    18.5155   4.823135    36.5114       2305     9.6000  0.000e+00
     72.565    18.5183   4.823665    36.5134       2306     9.6042  0.000e+00
     72.530    18.5216   4.823909    36.5126       2307     9.6083  0.000e+00
     72.492    18.5243   4.823944    36.5105       2308     9.6125  0.000e+00
     72.452    18.5260   4.824056    36.5100       2309     9.6167  0.000e+00
     72.418    18.5271   4.824042    36.5089       2310     9.6208  0.000e+00
     72.380    18.5276   4.824195    36.5097       2311     9.6250  0.000e+00
     72.341    18.5288   4.824419    36.5106       2312     9.6292  0.000e+00
     72.299    18.5301   4.824530    36.5104       2313     9.6333  0.000e+00
     72.259    18.5313   4.824628    36.5102       2314     9.6375  0.000e+00
     72.216    18.5322   4.824949    36.5121       2315     9.6417  0.000e+00
     72.176    18.5332   4.825563    36.5164       2316     9.6458  0.000e+00
     72.132    18.5356   4.825647    36.5151       2317     9.6500  0.000e+00
     72.085    18.5382   4.825702    36.5133       2318     9.6542  0.000e+00
     72.044    18.5400   4.825807    36.5126       2319     9.6583  0.000e+00
     72.002    18.5413   4.825814    36.5115       2320     9.6625  0.000e+00
     71.959    18.5422   4.825884    36.5113       2321     9.6667  0.000e+00
     71.912    18.5427   4.825981    36.5117       2322     9.6708  0.000e+00
     71.865    18.5429   4.826260    36.5139       2323     9.6750  0.000e+00
     71.810    18.5438   4.826365    36.5140       2324     9.6792  0.000e+00
     71.767    18.5453   4.826623    36.5149       2325     9.6833  0.000e+00
     71.714    18.5472   4.827328    36.5193       2326     9.6875  0.000e+00
     71.669    18.5500   4.827796    36.5207       2327     9.6917  0.000e+00
     71.622    18.5535   4.828242    36.5214       2328     9.6958  0.000e+00
     71.581    18.5571   4.828466    36.5202       2329     9.7000  0.000e+00
     71.535    18.5597   4.828452    36.5178       2330     9.7042  0.000e+00
     71.499    18.5618   4.828577    36.5169       2331     9.7083  0.000e+00
     71.469    18.5636   4.828996    36.5190       2332     9.7125  0.000e+00
     71.431    18.5657   4.829122    36.5182       2333     9.7167  0.000e+00
     71.389    18.5676   4.829136    36.5166       2334     9.7208  0.000e+00
     71.345    18.5686   4.829205    36.5163       2335     9.7250  0.000e+00
     71.300    18.5695   4.829478    36.5179       2336     9.7292  0.000e+00
     71.246    18.5703   4.829792    36.5198       2337     9.7333  0.000e+00
     71.183    18.5722   4.830455    36.5238       2338     9.7375  0.000e+00
     71.114    18.5757   4.830678    36.5227       2339     9.7417  0.000e+00
     71.043    18.5791   4.830783    36.5205       2340     9.7458  0.000e+00
     70.965    18.5811   4.830790    36.5188       2341     9.7500  0.000e+00
     70.890    18.5822   4.830838    36.5183       2342     9.7542  0.000e+00
     70.815    18.5827   4.830929    36.5187       2343     9.7583  0.000e+00
     70.739    18.5836   4.830943    36.5180       2344     9.7625  0.000e+00
     70.660    18.5844   4.830929    36.5172       2345     9.7667  0.000e+00
     70.576    18.5852   4.830943    36.5167       2346     9.7708  0.000e+00
     70.498    18.5855   4.830706    36.5144       2347     9.7750  0.000e+00
     70.421    18.5851   4.830650    36.5143       2348     9.7792  0.000e+00
     70.343    18.5845   4.830517    36.5137       2349     9.7833  0.000e+00
     70.263    18.5840   4.829812    36.5082       2350     9.7875  0.000e+00
     70.193    18.5827   4.829442    36.5063       2351     9.7917  0.000e+00
     70.126    18.5812   4.829302    36.5064       2352     9.7958  0.000e+00
     70.066    18.5799   4.829337    36.5079       2353     9.8000  0.000e+00
     70.004    18.5794   4.829337    36.5084       2354     9.8042  0.000e+00
     69.959    18.5785   4.830224    36.5168       2355     9.8083  0.000e+00
     69.918    18.5805   4.830761    36.5195       2356     9.8125  0.000e+00
     69.880    18.5863   4.829477    36.5035       2357     9.8167  0.000e+00
     69.845    18.5858   4.829602    36.5050       2358     9.8208  0.000e+00
     69.811    18.5849   4.831934    36.5257       2359     9.8250  0.000e+00
     69.784    18.5907   4.835901    36.5542       2360     9.8292  0.000e+00
     69.760    18.6088   4.836969    36.5472       2361     9.8333  0.000e+00
     69.744    18.6295   4.837025    36.5293       2362     9.8375  0.000e+00
     69.731    18.6430   4.837416    36.5207       2363     9.8417  0.000e+00
     69.731    18.6510   4.837807    36.5169       2364     9.8458  0.000e+00
     69.735    18.6565   4.837360    36.5082       2365     9.8500  0.000e+00
     69.742    18.6571   4.834559    36.4839       2366     9.8542  0.000e+00
     69.759    18.6474   4.831235    36.4643       2367     9.8583  0.000e+00
     69.770    18.6288   4.830118    36.4713       2368     9.8625  0.000e+00
     69.786    18.6107   4.829686    36.4836       2369     9.8667  0.000e+00
     69.793    18.5981   4.829504    36.4933       2370     9.8708  0.000e+00
     69.799    18.5901   4.829497    36.5003       2371     9.8750  0.000e+00
     69.797    18.5856   4.829421    36.5036       2372     9.8792  0.000e+00
     69.779    18.5826   4.829421    36.5063       2373     9.8833  0.000e+00
     69.750    18.5808   4.830147    36.5141       2374     9.8875  0.000e+00
     69.712    18.5827   4.834560    36.5500       2375     9.8917  0.000e+00
     69.652    18.5970   4.837402    36.5614       2376     9.8958  0.000e+00
     69.589    18.6204   4.837667    36.5429       2377     9.9000  0.000e+00
     69.519    18.6399   4.837863    36.5272       2378     9.9042  0.000e+00
     69.432    18.6517   4.838030    36.5183       2379     9.9083  0.000e+00
     69.348    18.6584   4.838261    36.5143       2380     9.9125  0.000e+00
     69.267    18.6626   4.837359    36.5030       2381     9.9167  0.000e+00
     69.180    18.6639   4.838044    36.5077       2382     9.9208  0.000e+00
     69.095    18.6648   4.837331    36.5008       2383     9.9250  0.000e+00
     69.008    18.6648   4.837429    36.5018       2384     9.9292  0.000e+00
     68.928    18.6638   4.837890    36.5066       2385     9.9333  0.000e+00
     68.852    18.6641   4.837080    36.4994       2386     9.9375  0.000e+00
     68.773    18.6632   4.837918    36.5074       2387     9.9417  0.000e+00
     68.700    18.6634   4.838309    36.5105       2388     9.9458  0.000e+00
     68.626    18.6653   4.837003    36.4978       2389     9.9500  0.000e+00
     68.553    18.6644   4.838141    36.5083       2390     9.9542  0.000e+00
     68.483    18.6645   4.838533    36.5116       2391     9.9583  0.000e+00
     68.416    18.6667   4.838533    36.5096       2392     9.9625  0.000e+00
     68.353    18.6680   4.837694    36.5014       2393     9.9667  0.000e+00
     68.287    18.6674   4.837135    36.4973       2394     9.9708  0.000e+00
     68.217    18.6651   4.837240    36.5002       2395     9.9750  0.000e+00
     68.150    18.6639   4.837526    36.5037       2396     9.9792  0.000e+00
     68.078    18.6633   4.837589    36.5048       2397     9.9833  0.000e+00
     68.007    18.6632   4.837582    36.5048       2398     9.9875  0.000e+00
     67.933    18.6630   4.838169    36.5100       2399     9.9917  0.000e+00
     67.860    18.6645   4.838504    36.5116       2400     9.9958  0.000e+00
     67.777    18.6672   4.838756    36.5113       2401    10.0000  0.000e+00
     67.698    18.6693   4.839014    36.5116       2402    10.0042  0.000e+00
     67.623    18.6713   4.837805    36.4997       2403    10.0083  0.000e+00
     67.553    18.6704   4.837966    36.5019       2404    10.0125  0.000e+00
     67.495    18.6682   4.837917    36.5034       2405    10.0167  0.000e+00
     67.442    18.6669   4.836408    36.4918       2406    10.0208  0.000e+00
     67.403    18.6638   4.836660    36.4967       2407    10.0250  0.000e+00
     67.377    18.6608   4.836220    36.4956       2408    10.0292  0.000e+00
     67.356    18.6581   4.836688    36.5020       2409    10.0333  0.000e+00
     67.358    18.6572   4.837051    36.5059       2410    10.0375  0.000e+00
     67.363    18.6579   4.836856    36.5036       2411    10.0417  0.000e+00
     67.379    18.6583   4.835843    36.4946       2412    10.0458  0.000e+00
     67.410    18.6563   4.835682    36.4950       2413    10.0500  0.000e+00
     67.434    18.6541   4.836241    36.5018       2414    10.0542  0.000e+00
     67.463    18.6535   4.836115    36.5012       2415    10.0583  0.000e+00
     67.492    18.6535   4.836381    36.5035       2416    10.0625  0.000e+00
     67.512    18.6537   4.836513    36.5043       2417    10.0667  0.000e+00
     67.532    18.6545   4.836464    36.5032       2418    10.0708  0.000e+00
     67.541    18.6556   4.836492    36.5025       2419    10.0750  0.000e+00
     67.550    18.6560   4.836772    36.5045       2420    10.0792  0.000e+00
     67.543    18.6567   4.836702    36.5033       2421    10.0833  0.000e+00
     67.537    18.6571   4.836436    36.5007       2422    10.0875  0.000e+00
     67.523    18.6564   4.836604    36.5027       2423    10.0917  0.000e+00
     67.501    18.6563   4.837079    36.5068       2424    10.0958  0.000e+00
     67.479    18.6580   4.837191    36.5063       2425    10.1000  0.000e+00
     67.445    18.6596   4.837107    36.5042       2426    10.1042  0.000e+00
     67.400    18.6602   4.837275    36.5051       2427    10.1083  0.000e+00
     67.351    18.6605   4.837722    36.5087       2428    10.1125  0.000e+00
     67.295    18.6620   4.837917    36.5090       2429    10.1167  0.000e+00
     67.233    18.6636   4.838315    36.5110       2430    10.1208  0.000e+00
     67.172    18.6658   4.836939    36.4974       2431    10.1250  0.000e+00
     67.094    18.6647   4.836785    36.4971       2432    10.1292  0.000e+00
     67.022    18.6623   4.836436    36.4963       2433    10.1333  0.000e+00
     66.940    18.6595   4.835116    36.4876       2434    10.1375  0.000e+00
     66.862    18.6554   4.834320    36.4845       2435    10.1417  0.000e+00
     66.781    18.6501   4.835905    36.5027       2436    10.1458  0.000e+00
     66.699    18.6504   4.834425    36.4899       2437    10.1500  0.000e+00
     66.612    18.6487   4.831457    36.4663       2438    10.1542  0.000e+00
     66.533    18.6415   4.830382    36.4635       2439    10.1583  0.000e+00
     66.460    18.6330   4.829754    36.4658       2440    10.1625  0.000e+00
     66.392    18.6263   4.830298    36.4763       2441    10.1667  0.000e+00
     66.319    18.6231   4.829335    36.4710       2442    10.1708  0.000e+00
     66.254    18.6211   4.828965    36.4697       2443    10.1750  0.000e+00
     66.189    18.6190   4.827324    36.4577       2444    10.1792  0.000e+00
     66.124    18.6157   4.827122    36.4589       2445    10.1833  0.000e+00
     66.060    18.6129   4.826899    36.4595       2446    10.1875  0.000e+00
     65.999    18.6110   4.826843    36.4607       2447    10.1917  0.000e+00
     65.932    18.6099   4.826794    36.4613       2448    10.1958  0.000e+00
     65.859    18.6097   4.826312    36.4574       2449    10.2000  0.000e+00
     65.796    18.6094   4.824861    36.4455       2450    10.2042  0.000e+00
     65.729    18.6064   4.825056    36.4497       2451    10.2083  0.000e+00
     65.673    18.6039   4.824777    36.4496       2452    10.2125  0.000e+00
     65.613    18.6022   4.824491    36.4487       2453    10.2167  0.000e+00
     65.565    18.6007   4.822691    36.4348       2454    10.2208  0.000e+00
     65.521    18.5962   4.818959    36.4071       2455    10.2250  0.000e+00
     65.487    18.5862   4.818115    36.4088       2456    10.2292  0.000e+00
     65.460    18.5751   4.818339    36.4206       2457    10.2333  0.000e+00
     65.434    18.5683   4.817704    36.4211       2458    10.2375  0.000e+00
     65.422    18.5639   4.816700    36.4165       2459    10.2417  0.000e+00
     65.411    18.5593   4.816749    36.4210       2460    10.2458  0.000e+00
     65.400    18.5566   4.816477    36.4211       2461    10.2500  0.000e+00
     65.393    18.5542   4.816289    36.4217       2462    10.2542  0.000e+00
     65.368    18.5521   4.816254    36.4232       2463    10.2583  0.000e+00
     65.353    18.5504   4.816198    36.4242       2464    10.2625  0.000e+00
     65.337    18.5497   4.816184    36.4247       2465    10.2667  0.000e+00
     65.306    18.5494   4.816282    36.4259       2466    10.2708  0.000e+00
     65.276    18.5496   4.816317    36.4260       2467    10.2750  0.000e+00
     65.231    18.5498   4.816561    36.4279       2468    10.2792  0.000e+00
     65.187    18.5502   4.816616    36.4281       2469    10.2833  0.000e+00
     65.149    18.5508   4.816477    36.4264       2470    10.2875  0.000e+00
     65.107    18.5511   4.816310    36.4247       2471    10.2917  0.000e+00
