HB2407/sbe085.cnv
* Sea-Bird SBE 19plus V2 Data File:
* FileName = C:\cruise\data\sbe085.hex
* Software Version Seasave V 7.26.7.121
* Temperature SN = 7037
* Conductivity SN = 7037
* System UpLoad Time = Oct 13 2024 04:35:21
* NMEA Latitude = 40 51.67 N
* NMEA Longitude = 068 39.13 W
* NMEA UTC (Time) = Oct 13 2024  04:35:09
** Ship: Bigelow
** Cruise:  HB2407
** Program:  Spring Bottom Trawl
# nquan = 8
# nvalues = 1624                                  
# units = specified
# name 0 = depSM: Depth [salt water, m]
# name 1 = tv290C: Temperature [ITS-90, deg C]
# name 2 = c0S/m: Conductivity [S/m]
# name 3 = sal00: Salinity, Practical [PSU]
# name 4 = scan: Scan Count
# name 5 = timeM: Time, Elapsed [minutes]
# name 6 = sbeox0V: Oxygen raw, SBE 43 [V]
# name 7 = flag:  0.000e+00
# span 0 =     -0.012,     54.412                 
# span 1 =    14.8347,    15.9210                 
# span 2 =   0.000004,   4.038920                 
# span 3 =     0.0077,    32.1089                 
# span 4 =         11,       1634                 
# span 5 =     0.0417,     6.8042                 
# span 6 =     1.9931,     2.5737                 
# span 7 = 0.0000e+00, 0.0000e+00                 
# interval = seconds: 0.25
# start_time = Oct 13 2024 04:35:09 [NMEA time, header]
# bad_flag = -9.990e-29
*END*
[from data line 720]
     33.652    15.8519   4.033042    31.9393        731     3.0417     2.4113  0.000e+00
     33.549    15.8526   4.034533    31.9520        732     3.0458     2.4095  0.000e+00
     33.435    15.8581   4.035970    31.9603        733     3.0500     2.4080  0.000e+00
     33.332    15.8675   4.035744    31.9507        734     3.0542     2.4092  0.000e+00
     33.218    15.8741   4.035945    31.9472        735     3.0583     2.4086  0.000e+00
     33.126    15.8785   4.036067    31.9447        736     3.0625     2.4096  0.000e+00
     33.041    15.8817   4.035994    31.9415        737     3.0667     2.4092  0.000e+00
     32.980    15.8836   4.036115    31.9411        738     3.0708     2.4090  0.000e+00
     32.922    15.8852   4.036091    31.9396        739     3.0750     2.4084  0.000e+00
     32.877    15.8864   4.036140    31.9392        740     3.0792     2.4081  0.000e+00
     32.846    15.8871   4.036140    31.9386        741     3.0833     2.4070  0.000e+00
     32.823    15.8875   4.035926    31.9363        742     3.0875     2.4070  0.000e+00
     32.806    15.8868   4.035634    31.9343        743     3.0917     2.4077  0.000e+00
     32.788    15.8852   4.035683    31.9361        744     3.0958     2.4090  0.000e+00
     32.770    15.8844   4.035920    31.9389        745     3.1000     2.4090  0.000e+00
     32.747    15.8847   4.036115    31.9403        746     3.1042     2.4089  0.000e+00
     32.727    15.8860   4.036499    31.9427        747     3.1083     2.4113  0.000e+00
     32.691    15.8881   4.036834    31.9439        748     3.1125     2.4137  0.000e+00
     32.656    15.8911   4.037095    31.9439        749     3.1167     2.4150  0.000e+00
     32.604    15.8938   4.037193    31.9425        750     3.1208     2.4176  0.000e+00
     32.544    15.8962   4.037095    31.9398        751     3.1250     2.4187  0.000e+00
     32.474    15.8974   4.037119    31.9390        752     3.1292     2.4213  0.000e+00
     32.399    15.8981   4.037454    31.9414        753     3.1333     2.4218  0.000e+00
     32.313    15.8997   4.037722    31.9425        754     3.1375     2.4224  0.000e+00
     32.233    15.9020   4.037430    31.9382        755     3.1417     2.4241  0.000e+00
     32.150    15.9024   4.037339    31.9370        756     3.1458     2.4250  0.000e+00
     32.078    15.9024   4.037412    31.9378        757     3.1500     2.4256  0.000e+00
     32.027    15.9026   4.037631    31.9395        758     3.1542     2.4277  0.000e+00
     31.982    15.9031   4.036955    31.9332        759     3.1583     2.4279  0.000e+00
     31.935    15.9017   4.036596    31.9312        760     3.1625     2.4279  0.000e+00
     31.902    15.8988   4.036596    31.9335        761     3.1667     2.4292  0.000e+00
     31.871    15.8966   4.036596    31.9353        762     3.1708     2.4300  0.000e+00
     31.850    15.8954   4.036663    31.9368        763     3.1750     2.4298  0.000e+00
     31.835    15.8951   4.036931    31.9395        764     3.1792     2.4292  0.000e+00
     31.830    15.8957   4.037095    31.9405        765     3.1833     2.4287  0.000e+00
     31.823    15.8967   4.037168    31.9403        766     3.1875     2.4265  0.000e+00
     31.808    15.8982   4.037387    31.9410        767     3.1917     2.4263  0.000e+00
     31.810    15.8997   4.037600    31.9416        768     3.1958     2.4266  0.000e+00
     31.792    15.9018   4.038008    31.9436        769     3.2000     2.4294  0.000e+00
     31.772    15.9048   4.038434    31.9450        770     3.2042     2.4302  0.000e+00
     31.750    15.9079   4.038489    31.9430        771     3.2083     2.4318  0.000e+00
     31.721    15.9106   4.038367    31.9397        772     3.2125     2.4334  0.000e+00
     31.685    15.9120   4.038440    31.9392        773     3.2167     2.4348  0.000e+00
     31.646    15.9131   4.038550    31.9393        774     3.2208     2.4357  0.000e+00
     31.608    15.9139   4.038538    31.9385        775     3.2250     2.4366  0.000e+00
     31.557    15.9147   4.038611    31.9386        776     3.2292     2.4369  0.000e+00
     31.517    15.9154   4.038726    31.9390        777     3.2333     2.4367  0.000e+00
     31.468    15.9162   4.038666    31.9379        778     3.2375     2.4373  0.000e+00
     31.423    15.9166   4.038562    31.9366        779     3.2417     2.4382  0.000e+00
     31.378    15.9165   4.038465    31.9359        780     3.2458     2.4367  0.000e+00
     31.336    15.9160   4.038562    31.9372        781     3.2500     2.4364  0.000e+00
     31.282    15.9158   4.038343    31.9354        782     3.2542     2.4360  0.000e+00
     31.233    15.9153   4.038227    31.9349        783     3.2583     2.4362  0.000e+00
     31.170    15.9143   4.038391    31.9371        784     3.2625     2.4373  0.000e+00
     31.107    15.9139   4.038318    31.9369        785     3.2667     2.4354  0.000e+00
     31.029    15.9135   4.038276    31.9368        786     3.2708     2.4344  0.000e+00
     30.944    15.9132   4.038203    31.9364        787     3.2750     2.4332  0.000e+00
     30.844    15.9127   4.038203    31.9368        788     3.2792     2.4313  0.000e+00
     30.754    15.9125   4.038269    31.9377        789     3.2833     2.4288  0.000e+00
     30.660    15.9124   4.038044    31.9358        790     3.2875     2.4279  0.000e+00
     30.571    15.9116   4.038202    31.9378        791     3.2917     2.4277  0.000e+00
     30.486    15.9115   4.038032    31.9364        792     3.2958     2.4287  0.000e+00
     30.398    15.9112   4.038008    31.9365        793     3.3000     2.4297  0.000e+00
     30.324    15.9111   4.037928    31.9360        794     3.3042     2.4298  0.000e+00
     30.255    15.9102   4.037429    31.9323        795     3.3083     2.4285  0.000e+00
     30.192    15.9080   4.037338    31.9332        796     3.3125     2.4282  0.000e+00
     30.137    15.9060   4.036711    31.9294        797     3.3167     2.4266  0.000e+00
     30.087    15.9021   4.036205    31.9281        798     3.3208     2.4270  0.000e+00
     30.042    15.8976   4.036546    31.9347        799     3.3250     2.4284  0.000e+00
     30.004    15.8958   4.037003    31.9402        800     3.3292     2.4286  0.000e+00
     29.978    15.8961   4.036784    31.9381        801     3.3333     2.4290  0.000e+00
     29.955    15.8962   4.036595    31.9364        802     3.3375     2.4288  0.000e+00
     29.938    15.8954   4.036546    31.9366        803     3.3417     2.4283  0.000e+00
     29.926    15.8948   4.036735    31.9387        804     3.3458     2.4265  0.000e+00
     29.920    15.8952   4.037119    31.9418        805     3.3500     2.4228  0.000e+00
     29.922    15.8969   4.037283    31.9419        806     3.3542     2.4211  0.000e+00
     29.928    15.8987   4.037313    31.9406        807     3.3583     2.4209  0.000e+00
     29.933    15.9002   4.037338    31.9396        808     3.3625     2.4244  0.000e+00
     29.939    15.9010   4.036686    31.9332        809     3.3667     2.4239  0.000e+00
     29.940    15.8984   4.035371    31.9238        810     3.3708     2.4240  0.000e+00
     29.935    15.8927   4.035536    31.9298        811     3.3750     2.4248  0.000e+00
     29.929    15.8882   4.035176    31.9303        812     3.3792     2.4258  0.000e+00
     29.917    15.8843   4.035487    31.9362        813     3.3833     2.4270  0.000e+00
     29.904    15.8835   4.036114    31.9423        814     3.3875     2.4280  0.000e+00
     29.886    15.8851   4.035676    31.9372        815     3.3917     2.4289  0.000e+00
     29.850    15.8848   4.035323    31.9344        816     3.3958     2.4311  0.000e+00
     29.805    15.8833   4.035657    31.9385        817     3.4000     2.4315  0.000e+00
     29.754    15.8830   4.035390    31.9364        818     3.4042     2.4326  0.000e+00
     29.689    15.8823   4.035444    31.9375        819     3.4083     2.4307  0.000e+00
     29.620    15.8814   4.034890    31.9333        820     3.4125     2.4303  0.000e+00
     29.537    15.8792   4.034050    31.9277        821     3.4167     2.4277  0.000e+00
     29.441    15.8747   4.034075    31.9316        822     3.4208     2.4260  0.000e+00
     29.351    15.8715   4.034160    31.9350        823     3.4250     2.4233  0.000e+00
     29.266    15.8695   4.033953    31.9347        824     3.4292     2.4210  0.000e+00
     29.177    15.8677   4.033259    31.9301        825     3.4333     2.4208  0.000e+00
     29.087    15.8633   4.032395    31.9261        826     3.4375     2.4182  0.000e+00
     29.005    15.8590   4.035743    31.9591        827     3.4417     2.4179  0.000e+00
     28.931    15.8652   4.036303    31.9591        828     3.4458     2.4166  0.000e+00
     28.868    15.8750   4.037045    31.9578        829     3.4500     2.4147  0.000e+00
     28.810    15.8842   4.037216    31.9519        830     3.4542     2.4107  0.000e+00
     28.774    15.8907   4.037216    31.9466        831     3.4583     2.4108  0.000e+00
     28.738    15.8953   4.037215    31.9430        832     3.4625     2.4129  0.000e+00
     28.700    15.8980   4.037167    31.9404        833     3.4667     2.4153  0.000e+00
     28.669    15.8991   4.036905    31.9372        834     3.4708     2.4173  0.000e+00
     28.639    15.8993   4.037191    31.9396        835     3.4750     2.4186  0.000e+00
     28.613    15.9003   4.037167    31.9385        836     3.4792     2.4184  0.000e+00
     28.595    15.9008   4.036734    31.9344        837     3.4833     2.4213  0.000e+00
     28.566    15.8993   4.036186    31.9308        838     3.4875     2.4236  0.000e+00
     28.539    15.8964   4.036022    31.9316        839     3.4917     2.4243  0.000e+00
     28.514    15.8933   4.036089    31.9347        840     3.4958     2.4257  0.000e+00
     28.481    15.8919   4.036424    31.9388        841     3.5000     2.4253  0.000e+00
     28.447    15.8918   4.036138    31.9363        842     3.5042     2.4237  0.000e+00
     28.414    15.8916   4.037008    31.9442        843     3.5083     2.4239  0.000e+00
     28.371    15.8941   4.037526    31.9468        844     3.5125     2.4247  0.000e+00
     28.337    15.8981   4.037575    31.9440        845     3.5167     2.4244  0.000e+00
     28.297    15.9013   4.037672    31.9423        846     3.5208     2.4250  0.000e+00
     28.262    15.9040   4.038202    31.9448        847     3.5250     2.4253  0.000e+00
     28.239    15.9074   4.038610    31.9457        848     3.5292     2.4256  0.000e+00
     28.210    15.9113   4.038896    31.9451        849     3.5333     2.4265  0.000e+00
     28.183    15.9150   4.038920    31.9423        850     3.5375     2.4260  0.000e+00
     28.158    15.9174   4.038597    31.9376        851     3.5417     2.4261  0.000e+00
     28.127    15.9177   4.038415    31.9357        852     3.5458     2.4283  0.000e+00
     28.102    15.9166   4.037410    31.9278        853     3.5500     2.4302  0.000e+00
     28.060    15.9124   4.036570    31.9237        854     3.5542     2.4321  0.000e+00
     28.020    15.9062   4.036089    31.9245        855     3.5583     2.4321  0.000e+00
     27.973    15.9000   4.035870    31.9276        856     3.5625     2.4311  0.000e+00
     27.921    15.8950   4.035778    31.9308        857     3.5667     2.4305  0.000e+00
     27.866    15.8917   4.035754    31.9333        858     3.5708     2.4277  0.000e+00
     27.807    15.8895   4.035766    31.9352        859     3.5750     2.4266  0.000e+00
     27.747    15.8883   4.035845    31.9369        860     3.5792     2.4235  0.000e+00
     27.691    15.8877   4.035991    31.9387        861     3.5833     2.4206  0.000e+00
     27.641    15.8879   4.035967    31.9383        862     3.5875     2.4199  0.000e+00
     27.588    15.8882   4.035918    31.9377        863     3.5917     2.4185  0.000e+00
     27.548    15.8881   4.035906    31.9377        864     3.5958     2.4174  0.000e+00
     27.512    15.8881   4.035797    31.9367        865     3.6000     2.4173  0.000e+00
     27.485    15.8878   4.035754    31.9366        866     3.6042     2.4176  0.000e+00
     27.454    15.8874   4.035845    31.9377        867     3.6083     2.4188  0.000e+00
     27.425    15.8876   4.035924    31.9382        868     3.6125     2.4200  0.000e+00
     27.405    15.8877   4.036016    31.9390        869     3.6167     2.4193  0.000e+00
     27.382    15.8883   4.036162    31.9398        870     3.6208     2.4195  0.000e+00
     27.366    15.8892   4.036162    31.9391        871     3.6250     2.4209  0.000e+00
     27.339    15.8898   4.036229    31.9392        872     3.6292     2.4212  0.000e+00
     27.308    15.8905   4.036040    31.9370        873     3.6333     2.4213  0.000e+00
     27.275    15.8903   4.035705    31.9342        874     3.6375     2.4229  0.000e+00
     27.241    15.8885   4.034987    31.9293        875     3.6417     2.4244  0.000e+00
     27.201    15.8848   4.034731    31.9301        876     3.6458     2.4246  0.000e+00
     27.167    15.8811   4.034695    31.9328        877     3.6500     2.4241  0.000e+00
     27.123    15.8785   4.034792    31.9357        878     3.6542     2.4237  0.000e+00
     27.078    15.8773   4.034962    31.9382        879     3.6583     2.4190  0.000e+00
     27.038    15.8773   4.035005    31.9386        880     3.6625     2.4193  0.000e+00
     26.995    15.8773   4.034865    31.9373        881     3.6667     2.4184  0.000e+00
     26.959    15.8769   4.034646    31.9358        882     3.6708     2.4183  0.000e+00
     26.921    15.8758   4.034597    31.9362        883     3.6750     2.4181  0.000e+00
     26.881    15.8747   4.034524    31.9365        884     3.6792     2.4183  0.000e+00
     26.841    15.8739   4.034530    31.9372        885     3.6833     2.4186  0.000e+00
     26.805    15.8734   4.034597    31.9383        886     3.6875     2.4178  0.000e+00
     26.760    15.8733   4.034962    31.9416        887     3.6917     2.4164  0.000e+00
     26.713    15.8747   4.035236    31.9428        888     3.6958     2.4156  0.000e+00
     26.670    15.8768   4.035175    31.9406        889     3.7000     2.4159  0.000e+00
     26.619    15.8782   4.035273    31.9404        890     3.7042     2.4165  0.000e+00
     26.570    15.8795   4.035321    31.9398        891     3.7083     2.4160  0.000e+00
     26.523    15.8805   4.035352    31.9393        892     3.7125     2.4159  0.000e+00
     26.482    15.8812   4.035370    31.9389        893     3.7167     2.4160  0.000e+00
     26.434    15.8816   4.035370    31.9386        894     3.7208     2.4154  0.000e+00
     26.391    15.8820   4.035346    31.9381        895     3.7250     2.4144  0.000e+00
     26.350    15.8822   4.035309    31.9376        896     3.7292     2.4143  0.000e+00
     26.308    15.8821   4.035346    31.9380        897     3.7333     2.4158  0.000e+00
     26.265    15.8822   4.035370    31.9381        898     3.7375     2.4179  0.000e+00
     26.236    15.8822   4.035346    31.9379        899     3.7417     2.4196  0.000e+00
     26.207    15.8824   4.035388    31.9381        900     3.7458     2.4196  0.000e+00
     26.178    15.8826   4.035419    31.9383        901     3.7500     2.4213  0.000e+00
     26.156    15.8829   4.035437    31.9382        902     3.7542     2.4218  0.000e+00
     26.122    15.8832   4.035437    31.9380        903     3.7583     2.4205  0.000e+00
     26.105    15.8836   4.035437    31.9377        904     3.7625     2.4194  0.000e+00
     26.080    15.8835   4.035212    31.9358        905     3.7667     2.4180  0.000e+00
     26.051    15.8827   4.035224    31.9366        906     3.7708     2.4170  0.000e+00
     26.024    15.8822   4.035248    31.9372        907     3.7750     2.4162  0.000e+00
     25.988    15.8819   4.035248    31.9374        908     3.7792     2.4174  0.000e+00
