HB2407/sbe026.cnv
* Sea-Bird SBE 19plus V2 Data File:
* FileName = C:\cruise\data\sbe026.hex
* Software Version Seasave V 7.26.7.121
* Temperature SN = 7143
* Conductivity SN = 7143
* System UpLoad Time = Sep 18 2024 05:22:06
* NMEA Latitude = 37 53.89 N
* NMEA Longitude = 074 52.37 W
* NMEA UTC (Time) = Sep 18 2024  05:22:26
** Ship: Bigelow
** Cruise:  HB2407
** Program:  Fall Bottom Trawl
# nquan = 7
# nvalues = 991                                   
# units = specified
# name 0 = depSM: Depth [salt water, m]
# name 1 = tv290C: Temperature [ITS-90, deg C]
# name 2 = c0S/m: Conductivity [S/m]
# name 3 = sal00: Salinity, Practical [PSU]
# name 4 = scan: Scan Count
# name 5 = timeM: Time, Elapsed [minutes]
# name 6 = flag:  0.000e+00
# span 0 =     -0.036,     23.026                 
# span 1 =    21.4803,    21.9500                 
# span 2 =  -0.000051,   4.447464                 
# span 3 =     0.0000,    31.0073                 
# span 4 =         11,       1001                 
# span 5 =     0.0417,     4.1667                 
# span 6 = 0.0000e+00, 0.0000e+00                 
# interval = seconds: 0.25
# start_time = Sep 18 2024 05:22:26 [NMEA time, header]
# bad_flag = -9.990e-29
*END*
[from data line 411]
     20.769    21.4941   4.435142    30.9827        422     1.7542  0.000e+00
     20.792    21.4950   4.435169    30.9823        423     1.7583  0.000e+00
     20.829    21.4951   4.435142    30.9820        424     1.7625  0.000e+00
     20.865    21.4953   4.435169    30.9821        425     1.7667  0.000e+00
     20.910    21.4954   4.435142    30.9818        426     1.7708  0.000e+00
     20.937    21.4957   4.435088    30.9811        427     1.7750  0.000e+00
     20.963    21.4952   4.435115    30.9817        428     1.7792  0.000e+00
     20.961    21.4953   4.435122    30.9817        429     1.7833  0.000e+00
     20.944    21.4951   4.435088    30.9816        430     1.7875  0.000e+00
     20.919    21.4951   4.435122    30.9818        431     1.7917  0.000e+00
     20.865    21.4953   4.435088    30.9814        432     1.7958  0.000e+00
     20.792    21.4956   4.435122    30.9815        433     1.8000  0.000e+00
     20.704    21.4956   4.435189    30.9821        434     1.8042  0.000e+00
     20.586    21.4958   4.435277    30.9826        435     1.8083  0.000e+00
     20.452    21.4968   4.435768    30.9858        436     1.8125  0.000e+00
     20.307    21.4991   4.435997    30.9859        437     1.8167  0.000e+00
     20.153    21.5020   4.436482    30.9877        438     1.8208  0.000e+00
     19.992    21.5059   4.436596    30.9858        439     1.8250  0.000e+00
     19.832    21.5092   4.436670    30.9841        440     1.8292  0.000e+00
     19.684    21.5113   4.436475    30.9811        441     1.8333  0.000e+00
     19.552    21.5119   4.436326    30.9795        442     1.8375  0.000e+00
     19.441    21.5119   4.436872    30.9838        443     1.8417  0.000e+00
     19.356    21.5140   4.437249    30.9853        444     1.8458  0.000e+00
     19.287    21.5169   4.437485    30.9851        445     1.8500  0.000e+00
     19.240    21.5207   4.437552    30.9829        446     1.8542  0.000e+00
     19.200    21.5227   4.437585    30.9817        447     1.8583  0.000e+00
     19.170    21.5239   4.437431    30.9796        448     1.8625  0.000e+00
     19.148    21.5250   4.437404    30.9787        449     1.8667  0.000e+00
     19.132    21.5256   4.437680    30.9804        450     1.8708  0.000e+00
     19.114    21.5261   4.437707    30.9802        451     1.8750  0.000e+00
     19.090    21.5268   4.437747    30.9801        452     1.8792  0.000e+00
     19.068    21.5272   4.437727    30.9796        453     1.8833  0.000e+00
     19.043    21.5277   4.438192    30.9829        454     1.8875  0.000e+00
     19.009    21.5298   4.438636    30.9849        455     1.8917  0.000e+00
     18.962    21.5332   4.438798    30.9837        456     1.8958  0.000e+00
     18.907    21.5359   4.438811    30.9819        457     1.9000  0.000e+00
     18.838    21.5382   4.438737    30.9797        458     1.9042  0.000e+00
     18.750    21.5389   4.438636    30.9784        459     1.9083  0.000e+00
     18.643    21.5388   4.438636    30.9785        460     1.9125  0.000e+00
     18.556    21.5385   4.438589    30.9784        461     1.9167  0.000e+00
     18.471    21.5385   4.438508    30.9778        462     1.9208  0.000e+00
     18.395    21.5380   4.438346    30.9769        463     1.9250  0.000e+00
     18.311    21.5367   4.438380    30.9781        464     1.9292  0.000e+00
     18.221    21.5363   4.438380    30.9784        465     1.9333  0.000e+00
     18.148    21.5360   4.438689    30.9811        466     1.9375  0.000e+00
     18.090    21.5370   4.438811    30.9814        467     1.9417  0.000e+00
     18.047    21.5384   4.438797    30.9802        468     1.9458  0.000e+00
     18.025    21.5395   4.438757    30.9792        469     1.9500  0.000e+00
     18.011    21.5396   4.438770    30.9792        470     1.9542  0.000e+00
     18.016    21.5400   4.438784    30.9790        471     1.9583  0.000e+00
     18.033    21.5402   4.438784    30.9788        472     1.9625  0.000e+00
     18.063    21.5402   4.438797    30.9789        473     1.9667  0.000e+00
     18.100    21.5402   4.438683    30.9780        474     1.9708  0.000e+00
     18.134    21.5396   4.438588    30.9778        475     1.9750  0.000e+00
     18.170    21.5389   4.438683    30.9790        476     1.9792  0.000e+00
     18.196    21.5393   4.438824    30.9798        477     1.9833  0.000e+00
     18.210    21.5397   4.438811    30.9793        478     1.9875  0.000e+00
     18.214    21.5402   4.438851    30.9793        479     1.9917  0.000e+00
     18.221    21.5408   4.438986    30.9799        480     1.9958  0.000e+00
     18.215    21.5416   4.439087    30.9802        481     2.0000  0.000e+00
     18.190    21.5423   4.439060    30.9794        482     2.0042  0.000e+00
     18.156    21.5428   4.439087    30.9793        483     2.0083  0.000e+00
     18.096    21.5428   4.439033    30.9789        484     2.0125  0.000e+00
     18.011    21.5432   4.439013    30.9785        485     2.0167  0.000e+00
     17.904    21.5431   4.438986    30.9784        486     2.0208  0.000e+00
     17.770    21.5429   4.438770    30.9769        487     2.0250  0.000e+00
     17.618    21.5421   4.438561    30.9758        488     2.0292  0.000e+00
     17.455    21.5402   4.437847    30.9717        489     2.0333  0.000e+00
     17.293    21.5388   4.438433    30.9774        490     2.0375  0.000e+00
     17.141    21.5387   4.438716    30.9797        491     2.0417  0.000e+00
     17.005    21.5389   4.438810    30.9803        492     2.0458  0.000e+00
     16.902    21.5396   4.438898    30.9805        493     2.0500  0.000e+00
     16.826    21.5409   4.438911    30.9797        494     2.0542  0.000e+00
     16.775    21.5416   4.438911    30.9792        495     2.0583  0.000e+00
     16.761    21.5417   4.438925    30.9793        496     2.0625  0.000e+00
     16.809    21.5423   4.438911    30.9787        497     2.0667  0.000e+00
     16.889    21.5422   4.438925    30.9788        498     2.0708  0.000e+00
     16.982    21.5421   4.438938    30.9790        499     2.0750  0.000e+00
     17.090    21.5422   4.438925    30.9788        500     2.0792  0.000e+00
     17.201    21.5425   4.438938    30.9786        501     2.0833  0.000e+00
     17.302    21.5422   4.438938    30.9788        502     2.0875  0.000e+00
     17.406    21.5425   4.438925    30.9785        503     2.0917  0.000e+00
     17.487    21.5424   4.438911    30.9784        504     2.0958  0.000e+00
     17.560    21.5417   4.438851    30.9785        505     2.1000  0.000e+00
     17.623    21.5414   4.438911    30.9791        506     2.1042  0.000e+00
     17.658    21.5417   4.438878    30.9786        507     2.1083  0.000e+00
     17.645    21.5415   4.438858    30.9786        508     2.1125  0.000e+00
     17.600    21.5414   4.438810    30.9783        509     2.1167  0.000e+00
     17.534    21.5411   4.438878    30.9791        510     2.1208  0.000e+00
     17.446    21.5409   4.438884    30.9793        511     2.1250  0.000e+00
     17.342    21.5410   4.438851    30.9790        512     2.1292  0.000e+00
     17.227    21.5412   4.438837    30.9788        513     2.1333  0.000e+00
     17.096    21.5407   4.438770    30.9787        514     2.1375  0.000e+00
     16.960    21.5405   4.438709    30.9784        515     2.1417  0.000e+00
     16.824    21.5402   4.438709    30.9786        516     2.1458  0.000e+00
     16.687    21.5399   4.438689    30.9787        517     2.1500  0.000e+00
     16.549    21.5394   4.438655    30.9789        518     2.1542  0.000e+00
     16.406    21.5396   4.438662    30.9789        519     2.1583  0.000e+00
     16.263    21.5394   4.438736    30.9796        520     2.1625  0.000e+00
     16.120    21.5394   4.438635    30.9789        521     2.1667  0.000e+00
     15.989    21.5398   4.438655    30.9787        522     2.1708  0.000e+00
     15.857    21.5395   4.438655    30.9790        523     2.1750  0.000e+00
     15.734    21.5394   4.438634    30.9790        524     2.1792  0.000e+00
     15.622    21.5396   4.438655    30.9790        525     2.1833  0.000e+00
     15.524    21.5396   4.439032    30.9820        526     2.1875  0.000e+00
     15.441    21.5417   4.439665    30.9855        527     2.1917  0.000e+00
     15.375    21.5457   4.439820    30.9838        528     2.1958  0.000e+00
     15.330    21.5491   4.439867    30.9817        529     2.2000  0.000e+00
     15.312    21.5510   4.439840    30.9802        530     2.2042  0.000e+00
     15.319    21.5524   4.439766    30.9786        531     2.2083  0.000e+00
     15.357    21.5530   4.439739    30.9779        532     2.2125  0.000e+00
     15.406    21.5526   4.439665    30.9776        533     2.2167  0.000e+00
     15.473    21.5520   4.439463    30.9764        534     2.2208  0.000e+00
     15.549    21.5513   4.439530    30.9775        535     2.2250  0.000e+00
     15.629    21.5503   4.439409    30.9772        536     2.2292  0.000e+00
     15.709    21.5495   4.439261    30.9766        537     2.2333  0.000e+00
     15.790    21.5482   4.439059    30.9759        538     2.2375  0.000e+00
     15.861    21.5463   4.438958    30.9765        539     2.2417  0.000e+00
     15.933    21.5453   4.438850    30.9763        540     2.2458  0.000e+00
     15.995    21.5437   4.438736    30.9766        541     2.2500  0.000e+00
     16.040    21.5420   4.438635    30.9770        542     2.2542  0.000e+00
     16.064    21.5411   4.439032    30.9808        543     2.2583  0.000e+00
     16.067    21.5424   4.439436    30.9829        544     2.2625  0.000e+00
     16.037    21.5445   4.439503    30.9820        545     2.2667  0.000e+00
     15.982    21.5465   4.439362    30.9795        546     2.2708  0.000e+00
     15.892    21.5472   4.438951    30.9758        547     2.2750  0.000e+00
     15.767    21.5456   4.438857    30.9762        548     2.2792  0.000e+00
     15.623    21.5440   4.438742    30.9766        549     2.2833  0.000e+00
     15.446    21.5426   4.439315    30.9820        550     2.2875  0.000e+00
     15.249    21.5439   4.439335    30.9814        551     2.2917  0.000e+00
     15.055    21.5453   4.439294    30.9801        552     2.2958  0.000e+00
     14.834    21.5467   4.439213    30.9786        553     2.3000  0.000e+00
     14.624    21.5467   4.439213    30.9785        554     2.3042  0.000e+00
     14.414    21.5467   4.438957    30.9767        555     2.3083  0.000e+00
     14.231    21.5458   4.439314    30.9801        556     2.3125  0.000e+00
     14.088    21.5463   4.439846    30.9840        557     2.3167  0.000e+00
     13.966    21.5496   4.439913    30.9821        558     2.3208  0.000e+00
     13.881    21.5525   4.439954    30.9804        559     2.3250  0.000e+00
     13.832    21.5540   4.439886    30.9788        560     2.3292  0.000e+00
     13.803    21.5549   4.439900    30.9783        561     2.3333  0.000e+00
     13.814    21.5557   4.439940    30.9781        562     2.3375  0.000e+00
     13.854    21.5560   4.439913    30.9776        563     2.3417  0.000e+00
     13.912    21.5559   4.439819    30.9769        564     2.3458  0.000e+00
     13.975    21.5562   4.439839    30.9768        565     2.3500  0.000e+00
     14.050    21.5559   4.439873    30.9773        566     2.3542  0.000e+00
     14.116    21.5557   4.439913    30.9778        567     2.3583  0.000e+00
     14.193    21.5558   4.439873    30.9773        568     2.3625  0.000e+00
     14.252    21.5554   4.439866    30.9775        569     2.3667  0.000e+00
     14.310    21.5551   4.439866    30.9777        570     2.3708  0.000e+00
     14.343    21.5553   4.439738    30.9766        571     2.3750  0.000e+00
     14.350    21.5541   4.439664    30.9768        572     2.3792  0.000e+00
     14.339    21.5534   4.439691    30.9776        573     2.3833  0.000e+00
     14.308    21.5528   4.439610    30.9774        574     2.3875  0.000e+00
     14.274    21.5518   4.439503    30.9773        575     2.3917  0.000e+00
     14.238    21.5509   4.439388    30.9771        576     2.3958  0.000e+00
     14.200    21.5502   4.439489    30.9783        577     2.4000  0.000e+00
     14.154    21.5499   4.439792    30.9809        578     2.4042  0.000e+00
     14.105    21.5513   4.439886    30.9807        579     2.4083  0.000e+00
     14.047    21.5526   4.439765    30.9788        580     2.4125  0.000e+00
     13.980    21.5528   4.439691    30.9781        581     2.4167  0.000e+00
     13.908    21.5525   4.439691    30.9784        582     2.4208  0.000e+00
     13.823    21.5523   4.439610    30.9779        583     2.4250  0.000e+00
     13.732    21.5518   4.439637    30.9785        584     2.4292  0.000e+00
     13.633    21.5516   4.439900    30.9807        585     2.4333  0.000e+00
     13.526    21.5535   4.440115    30.9811        586     2.4375  0.000e+00
     13.417    21.5551   4.440189    30.9805        587     2.4417  0.000e+00
     13.303    21.5567   4.440189    30.9794        588     2.4458  0.000e+00
     13.184    21.5583   4.440189    30.9783        589     2.4500  0.000e+00
     13.068    21.5590   4.440189    30.9778        590     2.4542  0.000e+00
     12.959    21.5595   4.440162    30.9773        591     2.4583  0.000e+00
     12.847    21.5600   4.440236    30.9776        592     2.4625  0.000e+00
     12.754    21.5601   4.440263    30.9777        593     2.4667  0.000e+00
     12.675    21.5600   4.440263    30.9778        594     2.4708  0.000e+00
     12.611    21.5602   4.440243    30.9775        595     2.4750  0.000e+00
     12.566    21.5602   4.440236    30.9775        596     2.4792  0.000e+00
     12.539    21.5603   4.440243    30.9775        597     2.4833  0.000e+00
     12.537    21.5605   4.440243    30.9774        598     2.4875  0.000e+00
     12.559    21.5603   4.440216    30.9773        599     2.4917  0.000e+00
     12.593    21.5600   4.440216    30.9775        600     2.4958  0.000e+00
     12.631    21.5601   4.440216    30.9774        601     2.5000  0.000e+00
     12.667    21.5600   4.440189    30.9772        602     2.5042  0.000e+00
     12.696    21.5596   4.440108    30.9769        603     2.5083  0.000e+00
     12.713    21.5593   4.440142    30.9773        604     2.5125  0.000e+00
     12.729    21.5589   4.440243    30.9784        605     2.5167  0.000e+00
     12.736    21.5593   4.440317    30.9787        606     2.5208  0.000e+00
     12.711    21.5598   4.440344    30.9786        607     2.5250  0.000e+00
     12.668    21.5601   4.440317    30.9782        608     2.5292  0.000e+00
     12.593    21.5607   4.440263    30.9774        609     2.5333  0.000e+00
     12.492    21.5610   4.440216    30.9768        610     2.5375  0.000e+00
     12.369    21.5608   4.440243    30.9772        611     2.5417  0.000e+00
     12.229    21.5608   4.440263    30.9774        612     2.5458  0.000e+00
     12.095    21.5605   4.440263    30.9777        613     2.5500  0.000e+00
     11.958    21.5601   4.440263    30.9780        614     2.5542  0.000e+00
     11.836    21.5601   4.440215    30.9776        615     2.5583  0.000e+00
     11.738    21.5597   4.440162    30.9775        616     2.5625  0.000e+00
     11.664    21.5591   4.440162    30.9780        617     2.5667  0.000e+00
     11.610    21.5594   4.440135    30.9776        618     2.5708  0.000e+00
     11.574    21.5588   4.440141    30.9780        619     2.5750  0.000e+00
     11.552    21.5586   4.440161    30.9784        620     2.5792  0.000e+00
     11.536    21.5588   4.440161    30.9782        621     2.5833  0.000e+00
     11.527    21.5588   4.440135    30.9780        622     2.5875  0.000e+00
     11.514    21.5586   4.440161    30.9784        623     2.5917  0.000e+00
     11.503    21.5587   4.440114    30.9779        624     2.5958  0.000e+00
     11.481    21.5583   4.440135    30.9784        625     2.6000  0.000e+00
