HB2407/sbe036.cnv
* Sea-Bird SBE 19plus V2 Data File:
* FileName = C:\cruise\data\sbe036.hex
* Software Version Seasave V 7.26.7.121
* Temperature SN = 7143
* Conductivity SN = 7143
* System UpLoad Time = Sep 23 2024 09:22:22
* NMEA Latitude = 40 19.03 N
* NMEA Longitude = 073 54.14 W
* NMEA UTC (Time) = Sep 23 2024  09:21:47
** Ship: Bigelow
** Cruise:  HB2407
** Program:  Fall Bottom Trawl
# nquan = 7
# nvalues = 1260                                  
# units = specified
# name 0 = depSM: Depth [salt water, m]
# name 1 = tv290C: Temperature [ITS-90, deg C]
# name 2 = c0S/m: Conductivity [S/m]
# name 3 = sal00: Salinity, Practical [PSU]
# name 4 = scan: Scan Count
# name 5 = timeM: Time, Elapsed [minutes]
# name 6 = flag:  0.000e+00
# span 0 =     -0.049,     15.350                 
# span 1 =    16.0207,    21.3245                 
# span 2 =  -0.000015,   4.393035                 
# span 3 =     0.0000,    33.3906                 
# span 4 =         11,       1270                 
# span 5 =     0.0417,     5.2875                 
# span 6 = 0.0000e+00, 0.0000e+00                 
# interval = seconds: 0.25
# start_time = Sep 23 2024 09:21:47 [NMEA time, header]
# bad_flag = -9.990e-29
*END*
[from data line 206]
      4.962    21.1802   4.322012    30.3272        217     0.9000  0.000e+00
      5.016    21.2029   4.326215    30.3441        218     0.9042  0.000e+00
      5.015    21.2304   4.330307    30.3566        219     0.9083  0.000e+00
      4.987    21.2542   4.331200    30.3468        220     0.9125  0.000e+00
      4.947    21.2712   4.334507    30.3607        221     0.9167  0.000e+00
      4.893    21.2831   4.335361    30.3589        222     0.9208  0.000e+00
      4.820    21.2908   4.333373    30.3380        223     0.9250  0.000e+00
      4.739    21.2933   4.331260    30.3197        224     0.9292  0.000e+00
      4.683    21.2932   4.329873    30.3090        225     0.9333  0.000e+00
      4.668    21.2920   4.329006    30.3031        226     0.9375  0.000e+00
      4.699    21.2908   4.325994    30.2804        227     0.9417  0.000e+00
      4.770    21.2885   4.324422    30.2697        228     0.9458  0.000e+00
      4.867    21.2832   4.323842    30.2689        229     0.9500  0.000e+00
      4.974    21.2675   4.323270    30.2755        230     0.9542  0.000e+00
      5.081    21.2480   4.322391    30.2823        231     0.9583  0.000e+00
      5.186    21.2319   4.320559    30.2793        232     0.9625  0.000e+00
      5.280    21.2216   4.317916    30.2658        233     0.9667  0.000e+00
      5.374    21.2144   4.317836    30.2703        234     0.9708  0.000e+00
      5.451    21.2093   4.319414    30.2862        235     0.9750  0.000e+00
      5.525    21.2117   4.323537    30.3168        236     0.9792  0.000e+00
      5.577    21.2246   4.327461    30.3383        237     0.9833  0.000e+00
      5.613    21.2418   4.328628    30.3352        238     0.9875  0.000e+00
      5.646    21.2560   4.329341    30.3308        239     0.9917  0.000e+00
      5.659    21.2660   4.330554    30.3332        240     0.9958  0.000e+00
      5.673    21.2737   4.331660    30.3364        241     1.0000  0.000e+00
      5.690    21.2807   4.333961    30.3495        242     1.0042  0.000e+00
      5.709    21.2857   4.334681    30.3515        243     1.0083  0.000e+00
      5.735    21.2901   4.333807    30.3416        244     1.0125  0.000e+00
      5.762    21.2931   4.332580    30.3299        245     1.0167  0.000e+00
      5.791    21.2942   4.329673    30.3064        246     1.0208  0.000e+00
      5.827    21.2934   4.325548    30.2747        247     1.0250  0.000e+00
      5.869    21.2914   4.325848    30.2785        248     1.0292  0.000e+00
      5.917    21.2829   4.325948    30.2852        249     1.0333  0.000e+00
      5.983    21.2653   4.325369    30.2931        250     1.0375  0.000e+00
      6.046    21.2485   4.323890    30.2934        251     1.0417  0.000e+00
      6.120    21.2342   4.322245    30.2905        252     1.0458  0.000e+00
      6.195    21.2210   4.320913    30.2894        253     1.0500  0.000e+00
      6.264    21.2096   4.322698    30.3115        254     1.0542  0.000e+00
      6.325    21.2010   4.323877    30.3267        255     1.0583  0.000e+00
      6.379    21.2029   4.324757    30.3322        256     1.0625  0.000e+00
      6.434    21.2114   4.325550    30.3324        257     1.0667  0.000e+00
      6.484    21.2208   4.326516    30.3333        258     1.0708  0.000e+00
      6.533    21.2303   4.328315    30.3406        259     1.0750  0.000e+00
      6.577    21.2393   4.330234    30.3493        260     1.0792  0.000e+00
      6.622    21.2465   4.332915    30.3652        261     1.0833  0.000e+00
      6.655    21.2522   4.336949    30.3927        262     1.0875  0.000e+00
      6.671    21.2575   4.340599    30.4175        263     1.0917  0.000e+00
      6.687    21.2631   4.344363    30.4429        264     1.0958  0.000e+00
      6.698    21.2675   4.348135    30.4693        265     1.1000  0.000e+00
      6.715    21.2720   4.349871    30.4796        266     1.1042  0.000e+00
      6.738    21.2763   4.351347    30.4881        267     1.1083  0.000e+00
      6.763    21.2795   4.351561    30.4875        268     1.1125  0.000e+00
      6.796    21.2829   4.351795    30.4870        269     1.1167  0.000e+00
      6.829    21.2850   4.351841    30.4858        270     1.1208  0.000e+00
      6.878    21.2866   4.351073    30.4787        271     1.1250  0.000e+00
      6.937    21.2860   4.349924    30.4701        272     1.1292  0.000e+00
      7.011    21.2851   4.347794    30.4540        273     1.1333  0.000e+00
      7.080    21.2822   4.346466    30.4457        274     1.1375  0.000e+00
      7.153    21.2789   4.346345    30.4471        275     1.1417  0.000e+00
      7.220    21.2757   4.345618    30.4436        276     1.1458  0.000e+00
      7.287    21.2731   4.345798    30.4469        277     1.1500  0.000e+00
      7.346    21.2711   4.347300    30.4600        278     1.1542  0.000e+00
      7.388    21.2699   4.349898    30.4811        279     1.1583  0.000e+00
      7.422    21.2706   4.351849    30.4959        280     1.1625  0.000e+00
      7.444    21.2708   4.354762    30.5185        281     1.1667  0.000e+00
      7.455    21.2718   4.357441    30.5388        282     1.1708  0.000e+00
      7.468    21.2743   4.358397    30.5445        283     1.1750  0.000e+00
      7.471    21.2782   4.359600    30.5511        284     1.1792  0.000e+00
      7.484    21.2818   4.360242    30.5536        285     1.1833  0.000e+00
      7.505    21.2845   4.360583    30.5543        286     1.1875  0.000e+00
      7.533    21.2856   4.360630    30.5539        287     1.1917  0.000e+00
      7.569    21.2864   4.360449    30.5519        288     1.1958  0.000e+00
      7.614    21.2874   4.360389    30.5507        289     1.2000  0.000e+00
      7.663    21.2875   4.360423    30.5509        290     1.2042  0.000e+00
      7.718    21.2875   4.360416    30.5508        291     1.2083  0.000e+00
      7.781    21.2876   4.360376    30.5504        292     1.2125  0.000e+00
      7.835    21.2873   4.360837    30.5542        293     1.2167  0.000e+00
      7.886    21.2878   4.362776    30.5690        294     1.2208  0.000e+00
      7.931    21.2882   4.365157    30.5873        295     1.2250  0.000e+00
      7.960    21.2883   4.367579    30.6062        296     1.2292  0.000e+00
      7.980    21.2907   4.371065    30.6318        297     1.2333  0.000e+00
      7.993    21.2960   4.373307    30.6455        298     1.2375  0.000e+00
      8.000    21.3016   4.373675    30.6444        299     1.2417  0.000e+00
      8.011    21.3058   4.373180    30.6375        300     1.2458  0.000e+00
      8.033    21.3083   4.372510    30.6305        301     1.2500  0.000e+00
      8.065    21.3091   4.371861    30.6248        302     1.2542  0.000e+00
      8.103    21.3094   4.372115    30.6266        303     1.2583  0.000e+00
      8.157    21.3094   4.372276    30.6278        304     1.2625  0.000e+00
      8.210    21.3090   4.372323    30.6285        305     1.2667  0.000e+00
      8.271    21.3084   4.371995    30.6263        306     1.2708  0.000e+00
      8.342    21.3070   4.371527    30.6236        307     1.2750  0.000e+00
      8.413    21.3058   4.371205    30.6220        308     1.2792  0.000e+00
      8.488    21.3046   4.370931    30.6206        309     1.2833  0.000e+00
      8.548    21.3036   4.370389    30.6171        310     1.2875  0.000e+00
      8.610    21.3018   4.369954    30.6150        311     1.2917  0.000e+00
      8.671    21.3004   4.370028    30.6165        312     1.2958  0.000e+00
      8.729    21.2992   4.370463    30.6207        313     1.3000  0.000e+00
      8.776    21.2986   4.370858    30.6243        314     1.3042  0.000e+00
      8.830    21.2983   4.371701    30.6311        315     1.3083  0.000e+00
      8.887    21.2986   4.372792    30.6393        316     1.3125  0.000e+00
      8.930    21.3003   4.373849    30.6464        317     1.3167  0.000e+00
      8.970    21.3033   4.374760    30.6513        318     1.3208  0.000e+00
      9.014    21.3059   4.375449    30.6549        319     1.3250  0.000e+00
      9.055    21.3087   4.376072    30.6577        320     1.3292  0.000e+00
      9.101    21.3109   4.376641    30.6606        321     1.3333  0.000e+00
      9.142    21.3133   4.376956    30.6613        322     1.3375  0.000e+00
      9.178    21.3147   4.376869    30.6596        323     1.3417  0.000e+00
      9.227    21.3159   4.377284    30.6620        324     1.3458  0.000e+00
      9.274    21.3163   4.377652    30.6646        325     1.3500  0.000e+00
      9.318    21.3165   4.377981    30.6670        326     1.3542  0.000e+00
      9.367    21.3169   4.378315    30.6693        327     1.3583  0.000e+00
      9.416    21.3173   4.378423    30.6699        328     1.3625  0.000e+00
      9.468    21.3177   4.378838    30.6728        329     1.3667  0.000e+00
      9.515    21.3184   4.379173    30.6749        330     1.3708  0.000e+00
      9.544    21.3189   4.379588    30.6778        331     1.3750  0.000e+00
      9.564    21.3194   4.379186    30.6743        332     1.3792  0.000e+00
      9.578    21.3205   4.379816    30.6784        333     1.3833  0.000e+00
      9.578    21.3210   4.380566    30.6839        334     1.3875  0.000e+00
      9.573    21.3221   4.381316    30.6891        335     1.3917  0.000e+00
      9.556    21.3229   4.381832    30.6925        336     1.3958  0.000e+00
      9.527    21.3237   4.381577    30.6900        337     1.4000  0.000e+00
      9.513    21.3242   4.381209    30.6867        338     1.4042  0.000e+00
      9.535    21.3242   4.380673    30.6825        339     1.4083  0.000e+00
      9.566    21.3245   4.379789    30.6753        340     1.4125  0.000e+00
      9.609    21.3234   4.378690    30.6676        341     1.4167  0.000e+00
      9.680    21.3222   4.378811    30.6693        342     1.4208  0.000e+00
      9.758    21.3196   4.378811    30.6712        343     1.4250  0.000e+00
      9.863    21.3129   4.378677    30.6748        344     1.4292  0.000e+00
      9.981    21.3075   4.378316    30.6759        345     1.4333  0.000e+00
     10.113    21.3031   4.377619    30.6735        346     1.4375  0.000e+00
     10.242    21.2997   4.377050    30.6714        347     1.4417  0.000e+00
     10.367    21.2955   4.376367    30.6691        348     1.4458  0.000e+00
     10.488    21.2910   4.375685    30.6669        349     1.4500  0.000e+00
     10.600    21.2882   4.375624    30.6684        350     1.4542  0.000e+00
     10.707    21.2866   4.376046    30.6728        351     1.4583  0.000e+00
     10.785    21.2865   4.376562    30.6769        352     1.4625  0.000e+00
     10.863    21.2881   4.378008    30.6870        353     1.4667  0.000e+00
     10.926    21.2914   4.380748    30.7061        354     1.4708  0.000e+00
     10.975    21.2955   4.383119    30.7217        355     1.4750  0.000e+00
     11.016    21.2999   4.384138    30.7265        356     1.4792  0.000e+00
     11.054    21.3045   4.385049    30.7303        357     1.4833  0.000e+00
     11.080    21.3081   4.385485    30.7312        358     1.4875  0.000e+00
     11.105    21.3104   4.385994    30.7335        359     1.4917  0.000e+00
     11.114    21.3121   4.386289    30.7346        360     1.4958  0.000e+00
     11.123    21.3129   4.386289    30.7340        361     1.5000  0.000e+00
     11.130    21.3139   4.386523    30.7351        362     1.5042  0.000e+00
     11.139    21.3145   4.386657    30.7357        363     1.5083  0.000e+00
     11.148    21.3143   4.386731    30.7364        364     1.5125  0.000e+00
     11.159    21.3147   4.386778    30.7365        365     1.5167  0.000e+00
     11.175    21.3145   4.386785    30.7367        366     1.5208  0.000e+00
     11.186    21.3147   4.386389    30.7335        367     1.5250  0.000e+00
     11.212    21.3158   4.386041    30.7300        368     1.5292  0.000e+00
     11.241    21.3160   4.385846    30.7283        369     1.5333  0.000e+00
     11.270    21.3158   4.385940    30.7292        370     1.5375  0.000e+00
     11.295    21.3151   4.385873    30.7291        371     1.5417  0.000e+00
     11.326    21.3140   4.385719    30.7287        372     1.5458  0.000e+00
     11.360    21.3130   4.385431    30.7271        373     1.5500  0.000e+00
     11.398    21.3119   4.385069    30.7251        374     1.5542  0.000e+00
     11.434    21.3112   4.384627    30.7221        375     1.5583  0.000e+00
     11.487    21.3102   4.383883    30.7170        376     1.5625  0.000e+00
     11.532    21.3084   4.383615    30.7161        377     1.5667  0.000e+00
     11.594    21.3076   4.383595    30.7166        378     1.5708  0.000e+00
     11.657    21.3048   4.383515    30.7179        379     1.5750  0.000e+00
     11.722    21.2995   4.383468    30.7213        380     1.5792  0.000e+00
     11.789    21.2954   4.383314    30.7230        381     1.5833  0.000e+00
     11.869    21.2922   4.383153    30.7241        382     1.5875  0.000e+00
     11.967    21.2901   4.383153    30.7255        383     1.5917  0.000e+00
     12.073    21.2875   4.383294    30.7284        384     1.5958  0.000e+00
     12.189    21.2853   4.383468    30.7313        385     1.6000  0.000e+00
     12.313    21.2811   4.383468    30.7343        386     1.6042  0.000e+00
     12.445    21.2766   4.383288    30.7361        387     1.6083  0.000e+00
     12.571    21.2737   4.383047    30.7362        388     1.6125  0.000e+00
     12.693    21.2725   4.382792    30.7351        389     1.6167  0.000e+00
     12.801    21.2716   4.382450    30.7330        390     1.6208  0.000e+00
     12.908    21.2699   4.381814    30.7292        391     1.6250  0.000e+00
     12.997    21.2688   4.381553    30.7279        392     1.6292  0.000e+00
     13.067    21.2688   4.381955    30.7310        393     1.6333  0.000e+00
     13.125    21.2721   4.385231    30.7543        394     1.6375  0.000e+00
     13.172    21.2799   4.387999    30.7704        395     1.6417  0.000e+00
     13.205    21.2884   4.389112    30.7730        396     1.6458  0.000e+00
     13.229    21.2950   4.389534    30.7715        397     1.6500  0.000e+00
     13.238    21.3004   4.389427    30.7669        398     1.6542  0.000e+00
     13.236    21.3040   4.389092    30.7617        399     1.6583  0.000e+00
     13.219    21.3064   4.388984    30.7591        400     1.6625  0.000e+00
     13.200    21.3081   4.386216    30.7362        401     1.6667  0.000e+00
     13.178    21.3088   4.383026    30.7108        402     1.6708  0.000e+00
     13.154    21.3093   4.388884    30.7562        403     1.6750  0.000e+00
     13.138    21.3099   4.388797    30.7552        404     1.6792  0.000e+00
     13.131    21.3099   4.388676    30.7542        405     1.6833  0.000e+00
     13.138    21.3101   4.388549    30.7531        406     1.6875  0.000e+00
     13.162    21.3099   4.388334    30.7515        407     1.6917  0.000e+00
     13.189    21.3098   4.387999    30.7490        408     1.6958  0.000e+00
     13.225    21.3093   4.387583    30.7461        409     1.7000  0.000e+00
     13.272    21.3080   4.387181    30.7438        410     1.7042  0.000e+00
     13.326    21.3073   4.387040    30.7432        411     1.7083  0.000e+00
     13.397    21.3066   4.387034    30.7436        412     1.7125  0.000e+00
     13.477    21.3056   4.387014    30.7442        413     1.7167  0.000e+00
     13.560    21.3019   4.386940    30.7462        414     1.7208  0.000e+00
     13.638    21.2977   4.386786    30.7480        415     1.7250  0.000e+00
     13.721    21.2952   4.386525    30.7477        416     1.7292  0.000e+00
     13.806    21.2936   4.386391    30.7478        417     1.7333  0.000e+00
     13.891    21.2928   4.386371    30.7481        418     1.7375  0.000e+00
     13.978    21.2911   4.386411    30.7496        419     1.7417  0.000e+00
     14.078    21.2892   4.386733    30.7535        420     1.7458  0.000e+00
