HB2407/sbe017.cnv
* Sea-Bird SBE 19plus V2 Data File:
* FileName = C:\cruise\data\sbe017.hex
* Software Version Seasave V 7.26.7.121
* Temperature SN = 7143
* Conductivity SN = 7143
* System UpLoad Time = Sep 11 2024 17:39:43
* NMEA Latitude = 35 36.53 N
* NMEA Longitude = 075 21.54 W
* NMEA UTC (Time) = Sep 11 2024  17:39:55
** Ship: Bigelow
** Cruise:  HB2407
** Program:  Fall Bottom Trawl
# nquan = 7
# nvalues = 1299                                  
# units = specified
# name 0 = depSM: Depth [salt water, m]
# name 1 = tv290C: Temperature [ITS-90, deg C]
# name 2 = c0S/m: Conductivity [S/m]
# name 3 = sal00: Salinity, Practical [PSU]
# name 4 = scan: Scan Count
# name 5 = timeM: Time, Elapsed [minutes]
# name 6 = flag:  0.000e+00
# span 0 =      0.020,     22.867                 
# span 1 =    22.4169,    23.1558                 
# span 2 =  -0.000009,   4.660687                 
# span 3 =     0.0000,    31.5924                 
# span 4 =         11,       1309                 
# span 5 =     0.0417,     5.4500                 
# span 6 = 0.0000e+00, 0.0000e+00                 
# interval = seconds: 0.25
# start_time = Sep 11 2024 17:39:55 [NMEA time, header]
# bad_flag = -9.990e-29
*END*
[from data line 206]
      3.510    22.9757   4.542996    30.7663        217     0.9000  0.000e+00
      3.458    22.9721   4.543254    30.7707        218     0.9042  0.000e+00
      3.407    22.9706   4.543492    30.7736        219     0.9083  0.000e+00
      3.344    22.9699   4.543384    30.7733        220     0.9125  0.000e+00
      3.264    22.9684   4.542322    30.7663        221     0.9167  0.000e+00
      3.157    22.9663   4.541602    30.7624        222     0.9208  0.000e+00
      3.036    22.9640   4.540955    30.7592        223     0.9250  0.000e+00
      2.883    22.9603   4.540337    30.7571        224     0.9292  0.000e+00
      2.706    22.9575   4.539147    30.7501        225     0.9333  0.000e+00
      2.490    22.9553   4.540350    30.7608        226     0.9375  0.000e+00
      2.257    22.9540   4.540282    30.7613        227     0.9417  0.000e+00
      2.010    22.9527   4.540282    30.7623        228     0.9458  0.000e+00
      1.800    22.9523   4.540384    30.7634        229     0.9500  0.000e+00
      1.650    22.9519   4.540771    30.7666        230     0.9542  0.000e+00
      1.572    22.9525   4.540295    30.7626        231     0.9583  0.000e+00
      1.570    22.9535   4.539867    30.7587        232     0.9625  0.000e+00
      1.615    22.9562   4.540411    30.7609        233     0.9667  0.000e+00
      1.686    22.9591   4.541445    30.7666        234     0.9708  0.000e+00
      1.749    22.9615   4.541703    30.7669        235     0.9750  0.000e+00
      1.795    22.9627   4.542131    30.7693        236     0.9792  0.000e+00
      1.811    22.9643   4.542063    30.7677        237     0.9833  0.000e+00
      1.813    22.9647   4.542016    30.7671        238     0.9875  0.000e+00
      1.807    22.9654   4.541832    30.7652        239     0.9917  0.000e+00
      1.798    22.9645   4.541499    30.7633        240     0.9958  0.000e+00
      1.767    22.9639   4.541159    30.7611        241     1.0000  0.000e+00
      1.711    22.9616   4.540853    30.7604        242     1.0042  0.000e+00
      1.624    22.9600   4.540465    30.7586        243     1.0083  0.000e+00
      1.485    22.9576   4.540207    30.7584        244     1.0125  0.000e+00
      1.313    22.9561   4.540078    30.7585        245     1.0167  0.000e+00
      1.148    22.9546   4.540023    30.7592        246     1.0208  0.000e+00
      1.003    22.9539   4.540050    30.7600        247     1.0250  0.000e+00
      0.889    22.9529   4.539996    30.7603        248     1.0292  0.000e+00
      0.769    22.9529   4.539921    30.7598        249     1.0333  0.000e+00
      0.621    22.9519   4.540050    30.7615        250     1.0375  0.000e+00
      0.532    22.9518   4.540376    30.7641        251     1.0417  0.000e+00
      0.465    22.9515   4.537643    30.7436        252     1.0458  0.000e+00
      0.419    22.9524   4.538418    30.7488        253     1.0500  0.000e+00
      0.372    22.9527   4.539506    30.7569        254     1.0542  0.000e+00
      0.311    22.9541   4.541260    30.7692        255     1.0583  0.000e+00
      0.251    22.9551   4.541403    30.7696        256     1.0625  0.000e+00
      0.224    22.9570   4.540900    30.7644        257     1.0667  0.000e+00
      0.266    22.9585   4.540743    30.7622        258     1.0708  0.000e+00
      0.351    22.9613   4.540873    30.7612        259     1.0750  0.000e+00
      0.459    22.9623   4.540852    30.7603        260     1.0792  0.000e+00
      0.593    22.9638   4.540812    30.7589        261     1.0833  0.000e+00
      0.738    22.9644   4.540954    30.7596        262     1.0875  0.000e+00
      0.851    22.9650   4.541730    30.7650        263     1.0917  0.000e+00
      0.881    22.9644   4.541444    30.7632        264     1.0958  0.000e+00
      0.829    22.9648   4.540771    30.7579        265     1.1000  0.000e+00
      0.700    22.9620   4.540376    30.7568        266     1.1042  0.000e+00
      0.552    22.9601   4.540308    30.7577        267     1.1083  0.000e+00
      0.398    22.9575   4.540206    30.7588        268     1.1125  0.000e+00
      0.235    22.9571   4.540125    30.7585        269     1.1167  0.000e+00
      0.106    22.9558   4.540356    30.7612        270     1.1208  0.000e+00
      0.054    22.9567   4.540893    30.7647        271     1.1250  0.000e+00
      0.106    22.9566   4.537310    30.7376        272     1.1292  0.000e+00
      0.295    22.9588   4.537697    30.7389        273     1.1333  0.000e+00
      0.447    22.9607   4.541471    30.7661        274     1.1375  0.000e+00
      0.521    22.9640   4.541655    30.7652        275     1.1417  0.000e+00
      0.537    22.9650   4.541566    30.7638        276     1.1458  0.000e+00
      0.494    22.9653   4.540594    30.7563        277     1.1500  0.000e+00
      0.371    22.9624   4.540641    30.7587        278     1.1542  0.000e+00
      0.218    22.9601   4.540485    30.7591        279     1.1583  0.000e+00
      0.088    22.9580   4.540383    30.7599        280     1.1625  0.000e+00
      0.048    22.9565   2.155700    13.5293        281     1.1667  0.000e+00
      0.048    22.9486   0.508594     2.8544        282     1.1708  0.000e+00
      0.050    22.9255   2.268079    14.3113        283     1.1750  0.000e+00
      0.061    22.9167   4.533409    30.7359        284     1.1792  0.000e+00
      0.334    22.9209   4.541023    30.7906        285     1.1833  0.000e+00
      0.697    22.9336   4.541084    30.7821        286     1.1875  0.000e+00
      0.983    22.9439   4.541213    30.7758        287     1.1917  0.000e+00
      1.175    22.9495   4.541261    30.7721        288     1.1958  0.000e+00
      1.251    22.9532   4.541499    30.7713        289     1.2000  0.000e+00
      1.233    22.9554   4.541621    30.7707        290     1.2042  0.000e+00
      1.148    22.9566   4.541472    30.7688        291     1.2083  0.000e+00
      0.975    22.9569   4.541057    30.7655        292     1.2125  0.000e+00
      0.702    22.9550   4.540982    30.7663        293     1.2167  0.000e+00
      0.399    22.9543   4.541029    30.7673        294     1.2208  0.000e+00
      0.207    22.9539   4.541213    30.7690        295     1.2250  0.000e+00
      0.168    22.9549   4.541288    30.7689        296     1.2292  0.000e+00
      0.193    22.9555   4.541396    30.7693        297     1.2333  0.000e+00
      0.207    22.9564   4.541471    30.7692        298     1.2375  0.000e+00
      0.260    22.9568   4.541498    30.7691        299     1.2417  0.000e+00
      0.401    22.9580   4.541458    30.7679        300     1.2458  0.000e+00
      0.586    22.9583   4.541417    30.7673        301     1.2500  0.000e+00
      0.733    22.9594   4.541444    30.7667        302     1.2542  0.000e+00
      0.825    22.9585   4.541675    30.7691        303     1.2583  0.000e+00
      0.863    22.9595   4.541859    30.7697        304     1.2625  0.000e+00
      0.860    22.9596   4.541784    30.7691        305     1.2667  0.000e+00
      0.809    22.9600   4.541628    30.7677        306     1.2708  0.000e+00
      0.718    22.9594   4.541526    30.7673        307     1.2750  0.000e+00
      0.626    22.9600   4.541655    30.7679        308     1.2792  0.000e+00
      0.599    22.9595   4.541859    30.7698        309     1.2833  0.000e+00
      0.673    22.9601   4.541839    30.7692        310     1.2875  0.000e+00
      0.791    22.9607   4.541730    30.7679        311     1.2917  0.000e+00
      0.905    22.9626   4.541573    30.7655        312     1.2958  0.000e+00
      1.010    22.9632   4.541526    30.7646        313     1.3000  0.000e+00
      1.112    22.9631   4.541397    30.7637        314     1.3042  0.000e+00
      1.231    22.9629   4.541295    30.7630        315     1.3083  0.000e+00
      1.363    22.9624   4.541315    30.7635        316     1.3125  0.000e+00
      1.499    22.9611   4.541315    30.7643        317     1.3167  0.000e+00
      1.637    22.9605   4.541342    30.7649        318     1.3208  0.000e+00
      1.767    22.9600   4.541370    30.7654        319     1.3250  0.000e+00
      1.890    22.9593   4.541322    30.7655        320     1.3292  0.000e+00
      2.012    22.9591   4.541343    30.7658        321     1.3333  0.000e+00
      2.133    22.9584   4.541418    30.7668        322     1.3375  0.000e+00
      2.235    22.9580   4.541676    30.7690        323     1.3417  0.000e+00
      2.329    22.9573   4.541914    30.7713        324     1.3458  0.000e+00
      2.436    22.9581   4.541812    30.7699        325     1.3500  0.000e+00
      2.572    22.9581   4.541601    30.7683        326     1.3542  0.000e+00
      2.722    22.9592   4.541527    30.7669        327     1.3583  0.000e+00
      2.881    22.9592   4.541547    30.7670        328     1.3625  0.000e+00
      3.028    22.9595   4.541527    30.7666        329     1.3667  0.000e+00
      3.184    22.9590   4.541472    30.7665        330     1.3708  0.000e+00
      3.359    22.9585   4.541459    30.7667        331     1.3750  0.000e+00
      3.555    22.9573   4.541445    30.7674        332     1.3792  0.000e+00
      3.742    22.9567   4.541473    30.7679        333     1.3833  0.000e+00
      3.910    22.9556   4.541575    30.7694        334     1.3875  0.000e+00
      4.046    22.9568   4.541860    30.7707        335     1.3917  0.000e+00
      4.157    22.9582   4.542187    30.7722        336     1.3958  0.000e+00
      4.269    22.9592   4.542194    30.7715        337     1.4000  0.000e+00
      4.394    22.9596   4.542194    30.7712        338     1.4042  0.000e+00
      4.530    22.9596   4.542194    30.7711        339     1.4083  0.000e+00
      4.662    22.9596   4.542221    30.7713        340     1.4125  0.000e+00
      4.798    22.9596   4.542323    30.7720        341     1.4167  0.000e+00
      4.943    22.9600   4.542303    30.7715        342     1.4208  0.000e+00
      5.089    22.9603   4.542092    30.7697        343     1.4250  0.000e+00
      5.263    22.9611   4.542119    30.7693        344     1.4292  0.000e+00
      5.439    22.9613   4.542045    30.7685        345     1.4333  0.000e+00
      5.604    22.9619   4.542086    30.7684        346     1.4375  0.000e+00
      5.763    22.9612   4.542120    30.7691        347     1.4417  0.000e+00
      5.923    22.9614   4.542120    30.7689        348     1.4458  0.000e+00
      6.075    22.9609   4.542147    30.7694        349     1.4500  0.000e+00
      6.225    22.9613   4.542378    30.7708        350     1.4542  0.000e+00
      6.361    22.9613   4.542705    30.7732        351     1.4583  0.000e+00
      6.484    22.9623   4.542766    30.7730        352     1.4625  0.000e+00
      6.596    22.9620   4.542637    30.7722        353     1.4667  0.000e+00
      6.703    22.9627   4.542610    30.7715        354     1.4708  0.000e+00
      6.814    22.9626   4.542637    30.7717        355     1.4750  0.000e+00
      6.917    22.9627   4.542678    30.7719        356     1.4792  0.000e+00
      7.015    22.9626   4.542719    30.7723        357     1.4833  0.000e+00
      7.115    22.9624   4.542766    30.7728        358     1.4875  0.000e+00
      7.231    22.9616   4.542848    30.7738        359     1.4917  0.000e+00
      7.361    22.9612   4.542950    30.7749        360     1.4958  0.000e+00
      7.504    22.9612   4.543032    30.7754        361     1.5000  0.000e+00
      7.662    22.9613   4.542923    30.7745        362     1.5042  0.000e+00
      7.834    22.9617   4.542767    30.7730        363     1.5083  0.000e+00
      8.022    22.9617   4.542692    30.7724        364     1.5125  0.000e+00
      8.223    22.9636   4.542740    30.7714        365     1.5167  0.000e+00
      8.444    22.9637   4.542760    30.7714        366     1.5208  0.000e+00
      8.684    22.9646   4.542849    30.7714        367     1.5250  0.000e+00
      8.917    22.9640   4.542869    30.7719        368     1.5292  0.000e+00
      9.155    22.9643   4.542869    30.7716        369     1.5333  0.000e+00
      9.386    22.9640   4.543026    30.7729        370     1.5375  0.000e+00
      9.611    22.9647   4.543169    30.7734        371     1.5417  0.000e+00
      9.823    22.9644   4.543366    30.7751        372     1.5458  0.000e+00
     10.024    22.9649   4.543523    30.7759        373     1.5500  0.000e+00
     10.205    22.9648   4.543597    30.7764        374     1.5542  0.000e+00
     10.365    22.9650   4.543570    30.7760        375     1.5583  0.000e+00
     10.511    22.9643   4.543496    30.7759        376     1.5625  0.000e+00
     10.642    22.9615   4.543788    30.7800        377     1.5667  0.000e+00
     10.756    22.9563   4.544605    30.7898        378     1.5708  0.000e+00
     10.866    22.9484   4.545721    30.8038        379     1.5750  0.000e+00
     10.972    22.9401   4.546449    30.8151        380     1.5792  0.000e+00
     11.075    22.9314   4.546939    30.8248        381     1.5833  0.000e+00
     11.194    22.9229   4.547306    30.8335        382     1.5875  0.000e+00
     11.319    22.9155   4.547198    30.8379        383     1.5917  0.000e+00
     11.457    22.9130   4.546211    30.8321        384     1.5958  0.000e+00
     11.602    22.9116   4.545538    30.8280        385     1.6000  0.000e+00
     11.754    22.9103   4.545592    30.8292        386     1.6042  0.000e+00
     11.917    22.9082   4.545307    30.8285        387     1.6083  0.000e+00
     12.086    22.9105   4.545279    30.8267        388     1.6125  0.000e+00
     12.259    22.9151   4.545307    30.8236        389     1.6167  0.000e+00
     12.439    22.9215   4.545620    30.8214        390     1.6208  0.000e+00
     12.614    22.9271   4.546341    30.8229        391     1.6250  0.000e+00
     12.787    22.9306   4.546885    30.8245        392     1.6292  0.000e+00
     12.959    22.9326   4.547096    30.8246        393     1.6333  0.000e+00
     13.129    22.9324   4.547538    30.8281        394     1.6375  0.000e+00
     13.299    22.9318   4.548131    30.8329        395     1.6417  0.000e+00
     13.460    22.9277   4.548471    30.8384        396     1.6458  0.000e+00
     13.613    22.9185   4.550077    30.8569        397     1.6500  0.000e+00
     13.763    22.9050   4.552705    30.8863        398     1.6542  0.000e+00
     13.912    22.8928   4.555034    30.9124        399     1.6583  0.000e+00
     14.053    22.8813   4.557009    30.9355        400     1.6625  0.000e+00
     14.194    22.8729   4.558331    30.9514        401     1.6667  0.000e+00
     14.332    22.8658   4.559162    30.9627        402     1.6708  0.000e+00
     14.473    22.8596   4.560129    30.9743        403     1.6750  0.000e+00
     14.618    22.8544   4.560695    30.9822        404     1.6792  0.000e+00
     14.772    22.8505   4.559060    30.9725        405     1.6833  0.000e+00
     14.930    22.8492   4.554463    30.9385        406     1.6875  0.000e+00
     15.106    22.8486   4.552959    30.9274        407     1.6917  0.000e+00
     15.290    22.8477   4.552700    30.9261        408     1.6958  0.000e+00
     15.484    22.8482   4.551223    30.9144        409     1.7000  0.000e+00
     15.689    22.8542   4.550243    30.9027        410     1.7042  0.000e+00
     15.897    22.8576   4.549719    30.8963        411     1.7083  0.000e+00
     16.111    22.8654   4.548834    30.8840        412     1.7125  0.000e+00
     16.337    22.8728   4.548235    30.8742        413     1.7167  0.000e+00
     16.553    22.8818   4.548106    30.8669        414     1.7208  0.000e+00
     16.767    22.8892   4.547949    30.8604        415     1.7250  0.000e+00
     16.970    22.8988   4.548344    30.8566        416     1.7292  0.000e+00
     17.160    22.9059   4.551481    30.8753        417     1.7333  0.000e+00
     17.337    22.9123   4.553422    30.8855        418     1.7375  0.000e+00
     17.500    22.9163   4.555505    30.8984        419     1.7417  0.000e+00
     17.649    22.9139   4.557971    30.9188        420     1.7458  0.000e+00
