HB2407/sbe092.cnv
* Sea-Bird SBE 19plus V2 Data File:
* FileName = C:\cruise\data\sbe092.hex
* Software Version Seasave V 7.26.7.121
* Temperature SN = 7037
* Conductivity SN = 7037
* System UpLoad Time = Oct 15 2024 16:37:14
* NMEA Latitude = 41 51.02 N
* NMEA Longitude = 069 17.98 W
* NMEA UTC (Time) = Oct 15 2024  16:37:05
** Ship: Bigelow
** Cruise:  HB2407
** Program:  Spring Bottom Trawl
# nquan = 8
# nvalues = 4646                                  
# units = specified
# name 0 = depSM: Depth [salt water, m]
# name 1 = tv290C: Temperature [ITS-90, deg C]
# name 2 = c0S/m: Conductivity [S/m]
# name 3 = sal00: Salinity, Practical [PSU]
# name 4 = scan: Scan Count
# name 5 = timeM: Time, Elapsed [minutes]
# name 6 = sbeox0V: Oxygen raw, SBE 43 [V]
# name 7 = flag:  0.000e+00
# span 0 =     -0.111,    187.525                 
# span 1 =     7.1559,    15.6457                 
# span 2 =   0.000226,   3.973845                 
# span 3 =     0.0082,    34.0061                 
# span 4 =         11,       4656                 
# span 5 =     0.0417,    19.3958                 
# span 6 =     1.5705,     2.4836                 
# span 7 = 0.0000e+00, 0.0000e+00                 
# interval = seconds: 0.25
# start_time = Oct 15 2024 16:37:05 [NMEA time, header]
# bad_flag = -9.990e-29
*END*
[from data line 3236]
     77.629     8.1513   3.424926    32.7203       3247    13.5250     1.9855  0.000e+00
     77.535     8.1550   3.425217    32.7199       3248    13.5292     1.9857  0.000e+00
     77.459     8.1590   3.425507    32.7193       3249    13.5333     1.9855  0.000e+00
     77.390     8.1626   3.425730    32.7184       3250    13.5375     1.9851  0.000e+00
     77.331     8.1660   3.425855    32.7165       3251    13.5417     1.9860  0.000e+00
     77.276     8.1687   3.425838    32.7139       3252    13.5458     1.9853  0.000e+00
     77.238     8.1705   3.425769    32.7114       3253    13.5500     1.9847  0.000e+00
     77.208     8.1716   3.425712    32.7098       3254    13.5542     1.9854  0.000e+00
     77.186     8.1720   3.425690    32.7092       3255    13.5583     1.9845  0.000e+00
     77.164     8.1723   3.425684    32.7089       3256    13.5625     1.9847  0.000e+00
     77.141     8.1724   3.425752    32.7096       3257    13.5667     1.9839  0.000e+00
     77.131     8.1726   3.425792    32.7098       3258    13.5708     1.9854  0.000e+00
     77.113     8.1729   3.425838    32.7100       3259    13.5750     1.9846  0.000e+00
     77.093     8.1733   3.425815    32.7094       3260    13.5792     1.9843  0.000e+00
     77.068     8.1735   3.425855    32.7096       3261    13.5833     1.9847  0.000e+00
     77.032     8.1737   3.425986    32.7108       3262    13.5875     1.9845  0.000e+00
     76.985     8.1742   3.426043    32.7110       3263    13.5917     1.9841  0.000e+00
     76.936     8.1748   3.426105    32.7111       3264    13.5958     1.9842  0.000e+00
     76.867     8.1754   3.426202    32.7117       3265    13.6000     1.9857  0.000e+00
     76.793     8.1761   3.426271    32.7117       3266    13.6042     1.9845  0.000e+00
     76.717     8.1770   3.426413    32.7124       3267    13.6083     1.9857  0.000e+00
     76.630     8.1778   3.426419    32.7118       3268    13.6125     1.9853  0.000e+00
     76.542     8.1788   3.426350    32.7102       3269    13.6167     1.9857  0.000e+00
     76.442     8.1794   3.426436    32.7106       3270    13.6208     1.9871  0.000e+00
     76.360     8.1798   3.426481    32.7108       3271    13.6250     1.9858  0.000e+00
     76.265     8.1803   3.426618    32.7117       3272    13.6292     1.9855  0.000e+00
     76.189     8.1811   3.426658    32.7115       3273    13.6333     1.9862  0.000e+00
     76.113     8.1821   3.426635    32.7104       3274    13.6375     1.9845  0.000e+00
     76.048     8.1825   3.426618    32.7099       3275    13.6417     1.9857  0.000e+00
     75.995     8.1828   3.426618    32.7095       3276    13.6458     1.9860  0.000e+00
     75.948     8.1829   3.426681    32.7102       3277    13.6500     1.9861  0.000e+00
     75.912     8.1833   3.426743    32.7105       3278    13.6542     1.9851  0.000e+00
     75.879     8.1836   3.426846    32.7113       3279    13.6583     1.9867  0.000e+00
     75.843     8.1843   3.426960    32.7119       3280    13.6625     1.9873  0.000e+00
     75.809     8.1850   3.427114    32.7129       3281    13.6667     1.9864  0.000e+00
     75.780     8.1862   3.427319    32.7139       3282    13.6708     1.9857  0.000e+00
     75.740     8.1874   3.427410    32.7138       3283    13.6750     1.9860  0.000e+00
     75.700     8.1889   3.427530    32.7137       3284    13.6792     1.9864  0.000e+00
     75.662     8.1903   3.427672    32.7139       3285    13.6833     1.9865  0.000e+00
     75.610     8.1915   3.427627    32.7123       3286    13.6875     1.9865  0.000e+00
     75.555     8.1925   3.427649    32.7117       3287    13.6917     1.9856  0.000e+00
     75.507     8.1931   3.427752    32.7122       3288    13.6958     1.9865  0.000e+00
     75.447     8.1938   3.427718    32.7113       3289    13.7000     1.9862  0.000e+00
     75.393     8.1943   3.427815    32.7118       3290    13.7042     1.9861  0.000e+00
     75.340     8.1948   3.428020    32.7135       3291    13.7083     1.9864  0.000e+00
     75.290     8.1958   3.428105    32.7135       3292    13.7125     1.9863  0.000e+00
     75.248     8.1968   3.428208    32.7137       3293    13.7167     1.9854  0.000e+00
     75.206     8.1979   3.428453    32.7153       3294    13.7208     1.9868  0.000e+00
     75.172     8.1996   3.428647    32.7158       3295    13.7250     1.9861  0.000e+00
     75.141     8.2014   3.429074    32.7187       3296    13.7292     1.9864  0.000e+00
     75.112     8.2038   3.429262    32.7184       3297    13.7333     1.9859  0.000e+00
     75.083     8.2065   3.430055    32.7244       3298    13.7375     1.9858  0.000e+00
     75.043     8.2107   3.430625    32.7265       3299    13.7417     1.9860  0.000e+00
     74.996     8.2159   3.431412    32.7300       3300    13.7458     1.9860  0.000e+00
     74.937     8.2227   3.432432    32.7345       3301    13.7500     1.9860  0.000e+00
     74.864     8.2317   3.433624    32.7388       3302    13.7542     1.9865  0.000e+00
     74.777     8.2425   3.433869    32.7313       3303    13.7583     1.9878  0.000e+00
     74.680     8.2530   3.433818    32.7211       3304    13.7625     1.9885  0.000e+00
     74.569     8.2603   3.433521    32.7112       3305    13.7667     1.9886  0.000e+00
     74.463     8.2649   3.433435    32.7060       3306    13.7708     1.9889  0.000e+00
     74.336     8.2678   3.433167    32.7005       3307    13.7750     1.9889  0.000e+00
     74.224     8.2697   3.433150    32.6986       3308    13.7792     1.9894  0.000e+00
     74.113     8.2710   3.433042    32.6964       3309    13.7833     1.9897  0.000e+00
     74.021     8.2718   3.432853    32.6937       3310    13.7875     1.9893  0.000e+00
     73.940     8.2720   3.432802    32.6929       3311    13.7917     1.9898  0.000e+00
     73.869     8.2722   3.432796    32.6927       3312    13.7958     1.9904  0.000e+00
     73.819     8.2723   3.432774    32.6924       3313    13.8000     1.9899  0.000e+00
     73.779     8.2725   3.432756    32.6920       3314    13.8042     1.9910  0.000e+00
     73.759     8.2726   3.432774    32.6922       3315    13.8083     1.9927  0.000e+00
     73.748     8.2728   3.432751    32.6918       3316    13.8125     1.9922  0.000e+00
     73.743     8.2726   3.432756    32.6920       3317    13.8167     1.9929  0.000e+00
     73.755     8.2729   3.432774    32.6919       3318    13.8208     1.9938  0.000e+00
     73.768     8.2731   3.432774    32.6917       3319    13.8250     1.9942  0.000e+00
     73.779     8.2732   3.432825    32.6922       3320    13.8292     1.9939  0.000e+00
     73.779     8.2732   3.432853    32.6924       3321    13.8333     1.9947  0.000e+00
     73.761     8.2734   3.432853    32.6923       3322    13.8375     1.9954  0.000e+00
     73.744     8.2737   3.432865    32.6922       3323    13.8417     1.9941  0.000e+00
     73.708     8.2739   3.432836    32.6916       3324    13.8458     1.9953  0.000e+00
     73.659     8.2740   3.432853    32.6918       3325    13.8500     1.9964  0.000e+00
     73.598     8.2742   3.432842    32.6915       3326    13.8542     1.9951  0.000e+00
     73.522     8.2743   3.432836    32.6914       3327    13.8583     1.9945  0.000e+00
     73.442     8.2743   3.432734    32.6903       3328    13.8625     1.9951  0.000e+00
     73.361     8.2745   3.432608    32.6888       3329    13.8667     1.9954  0.000e+00
     73.265     8.2745   3.432477    32.6875       3330    13.8708     1.9950  0.000e+00
     73.176     8.2744   3.432254    32.6853       3331    13.8750     1.9955  0.000e+00
     73.098     8.2744   3.432049    32.6831       3332    13.8792     1.9951  0.000e+00
     73.019     8.2745   3.431587    32.6782       3333    13.8833     1.9970  0.000e+00
     72.948     8.2745   3.430316    32.6648       3334    13.8875     1.9955  0.000e+00
     72.894     8.2733   3.429261    32.6548       3335    13.8917     1.9970  0.000e+00
     72.839     8.2705   3.429056    32.6552       3336    13.8958     1.9954  0.000e+00
     72.802     8.2680   3.428845    32.6554       3337    13.9000     1.9967  0.000e+00
     72.771     8.2664   3.428845    32.6569       3338    13.9042     1.9951  0.000e+00
     72.742     8.2661   3.429204    32.6610       3339    13.9083     1.9942  0.000e+00
     72.727     8.2671   3.429466    32.6628       3340    13.9125     1.9947  0.000e+00
     72.718     8.2690   3.429403    32.6604       3341    13.9167     1.9958  0.000e+00
     72.715     8.2711   3.429489    32.6593       3342    13.9208     1.9988  0.000e+00
     72.707     8.2729   3.429591    32.6587       3343    13.9250     1.9977  0.000e+00
     72.704     8.2743   3.429608    32.6576       3344    13.9292     1.9973  0.000e+00
     72.696     8.2752   3.429597    32.6567       3345    13.9333     2.0006  0.000e+00
     72.675     8.2756   3.429551    32.6558       3346    13.9375     2.0018  0.000e+00
     72.644     8.2755   3.429489    32.6553       3347    13.9417     2.0035  0.000e+00
     72.613     8.2749   3.429466    32.6556       3348    13.9458     2.0031  0.000e+00
     72.570     8.2745   3.429489    32.6563       3349    13.9500     2.0045  0.000e+00
     72.519     8.2742   3.429403    32.6557       3350    13.9542     2.0046  0.000e+00
     72.467     8.2738   3.429511    32.6572       3351    13.9583     2.0061  0.000e+00
     72.411     8.2738   3.429608    32.6582       3352    13.9625     2.0068  0.000e+00
     72.349     8.2745   3.429608    32.6576       3353    13.9667     2.0060  0.000e+00
     72.282     8.2753   3.429551    32.6562       3354    13.9708     2.0093  0.000e+00
     72.217     8.2759   3.428827    32.6481       3355    13.9750     2.0094  0.000e+00
     72.148     8.2751   3.428537    32.6458       3356    13.9792     2.0089  0.000e+00
     72.083     8.2732   3.427778    32.6396       3357    13.9833     2.0080  0.000e+00
     72.021     8.2703   3.425544    32.6187       3358    13.9875     2.0083  0.000e+00
     71.956     8.2636   3.422861    32.5965       3359    13.9917     2.0096  0.000e+00
     71.898     8.2510   3.422656    32.6061       3360    13.9958     2.0111  0.000e+00
     71.844     8.2396   3.422536    32.6155       3361    14.0000     2.0089  0.000e+00
     71.806     8.2319   3.422474    32.6219       3362    14.0042     2.0081  0.000e+00
     71.772     8.2269   3.422787    32.6299       3363    14.0083     2.0085  0.000e+00
     71.735     8.2242   3.422759    32.6322       3364    14.0125     2.0091  0.000e+00
     71.705     8.2229   3.422514    32.6308       3365    14.0167     2.0111  0.000e+00
     71.676     8.2213   3.422918    32.6365       3366    14.0208     2.0118  0.000e+00
     71.647     8.2212   3.424206    32.6503       3367    14.0250     2.0124  0.000e+00
     71.607     8.2244   3.424741    32.6530       3368    14.0292     2.0117  0.000e+00
     71.569     8.2291   3.424622    32.6474       3369    14.0333     2.0144  0.000e+00
     71.517     8.2324   3.425191    32.6504       3370    14.0375     2.0144  0.000e+00
     71.450     8.2357   3.425522    32.6508       3371    14.0417     2.0154  0.000e+00
     71.386     8.2398   3.426462    32.6570       3372    14.0458     2.0145  0.000e+00
     71.319     8.2447   3.427049    32.6587       3373    14.0500     2.0164  0.000e+00
     71.252     8.2507   3.427237    32.6551       3374    14.0542     2.0161  0.000e+00
     71.196     8.2558   3.427431    32.6525       3375    14.0583     2.0164  0.000e+00
     71.149     8.2593   3.427898    32.6542       3376    14.0625     2.0181  0.000e+00
     71.109     8.2633   3.428411    32.6560       3377    14.0667     2.0179  0.000e+00
     71.084     8.2676   3.428684    32.6549       3378    14.0708     2.0181  0.000e+00
     71.072     8.2719   3.429465    32.6591       3379    14.0750     2.0177  0.000e+00
     71.064     8.2770   3.429961    32.6596       3380    14.0792     2.0183  0.000e+00
     71.059     8.2824   3.430372    32.6589       3381    14.0833     2.0181  0.000e+00
     71.062     8.2874   3.430355    32.6541       3382    14.0875     2.0181  0.000e+00
     71.066     8.2912   3.430600    32.6531       3383    14.0917     2.0193  0.000e+00
     71.057     8.2941   3.430982    32.6545       3384    14.0958     2.0183  0.000e+00
     71.053     8.2972   3.430828    32.6500       3385    14.1000     2.0186  0.000e+00
     71.030     8.2992   3.430993    32.6499       3386    14.1042     2.0189  0.000e+00
     70.992     8.3009   3.431022    32.6487       3387    14.1083     2.0187  0.000e+00
     70.945     8.3024   3.432504    32.6630       3388    14.1125     2.0182  0.000e+00
     70.870     8.3067   3.433662    32.6712       3389    14.1167     2.0182  0.000e+00
     70.780     8.3141   3.435077    32.6793       3390    14.1208     2.0178  0.000e+00
     70.693     8.3239   3.437450    32.6953       3391    14.1250     2.0172  0.000e+00
     70.597     8.3381   3.441200    32.7217       3392    14.1292     2.0179  0.000e+00
     70.503     8.3579   3.442569    32.7179       3393    14.1333     2.0181  0.000e+00
     70.425     8.3778   3.442632    32.7001       3394    14.1375     2.0182  0.000e+00
     70.340     8.3935   3.443026    32.6897       3395    14.1417     2.0195  0.000e+00
     70.266     8.4045   3.443899    32.6888       3396    14.1458     2.0193  0.000e+00
     70.192     8.4138   3.443825    32.6794       3397    14.1500     2.0186  0.000e+00
     70.136     8.4209   3.444459    32.6795       3398    14.1542     2.0180  0.000e+00
     70.080     8.4270   3.445098    32.6806       3399    14.1583     2.0193  0.000e+00
     70.024     8.4329   3.445372    32.6780       3400    14.1625     2.0196  0.000e+00
     69.975     8.4380   3.445475    32.6744       3401    14.1667     2.0180  0.000e+00
     69.933     8.4420   3.445681    32.6729       3402    14.1708     2.0179  0.000e+00
     69.884     8.4453   3.445829    32.6714       3403    14.1750     2.0177  0.000e+00
     69.845     8.4481   3.445823    32.6687       3404    14.1792     2.0179  0.000e+00
     69.801     8.4501   3.445726    32.6659       3405    14.1833     2.0185  0.000e+00
     69.765     8.4512   3.445538    32.6629       3406    14.1875     2.0176  0.000e+00
     69.725     8.4514   3.445389    32.6612       3407    14.1917     2.0161  0.000e+00
     69.685     8.4513   3.445172    32.6591       3408    14.1958     2.0163  0.000e+00
     69.646     8.4506   3.444373    32.6512       3409    14.2000     2.0157  0.000e+00
     69.600     8.4485   3.443876    32.6480       3410    14.2042     2.0157  0.000e+00
     69.552     8.4457   3.444978    32.6622       3411    14.2083     2.0144  0.000e+00
     69.501     8.4458   3.445640    32.6692       3412    14.2125     2.0127  0.000e+00
     69.441     8.4489   3.446760    32.6780       3413    14.2167     2.0127  0.000e+00
     69.385     8.4538   3.447862    32.6851       3414    14.2208     2.0146  0.000e+00
     69.326     8.4613   3.448285    32.6827       3415    14.2250     2.0140  0.000e+00
     69.271     8.4684   3.448634    32.6798       3416    14.2292     2.0147  0.000e+00
     69.210     8.4742   3.449359    32.6821       3417    14.2333     2.0154  0.000e+00
     69.170     8.4804   3.449839    32.6814       3418    14.2375     2.0160  0.000e+00
     69.126     8.4863   3.449199    32.6693       3419    14.2417     2.0164  0.000e+00
     69.098     8.4892   3.449279    32.6674       3420    14.2458     2.0171  0.000e+00
     69.074     8.4903   3.450005    32.6740       3421    14.2500     2.0170  0.000e+00
     69.050     8.4933   3.449873    32.6699       3422    14.2542     2.0172  0.000e+00
     69.041     8.4953   3.450256    32.6721       3423    14.2583     2.0171  0.000e+00
     69.032     8.4976   3.450256    32.6700       3424    14.2625     2.0168  0.000e+00
     69.019     8.4994   3.450130    32.6669       3425    14.2667     2.0167  0.000e+00
