HB2407/sbe012.cnv
* Sea-Bird SBE 19plus V2 Data File:
* FileName = C:\cruise\data\sbe012.hex
* Software Version Seasave V 7.26.7.121
* Temperature SN = 7143
* Conductivity SN = 7143
* System UpLoad Time = Sep 10 2024 09:34:07
* NMEA Latitude = 37 36.26 N
* NMEA Longitude = 074 19.76 W
* NMEA UTC (Time) = Sep 10 2024  09:34:17
** Ship: Bigelow
** Cruise:  HB2407
** Program:  Fall Bottom Trawl
# nquan = 7
# nvalues = 2077                                  
# units = specified
# name 0 = depSM: Depth [salt water, m]
# name 1 = tv290C: Temperature [ITS-90, deg C]
# name 2 = c0S/m: Conductivity [S/m]
# name 3 = sal00: Salinity, Practical [PSU]
# name 4 = scan: Scan Count
# name 5 = timeM: Time, Elapsed [minutes]
# name 6 = flag:  0.000e+00
# span 0 =     -0.007,     98.474                 
# span 1 =    12.5152,    25.2866                 
# span 2 =   0.000002,   5.340233                 
# span 3 =     0.0105,    35.4284                 
# span 4 =         11,       2087                 
# span 5 =     0.0417,     8.6917                 
# span 6 = 0.0000e+00, 0.0000e+00                 
# interval = seconds: 0.25
# start_time = Sep 10 2024 09:34:17 [NMEA time, header]
# bad_flag = -9.990e-29
*END*
[from data line 1231]
     59.461    14.0035   4.170859    34.7585       1242     5.1708  0.000e+00
     59.385    14.0229   4.172270    34.7541       1243     5.1750  0.000e+00
     59.315    14.0392   4.173563    34.7515       1244     5.1792  0.000e+00
     59.246    14.0535   4.174515    34.7474       1245     5.1833  0.000e+00
     59.170    14.0643   4.175395    34.7458       1246     5.1875  0.000e+00
     59.092    14.0743   4.176760    34.7496       1247     5.1917  0.000e+00
     59.019    14.0858   4.178316    34.7537       1248     5.1958  0.000e+00
     58.940    14.0976   4.179466    34.7538       1249     5.2000  0.000e+00
     58.869    14.1082   4.180050    34.7497       1250     5.2042  0.000e+00
     58.788    14.1166   4.180438    34.7457       1251     5.2083  0.000e+00
     58.715    14.1225   4.180759    34.7434       1252     5.2125  0.000e+00
     58.643    14.1256   4.180661    34.7398       1253     5.2167  0.000e+00
     58.576    14.1241   4.178684    34.7228       1254     5.2208  0.000e+00
     58.509    14.1191   4.176832    34.7101       1255     5.2250  0.000e+00
     58.446    14.1119   4.175584    34.7049       1256     5.2292  0.000e+00
     58.386    14.1027   4.173759    34.6963       1257     5.2333  0.000e+00
     58.328    14.0919   4.172223    34.6918       1258     5.2375  0.000e+00
     58.277    14.0826   4.171324    34.6919       1259     5.2417  0.000e+00
     58.223    14.0733   4.170248    34.6903       1260     5.2458  0.000e+00
     58.174    14.0645   4.169008    34.6867       1261     5.2500  0.000e+00
     58.125    14.0563   4.168010    34.6848       1262     5.2542  0.000e+00
     58.082    14.0482   4.167085    34.6835       1263     5.2583  0.000e+00
     58.029    14.0415   4.166383    34.6831       1264     5.2625  0.000e+00
     57.982    14.0356   4.165675    34.6818       1265     5.2667  0.000e+00
     57.937    14.0306   4.165262    34.6825       1266     5.2708  0.000e+00
     57.883    14.0266   4.165019    34.6839       1267     5.2750  0.000e+00
     57.836    14.0236   4.164947    34.6859       1268     5.2792  0.000e+00
     57.783    14.0211   4.164921    34.6880       1269     5.2833  0.000e+00
     57.729    14.0170   4.164416    34.6870       1270     5.2875  0.000e+00
     57.673    14.0105   4.162855    34.6784       1271     5.2917  0.000e+00
     57.615    14.0011   4.160986    34.6694       1272     5.2958  0.000e+00
     57.555    13.9902   4.158941    34.6603       1273     5.3000  0.000e+00
     57.495    13.9789   4.157303    34.6552       1274     5.3042  0.000e+00
     57.428    13.9697   4.156791    34.6588       1275     5.3083  0.000e+00
     57.354    13.9640   4.157034    34.6662       1276     5.3125  0.000e+00
     57.278    13.9618   4.157060    34.6684       1277     5.3167  0.000e+00
     57.191    13.9615   4.157060    34.6687       1278     5.3208  0.000e+00
     57.111    13.9621   4.157008    34.6677       1279     5.3250  0.000e+00
     57.025    13.9637   4.157080    34.6670       1280     5.3292  0.000e+00
     56.929    13.9660   4.156988    34.6642       1281     5.3333  0.000e+00
     56.833    13.9703   4.157322    34.6634       1282     5.3375  0.000e+00
     56.737    13.9762   4.157473    34.6595       1283     5.3417  0.000e+00
     56.645    13.9821   4.157374    34.6533       1284     5.3458  0.000e+00
     56.550    13.9870   4.157322    34.6485       1285     5.3500  0.000e+00
     56.460    13.9910   4.157367    34.6453       1286     5.3542  0.000e+00
     56.377    13.9943   4.157472    34.6433       1287     5.3583  0.000e+00
     56.297    13.9974   4.157590    34.6417       1288     5.3625  0.000e+00
     56.221    14.0003   4.157688    34.6400       1289     5.3667  0.000e+00
     56.152    14.0034   4.157760    34.6379       1290     5.3708  0.000e+00
     56.089    14.0060   4.157806    34.6361       1291     5.3750  0.000e+00
     56.031    14.0080   4.157734    34.6336       1292     5.3792  0.000e+00
     55.980    14.0100   4.157492    34.6295       1293     5.3833  0.000e+00
     55.941    14.0111   4.157059    34.6245       1294     5.3875  0.000e+00
     55.903    14.0123   4.156646    34.6197       1295     5.3917  0.000e+00
     55.874    14.0136   4.155820    34.6108       1296     5.3958  0.000e+00
     55.847    14.0141   4.154077    34.5941       1297     5.4000  0.000e+00
     55.827    14.0133   4.151922    34.5748       1298     5.4042  0.000e+00
     55.814    14.0129   4.152236    34.5781       1299     5.4083  0.000e+00
     55.802    14.0115   4.152453    34.5814       1300     5.4125  0.000e+00
     55.787    14.0023   4.152937    34.5942       1301     5.4167  0.000e+00
     55.767    13.9909   4.153278    34.6077       1302     5.4208  0.000e+00
     55.749    13.9809   4.153350    34.6173       1303     5.4250  0.000e+00
     55.726    13.9730   4.153128    34.6223       1304     5.4292  0.000e+00
     55.697    13.9667   4.152866    34.6256       1305     5.4333  0.000e+00
     55.662    13.9634   4.152283    34.6232       1306     5.4375  0.000e+00
     55.623    13.9607   4.150757    34.6114       1307     5.4417  0.000e+00
     55.568    13.9575   4.151608    34.6222       1308     5.4458  0.000e+00
     55.505    13.9606   4.153495    34.6371       1309     5.4500  0.000e+00
     55.438    13.9709   4.156299    34.6539       1310     5.4542  0.000e+00
     55.367    13.9870   4.159019    34.6648       1311     5.4583  0.000e+00
     55.290    14.0039   4.159943    34.6582       1312     5.4625  0.000e+00
     55.201    14.0193   4.160769    34.6520       1313     5.4667  0.000e+00
     55.114    14.0333   4.161208    34.6435       1314     5.4708  0.000e+00
     55.023    14.0439   4.161470    34.6364       1315     5.4750  0.000e+00
     54.929    14.0514   4.161791    34.6327       1316     5.4792  0.000e+00
     54.833    14.0568   4.162034    34.6301       1317     5.4833  0.000e+00
     54.745    14.0614   4.162197    34.6275       1318     5.4875  0.000e+00
     54.656    14.0651   4.162368    34.6258       1319     5.4917  0.000e+00
     54.573    14.0682   4.162591    34.6252       1320     5.4958  0.000e+00
     54.493    14.0713   4.162951    34.6258       1321     5.5000  0.000e+00
     54.417    14.0750   4.163364    34.6263       1322     5.5042  0.000e+00
     54.345    14.0784   4.163633    34.6258       1323     5.5083  0.000e+00
     54.274    14.0818   4.163804    34.6243       1324     5.5125  0.000e+00
     54.207    14.0847   4.163948    34.6231       1325     5.5167  0.000e+00
     54.142    14.0867   4.164289    34.6245       1326     5.5208  0.000e+00
     54.082    14.0890   4.164558    34.6250       1327     5.5250  0.000e+00
     54.024    14.0912   4.164774    34.6250       1328     5.5292  0.000e+00
     53.963    14.0932   4.165069    34.6260       1329     5.5333  0.000e+00
     53.901    14.0960   4.165312    34.6258       1330     5.5375  0.000e+00
     53.847    14.0980   4.165528    34.6259       1331     5.5417  0.000e+00
     53.795    14.1005   4.165823    34.6265       1332     5.5458  0.000e+00
     53.737    14.1032   4.166158    34.6272       1333     5.5500  0.000e+00
     53.693    14.1052   4.166256    34.6263       1334     5.5542  0.000e+00
     53.643    14.1070   4.166236    34.6246       1335     5.5583  0.000e+00
     53.597    14.1088   4.166158    34.6222       1336     5.5625  0.000e+00
     53.552    14.1101   4.166085    34.6204       1337     5.5667  0.000e+00
     53.503    14.1108   4.166210    34.6210       1338     5.5708  0.000e+00
     53.462    14.1119   4.166282    34.6206       1339     5.5750  0.000e+00
     53.422    14.1137   4.166427    34.6204       1340     5.5792  0.000e+00
     53.371    14.1155   4.166820    34.6224       1341     5.5833  0.000e+00
     53.328    14.1185   4.167207    34.6234       1342     5.5875  0.000e+00
     53.279    14.1212   4.167286    34.6216       1343     5.5917  0.000e+00
     53.228    14.1235   4.167738    34.6238       1344     5.5958  0.000e+00
     53.169    14.1267   4.168401    34.6271       1345     5.6000  0.000e+00
     53.113    14.1305   4.169398    34.6330       1346     5.6042  0.000e+00
     53.049    14.1346   4.170271    34.6374       1347     5.6083  0.000e+00
     52.986    14.1402   4.171393    34.6428       1348     5.6125  0.000e+00
     52.914    14.1470   4.172588    34.6479       1349     5.6167  0.000e+00
     52.848    14.1541   4.173559    34.6505       1350     5.6208  0.000e+00
     52.774    14.1616   4.173900    34.6469       1351     5.6250  0.000e+00
     52.702    14.1684   4.174268    34.6443       1352     5.6292  0.000e+00
     52.633    14.1736   4.174629    34.6430       1353     5.6333  0.000e+00
     52.562    14.1776   4.174826    34.6413       1354     5.6375  0.000e+00
     52.488    14.1811   4.174924    34.6391       1355     5.6417  0.000e+00
     52.419    14.1829   4.175023    34.6384       1356     5.6458  0.000e+00
     52.349    14.1843   4.174898    34.6360       1357     5.6500  0.000e+00
     52.291    14.1854   4.174898    34.6350       1358     5.6542  0.000e+00
     52.228    14.1858   4.174996    34.6356       1359     5.6583  0.000e+00
     52.173    14.1858   4.174825    34.6341       1360     5.6625  0.000e+00
     52.119    14.1859   4.174825    34.6340       1361     5.6667  0.000e+00
     52.063    14.1859   4.174753    34.6334       1362     5.6708  0.000e+00
     52.012    14.1854   4.174510    34.6315       1363     5.6750  0.000e+00
     51.963    14.1853   4.174681    34.6333       1364     5.6792  0.000e+00
     51.916    14.1848   4.174582    34.6328       1365     5.6833  0.000e+00
     51.871    14.1846   4.174412    34.6314       1366     5.6875  0.000e+00
     51.828    14.1844   4.174412    34.6316       1367     5.6917  0.000e+00
     51.779    14.1841   4.174339    34.6313       1368     5.6958  0.000e+00
     51.732    14.1841   4.174385    34.6317       1369     5.7000  0.000e+00
     51.681    14.1841   4.174477    34.6326       1370     5.7042  0.000e+00
     51.621    14.1844   4.174727    34.6346       1371     5.7083  0.000e+00
     51.569    14.1854   4.174825    34.6346       1372     5.7125  0.000e+00
     51.507    14.1870   4.175140    34.6362       1373     5.7167  0.000e+00
     51.440    14.1885   4.175390    34.6372       1374     5.7208  0.000e+00
     51.368    14.1905   4.175974    34.6408       1375     5.7250  0.000e+00
     51.292    14.1961   4.177340    34.6485       1376     5.7292  0.000e+00
     51.212    14.2041   4.178725    34.6542       1377     5.7333  0.000e+00
     51.138    14.2146   4.179973    34.6563       1378     5.7375  0.000e+00
     51.060    14.2276   4.181221    34.6562       1379     5.7417  0.000e+00
     50.988    14.2414   4.182706    34.6576       1380     5.7458  0.000e+00
     50.914    14.2556   4.184000    34.6569       1381     5.7500  0.000e+00
     50.847    14.2689   4.185203    34.6561       1382     5.7542  0.000e+00
     50.780    14.2807   4.186182    34.6546       1383     5.7583  0.000e+00
     50.722    14.2918   4.187253    34.6546       1384     5.7625  0.000e+00
     50.653    14.3023   4.187917    34.6513       1385     5.7667  0.000e+00
     50.597    14.3113   4.188627    34.6498       1386     5.7708  0.000e+00
     50.537    14.3202   4.189705    34.6518       1387     5.7750  0.000e+00
     50.476    14.3294   4.189922    34.6456       1388     5.7792  0.000e+00
     50.424    14.3378   4.191197    34.6499       1389     5.7833  0.000e+00
     50.357    14.3449   4.192026    34.6512       1390     5.7875  0.000e+00
     50.291    14.3519   4.192466    34.6491       1391     5.7917  0.000e+00
     50.224    14.3578   4.193177    34.6503       1392     5.7958  0.000e+00
     50.158    14.3639   4.193985    34.6523       1393     5.8000  0.000e+00
     50.085    14.3703   4.194847    34.6546       1394     5.8042  0.000e+00
     50.009    14.3770   4.195827    34.6577       1395     5.8083  0.000e+00
     49.935    14.3839   4.196610    34.6587       1396     5.8125  0.000e+00
     49.857    14.3915   4.197321    34.6585       1397     5.8167  0.000e+00
     49.779    14.3986   4.198011    34.6586       1398     5.8208  0.000e+00
     49.709    14.4058   4.198650    34.6581       1399     5.8250  0.000e+00
     49.634    14.4136   4.199413    34.6581       1400     5.8292  0.000e+00
     49.568    14.4207   4.199854    34.6559       1401     5.8333  0.000e+00
     49.502    14.4265   4.200538    34.6570       1402     5.8375  0.000e+00
     49.443    14.4335   4.201249    34.6573       1403     5.8417  0.000e+00
     49.383    14.4400   4.201618    34.6550       1404     5.8458  0.000e+00
     49.325    14.4458   4.202184    34.6550       1405     5.8500  0.000e+00
     49.278    14.4518   4.202434    34.6519       1406     5.8542  0.000e+00
     49.236    14.4570   4.202703    34.6498       1407     5.8583  0.000e+00
     49.191    14.4620   4.203171    34.6496       1408     5.8625  0.000e+00
     49.150    14.4667   4.203316    34.6467       1409     5.8667  0.000e+00
     49.103    14.4715   4.203539    34.6446       1410     5.8708  0.000e+00
     49.054    14.4755   4.204053    34.6458       1411     5.8750  0.000e+00
     49.009    14.4798   4.204198    34.6433       1412     5.8792  0.000e+00
     48.963    14.4838   4.203954    34.6374       1413     5.8833  0.000e+00
     48.922    14.4868   4.203809    34.6334       1414     5.8875  0.000e+00
     48.878    14.4895   4.205060    34.6425       1415     5.8917  0.000e+00
     48.835    14.4924   4.205501    34.6440       1416     5.8958  0.000e+00
     48.783    14.4953   4.205771    34.6439       1417     5.9000  0.000e+00
     48.741    14.4995   4.206660    34.6484       1418     5.9042  0.000e+00
     48.687    14.5036   4.207372    34.6513       1419     5.9083  0.000e+00
     48.636    14.5088   4.208333    34.6555       1420     5.9125  0.000e+00
     48.583    14.5149   4.209341    34.6594       1421     5.9167  0.000e+00
     48.527    14.5222   4.210626    34.6647       1422     5.9208  0.000e+00
     48.466    14.5313   4.212075    34.6699       1423     5.9250  0.000e+00
     48.403    14.5417   4.213900    34.6775       1424     5.9292  0.000e+00
     48.339    14.5522   4.215179    34.6799       1425     5.9333  0.000e+00
     48.267    14.5633   4.216906    34.6859       1426     5.9375  0.000e+00
     48.198    14.5752   4.217994    34.6852       1427     5.9417  0.000e+00
     48.120    14.5858   4.218363    34.6791       1428     5.9458  0.000e+00
     48.037    14.5937   4.217426    34.6635       1429     5.9500  0.000e+00
     47.956    14.5979   4.216998    34.6558       1430     5.9542  0.000e+00
     47.874    14.6006   4.217103    34.6545       1431     5.9583  0.000e+00
     47.791    14.6036   4.217057    34.6514       1432     5.9625  0.000e+00
     47.709    14.6070   4.217452    34.6520       1433     5.9667  0.000e+00
     47.623    14.6130   4.218639    34.6575       1434     5.9708  0.000e+00
     47.539    14.6213   4.219846    34.6613       1435     5.9750  0.000e+00
     47.454    14.6325   4.221455    34.6661       1436     5.9792  0.000e+00
     47.373    14.6451   4.222886    34.6680       1437     5.9833  0.000e+00
     47.293    14.6560   4.223480    34.6638       1438     5.9875  0.000e+00
     47.212    14.6643   4.223526    34.6568       1439     5.9917  0.000e+00
     47.139    14.6694   4.223354    34.6507       1440     5.9958  0.000e+00
     47.069    14.6724   4.223407    34.6486       1441     6.0000  0.000e+00
     46.998    14.6742   4.223308    34.6461       1442     6.0042  0.000e+00
     46.944    14.6743   4.223011    34.6432       1443     6.0083  0.000e+00
     46.888    14.6721   4.222094    34.6368       1444     6.0125  0.000e+00
     46.835    14.6657   4.220412    34.6271       1445     6.0167  0.000e+00
