HB2407/sbe095.cnv
* Sea-Bird SBE 19plus V2 Data File:
* FileName = C:\cruise\data\sbe095.hex
* Software Version Seasave V 7.26.7.121
* Temperature SN = 7037
* Conductivity SN = 7037
* System UpLoad Time = Oct 17 2024 07:03:59
* NMEA Latitude = 41 17.43 N
* NMEA Longitude = 067 27.50 W
* NMEA UTC (Time) = Oct 17 2024  07:02:51
** Ship: Bigelow
** Cruise:  HB2407
** Program:  Spring Bottom Trawl
# nquan = 8
# nvalues = 1619                                  
# units = specified
# name 0 = depSM: Depth [salt water, m]
# name 1 = tv290C: Temperature [ITS-90, deg C]
# name 2 = c0S/m: Conductivity [S/m]
# name 3 = sal00: Salinity, Practical [PSU]
# name 4 = scan: Scan Count
# name 5 = timeM: Time, Elapsed [minutes]
# name 6 = sbeox0V: Oxygen raw, SBE 43 [V]
# name 7 = flag:  0.000e+00
# span 0 =      0.101,     37.521                 
# span 1 =    10.8629,    16.2338                 
# span 2 =  -0.000007,   4.059598                 
# span 3 =     0.0000,    32.6192                 
# span 4 =         11,       1629                 
# span 5 =     0.0417,     6.7833                 
# span 6 =     1.9147,     2.5884                 
# span 7 = 0.0000e+00, 0.0000e+00                 
# interval = seconds: 0.25
# start_time = Oct 17 2024 07:02:51 [NMEA time, header]
# bad_flag = -9.990e-29
*END*
[from data line 1079]
     14.443    16.2245   4.057716    31.8640       1090     4.5375     2.4383  0.000e+00
     14.396    16.2247   4.057862    31.8651       1091     4.5417     2.4376  0.000e+00
     14.362    16.2245   4.057783    31.8646       1092     4.5458     2.4376  0.000e+00
     14.336    16.2244   4.057814    31.8649       1093     4.5500     2.4376  0.000e+00
     14.308    16.2245   4.057692    31.8638       1094     4.5542     2.4369  0.000e+00
     14.273    16.2243   4.057765    31.8646       1095     4.5583     2.4357  0.000e+00
     14.255    16.2243   4.057740    31.8644       1096     4.5625     2.4349  0.000e+00
     14.230    16.2243   4.057765    31.8647       1097     4.5667     2.4344  0.000e+00
     14.205    16.2243   4.057862    31.8655       1098     4.5708     2.4357  0.000e+00
     14.172    16.2243   4.058039    31.8671       1099     4.5750     2.4346  0.000e+00
     14.147    16.2251   4.058058    31.8666       1100     4.5792     2.4354  0.000e+00
     14.111    16.2259   4.058058    31.8660       1101     4.5833     2.4351  0.000e+00
     14.071    16.2264   4.058064    31.8657       1102     4.5875     2.4367  0.000e+00
     14.033    16.2267   4.058033    31.8651       1103     4.5917     2.4362  0.000e+00
     13.988    16.2268   4.057911    31.8640       1104     4.5958     2.4369  0.000e+00
     13.950    16.2267   4.057960    31.8645       1105     4.6000     2.4373  0.000e+00
     13.915    16.2266   4.057972    31.8647       1106     4.6042     2.4368  0.000e+00
     13.883    16.2266   4.057960    31.8646       1107     4.6083     2.4373  0.000e+00
     13.854    16.2264   4.057935    31.8646       1108     4.6125     2.4373  0.000e+00
     13.831    16.2262   4.057972    31.8651       1109     4.6167     2.4357  0.000e+00
     13.798    16.2262   4.058009    31.8654       1110     4.6208     2.4370  0.000e+00
     13.776    16.2265   4.057960    31.8647       1111     4.6250     2.4363  0.000e+00
     13.753    16.2265   4.057996    31.8651       1112     4.6292     2.4377  0.000e+00
     13.727    16.2264   4.057960    31.8648       1113     4.6333     2.4368  0.000e+00
     13.709    16.2266   4.058009    31.8651       1114     4.6375     2.4369  0.000e+00
     13.686    16.2267   4.057862    31.8638       1115     4.6417     2.4363  0.000e+00
     13.663    16.2269   4.057947    31.8643       1116     4.6458     2.4369  0.000e+00
     13.645    16.2267   4.057911    31.8642       1117     4.6500     2.4356  0.000e+00
     13.616    16.2264   4.057886    31.8642       1118     4.6542     2.4359  0.000e+00
     13.576    16.2262   4.057880    31.8644       1119     4.6583     2.4350  0.000e+00
     13.534    16.2260   4.057935    31.8650       1120     4.6625     2.4349  0.000e+00
     13.486    16.2260   4.057886    31.8646       1121     4.6667     2.4342  0.000e+00
     13.437    16.2261   4.057960    31.8652       1122     4.6708     2.4352  0.000e+00
     13.377    16.2261   4.057947    31.8651       1123     4.6750     2.4379  0.000e+00
     13.318    16.2264   4.057935    31.8648       1124     4.6792     2.4373  0.000e+00
     13.258    16.2262   4.057911    31.8647       1125     4.6833     2.4374  0.000e+00
     13.206    16.2263   4.057899    31.8646       1126     4.6875     2.4373  0.000e+00
     13.153    16.2264   4.057984    31.8652       1127     4.6917     2.4360  0.000e+00
     13.104    16.2267   4.057959    31.8648       1128     4.6958     2.4358  0.000e+00
     13.061    16.2264   4.057898    31.8645       1129     4.7000     2.4360  0.000e+00
     13.019    16.2265   4.057886    31.8644       1130     4.7042     2.4370  0.000e+00
     12.985    16.2263   4.057886    31.8646       1131     4.7083     2.4369  0.000e+00
     12.961    16.2262   4.057862    31.8644       1132     4.7125     2.4369  0.000e+00
     12.945    16.2261   4.057782    31.8638       1133     4.7167     2.4373  0.000e+00
     12.931    16.2258   4.057715    31.8635       1134     4.7208     2.4369  0.000e+00
     12.918    16.2255   4.057764    31.8642       1135     4.7250     2.4347  0.000e+00
     12.907    16.2251   4.057782    31.8646       1136     4.7292     2.4346  0.000e+00
     12.893    16.2250   4.057789    31.8648       1137     4.7333     2.4346  0.000e+00
     12.887    16.2248   4.057764    31.8647       1138     4.7375     2.4344  0.000e+00
     12.876    16.2249   4.057782    31.8648       1139     4.7417     2.4345  0.000e+00
     12.858    16.2247   4.057764    31.8648       1140     4.7458     2.4360  0.000e+00
     12.846    16.2247   4.057862    31.8656       1141     4.7500     2.4370  0.000e+00
     12.824    16.2250   4.057862    31.8654       1142     4.7542     2.4382  0.000e+00
     12.795    16.2253   4.057831    31.8649       1143     4.7583     2.4376  0.000e+00
     12.766    16.2252   4.057911    31.8657       1144     4.7625     2.4376  0.000e+00
     12.730    16.2253   4.057862    31.8652       1145     4.7667     2.4379  0.000e+00
     12.689    16.2255   4.057782    31.8644       1146     4.7708     2.4376  0.000e+00
     12.644    16.2254   4.057911    31.8656       1147     4.7750     2.4383  0.000e+00
     12.597    16.2255   4.057862    31.8651       1148     4.7792     2.4384  0.000e+00
     12.559    16.2260   4.057923    31.8653       1149     4.7833     2.4390  0.000e+00
     12.522    16.2261   4.057886    31.8649       1150     4.7875     2.4400  0.000e+00
     12.486    16.2261   4.057910    31.8651       1151     4.7917     2.4393  0.000e+00
     12.461    16.2263   4.057910    31.8650       1152     4.7958     2.4400  0.000e+00
     12.441    16.2261   4.057880    31.8648       1153     4.8000     2.4405  0.000e+00
     12.416    16.2261   4.057862    31.8647       1154     4.8042     2.4403  0.000e+00
     12.401    16.2261   4.057862    31.8647       1155     4.8083     2.4385  0.000e+00
     12.387    16.2260   4.057880    31.8650       1156     4.8125     2.4381  0.000e+00
     12.369    16.2260   4.057910    31.8652       1157     4.8167     2.4378  0.000e+00
     12.345    16.2259   4.057837    31.8647       1158     4.8208     2.4389  0.000e+00
     12.324    16.2261   4.057947    31.8655       1159     4.8250     2.4376  0.000e+00
     12.289    16.2264   4.058032    31.8660       1160     4.8292     2.4387  0.000e+00
     12.251    16.2267   4.058057    31.8660       1161     4.8333     2.4393  0.000e+00
     12.201    16.2270   4.058081    31.8660       1162     4.8375     2.4399  0.000e+00
     12.152    16.2276   4.058014    31.8649       1163     4.8417     2.4401  0.000e+00
     12.085    16.2279   4.058057    31.8651       1164     4.8458     2.4402  0.000e+00
     12.024    16.2280   4.058057    31.8651       1165     4.8500     2.4398  0.000e+00
     11.951    16.2280   4.057947    31.8641       1166     4.8542     2.4406  0.000e+00
     11.883    16.2276   4.057813    31.8633       1167     4.8583     2.4411  0.000e+00
     11.823    16.2271   4.057837    31.8639       1168     4.8625     2.4393  0.000e+00
     11.778    16.2264   4.057880    31.8648       1169     4.8667     2.4387  0.000e+00
     11.734    16.2265   4.057886    31.8648       1170     4.8708     2.4382  0.000e+00
     11.702    16.2263   4.057935    31.8655       1171     4.8750     2.4383  0.000e+00
     11.675    16.2264   4.057861    31.8648       1172     4.8792     2.4387  0.000e+00
     11.658    16.2264   4.057898    31.8651       1173     4.8833     2.4377  0.000e+00
     11.646    16.2265   4.057886    31.8649       1174     4.8875     2.4377  0.000e+00
     11.648    16.2266   4.057861    31.8646       1175     4.8917     2.4376  0.000e+00
     11.657    16.2264   4.057782    31.8640       1176     4.8958     2.4363  0.000e+00
     11.664    16.2264   4.057739    31.8637       1177     4.9000     2.4360  0.000e+00
     11.671    16.2257   4.057715    31.8640       1178     4.9042     2.4354  0.000e+00
     11.677    16.2255   4.057764    31.8646       1179     4.9083     2.4367  0.000e+00
     11.684    16.2251   4.057715    31.8644       1180     4.9125     2.4359  0.000e+00
     11.679    16.2251   4.057764    31.8649       1181     4.9167     2.4358  0.000e+00
     11.673    16.2249   4.057788    31.8653       1182     4.9208     2.4374  0.000e+00
     11.668    16.2250   4.057764    31.8650       1183     4.9250     2.4369  0.000e+00
     11.644    16.2251   4.057666    31.8641       1184     4.9292     2.4385  0.000e+00
     11.619    16.2249   4.057690    31.8644       1185     4.9333     2.4382  0.000e+00
     11.588    16.2244   4.057623    31.8643       1186     4.9375     2.4376  0.000e+00
     11.552    16.2243   4.057617    31.8643       1187     4.9417     2.4386  0.000e+00
     11.514    16.2240   4.057568    31.8641       1188     4.9458     2.4379  0.000e+00
     11.474    16.2238   4.057556    31.8642       1189     4.9500     2.4376  0.000e+00
     11.424    16.2236   4.057428    31.8633       1190     4.9542     2.4382  0.000e+00
     11.375    16.2231   4.057428    31.8637       1191     4.9583     2.4371  0.000e+00
     11.313    16.2226   4.057404    31.8639       1192     4.9625     2.4369  0.000e+00
     11.256    16.2222   4.057367    31.8639       1193     4.9667     2.4362  0.000e+00
     11.196    16.2218   4.057330    31.8639       1194     4.9708     2.4368  0.000e+00
     11.131    16.2215   4.057379    31.8646       1195     4.9750     2.4372  0.000e+00
     11.075    16.2213   4.057440    31.8654       1196     4.9792     2.4379  0.000e+00
     11.019    16.2213   4.057379    31.8648       1197     4.9833     2.4386  0.000e+00
     10.966    16.2214   4.057355    31.8646       1198     4.9875     2.4399  0.000e+00
     10.919    16.2212   4.057342    31.8646       1199     4.9917     2.4395  0.000e+00
     10.876    16.2210   4.057379    31.8652       1200     4.9958     2.4386  0.000e+00
     10.838    16.2212   4.057379    31.8650       1201     5.0000     2.4371  0.000e+00
     10.807    16.2211   4.057379    31.8650       1202     5.0042     2.4350  0.000e+00
     10.793    16.2211   4.057342    31.8647       1203     5.0083     2.4346  0.000e+00
     10.784    16.2210   4.057330    31.8648       1204     5.0125     2.4349  0.000e+00
     10.775    16.2208   4.057281    31.8645       1205     5.0167     2.4347  0.000e+00
     10.786    16.2208   4.057159    31.8634       1206     5.0208     2.4347  0.000e+00
     10.778    16.2203   4.057184    31.8640       1207     5.0250     2.4350  0.000e+00
     10.777    16.2199   4.057135    31.8639       1208     5.0292     2.4347  0.000e+00
     10.768    16.2194   4.057226    31.8651       1209     5.0333     2.4366  0.000e+00
     10.773    16.2193   4.057257    31.8654       1210     5.0375     2.4366  0.000e+00
     10.748    16.2193   4.057257    31.8654       1211     5.0417     2.4383  0.000e+00
     10.732    16.2195   4.057233    31.8651       1212     5.0458     2.4394  0.000e+00
     10.694    16.2197   4.057184    31.8645       1213     5.0500     2.4395  0.000e+00
     10.659    16.2193   4.057184    31.8648       1214     5.0542     2.4403  0.000e+00
     10.607    16.2193   4.057257    31.8655       1215     5.0583     2.4399  0.000e+00
     10.571    16.2194   4.057226    31.8652       1216     5.0625     2.4400  0.000e+00
     10.527    16.2197   4.057257    31.8652       1217     5.0667     2.4398  0.000e+00
     10.489    16.2197   4.057232    31.8650       1218     5.0708     2.4398  0.000e+00
     10.444    16.2198   4.057226    31.8649       1219     5.0750     2.4396  0.000e+00
     10.410    16.2200   4.057257    31.8650       1220     5.0792     2.4384  0.000e+00
     10.365    16.2199   4.057232    31.8649       1221     5.0833     2.4389  0.000e+00
     10.320    16.2201   4.057257    31.8649       1222     5.0875     2.4386  0.000e+00
     10.274    16.2201   4.057275    31.8651       1223     5.0917     2.4396  0.000e+00
     10.236    16.2201   4.057257    31.8650       1224     5.0958     2.4395  0.000e+00
     10.195    16.2202   4.057281    31.8651       1225     5.1000     2.4398  0.000e+00
     10.152    16.2202   4.057251    31.8649       1226     5.1042     2.4393  0.000e+00
     10.108    16.2201   4.057184    31.8644       1227     5.1083     2.4383  0.000e+00
     10.074    16.2200   4.057281    31.8654       1228     5.1125     2.4370  0.000e+00
     10.047    16.2201   4.057306    31.8655       1229     5.1167     2.4376  0.000e+00
     10.029    16.2201   4.057183    31.8644       1230     5.1208     2.4369  0.000e+00
     10.016    16.2202   4.057183    31.8643       1231     5.1250     2.4382  0.000e+00
     10.020    16.2198   4.057232    31.8651       1232     5.1292     2.4378  0.000e+00
     10.023    16.2197   4.057275    31.8655       1233     5.1333     2.4376  0.000e+00
     10.032    16.2201   4.057208    31.8647       1234     5.1375     2.4387  0.000e+00
     10.041    16.2201   4.057330    31.8657       1235     5.1417     2.4386  0.000e+00
     10.041    16.2205   4.057226    31.8645       1236     5.1458     2.4366  0.000e+00
     10.040    16.2205   4.057232    31.8646       1237     5.1500     2.4333  0.000e+00
     10.036    16.2204   4.057232    31.8646       1238     5.1542     2.4316  0.000e+00
     10.041    16.2201   4.057257    31.8650       1239     5.1583     2.4306  0.000e+00
     10.023    16.2202   4.057226    31.8647       1240     5.1625     2.4312  0.000e+00
      9.993    16.2201   4.057159    31.8642       1241     5.1667     2.4312  0.000e+00
      9.955    16.2198   4.057135    31.8643       1242     5.1708     2.4321  0.000e+00
      9.906    16.2196   4.057135    31.8645       1243     5.1750     2.4328  0.000e+00
      9.846    16.2193   4.057159    31.8649       1244     5.1792     2.4352  0.000e+00
      9.778    16.2193   4.057159    31.8649       1245     5.1833     2.4353  0.000e+00
      9.707    16.2191   4.057092    31.8645       1246     5.1875     2.4379  0.000e+00
      9.637    16.2191   4.057330    31.8667       1247     5.1917     2.4385  0.000e+00
      9.586    16.2197   4.057281    31.8657       1248     5.1958     2.4385  0.000e+00
      9.532    16.2201   4.057159    31.8644       1249     5.2000     2.4389  0.000e+00
      9.496    16.2202   4.057440    31.8668       1250     5.2042     2.4392  0.000e+00
      9.470    16.2206   4.057476    31.8668       1251     5.2083     2.4395  0.000e+00
      9.467    16.2214   4.057549    31.8668       1252     5.2125     2.4393  0.000e+00
      9.470    16.2222   4.057531    31.8660       1253     5.2167     2.4387  0.000e+00
      9.476    16.2228   4.057568    31.8658       1254     5.2208     2.4387  0.000e+00
      9.471    16.2231   4.057568    31.8656       1255     5.2250     2.4390  0.000e+00
      9.481    16.2235   4.057482    31.8646       1256     5.2292     2.4381  0.000e+00
      9.469    16.2235   4.057549    31.8651       1257     5.2333     2.4394  0.000e+00
      9.449    16.2235   4.057452    31.8642       1258     5.2375     2.4393  0.000e+00
      9.413    16.2235   4.057549    31.8651       1259     5.2417     2.4396  0.000e+00
      9.371    16.2235   4.057531    31.8650       1260     5.2458     2.4399  0.000e+00
      9.324    16.2235   4.057549    31.8651       1261     5.2500     2.4390  0.000e+00
      9.290    16.2238   4.057549    31.8650       1262     5.2542     2.4390  0.000e+00
      9.250    16.2237   4.057506    31.8647       1263     5.2583     2.4398  0.000e+00
      9.206    16.2236   4.057549    31.8651       1264     5.2625     2.4400  0.000e+00
      9.176    16.2235   4.057500    31.8648       1265     5.2667     2.4402  0.000e+00
      9.149    16.2236   4.057531    31.8650       1266     5.2708     2.4392  0.000e+00
      9.118    16.2237   4.057549    31.8651       1267     5.2750     2.4402  0.000e+00
      9.089    16.2236   4.057476    31.8645       1268     5.2792     2.4391  0.000e+00
