HB2407/sbe013.cnv
* Sea-Bird SBE 19plus V2 Data File:
* FileName = C:\cruise\data\sbe013.hex
* Software Version Seasave V 7.26.7.121
* Temperature SN = 7143
* Conductivity SN = 7143
* System UpLoad Time = Sep 10 2024 13:50:07
* NMEA Latitude = 37 16.09 N
* NMEA Longitude = 074 34.82 W
* NMEA UTC (Time) = Sep 10 2024  13:50:17
** Ship: Bigelow
** Cruise:  HB2407
** Program:  Fall Bottom Trawl
# nquan = 7
# nvalues = 2184                                  
# units = specified
# name 0 = depSM: Depth [salt water, m]
# name 1 = tv290C: Temperature [ITS-90, deg C]
# name 2 = c0S/m: Conductivity [S/m]
# name 3 = sal00: Salinity, Practical [PSU]
# name 4 = scan: Scan Count
# name 5 = timeM: Time, Elapsed [minutes]
# name 6 = flag:  0.000e+00
# span 0 =      0.012,     89.408                 
# span 1 =     8.1797,    23.2494                 
# span 2 =  -0.000040,   4.858796                 
# span 3 =     0.0000,    36.4873                 
# span 4 =         11,       2194                 
# span 5 =     0.0417,     9.1375                 
# span 6 = 0.0000e+00, 0.0000e+00                 
# interval = seconds: 0.25
# start_time = Sep 10 2024 13:50:17 [NMEA time, header]
# bad_flag = -9.990e-29
*END*
[from data line 2052]
      5.199    23.2264   4.841918    32.8525       2063     8.5917  0.000e+00
      5.132    23.2265   4.841988    32.8529       2064     8.5958  0.000e+00
      5.063    23.2277   4.842002    32.8522       2065     8.6000  0.000e+00
      5.003    23.2281   4.842044    32.8522       2066     8.6042  0.000e+00
      4.940    23.2285   4.842135    32.8526       2067     8.6083  0.000e+00
      4.880    23.2294   4.842100    32.8517       2068     8.6125  0.000e+00
      4.826    23.2293   4.842134    32.8520       2069     8.6167  0.000e+00
      4.772    23.2298   4.842414    32.8538       2070     8.6208  0.000e+00
      4.719    23.2306   4.842484    32.8537       2071     8.6250  0.000e+00
      4.663    23.2314   4.842498    32.8533       2072     8.6292  0.000e+00
      4.598    23.2321   4.842533    32.8531       2073     8.6333  0.000e+00
      4.533    23.2322   4.842637    32.8538       2074     8.6375  0.000e+00
      4.466    23.2333   4.842644    32.8531       2075     8.6417  0.000e+00
      4.406    23.2334   4.842581    32.8525       2076     8.6458  0.000e+00
      4.355    23.2336   4.842609    32.8526       2077     8.6500  0.000e+00
      4.310    23.2340   4.842616    32.8524       2078     8.6542  0.000e+00
      4.272    23.2336   4.842777    32.8539       2079     8.6583  0.000e+00
      4.238    23.2345   4.842644    32.8522       2080     8.6625  0.000e+00
      4.198    23.2340   4.842470    32.8513       2081     8.6667  0.000e+00
      4.157    23.2336   4.842910    32.8550       2082     8.6708  0.000e+00
      4.102    23.2347   4.842945    32.8544       2083     8.6750  0.000e+00
      4.045    23.2354   4.842861    32.8533       2084     8.6792  0.000e+00
      3.989    23.2363   4.843392    32.8566       2085     8.6833  0.000e+00
      3.936    23.2376   4.843769    32.8586       2086     8.6875  0.000e+00
      3.888    23.2402   4.843783    32.8567       2087     8.6917  0.000e+00
      3.849    23.2424   4.843797    32.8552       2088     8.6958  0.000e+00
      3.806    23.2435   4.843867    32.8550       2089     8.7000  0.000e+00
      3.768    23.2445   4.843881    32.8543       2090     8.7042  0.000e+00
      3.728    23.2451   4.843923    32.8542       2091     8.7083  0.000e+00
      3.690    23.2456   4.843958    32.8541       2092     8.7125  0.000e+00
      3.651    23.2459   4.843783    32.8526       2093     8.7167  0.000e+00
      3.604    23.2455   4.843811    32.8531       2094     8.7208  0.000e+00
      3.551    23.2454   4.843769    32.8529       2095     8.7250  0.000e+00
      3.503    23.2449   4.843671    32.8525       2096     8.7292  0.000e+00
      3.446    23.2441   4.843608    32.8527       2097     8.7333  0.000e+00
      3.383    23.2437   4.843643    32.8533       2098     8.7375  0.000e+00
      3.325    23.2429   4.843608    32.8536       2099     8.7417  0.000e+00
      3.260    23.2425   4.843699    32.8546       2100     8.7458  0.000e+00
      3.204    23.2429   4.843741    32.8547       2101     8.7500  0.000e+00
      3.141    23.2429   4.843755    32.8548       2102     8.7542  0.000e+00
      3.079    23.2435   4.843692    32.8539       2103     8.7583  0.000e+00
      3.007    23.2428   4.843587    32.8536       2104     8.7625  0.000e+00
      2.935    23.2427   4.843503    32.8531       2105     8.7667  0.000e+00
      2.868    23.2422   4.843559    32.8538       2106     8.7708  0.000e+00
      2.806    23.2414   4.843608    32.8548       2107     8.7750  0.000e+00
      2.734    23.2418   4.843671    32.8550       2108     8.7792  0.000e+00
      2.658    23.2414   4.843370    32.8531       2109     8.7833  0.000e+00
      2.566    23.2409   4.843279    32.8528       2110     8.7875  0.000e+00
      2.481    23.2399   4.843314    32.8539       2111     8.7917  0.000e+00
      2.388    23.2393   4.843391    32.8549       2112     8.7958  0.000e+00
      2.309    23.2396   4.843866    32.8583       2113     8.8000  0.000e+00
      2.233    23.2408   4.843985    32.8583       2114     8.8042  0.000e+00
      2.151    23.2432   4.843922    32.8562       2115     8.8083  0.000e+00
      2.074    23.2444   4.843852    32.8547       2116     8.8125  0.000e+00
      2.016    23.2444   4.843894    32.8551       2117     8.8167  0.000e+00
      1.978    23.2450   4.844146    32.8565       2118     8.8208  0.000e+00
      1.940    23.2457   4.844202    32.8564       2119     8.8250  0.000e+00
      1.884    23.2466   4.844230    32.8560       2120     8.8292  0.000e+00
      1.808    23.2473   4.844202    32.8553       2121     8.8333  0.000e+00
      1.719    23.2473   4.844174    32.8551       2122     8.8375  0.000e+00
      1.629    23.2479   4.843950    32.8530       2123     8.8417  0.000e+00
      1.560    23.2471   4.843796    32.8524       2124     8.8458  0.000e+00
      1.522    23.2464   4.844006    32.8546       2125     8.8500  0.000e+00
      1.491    23.2462   4.844229    32.8564       2126     8.8542  0.000e+00
      1.448    23.2464   4.844341    32.8571       2127     8.8583  0.000e+00
      1.385    23.2478   4.844334    32.8560       2128     8.8625  0.000e+00
      1.314    23.2486   4.844341    32.8556       2129     8.8667  0.000e+00
      1.260    23.2487   4.844257    32.8549       2130     8.8708  0.000e+00
      1.204    23.2487   4.844278    32.8551       2131     8.8750  0.000e+00
      1.113    23.2482   4.844425    32.8566       2132     8.8792  0.000e+00
      1.005    23.2490   4.844390    32.8557       2133     8.8833  0.000e+00
      0.923    23.2494   4.844229    32.8542       2134     8.8875  0.000e+00
      0.878    23.2492   4.844306    32.8550       2135     8.8917  0.000e+00
      0.824    23.2493   4.844229    32.8544       2136     8.8958  0.000e+00
      0.773    23.2487   4.844068    32.8536       2137     8.9000  0.000e+00
      0.728    23.2481   4.843866    32.8525       2138     8.9042  0.000e+00
      0.692    23.2468   4.843740    32.8525       2139     8.9083  0.000e+00
      0.641    23.2452   4.843614    32.8528       2140     8.9125  0.000e+00
      0.549    23.2447   4.843446    32.8519       2141     8.9167  0.000e+00
      0.431    23.2429   4.843250    32.8518       2142     8.9208  0.000e+00
      0.389    23.2414   4.842908    32.8503       2143     8.9250  0.000e+00
      0.433    23.2398   4.843195    32.8537       2144     8.9292  0.000e+00
      0.516    23.2391   4.843579    32.8571       2145     8.9333  0.000e+00
      0.507    23.2397   4.843502    32.8561       2146     8.9375  0.000e+00
      0.379    23.2398   4.843139    32.8533       2147     8.9417  0.000e+00
      0.227    23.2386   4.840092    32.8311       2148     8.9458  0.000e+00
      0.158    23.2324   3.847984    25.4264       2149     8.9500  0.000e+00
      0.155    23.2194   0.753868     4.3202       2150     8.9542  0.000e+00
      0.149    23.1824   0.461741     2.5620       2151     8.9583  0.000e+00
      0.147    23.1459   0.386092     2.1202       2152     8.9625  0.000e+00
      0.146    23.1231   0.599206     3.3866       2153     8.9667  0.000e+00
      0.148    23.1122   1.402378     8.4495       2154     8.9708  0.000e+00
      0.148    23.1041   0.419331     2.3166       2155     8.9750  0.000e+00
      0.151    23.0948   0.384415     2.1128       2156     8.9792  0.000e+00
      0.157    23.0696   0.332523     1.8128       2157     8.9833  0.000e+00
      0.153    23.0518   0.259752     1.3970       2158     8.9875  0.000e+00
      0.148    23.0440   0.221087     1.1790       2159     8.9917  0.000e+00
      0.148    23.0376   0.192717     1.0206       2160     8.9958  0.000e+00
      0.154    23.0336   0.175927     0.9276       2161     9.0000  0.000e+00
      0.152    23.0305   0.160037     0.8401       2162     9.0042  0.000e+00
      0.150    23.0268   0.145724     0.7617       2163     9.0083  0.000e+00
      0.152    23.0068   0.134919     0.7031       2164     9.0125  0.000e+00
      0.145    22.9524   0.122358     0.6357       2165     9.0167  0.000e+00
      0.154    22.8854   0.110518     0.5726       2166     9.0208  0.000e+00
      0.154    22.8163   0.098747     0.5101       2167     9.0250  0.000e+00
      0.151    22.7446   0.087124     0.4487       2168     9.0292  0.000e+00
      0.154    22.6773   0.074603     0.3828       2169     9.0333  0.000e+00
      0.156    22.6155   0.058084     0.2963       2170     9.0375  0.000e+00
      0.155    22.5543   0.039759     0.2017       2171     9.0417  0.000e+00
      0.155    22.4957   0.033664     0.1707       2172     9.0458  0.000e+00
      0.155    22.4409   0.026709     0.1357       2173     9.0500  0.000e+00
      0.157    22.3859   0.015915     0.0822       2174     9.0542  0.000e+00
      0.153    22.3289   0.000517     0.0118       2175     9.0583  0.000e+00
      0.153    22.2754  -0.000018     0.0000       2176     9.0625  0.000e+00
      0.153    22.2259  -0.000018     0.0000       2177     9.0667  0.000e+00
      0.157    22.1818  -0.000026     0.0000       2178     9.0708  0.000e+00
      0.155    22.1388  -0.000040     0.0000       2179     9.0750  0.000e+00
      0.155    22.0977  -0.000034     0.0000       2180     9.0792  0.000e+00
      0.152    22.0688  -0.000037     0.0000       2181     9.0833  0.000e+00
      0.154    22.0418  -0.000029     0.0000       2182     9.0875  0.000e+00
      0.159    22.0119  -0.000032     0.0000       2183     9.0917  0.000e+00
      0.161    21.9864  -0.000034     0.0000       2184     9.0958  0.000e+00
      0.161    21.9585  -0.000029     0.0000       2185     9.1000  0.000e+00
      0.159    21.9239  -0.000037     0.0000       2186     9.1042  0.000e+00
      0.154    21.8850  -0.000034     0.0000       2187     9.1083  0.000e+00
      0.156    21.8470  -0.000034     0.0000       2188     9.1125  0.000e+00
      0.165    21.8143  -0.000032     0.0000       2189     9.1167  0.000e+00
      0.167    21.7854  -0.000040     0.0000       2190     9.1208  0.000e+00
      0.165    21.7504  -0.000040     0.0000       2191     9.1250  0.000e+00
      0.158    21.7158  -0.000032     0.0000       2192     9.1292  0.000e+00
      0.158    21.6795  -0.000029     0.0000       2193     9.1333  0.000e+00
      0.162    21.6432  -0.000034     0.0000       2194     9.1375  0.000e+00
