HB2407/sbe091.cnv
* Sea-Bird SBE 19plus V2 Data File:
* FileName = C:\cruise\data\sbe091.hex
* Software Version Seasave V 7.26.7.121
* Temperature SN = 7037
* Conductivity SN = 7037
* System UpLoad Time = Oct 15 2024 11:34:50
* NMEA Latitude = 41 54.94 N
* NMEA Longitude = 069 56.03 W
* NMEA UTC (Time) = Oct 15 2024  11:34:40
** Ship: Bigelow
** Cruise:  HB2407
** Program:  Spring Bottom Trawl
# nquan = 8
# nvalues = 806                                   
# units = specified
# name 0 = depSM: Depth [salt water, m]
# name 1 = tv290C: Temperature [ITS-90, deg C]
# name 2 = c0S/m: Conductivity [S/m]
# name 3 = sal00: Salinity, Practical [PSU]
# name 4 = scan: Scan Count
# name 5 = timeM: Time, Elapsed [minutes]
# name 6 = sbeox0V: Oxygen raw, SBE 43 [V]
# name 7 = flag:  0.000e+00
# span 0 =     -0.037,     19.171                 
# span 1 =    13.8359,    14.5267                 
# span 2 =   0.134228,   3.881415                 
# span 3 =     0.8608,    31.7666                 
# span 4 =         11,        816                 
# span 5 =     0.0417,     3.3958                 
# span 6 =     1.9843,     2.3891                 
# span 7 = 0.0000e+00, 0.0000e+00                 
# interval = seconds: 0.25
# start_time = Oct 15 2024 11:34:40 [NMEA time, header]
# bad_flag = -9.990e-29
*END*
[from data line 180]
      0.289    14.4535   3.786334    30.8651        191     0.7917     2.3874  0.000e+00
      0.231    14.4553   3.790475    30.9012        192     0.7958     2.3891  0.000e+00
      0.204    14.4624   3.269232    26.2209        193     0.8000     2.3829  0.000e+00
      0.245    14.4702   3.352645    26.9566        194     0.8042     2.3732  0.000e+00
      0.350    14.4762   3.844906    31.3785        195     0.8083     2.3587  0.000e+00
      0.525    14.4735   3.855537    31.4772        196     0.8125     2.3445  0.000e+00
      0.751    14.4575   3.848596    31.4270        197     0.8167     2.3293  0.000e+00
      0.975    14.4338   3.861556    31.5641        198     0.8208     2.3167  0.000e+00
      1.153    14.4126   3.862806    31.5927        199     0.8250     2.3035  0.000e+00
      1.256    14.3987   3.863369    31.6091        200     0.8292     2.2889  0.000e+00
      1.297    14.3898   3.865743    31.6380        201     0.8333     2.2741  0.000e+00
      1.285    14.3941   3.871128    31.6835        202     0.8375     2.2591  0.000e+00
      1.218    14.4109   3.874504    31.7005        203     0.8417     2.2448  0.000e+00
      1.102    14.4339   3.876654    31.7014        204     0.8458     2.2309  0.000e+00
      0.919    14.4541   3.877270    31.6906        205     0.8500     2.2207  0.000e+00
      0.692    14.4696   3.877384    31.6790        206     0.8542     2.2156  0.000e+00
      0.475    14.4801   3.877312    31.6698        207     0.8583     2.2258  0.000e+00
      0.287    14.4872   3.877198    31.6631        208     0.8625     2.2394  0.000e+00
      0.209    14.4917   3.872970    31.6210        209     0.8667     2.2542  0.000e+00
      0.223    14.4946   3.868637    31.5792        210     0.8708     2.2691  0.000e+00
      0.270    14.4962   3.872970    31.6173        211     0.8750     2.2803  0.000e+00
      0.372    14.4949   3.873928    31.6270        212     0.8792     2.2861  0.000e+00
      0.524    14.4927   3.873934    31.6288        213     0.8833     2.2853  0.000e+00
      0.690    14.4895   3.874090    31.6327        214     0.8875     2.2794  0.000e+00
      0.854    14.4850   3.873797    31.6337        215     0.8917     2.2702  0.000e+00
      0.990    14.4804   3.873611    31.6357        216     0.8958     2.2601  0.000e+00
      1.099    14.4763   3.873432    31.6374        217     0.9000     2.2492  0.000e+00
      1.176    14.4727   3.873115    31.6374        218     0.9042     2.2394  0.000e+00
      1.209    14.4694   3.872791    31.6372        219     0.9083     2.2321  0.000e+00
      1.191    14.4670   3.873360    31.6443        220     0.9125     2.2241  0.000e+00
      1.128    14.4661   3.875144    31.6613        221     0.9167     2.2161  0.000e+00
      1.019    14.4700   3.876653    31.6719        222     0.9208     2.2126  0.000e+00
      0.896    14.4770   3.877174    31.6709        223     0.9250     2.2058  0.000e+00
      0.802    14.4838   3.877246    31.6661        224     0.9292     2.1991  0.000e+00
      0.721    14.4889   3.877336    31.6627        225     0.9333     2.2010  0.000e+00
      0.631    14.4934   3.877521    31.6609        226     0.9375     2.2050  0.000e+00
      0.524    14.4969   3.877587    31.6586        227     0.9417     2.2129  0.000e+00
      0.435    14.4997   3.877563    31.6561        228     0.9458     2.2207  0.000e+00
      0.383    14.5015   3.877287    31.6522        229     0.9500     2.2306  0.000e+00
      0.390    14.5029   3.876048    31.6397        230     0.9542     2.2380  0.000e+00
      0.443    14.5040   3.875347    31.6325        231     0.9583     2.2419  0.000e+00
      0.531    14.5032   3.874455    31.6250        232     0.9625     2.2406  0.000e+00
      0.661    14.4986   3.875371    31.6370        233     0.9667     2.2355  0.000e+00
      0.779    14.4935   3.875282    31.6403        234     0.9708     2.2290  0.000e+00
      0.902    14.4894   3.874593    31.6374        235     0.9750     2.2239  0.000e+00
      1.025    14.4848   3.874354    31.6389        236     0.9792     2.2145  0.000e+00
      1.166    14.4796   3.873935    31.6393        237     0.9833     2.2073  0.000e+00
      1.321    14.4758   3.873408    31.6375        238     0.9875     2.1997  0.000e+00
      1.477    14.4732   3.873570    31.6410        239     0.9917     2.1962  0.000e+00
      1.607    14.4711   3.873749    31.6443        240     0.9958     2.1933  0.000e+00
      1.708    14.4698   3.873887    31.6466        241     1.0000     2.1887  0.000e+00
      1.780    14.4688   3.873971    31.6482        242     1.0042     2.1840  0.000e+00
      1.825    14.4686   3.874025    31.6488        243     1.0083     2.1753  0.000e+00
      1.869    14.4696   3.873660    31.6446        244     1.0125     2.1657  0.000e+00
      1.936    14.4705   3.872953    31.6375        245     1.0167     2.1534  0.000e+00
      2.015    14.4712   3.872289    31.6308        246     1.0208     2.1428  0.000e+00
      2.100    14.4703   3.871583    31.6251        247     1.0250     2.1299  0.000e+00
      2.196    14.4673   3.871038    31.6225        248     1.0292     2.1172  0.000e+00
      2.317    14.4629   3.870488    31.6211        249     1.0333     2.1060  0.000e+00
      2.471    14.4577   3.870284    31.6234        250     1.0375     2.0960  0.000e+00
      2.653    14.4498   3.870189    31.6289        251     1.0417     2.0856  0.000e+00
      2.836    14.4440   3.870147    31.6332        252     1.0458     2.0772  0.000e+00
      2.995    14.4401   3.870099    31.6359        253     1.0500     2.0671  0.000e+00
      3.136    14.4364   3.870536    31.6428        254     1.0542     2.0590  0.000e+00
      3.252    14.4337   3.870919    31.6485        255     1.0583     2.0515  0.000e+00
      3.359    14.4316   3.871081    31.6517        256     1.0625     2.0446  0.000e+00
      3.451    14.4298   3.871129    31.6536        257     1.0667     2.0378  0.000e+00
      3.532    14.4297   3.871009    31.6525        258     1.0708     2.0341  0.000e+00
      3.601    14.4320   3.870668    31.6474        259     1.0750     2.0299  0.000e+00
      3.673    14.4336   3.870183    31.6417        260     1.0792     2.0294  0.000e+00
      3.762    14.4338   3.869076    31.6315        261     1.0833     2.0272  0.000e+00
      3.881    14.4304   3.868687    31.6306        262     1.0875     2.0251  0.000e+00
      4.035    14.4237   3.868729    31.6365        263     1.0917     2.0224  0.000e+00
      4.239    14.4175   3.868712    31.6413        264     1.0958     2.0198  0.000e+00
      4.474    14.4125   3.868275    31.6413        265     1.1000     2.0175  0.000e+00
      4.742    14.4090   3.868084    31.6423        266     1.1042     2.0138  0.000e+00
      5.020    14.4063   3.868981    31.6526        267     1.1083     2.0097  0.000e+00
      5.291    14.4045   3.869532    31.6590        268     1.1125     2.0051  0.000e+00
      5.541    14.4034   3.869783    31.6620        269     1.1167     2.0015  0.000e+00
      5.747    14.4071   3.872106    31.6801        270     1.1208     1.9953  0.000e+00
      5.909    14.4192   3.874476    31.6917        271     1.1250     1.9908  0.000e+00
      6.029    14.4344   3.875691    31.6903        272     1.1292     1.9873  0.000e+00
      6.101    14.4484   3.876170    31.6832        273     1.1333     1.9843  0.000e+00
      6.135    14.4605   3.876518    31.6765        274     1.1375     1.9888  0.000e+00
      6.137    14.4698   3.876787    31.6713        275     1.1417     1.9937  0.000e+00
      6.116    14.4767   3.876949    31.6672        276     1.1458     2.0044  0.000e+00
      6.069    14.4819   3.876972    31.6632        277     1.1500     2.0182  0.000e+00
      6.011    14.4857   3.876960    31.6600        278     1.1542     2.0333  0.000e+00
      5.967    14.4879   3.876787    31.6566        279     1.1583     2.0539  0.000e+00
      5.933    14.4897   3.875439    31.6429        280     1.1625     2.0731  0.000e+00
      5.940    14.4907   3.873571    31.6251        281     1.1667     2.0934  0.000e+00
      6.000    14.4903   3.873703    31.6266        282     1.1708     2.1112  0.000e+00
      6.130    14.4842   3.874230    31.6363        283     1.1750     2.1241  0.000e+00
      6.329    14.4774   3.874164    31.6412        284     1.1792     2.1322  0.000e+00
      6.586    14.4719   3.874027    31.6443        285     1.1833     2.1377  0.000e+00
      6.889    14.4673   3.873955    31.6473        286     1.1875     2.1409  0.000e+00
      7.209    14.4643   3.874051    31.6505        287     1.1917     2.1433  0.000e+00
      7.529    14.4628   3.874051    31.6516        288     1.1958     2.1453  0.000e+00
      7.828    14.4614   3.874051    31.6526        289     1.2000     2.1469  0.000e+00
      8.113    14.4607   3.874117    31.6537        290     1.2042     2.1457  0.000e+00
      8.363    14.4606   3.874069    31.6533        291     1.2083     2.1445  0.000e+00
      8.583    14.4617   3.874117    31.6527        292     1.2125     2.1402  0.000e+00
      8.762    14.4632   3.874554    31.6554        293     1.2167     2.1343  0.000e+00
      8.902    14.4661   3.875327    31.6600        294     1.2208     2.1270  0.000e+00
      9.003    14.4701   3.875968    31.6625        295     1.2250     2.1188  0.000e+00
      9.070    14.4742   3.876315    31.6623        296     1.2292     2.1086  0.000e+00
      9.110    14.4781   3.876333    31.6592        297     1.2333     2.0990  0.000e+00
      9.148    14.4817   3.876267    31.6557        298     1.2375     2.0911  0.000e+00
      9.166    14.4847   3.875740    31.6485        299     1.2417     2.0839  0.000e+00
      9.182    14.4865   3.874530    31.6360        300     1.2458     2.0781  0.000e+00
      9.216    14.4879   3.873548    31.6259        301     1.2500     2.0752  0.000e+00
      9.272    14.4867   3.872710    31.6192        302     1.2542     2.0755  0.000e+00
      9.348    14.4807   3.872567    31.6228        303     1.2583     2.0785  0.000e+00
      9.430    14.4733   3.872818    31.6311        304     1.2625     2.0788  0.000e+00
      9.533    14.4670   3.872747    31.6356        305     1.2667     2.0806  0.000e+00
      9.648    14.4613   3.866816    31.5862        306     1.2708     2.0819  0.000e+00
      9.782    14.4560   3.869826    31.6178        307     1.2750     2.0821  0.000e+00
      9.938    14.4515   3.870042    31.6235        308     1.2792     2.0824  0.000e+00
     10.102    14.4455   3.869096    31.6196        309     1.2833     2.0858  0.000e+00
     10.267    14.4355   3.868349    31.6209        310     1.2875     2.0913  0.000e+00
     10.438    14.4263   3.867798    31.6234        311     1.2917     2.0986  0.000e+00
     10.605    14.4161   3.867505    31.6290        312     1.2958     2.1080  0.000e+00
     10.775    14.4067   3.867482    31.6364        313     1.3000     2.1158  0.000e+00
     10.943    14.3985   3.867422    31.6425        314     1.3042     2.1228  0.000e+00
     11.116    14.3927   3.867344    31.6465        315     1.3083     2.1297  0.000e+00
     11.290    14.3882   3.867183    31.6486        316     1.3125     2.1350  0.000e+00
     11.464    14.3841   3.866956    31.6498        317     1.3167     2.1381  0.000e+00
     11.635    14.3802   3.866842    31.6519        318     1.3208     2.1381  0.000e+00
     11.802    14.3766   3.866800    31.6544        319     1.3250     2.1385  0.000e+00
     11.941    14.3734   3.866800    31.6569        320     1.3292     2.1365  0.000e+00
     12.071    14.3705   3.866800    31.6593        321     1.3333     2.1328  0.000e+00
     12.183    14.3686   3.866801    31.6608        322     1.3375     2.1302  0.000e+00
     12.290    14.3668   3.866729    31.6616        323     1.3417     2.1251  0.000e+00
     12.388    14.3654   3.866585    31.6614        324     1.3458     2.1206  0.000e+00
     12.491    14.3643   3.866412    31.6606        325     1.3500     2.1164  0.000e+00
     12.594    14.3632   3.866274    31.6603        326     1.3542     2.1109  0.000e+00
     12.699    14.3613   3.866227    31.6613        327     1.3583     2.1071  0.000e+00
     12.811    14.3595   3.866161    31.6621        328     1.3625     2.1028  0.000e+00
     12.926    14.3587   3.866113    31.6623        329     1.3667     2.1009  0.000e+00
     13.060    14.3580   3.866161    31.6633        330     1.3708     2.0990  0.000e+00
     13.201    14.3575   3.866209    31.6641        331     1.3750     2.0981  0.000e+00
     13.358    14.3570   3.866209    31.6645        332     1.3792     2.1040  0.000e+00
     13.523    14.3566   3.866251    31.6651        333     1.3833     2.1064  0.000e+00
     13.688    14.3566   3.866436    31.6667        334     1.3875     2.1068  0.000e+00
     13.856    14.3566   3.867208    31.6737        335     1.3917     2.1099  0.000e+00
     14.008    14.3572   3.867459    31.6754        336     1.3958     2.1126  0.000e+00
     14.156    14.3583   3.867459    31.6744        337     1.4000     2.1126  0.000e+00
     14.286    14.3593   3.867322    31.6723        338     1.4042     2.1094  0.000e+00
     14.405    14.3636   3.867346    31.6690        339     1.4083     2.1039  0.000e+00
     14.517    14.3772   3.867800    31.6620        340     1.4125     2.0978  0.000e+00
     14.619    14.3924   3.868375    31.6547        341     1.4167     2.0917  0.000e+00
     14.716    14.4050   3.868327    31.6440        342     1.4208     2.0839  0.000e+00
     14.807    14.4140   3.867686    31.6308        343     1.4250     2.0754  0.000e+00
     14.904    14.4201   3.867232    31.6216        344     1.4292     2.0650  0.000e+00
     15.006    14.4241   3.867118    31.6173        345     1.4333     2.0544  0.000e+00
     15.103    14.4188   3.874647    31.6901        346     1.4375     2.0440  0.000e+00
     15.223    14.4260   3.879995    31.7329        347     1.4417     2.0339  0.000e+00
     15.345    14.4517   3.880247    31.7141        348     1.4458     2.0275  0.000e+00
     15.485    14.4740   3.880223    31.6955        349     1.4500     2.0329  0.000e+00
     15.635    14.4895   3.880384    31.6843        350     1.4542     2.0569  0.000e+00
     15.796    14.4999   3.880384    31.6758        351     1.4583     2.0909  0.000e+00
     15.964    14.5064   3.880360    31.6701        352     1.4625     2.1288  0.000e+00
     16.136    14.5107   3.880336    31.6664        353     1.4667     2.1641  0.000e+00
     16.315    14.5131   3.880336    31.6644        354     1.4708     2.1943  0.000e+00
     16.488    14.5146   3.880474    31.6643        355     1.4750     2.2207  0.000e+00
     16.662    14.5160   3.880498    31.6634        356     1.4792     2.2438  0.000e+00
     16.834    14.5169   3.880474    31.6623        357     1.4833     2.2632  0.000e+00
     16.998    14.5174   3.880522    31.6623        358     1.4875     2.2773  0.000e+00
     17.155    14.5178   3.880546    31.6621        359     1.4917     2.2893  0.000e+00
     17.305    14.5180   3.880552    31.6619        360     1.4958     2.3004  0.000e+00
     17.441    14.5185   3.880564    31.6616        361     1.5000     2.3098  0.000e+00
     17.559    14.5185   3.880612    31.6620        362     1.5042     2.3163  0.000e+00
     17.667    14.5188   3.880702    31.6625        363     1.5083     2.3230  0.000e+00
     17.772    14.5191   3.880702    31.6622        364     1.5125     2.3286  0.000e+00
     17.866    14.5193   3.880636    31.6614        365     1.5167     2.3310  0.000e+00
     17.964    14.5195   3.880702    31.6619        366     1.5208     2.3336  0.000e+00
     18.068    14.5195   3.880720    31.6620        367     1.5250     2.3356  0.000e+00
     18.175    14.5195   3.880636    31.6611        368     1.5292     2.3386  0.000e+00
     18.300    14.5194   3.880547    31.6604        369     1.5333     2.3408  0.000e+00
