HB2407/sbe093.cnv
* Sea-Bird SBE 19plus V2 Data File:
* FileName = C:\cruise\data\sbe093.hex
* Software Version Seasave V 7.26.7.121
* Temperature SN = 7037
* Conductivity SN = 7037
* System UpLoad Time = Oct 17 2024 01:48:41
* NMEA Latitude = 41 36.67 N
* NMEA Longitude = 067 45.13 W
* NMEA UTC (Time) = Oct 17 2024  01:47:34
** Ship: Bigelow
** Cruise:  HB2407
** Program:  Spring Bottom Trawl
# nquan = 8
# nvalues = 1778                                  
# units = specified
# name 0 = depSM: Depth [salt water, m]
# name 1 = tv290C: Temperature [ITS-90, deg C]
# name 2 = c0S/m: Conductivity [S/m]
# name 3 = sal00: Salinity, Practical [PSU]
# name 4 = scan: Scan Count
# name 5 = timeM: Time, Elapsed [minutes]
# name 6 = sbeox0V: Oxygen raw, SBE 43 [V]
# name 7 = flag:  0.000e+00
# span 0 =      0.038,     30.690                 
# span 1 =    12.5478,    15.7824                 
# span 2 =   0.000009,   4.022273                 
# span 3 =     0.0065,    32.5683                 
# span 4 =         11,       1788                 
# span 5 =     0.0417,     7.4458                 
# span 6 =     2.1549,     2.6379                 
# span 7 = 0.0000e+00, 0.0000e+00                 
# interval = seconds: 0.25
# start_time = Oct 17 2024 01:47:34 [NMEA time, header]
# bad_flag = -9.990e-29
*END*
[from data line 540]
     26.771    15.7653   4.011203    31.8186        551     2.2917     2.3920  0.000e+00
     27.010    15.7652   4.011185    31.8184        552     2.2958     2.3926  0.000e+00
     27.243    15.7651   4.011258    31.8191        553     2.3000     2.3929  0.000e+00
     27.462    15.7651   4.011276    31.8192        554     2.3042     2.3938  0.000e+00
     27.679    15.7652   4.011252    31.8189        555     2.3083     2.3945  0.000e+00
     27.876    15.7653   4.011203    31.8182        556     2.3125     2.3945  0.000e+00
     28.058    15.7652   4.011203    31.8183        557     2.3167     2.3934  0.000e+00
     28.196    15.7647   4.011161    31.8182        558     2.3208     2.3942  0.000e+00
     28.279    15.7645   4.011052    31.8174        559     2.3250     2.3929  0.000e+00
     28.331    15.7639   4.011088    31.8182        560     2.3292     2.3917  0.000e+00
     28.340    15.7636   4.011112    31.8187        561     2.3333     2.3919  0.000e+00
     28.324    15.7633   4.011088    31.8186        562     2.3375     2.3918  0.000e+00
     28.283    15.7631   4.011088    31.8188        563     2.3417     2.3929  0.000e+00
     28.227    15.7629   4.011100    31.8191        564     2.3458     2.3935  0.000e+00
     28.161    15.7629   4.011088    31.8190        565     2.3500     2.3951  0.000e+00
     28.103    15.7629   4.011088    31.8190        566     2.3542     2.3963  0.000e+00
     28.076    15.7629   4.011064    31.8189        567     2.3583     2.3956  0.000e+00
     28.078    15.7629   4.011064    31.8188        568     2.3625     2.3957  0.000e+00
     28.122    15.7627   4.011039    31.8188        569     2.3667     2.3951  0.000e+00
     28.210    15.7625   4.011052    31.8190        570     2.3708     2.3945  0.000e+00
     28.328    15.7625   4.010918    31.8178        571     2.3750     2.3932  0.000e+00
     28.474    15.7623   4.010991    31.8185        572     2.3792     2.3945  0.000e+00
     28.635    15.7621   4.010967    31.8185        573     2.3833     2.3939  0.000e+00
     28.809    15.7618   4.010967    31.8186        574     2.3875     2.3941  0.000e+00
     28.989    15.7617   4.010985    31.8188        575     2.3917     2.3927  0.000e+00
     29.187    15.7615   4.010967    31.8187        576     2.3958     2.3945  0.000e+00
     29.389    15.7615   4.011040    31.8193        577     2.4000     2.3935  0.000e+00
     29.590    15.7614   4.011040    31.8193        578     2.4042     2.3944  0.000e+00
     29.782    15.7616   4.011064    31.8193        579     2.4083     2.3942  0.000e+00
     29.961    15.7616   4.011113    31.8197        580     2.4125     2.3933  0.000e+00
     30.123    15.7620   4.011125    31.8194        581     2.4167     2.3945  0.000e+00
     30.270    15.7618   4.011089    31.8191        582     2.4208     2.3942  0.000e+00
     30.402    15.7620   4.011089    31.8190        583     2.4250     2.3952  0.000e+00
     30.525    15.7618   4.011089    31.8190        584     2.4292     2.3945  0.000e+00
     30.595    15.7618   4.011089    31.8191        585     2.4333     2.3948  0.000e+00
     30.635    15.7618   4.011144    31.8195        586     2.4375     2.3941  0.000e+00
     30.630    15.7620   4.011137    31.8193        587     2.4417     2.3942  0.000e+00
     30.581    15.7618   4.011137    31.8195        588     2.4458     2.3937  0.000e+00
     30.532    15.7619   4.011113    31.8192        589     2.4500     2.3942  0.000e+00
     30.489    15.7621   4.011137    31.8193        590     2.4542     2.3942  0.000e+00
     30.454    15.7621   4.011162    31.8195        591     2.4583     2.3958  0.000e+00
     30.422    15.7622   4.011143    31.8192        592     2.4625     2.3977  0.000e+00
     30.391    15.7622   4.011162    31.8194        593     2.4667     2.3959  0.000e+00
     30.373    15.7625   4.011162    31.8192        594     2.4708     2.3957  0.000e+00
     30.353    15.7625   4.011113    31.8188        595     2.4750     2.3949  0.000e+00
     30.350    15.7625   4.011137    31.8190        596     2.4792     2.3942  0.000e+00
     30.351    15.7625   4.011143    31.8191        597     2.4833     2.3937  0.000e+00
     30.360    15.7625   4.011162    31.8192        598     2.4875     2.3936  0.000e+00
     30.371    15.7624   4.011137    31.8191        599     2.4917     2.3926  0.000e+00
     30.389    15.7623   4.011113    31.8189        600     2.4958     2.3929  0.000e+00
     30.414    15.7624   4.011089    31.8186        601     2.5000     2.3928  0.000e+00
     30.440    15.7622   4.011101    31.8189        602     2.5042     2.3931  0.000e+00
     30.478    15.7622   4.011065    31.8185        603     2.5083     2.3928  0.000e+00
     30.509    15.7619   4.011113    31.8192        604     2.5125     2.3924  0.000e+00
     30.538    15.7621   4.011186    31.8197        605     2.5167     2.3923  0.000e+00
     30.565    15.7622   4.011229    31.8200        606     2.5208     2.3940  0.000e+00
     30.590    15.7624   4.011137    31.8190        607     2.5250     2.3929  0.000e+00
     30.610    15.7625   4.011144    31.8190        608     2.5292     2.3939  0.000e+00
     30.637    15.7626   4.011162    31.8190        609     2.5333     2.3927  0.000e+00
     30.651    15.7626   4.011137    31.8188        610     2.5375     2.3932  0.000e+00
     30.666    15.7625   4.011138    31.8188        611     2.5417     2.3941  0.000e+00
     30.677    15.7623   4.011113    31.8188        612     2.5458     2.3950  0.000e+00
     30.677    15.7623   4.011144    31.8191        613     2.5500     2.3952  0.000e+00
     30.682    15.7623   4.011162    31.8192        614     2.5542     2.3965  0.000e+00
     30.690    15.7622   4.011113    31.8189        615     2.5583     2.3971  0.000e+00
     30.690    15.7622   4.011138    31.8192        616     2.5625     2.3977  0.000e+00
     30.688    15.7621   4.011113    31.8190        617     2.5667     2.3972  0.000e+00
     30.682    15.7622   4.011138    31.8191        618     2.5708     2.3968  0.000e+00
     30.670    15.7622   4.011125    31.8191        619     2.5750     2.3965  0.000e+00
     30.648    15.7622   4.011138    31.8192        620     2.5792     2.3942  0.000e+00
     30.612    15.7622   4.011137    31.8192        621     2.5833     2.3938  0.000e+00
     30.567    15.7624   4.011137    31.8190        622     2.5875     2.3938  0.000e+00
     30.511    15.7623   4.011137    31.8191        623     2.5917     2.3932  0.000e+00
     30.447    15.7624   4.011052    31.8183        624     2.5958     2.3929  0.000e+00
     30.371    15.7622   4.011113    31.8190        625     2.6000     2.3934  0.000e+00
     30.279    15.7623   4.011113    31.8190        626     2.6042     2.3934  0.000e+00
     30.187    15.7622   4.011089    31.8189        627     2.6083     2.3929  0.000e+00
     30.095    15.7622   4.011113    31.8192        628     2.6125     2.3931  0.000e+00
     30.010    15.7622   4.011113    31.8192        629     2.6167     2.3945  0.000e+00
     29.934    15.7622   4.011101    31.8190        630     2.6208     2.3952  0.000e+00
     29.869    15.7622   4.011137    31.8194        631     2.6250     2.3946  0.000e+00
     29.822    15.7622   4.011137    31.8195        632     2.6292     2.3939  0.000e+00
     29.788    15.7622   4.011137    31.8195        633     2.6333     2.3944  0.000e+00
     29.764    15.7624   4.011161    31.8195        634     2.6375     2.3916  0.000e+00
     29.753    15.7626   4.011216    31.8198        635     2.6417     2.3932  0.000e+00
     29.751    15.7627   4.011301    31.8205        636     2.6458     2.3930  0.000e+00
     29.757    15.7632   4.011228    31.8195        637     2.6500     2.3932  0.000e+00
     29.764    15.7635   4.011350    31.8203        638     2.6542     2.3934  0.000e+00
     29.776    15.7641   4.011471    31.8209        639     2.6583     2.3926  0.000e+00
     29.787    15.7647   4.011447    31.8202        640     2.6625     2.3927  0.000e+00
     29.795    15.7652   4.011489    31.8202        641     2.6667     2.3931  0.000e+00
     29.793    15.7656   4.011398    31.8190        642     2.6708     2.3932  0.000e+00
     29.777    15.7659   4.011514    31.8198        643     2.6750     2.3930  0.000e+00
     29.748    15.7662   4.011495    31.8194        644     2.6792     2.3939  0.000e+00
     29.717    15.7665   4.011447    31.8187        645     2.6833     2.3928  0.000e+00
     29.668    15.7663   4.011374    31.8183        646     2.6875     2.3941  0.000e+00
     29.623    15.7661   4.011422    31.8189        647     2.6917     2.3931  0.000e+00
     29.578    15.7660   4.011562    31.8203        648     2.6958     2.3916  0.000e+00
     29.527    15.7662   4.011799    31.8222        649     2.7000     2.3921  0.000e+00
     29.480    15.7672   4.011781    31.8212        650     2.7042     2.3910  0.000e+00
     29.426    15.7683   4.011659    31.8193        651     2.7083     2.3909  0.000e+00
     29.377    15.7687   4.011623    31.8187        652     2.7125     2.3913  0.000e+00
     29.332    15.7687   4.011659    31.8190        653     2.7167     2.3911  0.000e+00
     29.285    15.7688   4.011635    31.8187        654     2.7208     2.3931  0.000e+00
     29.241    15.7687   4.011635    31.8188        655     2.7250     2.3933  0.000e+00
     29.193    15.7687   4.011659    31.8191        656     2.7292     2.3934  0.000e+00
     29.147    15.7687   4.011647    31.8189        657     2.7333     2.3929  0.000e+00
     29.109    15.7688   4.011683    31.8192        658     2.7375     2.3923  0.000e+00
     29.071    15.7689   4.011635    31.8187        659     2.7417     2.3932  0.000e+00
     29.028    15.7690   4.011659    31.8189        660     2.7458     2.3939  0.000e+00
     28.990    15.7687   4.011659    31.8191        661     2.7500     2.3941  0.000e+00
     28.943    15.7689   4.011659    31.8190        662     2.7542     2.3957  0.000e+00
     28.907    15.7689   4.011671    31.8191        663     2.7583     2.3949  0.000e+00
     28.858    15.7688   4.011683    31.8193        664     2.7625     2.3942  0.000e+00
     28.818    15.7691   4.011708    31.8193        665     2.7667     2.3942  0.000e+00
     28.766    15.7691   4.011659    31.8189        666     2.7708     2.3940  0.000e+00
     28.726    15.7691   4.011635    31.8187        667     2.7750     2.3949  0.000e+00
     28.683    15.7691   4.011647    31.8188        668     2.7792     2.3953  0.000e+00
     28.641    15.7689   4.011635    31.8189        669     2.7833     2.3974  0.000e+00
     28.614    15.7689   4.011683    31.8193        670     2.7875     2.3966  0.000e+00
     28.578    15.7690   4.011683    31.8193        671     2.7917     2.3977  0.000e+00
     28.545    15.7691   4.011659    31.8190        672     2.7958     2.3972  0.000e+00
     28.518    15.7691   4.011610    31.8185        673     2.8000     2.3971  0.000e+00
     28.484    15.7690   4.011622    31.8188        674     2.8042     2.3968  0.000e+00
     28.451    15.7687   4.011610    31.8189        675     2.8083     2.3962  0.000e+00
     28.423    15.7687   4.011732    31.8199        676     2.8125     2.3956  0.000e+00
     28.379    15.7691   4.011780    31.8201        677     2.8167     2.3974  0.000e+00
     28.327    15.7696   4.011659    31.8186        678     2.8208     2.3961  0.000e+00
     28.263    15.7697   4.011598    31.8181        679     2.8250     2.3975  0.000e+00
     28.193    15.7695   4.011683    31.8190        680     2.8292     2.3975  0.000e+00
     28.110    15.7695   4.011562    31.8179        681     2.8333     2.3958  0.000e+00
     28.026    15.7694   4.011561    31.8181        682     2.8375     2.3958  0.000e+00
     27.947    15.7692   4.011561    31.8182        683     2.8417     2.3952  0.000e+00
     27.867    15.7689   4.011646    31.8193        684     2.8458     2.3959  0.000e+00
     27.784    15.7691   4.011586    31.8186        685     2.8500     2.3978  0.000e+00
     27.706    15.7691   4.011659    31.8193        686     2.8542     2.3968  0.000e+00
     27.639    15.7691   4.011659    31.8193        687     2.8583     2.3969  0.000e+00
     27.583    15.7691   4.011634    31.8191        688     2.8625     2.3988  0.000e+00
     27.537    15.7693   4.011658    31.8192        689     2.8667     2.3970  0.000e+00
     27.497    15.7695   4.011622    31.8187        690     2.8708     2.3969  0.000e+00
     27.479    15.7693   4.011658    31.8192        691     2.8750     2.3977  0.000e+00
     27.466    15.7694   4.011634    31.8189        692     2.8792     2.3952  0.000e+00
     27.468    15.7694   4.011610    31.8187        693     2.8833     2.3951  0.000e+00
     27.475    15.7693   4.011610    31.8188        694     2.8875     2.3942  0.000e+00
     27.504    15.7691   4.011598    31.8188        695     2.8917     2.3947  0.000e+00
     27.526    15.7691   4.011610    31.8189        696     2.8958     2.3933  0.000e+00
     27.555    15.7691   4.011561    31.8184        697     2.9000     2.3939  0.000e+00
     27.567    15.7691   4.011586    31.8187        698     2.9042     2.3947  0.000e+00
     27.558    15.7690   4.011610    31.8190        699     2.9083     2.3947  0.000e+00
     27.524    15.7691   4.011634    31.8192        700     2.9125     2.3942  0.000e+00
     27.468    15.7691   4.011646    31.8192        701     2.9167     2.3949  0.000e+00
     27.401    15.7691   4.011634    31.8191        702     2.9208     2.3946  0.000e+00
     27.307    15.7694   4.011658    31.8192        703     2.9250     2.3946  0.000e+00
     27.200    15.7692   4.011585    31.8187        704     2.9292     2.3949  0.000e+00
     27.094    15.7694   4.011561    31.8184        705     2.9333     2.3949  0.000e+00
     26.982    15.7693   4.011506    31.8180        706     2.9375     2.3945  0.000e+00
     26.875    15.7692   4.011585    31.8188        707     2.9417     2.3933  0.000e+00
     26.788    15.7692   4.011537    31.8184        708     2.9458     2.3934  0.000e+00
     26.712    15.7690   4.011494    31.8183        709     2.9500     2.3939  0.000e+00
     26.663    15.7686   4.011610    31.8196        710     2.9542     2.3938  0.000e+00
     26.627    15.7688   4.011731    31.8205        711     2.9583     2.3944  0.000e+00
     26.607    15.7695   4.011695    31.8197        712     2.9625     2.3941  0.000e+00
     26.600    15.7698   4.011610    31.8187        713     2.9667     2.3944  0.000e+00
     26.596    15.7699   4.011780    31.8201        714     2.9708     2.3945  0.000e+00
     26.605    15.7702   4.011822    31.8203        715     2.9750     2.3944  0.000e+00
     26.624    15.7706   4.011707    31.8189        716     2.9792     2.3944  0.000e+00
     26.629    15.7710   4.011597    31.8176        717     2.9833     2.3958  0.000e+00
     26.627    15.7706   4.011512    31.8171        718     2.9875     2.3955  0.000e+00
     26.609    15.7701   4.011512    31.8176        719     2.9917     2.3969  0.000e+00
     26.591    15.7695   4.011494    31.8179        720     2.9958     2.3967  0.000e+00
     26.553    15.7690   4.011561    31.8189        721     3.0000     2.3967  0.000e+00
     26.524    15.7690   4.011446    31.8179        722     3.0042     2.3970  0.000e+00
     26.483    15.7686   4.011324    31.8172        723     3.0083     2.3974  0.000e+00
     26.443    15.7679   4.011275    31.8173        724     3.0125     2.3971  0.000e+00
     26.387    15.7672   4.011275    31.8179        725     3.0167     2.3975  0.000e+00
     26.340    15.7666   4.011348    31.8190        726     3.0208     2.3958  0.000e+00
     26.289    15.7667   4.011324    31.8188        727     3.0250     2.3972  0.000e+00
     26.233    15.7665   4.011348    31.8192        728     3.0292     2.3974  0.000e+00
     26.177    15.7668   4.011300    31.8186        729     3.0333     2.3989  0.000e+00
