HB2407/sbe084.cnv
* Sea-Bird SBE 19plus V2 Data File:
* FileName = C:\cruise\data\sbe084.hex
* Software Version Seasave V 7.26.7.121
* Temperature SN = 7037
* Conductivity SN = 7037
* System UpLoad Time = Oct 13 2024 02:16:07
* NMEA Latitude = 41 01.65 N
* NMEA Longitude = 068 30.11 W
* NMEA UTC (Time) = Oct 13 2024  02:15:55
** Ship: Bigelow
** Cruise:  HB2407
** Program:  Spring Bottom Trawl
# nquan = 8
# nvalues = 1411                                  
# units = specified
# name 0 = depSM: Depth [salt water, m]
# name 1 = tv290C: Temperature [ITS-90, deg C]
# name 2 = c0S/m: Conductivity [S/m]
# name 3 = sal00: Salinity, Practical [PSU]
# name 4 = scan: Scan Count
# name 5 = timeM: Time, Elapsed [minutes]
# name 6 = sbeox0V: Oxygen raw, SBE 43 [V]
# name 7 = flag:  0.000e+00
# span 0 =     -0.017,     54.477                 
# span 1 =    15.9842,    16.4194                 
# span 2 =  -0.000073,   4.091389                 
# span 3 =     0.0000,    32.2884                 
# span 4 =         11,       1421                 
# span 5 =     0.0417,     5.9167                 
# span 6 =     2.2354,     2.5091                 
# span 7 = 0.0000e+00, 0.0000e+00                 
# interval = seconds: 0.25
# start_time = Oct 13 2024 02:15:55 [NMEA time, header]
# bad_flag = -9.990e-29
*END*
[from data line 1259]
      2.349    16.4091   4.064936    31.7841       1270     5.2875     2.5060  0.000e+00
      2.286    16.4084   4.065278    31.7877       1271     5.2917     2.5066  0.000e+00
      2.212    16.4085   4.064820    31.7836       1272     5.2958     2.5062  0.000e+00
      2.125    16.4078   4.065009    31.7858       1273     5.3000     2.5030  0.000e+00
      2.031    16.4070   4.064191    31.7794       1274     5.3042     2.5030  0.000e+00
      1.928    16.4044   4.064337    31.7827       1275     5.3083     2.5014  0.000e+00
      1.820    16.4024   4.064093    31.7823       1276     5.3125     2.5019  0.000e+00
      1.713    16.4005   4.064215    31.7849       1277     5.3167     2.5027  0.000e+00
      1.617    16.3995   4.064020    31.7840       1278     5.3208     2.5050  0.000e+00
      1.516    16.3982   4.064123    31.7860       1279     5.3250     2.5053  0.000e+00
      1.422    16.3980   4.064575    31.7901       1280     5.3292     2.5062  0.000e+00
      1.337    16.3995   4.064868    31.7915       1281     5.3333     2.5068  0.000e+00
      1.284    16.4015   4.064893    31.7902       1282     5.3375     2.5059  0.000e+00
      1.248    16.4035   4.064844    31.7882       1283     5.3417     2.5055  0.000e+00
      1.228    16.4047   4.064960    31.7882       1284     5.3458     2.5062  0.000e+00
      1.205    16.4056   4.065076    31.7885       1285     5.3500     2.5062  0.000e+00
      1.187    16.4069   4.065204    31.7886       1286     5.3542     2.5063  0.000e+00
      1.179    16.4079   4.065106    31.7870       1287     5.3583     2.5065  0.000e+00
      1.192    16.4084   4.065241    31.7877       1288     5.3625     2.5062  0.000e+00
      1.203    16.4095   4.065399    31.7882       1289     5.3667     2.5070  0.000e+00
      1.223    16.4104   4.065375    31.7873       1290     5.3708     2.5070  0.000e+00
      1.230    16.4108   4.065308    31.7864       1291     5.3750     2.5078  0.000e+00
      1.210    16.4111   4.065375    31.7868       1292     5.3792     2.5084  0.000e+00
      1.158    16.4115   4.065521    31.7877       1293     5.3833     2.5081  0.000e+00
      1.060    16.4123   4.065607    31.7879       1294     5.3875     2.5081  0.000e+00
      0.966    16.4131   4.065686    31.7880       1295     5.3917     2.5080  0.000e+00
      0.863    16.4142   4.065662    31.7869       1296     5.3958     2.5074  0.000e+00
      0.783    16.4146   4.065631    31.7864       1297     5.4000     2.5077  0.000e+00
      0.713    16.4148   4.065784    31.7875       1298     5.4042     2.5072  0.000e+00
      0.635    16.4154   4.065784    31.7871       1299     5.4083     2.5072  0.000e+00
      0.532    16.4159   4.065686    31.7858       1300     5.4125     2.5080  0.000e+00
      0.418    16.4160   4.065723    31.7861       1301     5.4167     2.5069  0.000e+00
      0.283    16.4159   4.065661    31.7857       1302     5.4208     2.5076  0.000e+00
      0.156    16.4157   4.065423    31.7839       1303     5.4250     2.5067  0.000e+00
      0.082    16.4144   4.064239    31.7746       1304     5.4292     2.5072  0.000e+00
      0.033    16.4092   4.062975    31.7678       1305     5.4333     2.5081  0.000e+00
      0.006    16.3996   3.331637    25.4918       1306     5.4375     2.5072  0.000e+00
     -0.007    16.3819   0.754375     5.0768       1307     5.4417     2.5072  0.000e+00
     -0.008    16.3540   0.429008     2.7801       1308     5.4458     2.5060  0.000e+00
     -0.006    16.3262   0.361312     2.3180       1309     5.4500     2.5038  0.000e+00
     -0.003    16.3128   0.307046     1.9514       1310     5.4542     2.4969  0.000e+00
     -0.005    16.3072   0.264244     1.6651       1311     5.4583     2.4859  0.000e+00
     -0.006    16.3053   0.231755     1.4498       1312     5.4625     2.4644  0.000e+00
     -0.010    16.3054   0.209712     1.3049       1313     5.4667     2.4379  0.000e+00
     -0.017    16.3060   0.191345     1.1848       1314     5.4708     2.4094  0.000e+00
     -0.012    16.3071   0.175797     1.0838       1315     5.4750     2.3794  0.000e+00
     -0.012    16.3086   0.165566     1.0176       1316     5.4792     2.3501  0.000e+00
     -0.008    16.3100   0.160682     0.9861       1317     5.4833     2.3219  0.000e+00
     -0.010    16.3116   0.152588     0.9340       1318     5.4875     2.2949  0.000e+00
     -0.006    16.3138   0.143158     0.8736       1319     5.4917     2.2703  0.000e+00
     -0.010    16.3158   0.133808     0.8139       1320     5.4958     2.2552  0.000e+00
     -0.008    16.3165   0.128879     0.7825       1321     5.5000     2.2585  0.000e+00
     -0.005    16.3114   0.123681     0.7496       1322     5.5042     2.2737  0.000e+00
     -0.012    16.3061   0.119207     0.7214       1323     5.5083     2.2916  0.000e+00
     -0.012    16.3046   0.113645     0.6863       1324     5.5125     2.3103  0.000e+00
     -0.014    16.3048   0.107354     0.6467       1325     5.5167     2.3246  0.000e+00
     -0.014    16.3049   0.104338     0.6278       1326     5.5208     2.3332  0.000e+00
     -0.010    16.3054   0.100411     0.6032       1327     5.5250     2.3379  0.000e+00
     -0.008    16.3065   0.098318     0.5901       1328     5.5292     2.3409  0.000e+00
     -0.012    16.3061   0.096022     0.5757       1329     5.5333     2.3395  0.000e+00
     -0.012    16.2988   0.091156     0.5455       1330     5.5375     2.3381  0.000e+00
     -0.005    16.2898   0.089914     0.5379       1331     5.5417     2.3356  0.000e+00
     -0.008    16.2854   0.087354     0.5220       1332     5.5458     2.3329  0.000e+00
     -0.005    16.2841   0.083770     0.4998       1333     5.5500     2.3312  0.000e+00
     -0.003    16.2838   0.081862     0.4880       1334     5.5542     2.3288  0.000e+00
     -0.005    16.2825   0.078096     0.4647       1335     5.5583     2.3262  0.000e+00
     -0.003    16.2797   0.076687     0.4560       1336     5.5625     2.3248  0.000e+00
     -0.001    16.2764   0.073121     0.4341       1337     5.5667     2.3231  0.000e+00
      0.003    16.2727   0.069802     0.4137       1338     5.5708     2.3215  0.000e+00
     -0.003    16.2665   0.064728     0.3827       1339     5.5750     2.3207  0.000e+00
     -0.001    16.2589   0.058564     0.3452       1340     5.5792     2.3198  0.000e+00
      0.003    16.2541   0.048793     0.2860       1341     5.5833     2.3183  0.000e+00
      0.003    16.2526   0.033719     0.1960       1342     5.5875     2.3179  0.000e+00
      0.003    16.2532   0.030471     0.1768       1343     5.5917     2.3186  0.000e+00
      0.001    16.2549   0.030264     0.1756       1344     5.5958     2.3179  0.000e+00
     -0.005    16.2576   0.030159     0.1750       1345     5.6000     2.3165  0.000e+00
      0.001    16.2605   0.028763     0.1668       1346     5.6042     2.3167  0.000e+00
     -0.001    16.2632   0.025999     0.1506       1347     5.6083     2.3173  0.000e+00
     -0.003    16.2660   0.024625     0.1426       1348     5.6125     2.3160  0.000e+00
     -0.006    16.2689   0.023709     0.1373       1349     5.6167     2.3167  0.000e+00
     -0.005    16.2721   0.023655     0.1369       1350     5.6208     2.3155  0.000e+00
      0.001    16.2701   0.019209     0.1113       1351     5.6250     2.3157  0.000e+00
      0.003    16.2545   0.021694     0.1256       1352     5.6292     2.3177  0.000e+00
     -0.003    16.2399   0.020005     0.1159       1353     5.6333     2.3276  0.000e+00
     -0.003    16.2318   0.019929     0.1155       1354     5.6375     2.3398  0.000e+00
     -0.001    16.2268   0.018358     0.1065       1355     5.6417     2.3503  0.000e+00
      0.003    16.2196   0.017393     0.1010       1356     5.6458     2.3568  0.000e+00
      0.005    16.2103   0.016171     0.0940       1357     5.6500     2.3581  0.000e+00
      0.001    16.1980   0.015810     0.0920       1358     5.6542     2.3566  0.000e+00
      0.003    16.1912   0.014586     0.0850       1359     5.6583     2.3542  0.000e+00
      0.006    16.1904   0.014209     0.0829       1360     5.6625     2.3539  0.000e+00
      0.006    16.1924   0.012843     0.0752       1361     5.6667     2.3542  0.000e+00
      0.004    16.1952   0.012137     0.0712       1362     5.6708     2.3578  0.000e+00
      0.001    16.1990   0.011667     0.0685       1363     5.6750     2.3622  0.000e+00
      0.001    16.2033   0.011358     0.0668       1364     5.6792     2.3678  0.000e+00
      0.005    16.2070   0.011164     0.0657       1365     5.6833     2.3739  0.000e+00
      0.003    16.2108   0.010453     0.0617       1366     5.6875     2.3797  0.000e+00
      0.003    16.2139   0.009599     0.0570       1367     5.6917     2.3842  0.000e+00
      0.001    16.2171   0.009141     0.0545       1368     5.6958     2.3895  0.000e+00
      0.005    16.2203   0.008886     0.0531       1369     5.7000     2.3936  0.000e+00
      0.003    16.2231   0.008647     0.0517       1370     5.7042     2.3992  0.000e+00
      0.006    16.2261   0.008108     0.0488       1371     5.7083     2.4026  0.000e+00
      0.005    16.2286   0.007462     0.0452       1372     5.7125     2.4070  0.000e+00
      0.003    16.2313   0.007004     0.0427       1373     5.7167     2.4100  0.000e+00
      0.005    16.2330   0.006607     0.0406       1374     5.7208     2.4136  0.000e+00
      0.005    16.2280   0.006157     0.0382       1375     5.7250     2.4158  0.000e+00
      0.005    16.2250   0.005654     0.0355       1376     5.7292     2.4182  0.000e+00
      0.001    16.2263   0.004939     0.0316       1377     5.7333     2.4215  0.000e+00
      0.003    16.2286   0.003002     0.0215       1378     5.7375     2.4238  0.000e+00
      0.001    16.2312  -0.000044     0.0000       1379     5.7417     2.4262  0.000e+00
      0.003    16.2341  -0.000071     0.0000       1380     5.7458     2.4279  0.000e+00
      0.001    16.2369  -0.000073     0.0000       1381     5.7500     2.4295  0.000e+00
     -0.004    16.2388  -0.000068     0.0000       1382     5.7542     2.4320  0.000e+00
      0.001    16.2416  -0.000049     0.0000       1383     5.7583     2.4328  0.000e+00
      0.001    16.2440  -0.000049     0.0000       1384     5.7625     2.4343  0.000e+00
      0.008    16.2456  -0.000049     0.0000       1385     5.7667     2.4357  0.000e+00
      0.006    16.2463  -0.000049     0.0000       1386     5.7708     2.4357  0.000e+00
      0.008    16.2462  -0.000049     0.0000       1387     5.7750     2.4373  0.000e+00
      0.008    16.2462  -0.000044     0.0000       1388     5.7792     2.4389  0.000e+00
      0.006    16.2463  -0.000049     0.0000       1389     5.7833     2.4400  0.000e+00
      0.006    16.2443  -0.000055     0.0000       1390     5.7875     2.4406  0.000e+00
      0.010    16.2401  -0.000049     0.0000       1391     5.7917     2.4410  0.000e+00
      0.010    16.2376  -0.000055     0.0000       1392     5.7958     2.4410  0.000e+00
      0.005    16.2379  -0.000055     0.0000       1393     5.8000     2.4422  0.000e+00
      0.006    16.2389  -0.000055     0.0000       1394     5.8042     2.4434  0.000e+00
      0.005    16.2410  -0.000052     0.0000       1395     5.8083     2.4446  0.000e+00
      0.001    16.2428  -0.000055     0.0000       1396     5.8125     2.4446  0.000e+00
      0.003    16.2447  -0.000049     0.0000       1397     5.8167     2.4478  0.000e+00
      0.005    16.2467  -0.000055     0.0000       1398     5.8208     2.4470  0.000e+00
      0.001    16.2486  -0.000055     0.0000       1399     5.8250     2.4470  0.000e+00
     -0.001    16.2505  -0.000060     0.0000       1400     5.8292     2.4485  0.000e+00
      0.003    16.2522  -0.000060     0.0000       1401     5.8333     2.4493  0.000e+00
      0.003    16.2538  -0.000057     0.0000       1402     5.8375     2.4504  0.000e+00
      0.005    16.2555  -0.000060     0.0000       1403     5.8417     2.4523  0.000e+00
      0.006    16.2570  -0.000055     0.0000       1404     5.8458     2.4534  0.000e+00
      0.006    16.2586  -0.000055     0.0000       1405     5.8500     2.4560  0.000e+00
      0.008    16.2600  -0.000060     0.0000       1406     5.8542     2.4586  0.000e+00
      0.005    16.2612  -0.000060     0.0000       1407     5.8583     2.4600  0.000e+00
      0.008    16.2625  -0.000057     0.0000       1408     5.8625     2.4621  0.000e+00
      0.008    16.2639  -0.000055     0.0000       1409     5.8667     2.4644  0.000e+00
      0.006    16.2648  -0.000060     0.0000       1410     5.8708     2.4675  0.000e+00
      0.005    16.2659  -0.000060     0.0000       1411     5.8750     2.4689  0.000e+00
      0.008    16.2666  -0.000055     0.0000       1412     5.8792     2.4701  0.000e+00
      0.008    16.2671  -0.000060     0.0000       1413     5.8833     2.4714  0.000e+00
      0.006    16.2675  -0.000065     0.0000       1414     5.8875     2.4738  0.000e+00
      0.003    16.2683  -0.000063     0.0000       1415     5.8917     2.4750  0.000e+00
      0.005    16.2690  -0.000060     0.0000       1416     5.8958     2.4759  0.000e+00
      0.005    16.2699  -0.000060     0.0000       1417     5.9000     2.4770  0.000e+00
      0.001    16.2707  -0.000055     0.0000       1418     5.9042     2.4795  0.000e+00
      0.003    16.2716  -0.000060     0.0000       1419     5.9083     2.4791  0.000e+00
      0.003    16.2723  -0.000060     0.0000       1420     5.9125     2.4807  0.000e+00
      0.001    16.2731  -0.000052     0.0000       1421     5.9167     2.4808  0.000e+00
