HB2407/sbe094.cnv
* Sea-Bird SBE 19plus V2 Data File:
* FileName = C:\cruise\data\sbe094.hex
* Software Version Seasave V 7.26.7.121
* Temperature SN = 7037
* Conductivity SN = 7037
* System UpLoad Time = Oct 17 2024 05:31:11
* NMEA Latitude = 41 23.07 N
* NMEA Longitude = 067 25.85 W
* NMEA UTC (Time) = Oct 17 2024  05:30:03
** Ship: Bigelow
** Cruise:  HB2407
** Program:  Spring Bottom Trawl
# nquan = 8
# nvalues = 1703                                  
# units = specified
# name 0 = depSM: Depth [salt water, m]
# name 1 = tv290C: Temperature [ITS-90, deg C]
# name 2 = c0S/m: Conductivity [S/m]
# name 3 = sal00: Salinity, Practical [PSU]
# name 4 = scan: Scan Count
# name 5 = timeM: Time, Elapsed [minutes]
# name 6 = sbeox0V: Oxygen raw, SBE 43 [V]
# name 7 = flag:  0.000e+00
# span 0 =      0.041,     34.350                 
# span 1 =    11.8717,    16.0511                 
# span 2 =   0.000015,   4.043294                 
# span 3 =     0.0061,    34.0351                 
# span 4 =         11,       1713                 
# span 5 =     0.0417,     7.1333                 
# span 6 =     1.9129,     2.5418                 
# span 7 = 0.0000e+00, 0.0000e+00                 
# interval = seconds: 0.25
# start_time = Oct 17 2024 05:30:03 [NMEA time, header]
# bad_flag = -9.990e-29
*END*
[from data line 720]
     25.761    16.0385   4.041774    31.8690        731     3.0417     2.4451  0.000e+00
     25.773    16.0382   4.041823    31.8697        732     3.0458     2.4445  0.000e+00
     25.790    16.0382   4.041975    31.8710        733     3.0500     2.4434  0.000e+00
     25.802    16.0385   4.042042    31.8713        734     3.0542     2.4434  0.000e+00
     25.813    16.0391   4.042115    31.8715        735     3.0583     2.4431  0.000e+00
     25.826    16.0399   4.041945    31.8694        736     3.0625     2.4427  0.000e+00
     25.828    16.0401   4.041957    31.8693        737     3.0667     2.4421  0.000e+00
     25.829    16.0402   4.041993    31.8695        738     3.0708     2.4433  0.000e+00
     25.810    16.0400   4.041872    31.8686        739     3.0750     2.4434  0.000e+00
     25.782    16.0396   4.041896    31.8692        740     3.0792     2.4446  0.000e+00
     25.739    16.0394   4.041884    31.8693        741     3.0833     2.4444  0.000e+00
     25.674    16.0393   4.041871    31.8692        742     3.0875     2.4450  0.000e+00
     25.607    16.0390   4.041920    31.8699        743     3.0917     2.4449  0.000e+00
     25.522    16.0391   4.041945    31.8701        744     3.0958     2.4471  0.000e+00
     25.433    16.0392   4.041908    31.8697        745     3.1000     2.4481  0.000e+00
     25.347    16.0391   4.041944    31.8702        746     3.1042     2.4473  0.000e+00
     25.247    16.0393   4.041871    31.8694        747     3.1083     2.4483  0.000e+00
     25.158    16.0392   4.041847    31.8693        748     3.1125     2.4455  0.000e+00
     25.084    16.0389   4.041859    31.8697        749     3.1167     2.4467  0.000e+00
     25.014    16.0389   4.041944    31.8704        750     3.1208     2.4459  0.000e+00
     24.956    16.0392   4.041944    31.8702        751     3.1250     2.4455  0.000e+00
     24.916    16.0394   4.041969    31.8703        752     3.1292     2.4457  0.000e+00
     24.878    16.0395   4.041956    31.8701        753     3.1333     2.4450  0.000e+00
     24.855    16.0398   4.041944    31.8698        754     3.1375     2.4454  0.000e+00
     24.840    16.0400   4.042017    31.8703        755     3.1417     2.4450  0.000e+00
     24.839    16.0400   4.041999    31.8701        756     3.1458     2.4442  0.000e+00
     24.831    16.0403   4.042042    31.8703        757     3.1500     2.4443  0.000e+00
     24.833    16.0404   4.042066    31.8704        758     3.1542     2.4433  0.000e+00
     24.833    16.0406   4.041993    31.8696        759     3.1583     2.4441  0.000e+00
     24.828    16.0405   4.042023    31.8699        760     3.1625     2.4442  0.000e+00
     24.817    16.0406   4.042042    31.8700        761     3.1667     2.4434  0.000e+00
     24.803    16.0407   4.042066    31.8702        762     3.1708     2.4445  0.000e+00
     24.774    16.0408   4.041920    31.8688        763     3.1750     2.4449  0.000e+00
     24.720    16.0410   4.041956    31.8690        764     3.1792     2.4458  0.000e+00
     24.664    16.0405   4.041920    31.8691        765     3.1833     2.4449  0.000e+00
     24.579    16.0403   4.041920    31.8693        766     3.1875     2.4454  0.000e+00
     24.497    16.0400   4.041847    31.8689        767     3.1917     2.4468  0.000e+00
     24.414    16.0397   4.041792    31.8687        768     3.1958     2.4460  0.000e+00
     24.338    16.0394   4.041774    31.8688        769     3.2000     2.4455  0.000e+00
     24.268    16.0390   4.041700    31.8685        770     3.2042     2.4467  0.000e+00
     24.212    16.0388   4.041700    31.8687        771     3.2083     2.4447  0.000e+00
     24.174    16.0384   4.041700    31.8690        772     3.2125     2.4470  0.000e+00
     24.154    16.0383   4.041725    31.8693        773     3.2167     2.4449  0.000e+00
     24.139    16.0379   4.041682    31.8693        774     3.2208     2.4465  0.000e+00
     24.139    16.0377   4.041682    31.8694        775     3.2250     2.4468  0.000e+00
     24.145    16.0376   4.041676    31.8695        776     3.2292     2.4455  0.000e+00
     24.163    16.0377   4.041682    31.8694        777     3.2333     2.4449  0.000e+00
     24.181    16.0375   4.041609    31.8690        778     3.2375     2.4462  0.000e+00
     24.197    16.0373   4.041682    31.8697        779     3.2417     2.4474  0.000e+00
     24.212    16.0371   4.041652    31.8696        780     3.2458     2.4490  0.000e+00
     24.212    16.0372   4.041585    31.8690        781     3.2500     2.4475  0.000e+00
     24.201    16.0368   4.041633    31.8697        782     3.2542     2.4479  0.000e+00
     24.176    16.0370   4.041767    31.8707        783     3.2583     2.4488  0.000e+00
     24.138    16.0373   4.041798    31.8708        784     3.2625     2.4475  0.000e+00
     24.087    16.0376   4.041749    31.8702        785     3.2667     2.4453  0.000e+00
     24.015    16.0379   4.041749    31.8699        786     3.2708     2.4442  0.000e+00
     23.926    16.0379   4.041676    31.8693        787     3.2750     2.4441  0.000e+00
     23.836    16.0378   4.041633    31.8690        788     3.2792     2.4471  0.000e+00
     23.744    16.0377   4.041609    31.8689        789     3.2833     2.4484  0.000e+00
     23.673    16.0374   4.041584    31.8690        790     3.2875     2.4491  0.000e+00
     23.612    16.0369   4.041536    31.8690        791     3.2917     2.4484  0.000e+00
     23.572    16.0368   4.041560    31.8693        792     3.2958     2.4484  0.000e+00
     23.545    16.0365   4.041487    31.8689        793     3.3000     2.4481  0.000e+00
     23.545    16.0363   4.041633    31.8704        794     3.3042     2.4475  0.000e+00
     23.563    16.0365   4.041749    31.8712        795     3.3083     2.4483  0.000e+00
     23.597    16.0369   4.041682    31.8703        796     3.3125     2.4473  0.000e+00
     23.646    16.0376   4.041773    31.8705        797     3.3167     2.4480  0.000e+00
     23.704    16.0379   4.041773    31.8703        798     3.3208     2.4446  0.000e+00
     23.757    16.0381   4.041517    31.8678        799     3.3250     2.4440  0.000e+00
     23.807    16.0376   4.041225    31.8656        800     3.3292     2.4430  0.000e+00
     23.849    16.0362   4.040933    31.8642        801     3.3333     2.4426  0.000e+00
     23.876    16.0340   4.040720    31.8641        802     3.3375     2.4423  0.000e+00
     23.878    16.0315   4.040458    31.8638        803     3.3417     2.4422  0.000e+00
     23.863    16.0289   4.040336    31.8648        804     3.3458     2.4417  0.000e+00
     23.834    16.0265   4.040671    31.8696        805     3.3500     2.4430  0.000e+00
     23.802    16.0259   4.040908    31.8723        806     3.3542     2.4433  0.000e+00
     23.744    16.0268   4.040872    31.8712        807     3.3583     2.4444  0.000e+00
     23.688    16.0274   4.040933    31.8713        808     3.3625     2.4449  0.000e+00
     23.610    16.0280   4.041006    31.8715        809     3.3667     2.4459  0.000e+00
     23.543    16.0286   4.041030    31.8712        810     3.3708     2.4475  0.000e+00
     23.471    16.0292   4.041055    31.8710        811     3.3750     2.4483  0.000e+00
     23.398    16.0296   4.040884    31.8692        812     3.3792     2.4486  0.000e+00
     23.348    16.0294   4.039946    31.8611        813     3.3833     2.4472  0.000e+00
     23.310    16.0266   4.039836    31.8624        814     3.3875     2.4478  0.000e+00
     23.274    16.0234   4.040311    31.8692        815     3.3917     2.4481  0.000e+00
     23.259    16.0222   4.040933    31.8756        816     3.3958     2.4477  0.000e+00
     23.252    16.0237   4.040695    31.8723        817     3.4000     2.4471  0.000e+00
     23.257    16.0250   4.040823    31.8724        818     3.4042     2.4483  0.000e+00
     23.274    16.0260   4.040744    31.8709        819     3.4083     2.4478  0.000e+00
     23.292    16.0266   4.040263    31.8662        820     3.4125     2.4481  0.000e+00
     23.324    16.0256   4.039970    31.8644        821     3.4167     2.4473  0.000e+00
     23.353    16.0234   4.040482    31.8707        822     3.4208     2.4462  0.000e+00
     23.379    16.0228   4.040744    31.8734        823     3.4250     2.4456  0.000e+00
     23.406    16.0240   4.040811    31.8730        824     3.4292     2.4468  0.000e+00
     23.435    16.0250   4.040500    31.8695        825     3.4333     2.4459  0.000e+00
     23.456    16.0252   4.040409    31.8685        826     3.4375     2.4455  0.000e+00
     23.476    16.0248   4.040452    31.8693        827     3.4417     2.4464  0.000e+00
     23.502    16.0242   4.040476    31.8699        828     3.4458     2.4443  0.000e+00
     23.514    16.0240   4.040238    31.8679        829     3.4500     2.4432  0.000e+00
     23.522    16.0234   4.040159    31.8678        830     3.4542     2.4430  0.000e+00
     23.526    16.0224   4.040117    31.8682        831     3.4583     2.4420  0.000e+00
     23.515    16.0216   4.040141    31.8690        832     3.4625     2.4417  0.000e+00
     23.482    16.0211   4.040671    31.8741        833     3.4667     2.4428  0.000e+00
     23.451    16.0224   4.040689    31.8733        834     3.4708     2.4433  0.000e+00
     23.404    16.0236   4.040190    31.8679        835     3.4750     2.4425  0.000e+00
     23.354    16.0232   4.040141    31.8678        836     3.4792     2.4417  0.000e+00
     23.296    16.0220   4.039946    31.8671        837     3.4833     2.4417  0.000e+00
     23.242    16.0210   4.040342    31.8714        838     3.4875     2.4407  0.000e+00
     23.202    16.0207   4.040549    31.8734        839     3.4917     2.4396  0.000e+00
     23.164    16.0221   4.040646    31.8732        840     3.4958     2.4404  0.000e+00
     23.148    16.0232   4.040884    31.8744        841     3.5000     2.4425  0.000e+00
     23.144    16.0251   4.041219    31.8759        842     3.5042     2.4422  0.000e+00
     23.152    16.0273   4.041365    31.8754        843     3.5083     2.4426  0.000e+00
     23.168    16.0296   4.041268    31.8727        844     3.5125     2.4426  0.000e+00
     23.190    16.0311   4.041152    31.8704        845     3.5167     2.4426  0.000e+00
     23.211    16.0317   4.041146    31.8699        846     3.5208     2.4434  0.000e+00
     23.248    16.0316   4.041030    31.8690        847     3.5250     2.4441  0.000e+00
     23.284    16.0312   4.041054    31.8694        848     3.5292     2.4457  0.000e+00
     23.316    16.0309   4.041030    31.8695        849     3.5333     2.4450  0.000e+00
     23.338    16.0308   4.041121    31.8703        850     3.5375     2.4437  0.000e+00
     23.349    16.0308   4.041389    31.8727        851     3.5417     2.4446  0.000e+00
     23.342    16.0320   4.041700    31.8744        852     3.5458     2.4446  0.000e+00
     23.322    16.0337   4.041767    31.8737        853     3.5500     2.4464  0.000e+00
     23.278    16.0353   4.041749    31.8723        854     3.5542     2.4453  0.000e+00
     23.226    16.0368   4.041749    31.8711        855     3.5583     2.4446  0.000e+00
     23.166    16.0375   4.041797    31.8710        856     3.5625     2.4452  0.000e+00
     23.105    16.0380   4.041816    31.8707        857     3.5667     2.4443  0.000e+00
     23.038    16.0386   4.041797    31.8701        858     3.5708     2.4445  0.000e+00
     22.967    16.0388   4.041773    31.8698        859     3.5750     2.4451  0.000e+00
     22.906    16.0390   4.041749    31.8694        860     3.5792     2.4454  0.000e+00
     22.871    16.0388   4.041749    31.8696        861     3.5833     2.4457  0.000e+00
     22.846    16.0387   4.041749    31.8697        862     3.5875     2.4462  0.000e+00
     22.839    16.0387   4.041749    31.8697        863     3.5917     2.4478  0.000e+00
     22.851    16.0388   4.041749    31.8696        864     3.5958     2.4475  0.000e+00
     22.873    16.0388   4.041767    31.8698        865     3.6000     2.4468  0.000e+00
     22.908    16.0388   4.041749    31.8696        866     3.6042     2.4459  0.000e+00
     22.953    16.0388   4.041749    31.8696        867     3.6083     2.4475  0.000e+00
     23.003    16.0389   4.041797    31.8699        868     3.6125     2.4478  0.000e+00
     23.057    16.0388   4.041767    31.8697        869     3.6167     2.4478  0.000e+00
     23.113    16.0390   4.041797    31.8698        870     3.6208     2.4465  0.000e+00
     23.155    16.0392   4.041773    31.8694        871     3.6250     2.4452  0.000e+00
     23.204    16.0391   4.041724    31.8690        872     3.6292     2.4450  0.000e+00
     23.238    16.0389   4.041791    31.8697        873     3.6333     2.4443  0.000e+00
     23.265    16.0387   4.041773    31.8698        874     3.6375     2.4447  0.000e+00
     23.275    16.0387   4.041724    31.8693        875     3.6417     2.4436  0.000e+00
     23.271    16.0386   4.041560    31.8680        876     3.6458     2.4439  0.000e+00
     23.256    16.0380   4.041517    31.8681        877     3.6500     2.4433  0.000e+00
     23.217    16.0373   4.041511    31.8686        878     3.6542     2.4427  0.000e+00
     23.171    16.0372   4.041054    31.8647        879     3.6583     2.4424  0.000e+00
     23.117    16.0375   4.041816    31.8712        880     3.6625     2.4420  0.000e+00
     23.054    16.0382   4.041797    31.8704        881     3.6667     2.4410  0.000e+00
     22.983    16.0384   4.041724    31.8696        882     3.6708     2.4433  0.000e+00
     22.915    16.0386   4.041700    31.8693        883     3.6750     2.4440  0.000e+00
     22.850    16.0384   4.041724    31.8697        884     3.6792     2.4445  0.000e+00
     22.805    16.0385   4.041724    31.8696        885     3.6833     2.4475  0.000e+00
     22.765    16.0386   4.041724    31.8696        886     3.6875     2.4471  0.000e+00
     22.738    16.0386   4.041773    31.8700        887     3.6917     2.4469  0.000e+00
     22.723    16.0388   4.041517    31.8677        888     3.6958     2.4474  0.000e+00
     22.725    16.0390   4.041822    31.8701        889     3.7000     2.4461  0.000e+00
     22.738    16.0391   4.041822    31.8701        890     3.7042     2.4472  0.000e+00
     22.754    16.0393   4.041797    31.8697        891     3.7083     2.4456  0.000e+00
     22.774    16.0395   4.041791    31.8695        892     3.7125     2.4460  0.000e+00
     22.801    16.0393   4.041773    31.8694        893     3.7167     2.4443  0.000e+00
     22.825    16.0392   4.041773    31.8695        894     3.7208     2.4444  0.000e+00
     22.848    16.0392   4.041773    31.8695        895     3.7250     2.4436  0.000e+00
     22.863    16.0390   4.041791    31.8698        896     3.7292     2.4421  0.000e+00
     22.884    16.0392   4.041822    31.8700        897     3.7333     2.4419  0.000e+00
     22.886    16.0392   4.041846    31.8702        898     3.7375     2.4398  0.000e+00
     22.890    16.0393   4.041822    31.8698        899     3.7417     2.4402  0.000e+00
     22.894    16.0395   4.041791    31.8694        900     3.7458     2.4407  0.000e+00
     22.895    16.0394   4.041797    31.8695        901     3.7500     2.4401  0.000e+00
     22.899    16.0393   4.041773    31.8694        902     3.7542     2.4400  0.000e+00
     22.897    16.0394   4.041773    31.8693        903     3.7583     2.4401  0.000e+00
     22.908    16.0392   4.041791    31.8696        904     3.7625     2.4390  0.000e+00
     22.910    16.0391   4.041773    31.8696        905     3.7667     2.4394  0.000e+00
     22.910    16.0392   4.041700    31.8688        906     3.7708     2.4404  0.000e+00
     22.906    16.0392   4.041724    31.8691        907     3.7750     2.4408  0.000e+00
     22.906    16.0387   4.041682    31.8691        908     3.7792     2.4401  0.000e+00
