HB2407/sbe031.cnv
* Sea-Bird SBE 19plus V2 Data File:
* FileName = C:\cruise\data\sbe031.hex
* Software Version Seasave V 7.26.7.121
* Temperature SN = 7143
* Conductivity SN = 7143
* System UpLoad Time = Sep 19 2024 04:46:17
* NMEA Latitude = 36 21.09 N
* NMEA Longitude = 075 13.25 W
* NMEA UTC (Time) = Sep 19 2024  04:46:37
** Ship: Bigelow
** Cruise:  HB2407
** Program:  Fall Bottom Trawl
# nquan = 7
# nvalues = 1709                                  
# units = specified
# name 0 = depSM: Depth [salt water, m]
# name 1 = tv290C: Temperature [ITS-90, deg C]
# name 2 = c0S/m: Conductivity [S/m]
# name 3 = sal00: Salinity, Practical [PSU]
# name 4 = scan: Scan Count
# name 5 = timeM: Time, Elapsed [minutes]
# name 6 = flag:  0.000e+00
# span 0 =     -0.053,     24.692                 
# span 1 =    18.6464,    22.0887                 
# span 2 =  -0.000018,   4.598130                 
# span 3 =     0.0000,    32.4299                 
# span 4 =         11,       1719                 
# span 5 =     0.0417,     7.1583                 
# span 6 = 0.0000e+00, 0.0000e+00                 
# interval = seconds: 0.25
# start_time = Sep 19 2024 04:46:37 [NMEA time, header]
# bad_flag = -9.990e-29
*END*
[from data line 1436]
      8.686    21.4199   4.552248    31.9574       1447     6.0250  0.000e+00
      8.471    21.4193   4.554638    31.9767       1448     6.0292  0.000e+00
      8.261    21.4257   4.564645    32.0506       1449     6.0333  0.000e+00
      8.098    21.4582   4.574893    32.1069       1450     6.0375  0.000e+00
      7.978    21.5107   4.578311    32.0946       1451     6.0417  0.000e+00
      7.911    21.5605   4.580637    32.0757       1452     6.0458  0.000e+00
      7.884    21.5976   4.581108    32.0519       1453     6.0500  0.000e+00
      7.895    21.6235   4.581265    32.0338       1454     6.0542  0.000e+00
      7.935    21.6397   4.581449    32.0232       1455     6.0583  0.000e+00
      7.995    21.6501   4.579749    32.0022       1456     6.0625  0.000e+00
      8.047    21.6540   4.580090    32.0019       1457     6.0667  0.000e+00
      8.090    21.6572   4.579305    31.9934       1458     6.0708  0.000e+00
      8.125    21.6580   4.578391    31.9857       1459     6.0750  0.000e+00
      8.148    21.6573   4.578104    31.9839       1460     6.0792  0.000e+00
      8.163    21.6557   4.578336    31.9869       1461     6.0833  0.000e+00
      8.152    21.6564   4.578780    31.9898       1462     6.0875  0.000e+00
      8.123    21.6578   4.579435    31.9940       1463     6.0917  0.000e+00
      8.078    21.6614   4.579803    31.9942       1464     6.0958  0.000e+00
      8.016    21.6643   4.580035    31.9938       1465     6.1000  0.000e+00
      7.931    21.6683   4.581134    31.9995       1466     6.1042  0.000e+00
      7.848    21.6720   4.581134    31.9968       1467     6.1083  0.000e+00
      7.797    21.6766   4.582574    32.0047       1468     6.1125  0.000e+00
      7.755    21.6810   4.582363    31.9997       1469     6.1167  0.000e+00
      7.723    21.6858   4.582520    31.9974       1470     6.1208  0.000e+00
      7.701    21.6883   4.582444    31.9950       1471     6.1250  0.000e+00
      7.681    21.6906   4.582745    31.9957       1472     6.1292  0.000e+00
      7.661    21.6923   4.582861    31.9953       1473     6.1333  0.000e+00
      7.638    21.6942   4.583120    31.9959       1474     6.1375  0.000e+00
      7.608    21.6956   4.583359    31.9968       1475     6.1417  0.000e+00
      7.572    21.6983   4.583277    31.9941       1476     6.1458  0.000e+00
      7.518    21.6991   4.584690    32.0046       1477     6.1500  0.000e+00
      7.456    21.7028   4.585974    32.0119       1478     6.1542  0.000e+00
      7.368    21.7090   4.587941    32.0227       1479     6.1583  0.000e+00
      7.253    21.7182   4.588098    32.0171       1480     6.1625  0.000e+00
      7.123    21.7257   4.584929    31.9869       1481     6.1667  0.000e+00
      6.976    21.7289   4.583345    31.9722       1482     6.1708  0.000e+00
      6.817    21.7276   4.583720    31.9761       1483     6.1750  0.000e+00
      6.670    21.7300   4.584819    31.9829       1484     6.1792  0.000e+00
      6.531    21.7368   4.585427    31.9827       1485     6.1833  0.000e+00
      6.417    21.7453   4.584819    31.9717       1486     6.1875  0.000e+00
      6.348    21.7484   4.586157    31.9799       1487     6.1917  0.000e+00
      6.310    21.7535   4.586888    31.9818       1488     6.1958  0.000e+00
      6.315    21.7604   4.587127    31.9786       1489     6.2000  0.000e+00
      6.354    21.7663   4.586683    31.9708       1490     6.2042  0.000e+00
      6.408    21.7676   4.585058    31.9571       1491     6.2083  0.000e+00
      6.480    21.7641   4.583808    31.9499       1492     6.2125  0.000e+00
      6.562    21.7560   4.583563    31.9539       1493     6.2167  0.000e+00
      6.627    21.7488   4.583488    31.9587       1494     6.2208  0.000e+00
      6.669    21.7428   4.583542    31.9635       1495     6.2250  0.000e+00
      6.711    21.7391   4.583699    31.9675       1496     6.2292  0.000e+00
      6.738    21.7362   4.584191    31.9734       1497     6.2333  0.000e+00
      6.740    21.7351   4.583563    31.9694       1498     6.2375  0.000e+00
      6.711    21.7335   4.583618    31.9710       1499     6.2417  0.000e+00
      6.660    21.7344   4.584457    31.9769       1500     6.2458  0.000e+00
      6.593    21.7379   4.585762    31.9845       1501     6.2500  0.000e+00
      6.504    21.7464   4.586547    31.9844       1502     6.2542  0.000e+00
      6.405    21.7567   4.586389    31.9755       1503     6.2583  0.000e+00
      6.296    21.7663   4.583856    31.9487       1504     6.2625  0.000e+00
      6.151    21.7697   4.582286    31.9340       1505     6.2667  0.000e+00
      6.001    21.7687   4.575331    31.8806       1506     6.2708  0.000e+00
      5.867    21.7610   4.566957    31.8210       1507     6.2750  0.000e+00
      5.742    21.7694   4.566623    31.8123       1508     6.2792  0.000e+00
      5.626    21.7776   4.572043    31.8485       1509     6.2833  0.000e+00
      5.512    21.8236   4.570235    31.8007       1510     6.2875  0.000e+00
      5.423    21.8744   4.568025    31.7462       1511     6.2917  0.000e+00
      5.380    21.8950   4.568386    31.7339       1512     6.2958  0.000e+00
      5.327    21.9062   4.568966    31.7302       1513     6.3000  0.000e+00
      5.304    21.9177   4.566095    31.6995       1514     6.3042  0.000e+00
      5.298    21.9043   4.553928    31.6148       1515     6.3083  0.000e+00
      5.298    21.8283   4.551179    31.6490       1516     6.3125  0.000e+00
      5.302    21.7470   4.549873    31.6984       1517     6.3167  0.000e+00
      5.317    21.6935   4.548329    31.7256       1518     6.3208  0.000e+00
      5.333    21.6600   4.545996    31.7321       1519     6.3250  0.000e+00
      5.344    21.6379   4.546180    31.7498       1520     6.3292  0.000e+00
      5.355    21.6232   4.545377    31.7543       1521     6.3333  0.000e+00
      5.369    21.6130   4.547194    31.7760       1522     6.3375  0.000e+00
      5.384    21.6069   4.550222    31.8042       1523     6.3417  0.000e+00
      5.403    21.6067   4.551080    31.8110       1524     6.3458  0.000e+00
      5.423    21.6081   4.551856    31.8160       1525     6.3500  0.000e+00
      5.433    21.6087   4.554423    31.8356       1526     6.3542  0.000e+00
      5.463    21.6116   4.557201    31.8552       1527     6.3583  0.000e+00
      5.492    21.6177   4.555492    31.8373       1528     6.3625  0.000e+00
      5.532    21.6202   4.556895    31.8464       1529     6.3667  0.000e+00
      5.561    21.6219   4.559074    31.8622       1530     6.3708  0.000e+00
      5.583    21.6259   4.560273    31.8686       1531     6.3750  0.000e+00
      5.603    21.6309   4.560791    31.8690       1532     6.3792  0.000e+00
      5.603    21.6347   4.561077    31.8684       1533     6.3833  0.000e+00
      5.590    21.6379   4.560246    31.8596       1534     6.3875  0.000e+00
      5.550    21.6385   4.556295    31.8282       1535     6.3917  0.000e+00
      5.489    21.6329   4.547343    31.7624       1536     6.3958  0.000e+00
      5.398    21.6169   4.544520    31.7522       1537     6.4000  0.000e+00
      5.304    21.5996   4.543173    31.7545       1538     6.4042  0.000e+00
      5.192    21.5877   4.543874    31.7687       1539     6.4083  0.000e+00
      5.070    21.5819   4.544942    31.7814       1540     6.4125  0.000e+00
      4.936    21.5831   4.542840    31.7641       1541     6.4167  0.000e+00
      4.813    21.5842   4.539657    31.7385       1542     6.4208  0.000e+00
      4.690    21.5818   4.538930    31.7346       1543     6.4250  0.000e+00
      4.563    21.5787   4.539576    31.7420       1544     6.4292  0.000e+00
      4.443    21.5795   4.539698    31.7424       1545     6.4333  0.000e+00
      4.340    21.5845   4.539861    31.7400       1546     6.4375  0.000e+00
      4.239    21.5907   4.539990    31.7365       1547     6.4417  0.000e+00
      4.179    21.5959   4.539942    31.7323       1548     6.4458  0.000e+00
      4.139    21.5992   4.539704    31.7280       1549     6.4500  0.000e+00
      4.152    21.5981   4.539344    31.7260       1550     6.4542  0.000e+00
      4.201    21.5922   4.539399    31.7308       1551     6.4583  0.000e+00
      4.275    21.5849   4.541391    31.7517       1552     6.4625  0.000e+00
      4.364    21.5864   4.540228    31.7415       1553     6.4667  0.000e+00
      4.467    21.5886   4.540562    31.7424       1554     6.4708  0.000e+00
      4.590    21.5852   4.544268    31.7739       1555     6.4750  0.000e+00
      4.726    21.5852   4.544520    31.7758       1556     6.4792  0.000e+00
      4.851    21.5858   4.544316    31.7737       1557     6.4833  0.000e+00
      4.949    21.5846   4.543901    31.7713       1558     6.4875  0.000e+00
      5.022    21.5812   4.543690    31.7721       1559     6.4917  0.000e+00
      5.072    21.5766   4.543725    31.7758       1560     6.4958  0.000e+00
      5.074    21.5733   4.543772    31.7786       1561     6.5000  0.000e+00
      5.029    21.5721   4.544704    31.7868       1562     6.5042  0.000e+00
      4.955    21.5735   4.545221    31.7898       1563     6.5083  0.000e+00
      4.869    21.5788   4.542010    31.7608       1564     6.5125  0.000e+00
      4.764    21.5805   4.540045    31.7442       1565     6.5167  0.000e+00
      4.643    21.5789   4.539732    31.7430       1566     6.5208  0.000e+00
      4.505    21.5802   4.539657    31.7416       1567     6.5250  0.000e+00
      4.368    21.5860   4.541180    31.7492       1568     6.5292  0.000e+00
      4.221    21.5956   4.543561    31.7608       1569     6.5333  0.000e+00
      4.105    21.6106   4.545567    31.7654       1570     6.5375  0.000e+00
      4.020    21.6274   4.547159    31.7656       1571     6.5417  0.000e+00
      3.946    21.6445   4.548717    31.7651       1572     6.5458  0.000e+00
      3.895    21.6603   4.549391    31.7588       1573     6.5500  0.000e+00
      3.862    21.6734   4.549704    31.7516       1574     6.5542  0.000e+00
      3.857    21.6828   4.549595    31.7438       1575     6.5583  0.000e+00
      3.870    21.6886   4.549193    31.7364       1576     6.5625  0.000e+00
      3.891    21.6910   4.548948    31.7327       1577     6.5667  0.000e+00
      3.915    21.6920   4.548560    31.7290       1578     6.5708  0.000e+00
      3.930    21.6916   4.548356    31.7277       1579     6.5750  0.000e+00
      3.949    21.6909   4.548560    31.7298       1580     6.5792  0.000e+00
      3.948    21.6911   4.549247    31.7350       1581     6.5833  0.000e+00
      3.955    21.6935   4.550037    31.7394       1582     6.5875  0.000e+00
      3.965    21.6978   4.551078    31.7444       1583     6.5917  0.000e+00
      3.973    21.7052   4.558323    31.7954       1584     6.5958  0.000e+00
      3.982    21.7299   4.559746    31.7883       1585     6.6000  0.000e+00
      3.991    21.7632   4.558738    31.7560       1586     6.6042  0.000e+00
      3.987    21.7763   4.557171    31.7341       1587     6.6083  0.000e+00
      3.993    21.7779   4.556524    31.7280       1588     6.6125  0.000e+00
      3.987    21.7755   4.556735    31.7314       1589     6.6167  0.000e+00
      3.969    21.7750   4.558240    31.7435       1590     6.6208  0.000e+00
      3.953    21.7784   4.559153    31.7481       1591     6.6250  0.000e+00
      3.922    21.7854   4.559439    31.7451       1592     6.6292  0.000e+00
      3.879    21.7912   4.559929    31.7447       1593     6.6333  0.000e+00
      3.817    21.7968   4.561653    31.7540       1594     6.6375  0.000e+00
      3.734    21.8047   4.564249    31.7685       1595     6.6417  0.000e+00
      3.632    21.8198   4.565394    31.7664       1596     6.6458  0.000e+00
      3.536    21.8353   4.566668    31.7649       1597     6.6500  0.000e+00
      3.448    21.8511   4.568652    31.7688       1598     6.6542  0.000e+00
      3.375    21.8712   4.572798    31.7863       1599     6.6583  0.000e+00
      3.308    21.9052   4.576918    31.7934       1600     6.6625  0.000e+00
      3.250    21.9542   4.577518    31.7621       1601     6.6667  0.000e+00
      3.201    21.9937   4.577599    31.7338       1602     6.6708  0.000e+00
      3.171    22.0193   4.577544    31.7147       1603     6.6750  0.000e+00
      3.145    22.0361   4.577387    31.7012       1604     6.6792  0.000e+00
      3.122    22.0463   4.577414    31.6939       1605     6.6833  0.000e+00
      3.085    22.0540   4.577414    31.6883       1606     6.6875  0.000e+00
      3.060    22.0593   4.577468    31.6849       1607     6.6917  0.000e+00
      3.036    22.0636   4.577468    31.6817       1608     6.6958  0.000e+00
      3.013    22.0666   4.577495    31.6797       1609     6.7000  0.000e+00
      2.984    22.0700   4.577598    31.6781       1610     6.7042  0.000e+00
      2.955    22.0719   4.577543    31.6763       1611     6.7083  0.000e+00
      2.928    22.0747   4.577468    31.6737       1612     6.7125  0.000e+00
      2.895    22.0757   4.577516    31.6733       1613     6.7167  0.000e+00
      2.868    22.0773   4.577570    31.6726       1614     6.7208  0.000e+00
      2.825    22.0785   4.577652    31.6724       1615     6.7250  0.000e+00
      2.765    22.0798   4.577652    31.6714       1616     6.7292  0.000e+00
      2.722    22.0810   4.577570    31.6699       1617     6.7333  0.000e+00
      2.680    22.0821   4.577597    31.6694       1618     6.7375  0.000e+00
      2.645    22.0823   4.577652    31.6697       1619     6.7417  0.000e+00
      2.607    22.0835   4.577625    31.6686       1620     6.7458  0.000e+00
      2.588    22.0836   4.577700    31.6691       1621     6.7500  0.000e+00
      2.566    22.0848   4.577727    31.6684       1622     6.7542  0.000e+00
      2.566    22.0847   4.577727    31.6685       1623     6.7583  0.000e+00
      2.571    22.0858   4.577986    31.6697       1624     6.7625  0.000e+00
      2.569    22.0853   4.578198    31.6717       1625     6.7667  0.000e+00
      2.566    22.0853   4.577986    31.6701       1626     6.7708  0.000e+00
      2.566    22.0827   4.577843    31.6709       1627     6.7750  0.000e+00
      2.575    22.0811   4.577543    31.6697       1628     6.7792  0.000e+00
      2.577    22.0775   4.576083    31.6610       1629     6.7833  0.000e+00
      2.577    22.0688   4.575087    31.6597       1630     6.7875  0.000e+00
      2.568    22.0560   4.575196    31.6699       1631     6.7917  0.000e+00
      2.551    22.0492   4.575769    31.6793       1632     6.7958  0.000e+00
      2.524    22.0499   4.575844    31.6793       1633     6.8000  0.000e+00
      2.477    22.0532   4.574725    31.6683       1634     6.8042  0.000e+00
      2.434    22.0463   4.575080    31.6761       1635     6.8083  0.000e+00
      2.368    22.0436   4.576083    31.6858       1636     6.8125  0.000e+00
      2.285    22.0458   4.576970    31.6911       1637     6.8167  0.000e+00
      2.187    22.0537   4.577754    31.6914       1638     6.8208  0.000e+00
      2.079    22.0644   4.577754    31.6837       1639     6.8250  0.000e+00
      1.983    22.0733   4.577809    31.6776       1640     6.8292  0.000e+00
      1.919    22.0776   4.577781    31.6743       1641     6.8333  0.000e+00
      1.877    22.0808   4.577808    31.6722       1642     6.8375  0.000e+00
      1.870    22.0824   4.577754    31.6706       1643     6.8417  0.000e+00
      1.903    22.0837   4.577815    31.6702       1644     6.8458  0.000e+00
      1.966    22.0844   4.577808    31.6695       1645     6.8500  0.000e+00
      2.062    22.0851   4.577781    31.6688       1646     6.8542  0.000e+00
      2.144    22.0851   4.577754    31.6685       1647     6.8583  0.000e+00
      2.209    22.0856   4.577727    31.6680       1648     6.8625  0.000e+00
      2.267    22.0851   4.577727    31.6683       1649     6.8667  0.000e+00
      2.294    22.0844   4.577938    31.6704       1650     6.8708  0.000e+00
      2.273    22.0836   4.578198    31.6731       1651     6.8750  0.000e+00
