HB2407/sbe079.cnv
* Sea-Bird SBE 19plus V2 Data File:
* FileName = C:\cruise\data\sbe079.hex
* Software Version Seasave V 7.26.7.121
* Temperature SN = 7143
* Conductivity SN = 7143
* System UpLoad Time = Oct 12 2024 04:11:09
* NMEA Latitude = 41 11.70 N
* NMEA Longitude = 067 01.25 W
* NMEA UTC (Time) = Oct 12 2024  04:10:56
** Ship: Bigelow
** Cruise:  HB2407
** Program:  Fall Bottom Trawl
# nquan = 7
# nvalues = 1631                                  
# units = specified
# name 0 = depSM: Depth [salt water, m]
# name 1 = tv290C: Temperature [ITS-90, deg C]
# name 2 = c0S/m: Conductivity [S/m]
# name 3 = sal00: Salinity, Practical [PSU]
# name 4 = scan: Scan Count
# name 5 = timeM: Time, Elapsed [minutes]
# name 6 = flag:  0.000e+00
# span 0 =     -0.154,     61.308                 
# span 1 =    10.9447,    14.9615                 
# span 2 =   0.000002,   3.957282                 
# span 3 =     0.0074,    32.4216                 
# span 4 =         11,       1641                 
# span 5 =     0.0417,     6.8333                 
# span 6 = 0.0000e+00, 0.0000e+00                 
# interval = seconds: 0.25
# start_time = Oct 12 2024 04:10:56 [NMEA time, header]
# bad_flag = -9.990e-29
*END*
     -0.150    14.2377   0.000008     0.0074         11     0.0417  0.000e+00
     -0.146    14.2402   0.000002     0.0075         12     0.0458  0.000e+00
     -0.139    14.2424   0.000008     0.0074         13     0.0500  0.000e+00
     -0.137    14.2417   0.000008     0.0074         14     0.0542  0.000e+00
     -0.145    14.2413   0.000002     0.0075         15     0.0583  0.000e+00
     -0.148    14.2413   0.000008     0.0074         16     0.0625  0.000e+00
     -0.141    14.2396   0.000008     0.0074         17     0.0667  0.000e+00
     -0.143    14.2368   0.000008     0.0074         18     0.0708  0.000e+00
     -0.147    14.2335   0.000011     0.0074         19     0.0750  0.000e+00
     -0.150    14.2296   0.000008     0.0074         20     0.0792  0.000e+00
     -0.148    14.2265   0.000002     0.0075         21     0.0833  0.000e+00
     -0.150    14.2239   0.000008     0.0074         22     0.0875  0.000e+00
     -0.152    14.2209   0.000008     0.0074         23     0.0917  0.000e+00
     -0.150    14.2180   0.000008     0.0074         24     0.0958  0.000e+00
     -0.152    14.2164   0.000008     0.0074         25     0.1000  0.000e+00
     -0.150    14.2160   0.000013     0.0074         26     0.1042  0.000e+00
     -0.148    14.2149   0.000011     0.0074         27     0.1083  0.000e+00
     -0.150    14.2135   0.000008     0.0074         28     0.1125  0.000e+00
     -0.152    14.2123   0.000008     0.0074         29     0.1167  0.000e+00
     -0.147    14.2108   0.000011     0.0074         30     0.1208  0.000e+00
     -0.147    14.2098   0.000008     0.0074         31     0.1250  0.000e+00
     -0.145    14.2095   0.000008     0.0074         32     0.1292  0.000e+00
     -0.143    14.2109   0.000011     0.0074         33     0.1333  0.000e+00
     -0.145    14.2155   0.000013     0.0074         34     0.1375  0.000e+00
     -0.143    14.2203   0.000002     0.0075         35     0.1417  0.000e+00
     -0.138    14.2226   0.000008     0.0074         36     0.1458  0.000e+00
     -0.140    14.2225   0.000008     0.0074         37     0.1500  0.000e+00
     -0.140    14.2206   0.000008     0.0074         38     0.1542  0.000e+00
     -0.136    14.2193   0.000002     0.0075         39     0.1583  0.000e+00
     -0.140    14.2204   0.000008     0.0074         40     0.1625  0.000e+00
     -0.138    14.2229   0.000008     0.0074         41     0.1667  0.000e+00
     -0.136    14.2270   0.000011     0.0074         42     0.1708  0.000e+00
     -0.140    14.2297   0.000008     0.0074         43     0.1750  0.000e+00
     -0.134    14.2301   0.000008     0.0074         44     0.1792  0.000e+00
     -0.145    14.2290   0.000013     0.0074         45     0.1833  0.000e+00
     -0.143    14.2285   0.000013     0.0074         46     0.1875  0.000e+00
     -0.147    14.2287   0.000008     0.0074         47     0.1917  0.000e+00
     -0.149    14.2303   0.000008     0.0074         48     0.1958  0.000e+00
     -0.147    14.2291   0.000008     0.0074         49     0.2000  0.000e+00
     -0.152    14.2254   0.000011     0.0074         50     0.2042  0.000e+00
     -0.147    14.2222   0.000008     0.0074         51     0.2083  0.000e+00
     -0.143    14.2202   0.000008     0.0074         52     0.2125  0.000e+00
     -0.147    14.2182   0.000002     0.0075         53     0.2167  0.000e+00
     -0.147    14.2161   0.000008     0.0074         54     0.2208  0.000e+00
     -0.147    14.2146   0.000013     0.0074         55     0.2250  0.000e+00
     -0.143    14.2143   0.000011     0.0074         56     0.2292  0.000e+00
     -0.138    14.2148   0.000008     0.0074         57     0.2333  0.000e+00
     -0.140    14.2188   0.000008     0.0074         58     0.2375  0.000e+00
     -0.154    14.2232   0.000011     0.0074         59     0.2417  0.000e+00
     -0.142    14.2267   0.000025     0.0074         60     0.2458  0.000e+00
     -0.085    14.2340   0.000030     0.0074         61     0.2500  0.000e+00
      0.119    14.2647   0.000030     0.0074         62     0.2542  0.000e+00
      0.403    14.3857   0.000025     0.0074         63     0.2583  0.000e+00
      0.736    14.5305   1.854442    14.0565         64     0.2625  0.000e+00
      1.053    14.6459   1.745465    13.1210         65     0.2667  0.000e+00
      1.323    14.7226   2.722573    21.2884         66     0.2708  0.000e+00
      1.513    14.7672   3.455754    27.6639         67     0.2750  0.000e+00
      1.669    14.8052   3.955259    32.1096         68     0.2792  0.000e+00
      1.779    14.8383   3.954039    32.0713         69     0.2833  0.000e+00
      1.799    14.8645   3.897837    31.5427         70     0.2875  0.000e+00
      1.826    14.8820   3.898916    31.5383         71     0.2917  0.000e+00
      1.857    14.8932   3.950983    31.9986         72     0.2958  0.000e+00
      1.863    14.9027   3.951946    31.9995         73     0.3000  0.000e+00
      1.774    14.9119   3.951002    31.9835         74     0.3042  0.000e+00
      1.707    14.9190   3.586756    28.7171         75     0.3083  0.000e+00
      1.761    14.9234   2.556540    19.7654         76     0.3125  0.000e+00
      1.930    14.9178   3.945042    31.9248         77     0.3167  0.000e+00
      2.107    14.9013   3.950733    31.9896         78     0.3208  0.000e+00
      2.237    14.8879   3.949142    31.9862         79     0.3250  0.000e+00
      2.330    14.8804   3.940323    31.9127         80     0.3292  0.000e+00
      2.436    14.8765   3.666919    29.4622         81     0.3333  0.000e+00
      2.592    14.8745   3.518519    28.1435         82     0.3375  0.000e+00
      2.807    14.8722   3.687931    29.6530         83     0.3417  0.000e+00
      3.082    14.8705   3.810655    30.7532         84     0.3458  0.000e+00
      3.379    14.8656   3.949598    32.0081         85     0.3500  0.000e+00
      3.676    14.8567   3.948186    32.0026         86     0.3542  0.000e+00
      3.953    14.8495   3.947616    32.0033         87     0.3583  0.000e+00
      4.201    14.8473   3.949310    32.0203         88     0.3625  0.000e+00
      4.424    14.8584   3.950644    32.0231         89     0.3667  0.000e+00
      4.652    14.8775   3.950792    32.0087         90     0.3708  0.000e+00
      4.845    14.8933   3.951292    32.0001         91     0.3750  0.000e+00
      4.969    14.9048   3.951626    31.9936         92     0.3792  0.000e+00
      5.045    14.9142   3.951915    31.9886         93     0.3833  0.000e+00
      5.057    14.9220   3.951696    31.9802         94     0.3875  0.000e+00
      5.005    14.9279   3.952511    31.9827         95     0.3917  0.000e+00
      4.911    14.9323   3.951600    31.9709         96     0.3958  0.000e+00
      4.827    14.9356   3.949450    31.9489         97     0.4000  0.000e+00
      4.813    14.9370   3.921360    31.6947         98     0.4042  0.000e+00
      4.858    14.9375   3.925423    31.7309         99     0.4083  0.000e+00
      4.983    14.9373   3.937657    31.8411        100     0.4125  0.000e+00
      5.159    14.9336   3.949052    31.9468        101     0.4167  0.000e+00
      5.372    14.9246   3.948783    31.9516        102     0.4208  0.000e+00
      5.631    14.9173   3.948437    31.9544        103     0.4250  0.000e+00
      5.937    14.9134   3.948430    31.9574        104     0.4292  0.000e+00
      6.214    14.9115   3.949432    31.9679        105     0.4333  0.000e+00
      6.481    14.9120   3.950439    31.9765        106     0.4375  0.000e+00
      6.729    14.9155   3.951460    31.9827        107     0.4417  0.000e+00
      6.950    14.9200   3.952101    31.9847        108     0.4458  0.000e+00
      7.149    14.9249   3.952275    31.9823        109     0.4500  0.000e+00
      7.357    14.9292   3.952288    31.9787        110     0.4542  0.000e+00
      7.567    14.9323   3.952275    31.9760        111     0.4583  0.000e+00
      7.762    14.9345   3.952776    31.9787        112     0.4625  0.000e+00
      7.853    14.9360   3.951421    31.9652        113     0.4667  0.000e+00
      8.057    14.9373   3.950863    31.9590        114     0.4708  0.000e+00
      8.137    14.9385   3.953065    31.9779        115     0.4750  0.000e+00
      8.055    14.9397   3.953970    31.9851        116     0.4792  0.000e+00
      7.894    14.9412   3.954612    31.9897        117     0.4833  0.000e+00
      7.740    14.9425   3.954400    31.9867        118     0.4875  0.000e+00
      7.681    14.9433   3.936363    31.8236        119     0.4917  0.000e+00
      7.722    14.9434   3.934736    31.8088        120     0.4958  0.000e+00
      7.851    14.9421   3.950266    31.9497        121     0.5000  0.000e+00
      8.039    14.9389   3.948187    31.9336        122     0.5042  0.000e+00
      8.271    14.9352   3.952127    31.9720        123     0.5083  0.000e+00
      8.530    14.9317   3.951787    31.9717        124     0.5125  0.000e+00
      8.800    14.9284   3.951460    31.9714        125     0.5167  0.000e+00
      9.068    14.9263   3.951672    31.9749        126     0.5208  0.000e+00
      9.310    14.9257   3.952224    31.9803        127     0.5250  0.000e+00
      9.529    14.9266   3.952847    31.9851        128     0.5292  0.000e+00
      9.761    14.9292   3.952950    31.9838        129     0.5333  0.000e+00
     10.020    14.9318   3.953014    31.9821        130     0.5375  0.000e+00
     10.261    14.9342   3.953130    31.9812        131     0.5417  0.000e+00
     10.500    14.9357   3.953085    31.9794        132     0.5458  0.000e+00
     10.694    14.9368   3.951833    31.9672        133     0.5500  0.000e+00
     10.847    14.9378   3.942492    31.8821        134     0.5542  0.000e+00
     11.074    14.9383   3.923141    31.7073        135     0.5583  0.000e+00
     11.217    14.9387   3.953932    31.9843        136     0.5625  0.000e+00
     11.255    14.9394   3.953014    31.9755        137     0.5667  0.000e+00
     11.242    14.9404   3.939999    31.8574        138     0.5708  0.000e+00
     11.247    14.9411   3.926482    31.7351        139     0.5750  0.000e+00
     11.294    14.9414   3.937749    31.8362        140     0.5792  0.000e+00
     11.416    14.9407   3.952777    31.9722        141     0.5833  0.000e+00
     11.566    14.9365   3.952629    31.9742        142     0.5875  0.000e+00
     11.723    14.9310   3.952405    31.9766        143     0.5917  0.000e+00
     11.872    14.9273   3.952129    31.9772        144     0.5958  0.000e+00
     12.017    14.9245   3.952174    31.9798        145     0.6000  0.000e+00
     12.178    14.9229   3.952200    31.9813        146     0.6042  0.000e+00
     12.355    14.9226   3.952155    31.9811        147     0.6083  0.000e+00
     12.549    14.9240   3.952084    31.9792        148     0.6125  0.000e+00
     12.756    14.9256   3.952084    31.9778        149     0.6167  0.000e+00
     12.969    14.9269   3.952155    31.9773        150     0.6208  0.000e+00
     13.163    14.9280   3.952534    31.9798        151     0.6250  0.000e+00
     13.353    14.9301   3.952951    31.9817        152     0.6292  0.000e+00
     13.538    14.9326   3.953279    31.9826        153     0.6333  0.000e+00
     13.713    14.9346   3.953638    31.9841        154     0.6375  0.000e+00
     13.887    14.9362   3.953754    31.9837        155     0.6417  0.000e+00
     14.072    14.9378   3.953773    31.9825        156     0.6458  0.000e+00
     14.251    14.9392   3.953734    31.9810        157     0.6500  0.000e+00
     14.448    14.9402   3.953747    31.9802        158     0.6542  0.000e+00
     14.642    14.9410   3.953709    31.9791        159     0.6583  0.000e+00
     14.840    14.9416   3.953613    31.9777        160     0.6625  0.000e+00
     15.035    14.9420   3.953542    31.9766        161     0.6667  0.000e+00
     15.222    14.9423   3.953472    31.9757        162     0.6708  0.000e+00
     15.392    14.9430   3.953953    31.9794        163     0.6750  0.000e+00
     15.545    14.9437   3.954306    31.9820        164     0.6792  0.000e+00
     15.667    14.9440   3.954570    31.9840        165     0.6833  0.000e+00
     15.763    14.9440   3.954762    31.9858        166     0.6875  0.000e+00
     15.844    14.9430   3.954711    31.9861        167     0.6917  0.000e+00
     15.897    14.9412   3.954544    31.9860        168     0.6958  0.000e+00
     15.938    14.9393   3.954281    31.9852        169     0.7000  0.000e+00
     15.987    14.9374   3.954024    31.9844        170     0.7042  0.000e+00
     16.029    14.9349   3.953588    31.9825        171     0.7083  0.000e+00
     16.076    14.9320   3.952747    31.9772        172     0.7125  0.000e+00
     16.137    14.9298   3.952490    31.9767        173     0.7167  0.000e+00
     16.214    14.9285   3.952131    31.9745        174     0.7208  0.000e+00
     16.320    14.9264   3.952060    31.9756        175     0.7250  0.000e+00
     16.447    14.9223   3.952426    31.9822        176     0.7292  0.000e+00
     16.608    14.9177   3.952824    31.9895        177     0.7333  0.000e+00
     16.804    14.9148   3.952965    31.9931        178     0.7375  0.000e+00
     17.019    14.9137   3.953023    31.9944        179     0.7417  0.000e+00
     17.260    14.9132   3.952966    31.9942        180     0.7458  0.000e+00
     17.528    14.9119   3.952747    31.9932        181     0.7500  0.000e+00
     17.814    14.9105   3.952446    31.9915        182     0.7542  0.000e+00
     18.106    14.9091   3.952363    31.9918        183     0.7583  0.000e+00
     18.354    14.9084   3.952562    31.9941        184     0.7625  0.000e+00
     18.616    14.8878   3.950329    31.9908        185     0.7667  0.000e+00
     18.866    14.8079   3.937426    31.9396        186     0.7708  0.000e+00
     19.067    14.6994   3.920875    31.8788        187     0.7750  0.000e+00
     19.243    14.5633   3.910608    31.8972        188     0.7792  0.000e+00
     19.425    14.4118   3.903959    31.9614        189     0.7833  0.000e+00
     19.561    14.2749   3.882074    31.8744        190     0.7875  0.000e+00
     19.623    14.1346   3.865607    31.8394        191     0.7917  0.000e+00
     19.603    13.9649   3.846349    31.8025        192     0.7958  0.000e+00
     19.542    13.7747   3.835940    31.8642        193     0.8000  0.000e+00
     19.487    13.6081   3.830624    31.9538        194     0.8042  0.000e+00
     19.447    13.4846   3.828763    32.0398        195     0.8083  0.000e+00
     19.406    13.4031   3.828650    32.1073        196     0.8125  0.000e+00
     19.373    13.3519   3.830101    32.1640        197     0.8167  0.000e+00
     19.366    13.3230   3.840259    32.2835        198     0.8208  0.000e+00
     19.419    13.3105   3.843304    32.3227        199     0.8250  0.000e+00
     19.549    13.3148   3.841046    32.2978        200     0.8292  0.000e+00
     19.732    13.3594   3.843932    32.2869        201     0.8333  0.000e+00
     19.947    13.4012   3.854898    32.3539        202     0.8375  0.000e+00
     20.201    13.4285   3.863752    32.4135        203     0.8417  0.000e+00
     20.473    13.4546   3.867021    32.4216        204     0.8458  0.000e+00
     20.766    13.4825   3.862556    32.3562        205     0.8500  0.000e+00
     21.047    13.5043   3.851721    32.2366        206     0.8542  0.000e+00
     21.280    13.5177   3.843556    32.1491        207     0.8583  0.000e+00
     21.548    13.4803   3.836294    32.1128        208     0.8625  0.000e+00
     21.803    13.4155   3.829550    32.1043        209     0.8667  0.000e+00
     22.033    13.3607   3.827618    32.1324        210     0.8708  0.000e+00
     22.231    13.3177   3.826929    32.1622        211     0.8750  0.000e+00
     22.446    13.2825   3.833855    32.2567        212     0.8792  0.000e+00
     22.626    13.2599   3.826587    32.2076        213     0.8833  0.000e+00
     22.720    13.2358   3.816363    32.1322        214     0.8875  0.000e+00
     22.730    13.2003   3.811461    32.1162        215     0.8917  0.000e+00
