HB2407/sbe001.cnv
* Sea-Bird SBE 19plus V2 Data File:
* FileName = C:\cruise\data\sbe001.hex
* Software Version Seasave V 7.26.7.121
* Temperature SN = 7143
* Conductivity SN = 7143
* System UpLoad Time = Sep 07 2024 08:58:33
* NMEA Latitude = 39 08.00 N
* NMEA Longitude = 073 35.19 W
* NMEA UTC (Time) = Sep 07 2024  08:58:39
** Ship: Bigelow
** Cruise:  HB2407
** Program:  Fall Bottom Trawl
# nquan = 7
# nvalues = 1305                                  
# units = specified
# name 0 = depSM: Depth [salt water, m]
# name 1 = tv290C: Temperature [ITS-90, deg C]
# name 2 = c0S/m: Conductivity [S/m]
# name 3 = sal00: Salinity, Practical [PSU]
# name 4 = scan: Scan Count
# name 5 = timeM: Time, Elapsed [minutes]
# name 6 = flag:  0.000e+00
# span 0 =     -0.128,     44.802                 
# span 1 =     8.4744,    20.8312                 
# span 2 =  -0.000006,   4.441607                 
# span 3 =     0.0000,    35.5304                 
# span 4 =         11,       1315                 
# span 5 =     0.0417,     5.4750                 
# span 6 = 0.0000e+00, 0.0000e+00                 
# interval = seconds: 0.25
# start_time = Sep 07 2024 08:58:39 [NMEA time, header]
# bad_flag = -9.990e-29
*END*
[from data line 206]
      8.738    20.8217   4.441222    31.5247        217     0.9000  0.000e+00
      8.904    20.8207   4.441208    31.5253        218     0.9042  0.000e+00
      9.067    20.8203   4.441249    31.5259        219     0.9083  0.000e+00
      9.230    20.8197   4.441283    31.5265        220     0.9125  0.000e+00
      9.389    20.8189   4.441229    31.5266        221     0.9167  0.000e+00
      9.545    20.8185   4.441067    31.5256        222     0.9208  0.000e+00
      9.702    20.8183   4.441007    31.5252        223     0.9250  0.000e+00
      9.860    20.8181   4.441014    31.5253        224     0.9292  0.000e+00
     10.012    20.8176   4.441054    31.5260        225     0.9333  0.000e+00
     10.161    20.8174   4.441068    31.5262        226     0.9375  0.000e+00
     10.313    20.8172   4.441054    31.5262        227     0.9417  0.000e+00
     10.454    20.8170   4.441054    31.5263        228     0.9458  0.000e+00
     10.595    20.8169   4.441088    31.5266        229     0.9500  0.000e+00
     10.744    20.8165   4.441182    31.5276        230     0.9542  0.000e+00
     10.883    20.8161   4.441223    31.5281        231     0.9583  0.000e+00
     11.035    20.8153   4.441311    31.5294        232     0.9625  0.000e+00
     11.184    20.8151   4.441378    31.5300        233     0.9667  0.000e+00
     11.334    20.8146   4.441432    31.5307        234     0.9708  0.000e+00
     11.492    20.8140   4.441533    31.5320        235     0.9750  0.000e+00
     11.644    20.8131   4.441594    31.5331        236     0.9792  0.000e+00
     11.794    20.8114   4.441607    31.5344        237     0.9833  0.000e+00
     11.950    20.8069   4.441567    31.5374        238     0.9875  0.000e+00
     12.104    20.8021   4.441432    31.5398        239     0.9917  0.000e+00
     12.256    20.7979   4.441143    31.5405        240     0.9958  0.000e+00
     12.406    20.7926   4.440934    31.5428        241     1.0000  0.000e+00
     12.555    20.7869   4.440732    31.5453        242     1.0042  0.000e+00
     12.704    20.7818   4.440463    31.5469        243     1.0083  0.000e+00
     12.852    20.7602   4.440174    31.5606        244     1.0125  0.000e+00
     13.001    20.7196   4.439043    31.5816        245     1.0167  0.000e+00
     13.151    20.6649   4.437259    31.6080        246     1.0208  0.000e+00
     13.309    20.6163   4.435313    31.6286        247     1.0250  0.000e+00
     13.473    20.5539   4.434499    31.6685        248     1.0292  0.000e+00
     13.647    20.4699   4.436036    31.7435        249     1.0333  0.000e+00
     13.821    20.4242   4.437916    31.7927        250     1.0375  0.000e+00
     14.011    20.4105   4.439047    31.8120        251     1.0417  0.000e+00
     14.201    20.4061   4.440125    31.8238        252     1.0458  0.000e+00
     14.393    20.4033   4.440961    31.8326        253     1.0500  0.000e+00
     14.594    20.4022   4.440968    31.8334        254     1.0542  0.000e+00
     14.783    20.4002   4.439425    31.8225        255     1.0583  0.000e+00
     14.967    20.3873   4.436287    31.8070        256     1.0625  0.000e+00
     15.145    20.3556   4.432275    31.7985        257     1.0667  0.000e+00
     15.318    20.2807   4.423972    31.7881        258     1.0708  0.000e+00
     15.469    19.8935   4.395128    31.8477        259     1.0750  0.000e+00
     15.608    19.1347   4.302208    31.6658        260     1.0792  0.000e+00
     15.746    18.0716   4.157158    31.2718        261     1.0833  0.000e+00
     15.878    16.8980   4.051530    31.2785        262     1.0875  0.000e+00
     16.007    15.7170   3.973717    31.5299        263     1.0917  0.000e+00
     16.135    14.6585   3.912958    31.8416        264     1.0958  0.000e+00
     16.269    13.7838   3.867989    32.1545        265     1.1000  0.000e+00
     16.407    13.0773   3.839220    32.4844        266     1.1042  0.000e+00
     16.550    12.5009   3.815263    32.7549        267     1.1083  0.000e+00
     16.697    12.0138   3.803135    33.0664        268     1.1125  0.000e+00
     16.847    11.6420   3.800518    33.3731        269     1.1167  0.000e+00
     17.007    11.3568   3.803624    33.6620        270     1.1208  0.000e+00
     17.173    11.1238   3.795176    33.7918        271     1.1250  0.000e+00
     17.345    10.9248   3.775766    33.7820        272     1.1292  0.000e+00
     17.523    10.7240   3.750301    33.7127        273     1.1333  0.000e+00
     17.699    10.5515   3.727694    33.6451        274     1.1375  0.000e+00
     17.872    10.4056   3.699479    33.4957        275     1.1417  0.000e+00
     18.039    10.2289   3.663886    33.2989        276     1.1458  0.000e+00
     18.195    10.0594   3.630249    33.1136        277     1.1500  0.000e+00
     18.349     9.9007   3.605816    33.0105        278     1.1542  0.000e+00
     18.494     9.7547   3.585224    32.9341        279     1.1583  0.000e+00
     18.637     9.6144   3.570640    32.9134        280     1.1625  0.000e+00
     18.778     9.4888   3.558983    32.9090        281     1.1667  0.000e+00
     18.921     9.3850   3.554359    32.9568        282     1.1708  0.000e+00
     19.060     9.3032   3.554957    33.0384        283     1.1750  0.000e+00
     19.211     9.2404   3.559890    33.1476        284     1.1792  0.000e+00
     19.363     9.1954   3.568576    33.2794        285     1.1833  0.000e+00
     19.521     9.1541   3.575008    33.3847        286     1.1875  0.000e+00
     19.683     9.1260   3.611176    33.7871        287     1.1917  0.000e+00
     19.855     9.1315   3.655402    34.2424        288     1.1958  0.000e+00
     20.033     9.1695   3.629373    33.9349        289     1.2000  0.000e+00
     20.214     9.2015   3.624619    33.8550        290     1.2042  0.000e+00
     20.395     9.2052   3.636692    33.9768        291     1.2083  0.000e+00
     20.571     9.1946   3.609895    33.7084        292     1.2125  0.000e+00
     20.745     9.1849   3.581006    33.4175        293     1.2167  0.000e+00
     20.917     9.1515   3.567432    33.3078        294     1.2208  0.000e+00
     21.074     9.1109   3.561775    33.2869        295     1.2250  0.000e+00
     21.236     9.0799   3.548433    33.1772        296     1.2292  0.000e+00
     21.386     9.0570   3.539068    33.1011        297     1.2333  0.000e+00
     21.534     9.0392   3.531614    33.0401        298     1.2375  0.000e+00
     21.688     9.0195   3.526146    33.0014        299     1.2417  0.000e+00
     21.842     8.9999   3.522470    32.9813        300     1.2458  0.000e+00
     22.000     8.9832   3.521980    32.9916        301     1.2500  0.000e+00
     22.165     8.9654   3.523211    33.0209        302     1.2542  0.000e+00
     22.335     8.9478   3.532186    33.1307        303     1.2583  0.000e+00
     22.514     8.9362   3.544540    33.2703        304     1.2625  0.000e+00
     22.691     8.9348   3.564744    33.4825        305     1.2667  0.000e+00
     22.880     8.9460   3.574334    33.5720        306     1.2708  0.000e+00
     23.065     8.9666   3.572269    33.5309        307     1.2750  0.000e+00
     23.253     8.9807   3.587635    33.6779        308     1.2792  0.000e+00
     23.431     8.9775   3.559938    33.3918        309     1.2833  0.000e+00
     23.603     8.9632   3.516763    32.9551        310     1.2875  0.000e+00
     23.760     8.9382   3.496082    32.7629        311     1.2917  0.000e+00
     23.907     8.9272   3.482534    32.6319        312     1.2958  0.000e+00
     24.044     8.9263   3.474768    32.5519        313     1.3000  0.000e+00
     24.178     8.9130   3.472995    32.5456        314     1.3042  0.000e+00
     24.309     8.8910   3.475816    32.5951        315     1.3083  0.000e+00
     24.439     8.8678   3.479565    32.6554        316     1.3125  0.000e+00
     24.575     8.8466   3.482834    32.7090        317     1.3167  0.000e+00
     24.714     8.8302   3.484499    32.7414        318     1.3208  0.000e+00
     24.861     8.8167   3.484280    32.7516        319     1.3250  0.000e+00
     25.006     8.8056   3.485628    32.7758        320     1.3292  0.000e+00
     25.160     8.7958   3.486738    32.7964        321     1.3333  0.000e+00
     25.325     8.7909   3.491193    32.8474        322     1.3375  0.000e+00
     25.493     8.7918   3.500544    32.9442        323     1.3417  0.000e+00
     25.674     8.7977   3.506431    33.0002        324     1.3458  0.000e+00
     25.857     8.8086   3.513154    33.0603        325     1.3500  0.000e+00
     26.040     8.8167   3.520838    33.1330        326     1.3542  0.000e+00
     26.221     8.8145   3.497966    32.8958        327     1.3583  0.000e+00
     26.391     8.8058   3.478250    32.6980        328     1.3625  0.000e+00
     26.549     8.7968   3.465410    32.5721        329     1.3667  0.000e+00
     26.696     8.7976   3.463493    32.5513        330     1.3708  0.000e+00
     26.833     8.8061   3.463834    32.5470        331     1.3750  0.000e+00
     26.964     8.8090   3.465167    32.5582        332     1.3792  0.000e+00
     27.102     8.8048   3.469148    32.6035        333     1.3833  0.000e+00
     27.232     8.7967   3.471816    32.6388        334     1.3875  0.000e+00
     27.368     8.7880   3.474825    32.6782        335     1.3917  0.000e+00
     27.505     8.7821   3.479470    32.7320        336     1.3958  0.000e+00
     27.652     8.7807   3.483805    32.7786        337     1.4000  0.000e+00
     27.801     8.7814   3.493160    32.8756        338     1.4042  0.000e+00
     27.949     8.7836   3.501266    32.9583        339     1.4083  0.000e+00
     28.114     8.7906   3.524024    33.1898        340     1.4125  0.000e+00
     28.281     8.8053   3.573246    33.6915        341     1.4167  0.000e+00
     28.449     8.8292   3.630267    34.2669        342     1.4208  0.000e+00
     28.628     8.8454   3.680614    34.7803        343     1.4250  0.000e+00
     28.815     8.8741   3.741730    35.3956        344     1.4292  0.000e+00
     29.009     8.9912   3.765657    35.5304        345     1.4333  0.000e+00
     29.206     9.2490   3.773146    35.3520        346     1.4375  0.000e+00
     29.407     9.6148   3.766713    34.9257        347     1.4417  0.000e+00
     29.604     9.9150   3.726929    34.2280        348     1.4458  0.000e+00
     29.804    10.0742   3.675445    33.5536        349     1.4500  0.000e+00
     29.994    10.1060   3.614931    32.9106        350     1.4542  0.000e+00
     30.178    10.0512   3.562531    32.4297        351     1.4583  0.000e+00
     30.361     9.9123   3.528124    32.2054        352     1.4625  0.000e+00
     30.537     9.6989   3.495404    32.0631        353     1.4667  0.000e+00
     30.711     9.4916   3.469306    31.9814        354     1.4708  0.000e+00
     30.877     9.3170   3.452950    31.9695        355     1.4750  0.000e+00
     31.035     9.1744   3.444617    32.0114        356     1.4792  0.000e+00
     31.194     9.0603   3.442299    32.0900        357     1.4833  0.000e+00
     31.348     8.9702   3.441257    32.1605        358     1.4875  0.000e+00
     31.495     8.9020   3.439716    32.2062        359     1.4917  0.000e+00
     31.640     8.8485   3.436992    32.2264        360     1.4958  0.000e+00
     31.779     8.8059   3.433851    32.2323        361     1.5000  0.000e+00
     31.921     8.7726   3.430608    32.2288        362     1.5042  0.000e+00
     32.056     8.7485   3.427159    32.2146        363     1.5083  0.000e+00
     32.178     8.7316   3.425233    32.2098        364     1.5125  0.000e+00
     32.297     8.7200   3.429517    32.2650        365     1.5167  0.000e+00
     32.406     8.7128   3.437309    32.3529        366     1.5208  0.000e+00
     32.504     8.7119   3.472184    32.7184        367     1.5250  0.000e+00
     32.600     8.7209   3.529058    33.3059        368     1.5292  0.000e+00
     32.688     8.7355   3.586154    33.8915        369     1.5333  0.000e+00
     32.777     8.7373   3.610102    34.1416        370     1.5375  0.000e+00
     32.868     8.7346   3.654273    34.6095        371     1.5417  0.000e+00
     32.962     8.8098   3.693226    34.9462        372     1.5458  0.000e+00
     33.065     9.0987   3.717557    34.9173        373     1.5500  0.000e+00
     33.183     9.6042   3.708821    34.3366        374     1.5542  0.000e+00
     33.315    10.2154   3.679826    33.4658        375     1.5583  0.000e+00
     33.471    10.7894   3.644562    32.5914        376     1.5625  0.000e+00
     33.636    11.1774   3.617625    31.9837        377     1.5667  0.000e+00
     33.819    11.3168   3.603096    31.7207        378     1.5708  0.000e+00
     34.016    11.3363   3.594878    31.6236        379     1.5750  0.000e+00
     34.226    11.2864   3.583916    31.5590        380     1.5792  0.000e+00
     34.451    11.2243   3.565787    31.4344        381     1.5833  0.000e+00
     34.686    11.1380   3.555820    31.4103        382     1.5875  0.000e+00
     34.931    11.0159   3.554217    31.4989        383     1.5917  0.000e+00
     35.179    10.8782   3.558603    31.6605        384     1.5958  0.000e+00
     35.425    10.7858   3.581443    31.9667        385     1.6000  0.000e+00
     35.666    10.7696   3.577811    31.9448        386     1.6042  0.000e+00
     35.900    10.7850   3.578255    31.9357        387     1.6083  0.000e+00
     36.123    10.7502   3.571563    31.8995        388     1.6125  0.000e+00
     36.331    10.5936   3.544077    31.7626        389     1.6167  0.000e+00
     36.523    10.3164   3.491064    31.4740        390     1.6208  0.000e+00
     36.682    10.0005   3.451771    31.3531        391     1.6250  0.000e+00
     36.831     9.6940   3.432187    31.4215        392     1.6292  0.000e+00
     36.954     9.4251   3.425627    31.5907        393     1.6333  0.000e+00
     37.061     9.2094   3.426944    31.7953        394     1.6375  0.000e+00
     37.168     9.0532   3.432686    31.9943        395     1.6417  0.000e+00
     37.276     8.9515   3.439924    32.1609        396     1.6458  0.000e+00
     37.394     8.8882   3.445175    32.2728        397     1.6500  0.000e+00
     37.506     8.8482   3.449482    32.3540        398     1.6542  0.000e+00
     37.620     8.8171   3.450138    32.3892        399     1.6583  0.000e+00
     37.736     8.7897   3.448316    32.3952        400     1.6625  0.000e+00
     37.856     8.7664   3.447709    32.4101        401     1.6667  0.000e+00
     37.981     8.7502   3.448438    32.4325        402     1.6708  0.000e+00
     38.097     8.7372   3.449781    32.4584        403     1.6750  0.000e+00
     38.220     8.7270   3.450784    32.4781        404     1.6792  0.000e+00
     38.343     8.7218   3.453822    32.5146        405     1.6833  0.000e+00
     38.465     8.7202   3.458771    32.5678        406     1.6875  0.000e+00
     38.588     8.7227   3.469311    32.6757        407     1.6917  0.000e+00
     38.709     8.7310   3.495699    32.9440        408     1.6958  0.000e+00
     38.838     8.7501   3.517266    33.1520        409     1.7000  0.000e+00
     38.975     8.7698   3.524010    33.2041        410     1.7042  0.000e+00
     39.118     8.7755   3.541048    33.3771        411     1.7083  0.000e+00
     39.280     8.8314   3.553358    33.4533        412     1.7125  0.000e+00
     39.443     8.9270   3.559446    33.4267        413     1.7167  0.000e+00
     39.624     9.0665   3.561782    33.3201        414     1.7208  0.000e+00
     39.810     9.2508   3.556244    33.0908        415     1.7250  0.000e+00
     40.006     9.4401   3.546758    32.8184        416     1.7292  0.000e+00
     40.212     9.6480   3.539233    32.5518        417     1.7333  0.000e+00
     40.430     9.8120   3.537685    32.3879        418     1.7375  0.000e+00
     40.647     9.9061   3.537623    32.3028        419     1.7417  0.000e+00
     40.870     9.9564   3.540028    32.2820        420     1.7458  0.000e+00
