HB2407/sbe003.cnv
* Sea-Bird SBE 19plus V2 Data File:
* FileName = C:\cruise\data\sbe003.hex
* Software Version Seasave V 7.26.7.121
* Temperature SN = 7143
* Conductivity SN = 7143
* System UpLoad Time = Sep 08 2024 08:25:39
* NMEA Latitude = 38 38.59 N
* NMEA Longitude = 073 13.41 W
* NMEA UTC (Time) = Sep 08 2024  08:25:46
** Ship: Bigelow
** Cruise:  HB2407
** Program:  Fall Bottom Trawl
# nquan = 7
# nvalues = 2903                                  
# units = specified
# name 0 = depSM: Depth [salt water, m]
# name 1 = tv290C: Temperature [ITS-90, deg C]
# name 2 = c0S/m: Conductivity [S/m]
# name 3 = sal00: Salinity, Practical [PSU]
# name 4 = scan: Scan Count
# name 5 = timeM: Time, Elapsed [minutes]
# name 6 = flag:  0.000e+00
# span 0 =     -0.109,    111.676                 
# span 1 =    12.0303,    21.7452                 
# span 2 =   0.000002,   4.731839                 
# span 3 =     0.0097,    37.0077                 
# span 4 =         11,       2913                 
# span 5 =     0.0417,    12.1333                 
# span 6 = 0.0000e+00, 0.0000e+00                 
# interval = seconds: 0.25
# start_time = Sep 08 2024 08:25:46 [NMEA time, header]
# bad_flag = -9.990e-29
*END*
[from data line 1642]
     66.225    12.1513   3.988171    34.7153       1653     6.8833  0.000e+00
     66.162    12.1514   3.988068    34.7142       1654     6.8875  0.000e+00
     66.091    12.1513   3.987997    34.7137       1655     6.8917  0.000e+00
     66.028    12.1513   3.987978    34.7135       1656     6.8958  0.000e+00
     65.968    12.1510   3.987978    34.7138       1657     6.9000  0.000e+00
     65.916    12.1508   3.987926    34.7135       1658     6.9042  0.000e+00
     65.861    12.1505   3.987881    34.7134       1659     6.9083  0.000e+00
     65.811    12.1504   3.987830    34.7130       1660     6.9125  0.000e+00
     65.762    12.1501   3.987791    34.7130       1661     6.9167  0.000e+00
     65.718    12.1499   3.987804    34.7132       1662     6.9208  0.000e+00
     65.677    12.1500   3.987836    34.7135       1663     6.9250  0.000e+00
     65.641    12.1499   3.987830    34.7136       1664     6.9292  0.000e+00
     65.612    12.1499   3.987817    34.7134       1665     6.9333  0.000e+00
     65.586    12.1500   3.987830    34.7135       1666     6.9375  0.000e+00
     65.570    12.1499   3.987836    34.7136       1667     6.9417  0.000e+00
     65.556    12.1499   3.987830    34.7135       1668     6.9458  0.000e+00
     65.547    12.1501   3.987817    34.7133       1669     6.9500  0.000e+00
     65.540    12.1499   3.987830    34.7136       1670     6.9542  0.000e+00
     65.522    12.1499   3.987817    34.7135       1671     6.9583  0.000e+00
     65.504    12.1499   3.987830    34.7136       1672     6.9625  0.000e+00
     65.475    12.1499   3.987817    34.7135       1673     6.9667  0.000e+00
     65.432    12.1499   3.987830    34.7137       1674     6.9708  0.000e+00
     65.379    12.1498   3.987791    34.7134       1675     6.9750  0.000e+00
     65.309    12.1499   3.987817    34.7136       1676     6.9792  0.000e+00
     65.224    12.1501   3.987804    34.7132       1677     6.9833  0.000e+00
     65.124    12.1499   3.987791    34.7134       1678     6.9875  0.000e+00
     65.008    12.1500   3.987804    34.7135       1679     6.9917  0.000e+00
     64.885    12.1501   3.987791    34.7133       1680     6.9958  0.000e+00
     64.753    12.1500   3.987784    34.7134       1681     7.0000  0.000e+00
     64.623    12.1499   3.987836    34.7141       1682     7.0042  0.000e+00
     64.485    12.1501   3.987855    34.7141       1683     7.0083  0.000e+00
     64.355    12.1502   3.987861    34.7141       1684     7.0125  0.000e+00
     64.226    12.1501   3.987803    34.7137       1685     7.0167  0.000e+00
     64.094    12.1502   3.987816    34.7138       1686     7.0208  0.000e+00
     63.980    12.1499   3.987784    34.7138       1687     7.0250  0.000e+00
     63.879    12.1500   3.987745    34.7134       1688     7.0292  0.000e+00
     63.786    12.1499   3.987707    34.7131       1689     7.0333  0.000e+00
     63.703    12.1498   3.987674    34.7130       1690     7.0375  0.000e+00
     63.636    12.1494   3.987636    34.7130       1691     7.0417  0.000e+00
     63.576    12.1492   3.987603    34.7129       1692     7.0458  0.000e+00
     63.529    12.1492   3.987565    34.7125       1693     7.0500  0.000e+00
     63.484    12.1491   3.987558    34.7126       1694     7.0542  0.000e+00
     63.448    12.1490   3.987539    34.7126       1695     7.0583  0.000e+00
     63.414    12.1487   3.987565    34.7131       1696     7.0625  0.000e+00
     63.381    12.1488   3.987584    34.7131       1697     7.0667  0.000e+00
     63.352    12.1486   3.987591    34.7134       1698     7.0708  0.000e+00
     63.321    12.1485   3.987584    34.7134       1699     7.0750  0.000e+00
     63.282    12.1487   3.987539    34.7128       1700     7.0792  0.000e+00
     63.242    12.1487   3.987397    34.7115       1701     7.0833  0.000e+00
     63.195    12.1481   3.987223    34.7104       1702     7.0875  0.000e+00
     63.150    12.1477   3.987146    34.7100       1703     7.0917  0.000e+00
     63.092    12.1475   3.987152    34.7103       1704     7.0958  0.000e+00
     63.039    12.1472   3.987165    34.7107       1705     7.1000  0.000e+00
     62.985    12.1472   3.987127    34.7104       1706     7.1042  0.000e+00
     62.922    12.1469   3.987120    34.7106       1707     7.1083  0.000e+00
     62.862    12.1471   3.987152    34.7107       1708     7.1125  0.000e+00
     62.797    12.1471   3.987101    34.7103       1709     7.1167  0.000e+00
     62.741    12.1470   3.987126    34.7107       1710     7.1208  0.000e+00
     62.683    12.1469   3.987236    34.7118       1711     7.1250  0.000e+00
     62.627    12.1472   3.987249    34.7117       1712     7.1292  0.000e+00
     62.565    12.1473   3.987281    34.7119       1713     7.1333  0.000e+00
     62.495    12.1476   3.987281    34.7118       1714     7.1375  0.000e+00
     62.430    12.1476   3.987320    34.7121       1715     7.1417  0.000e+00
     62.354    12.1478   3.987281    34.7116       1716     7.1458  0.000e+00
     62.274    12.1480   3.987152    34.7102       1717     7.1500  0.000e+00
     62.189    12.1478   3.987075    34.7096       1718     7.1542  0.000e+00
     62.104    12.1475   3.987030    34.7096       1719     7.1583  0.000e+00
     62.008    12.1471   3.987004    34.7097       1720     7.1625  0.000e+00
     61.908    12.1469   3.986984    34.7097       1721     7.1667  0.000e+00
     61.809    12.1467   3.986888    34.7090       1722     7.1708  0.000e+00
     61.704    12.1467   3.986888    34.7091       1723     7.1750  0.000e+00
     61.599    12.1467   3.986913    34.7094       1724     7.1792  0.000e+00
     61.497    12.1463   3.986984    34.7105       1725     7.1833  0.000e+00
     61.396    12.1466   3.986939    34.7098       1726     7.1875  0.000e+00
     61.301    12.1467   3.986933    34.7097       1727     7.1917  0.000e+00
     61.209    12.1466   3.986958    34.7101       1728     7.1958  0.000e+00
     61.117    12.1468   3.986984    34.7102       1729     7.2000  0.000e+00
     61.037    12.1468   3.986868    34.7091       1730     7.2042  0.000e+00
     60.952    12.1464   3.986836    34.7092       1731     7.2083  0.000e+00
     60.876    12.1466   3.986842    34.7091       1732     7.2125  0.000e+00
     60.805    12.1464   3.986862    34.7095       1733     7.2167  0.000e+00
     60.740    12.1463   3.986868    34.7097       1734     7.2208  0.000e+00
     60.673    12.1462   3.986842    34.7095       1735     7.2250  0.000e+00
     60.617    12.1462   3.986791    34.7090       1736     7.2292  0.000e+00
     60.570    12.1461   3.986823    34.7095       1737     7.2333  0.000e+00
     60.514    12.1460   3.986836    34.7097       1738     7.2375  0.000e+00
     60.467    12.1461   3.986823    34.7096       1739     7.2417  0.000e+00
     60.416    12.1460   3.986816    34.7096       1740     7.2458  0.000e+00
     60.356    12.1462   3.986823    34.7095       1741     7.2500  0.000e+00
     60.295    12.1460   3.986816    34.7096       1742     7.2542  0.000e+00
     60.231    12.1461   3.986778    34.7092       1743     7.2583  0.000e+00
     60.146    12.1459   3.986720    34.7089       1744     7.2625  0.000e+00
     60.072    12.1460   3.986707    34.7087       1745     7.2667  0.000e+00
     59.985    12.1457   3.986623    34.7081       1746     7.2708  0.000e+00
     59.891    12.1454   3.986520    34.7075       1747     7.2750  0.000e+00
     59.785    12.1450   3.986430    34.7070       1748     7.2792  0.000e+00
     59.687    12.1448   3.986430    34.7073       1749     7.2833  0.000e+00
     59.573    12.1446   3.986449    34.7077       1750     7.2875  0.000e+00
     59.464    12.1445   3.986223    34.7057       1751     7.2917  0.000e+00
     59.361    12.1438   3.985991    34.7041       1752     7.2958  0.000e+00
     59.260    12.1431   3.985740    34.7023       1753     7.3000  0.000e+00
     59.160    12.1414   3.984304    34.6900       1754     7.3042  0.000e+00
     59.063    12.1372   3.982907    34.6804       1755     7.3083  0.000e+00
     58.977    12.1319   3.982205    34.6785       1756     7.3125  0.000e+00
     58.902    12.1269   3.981477    34.6761       1757     7.3167  0.000e+00
     58.840    12.1218   3.979604    34.6627       1758     7.3208  0.000e+00
     58.775    12.1143   3.977364    34.6478       1759     7.3250  0.000e+00
     58.717    12.1071   3.976212    34.6434       1760     7.3292  0.000e+00
     58.665    12.1006   3.975247    34.6400       1761     7.3333  0.000e+00
     58.616    12.0948   3.974141    34.6347       1762     7.3375  0.000e+00
     58.578    12.0895   3.973549    34.6339       1763     7.3417  0.000e+00
     58.538    12.0850   3.972719    34.6300       1764     7.3458  0.000e+00
     58.502    12.0809   3.972153    34.6283       1765     7.3500  0.000e+00
     58.471    12.0771   3.971857    34.6289       1766     7.3542  0.000e+00
     58.442    12.0745   3.971645    34.6293       1767     7.3583  0.000e+00
     58.422    12.0728   3.971446    34.6290       1768     7.3625  0.000e+00
     58.402    12.0712   3.971279    34.6288       1769     7.3667  0.000e+00
     58.388    12.0702   3.971086    34.6279       1770     7.3708  0.000e+00
     58.366    12.0693   3.970841    34.6263       1771     7.3750  0.000e+00
     58.337    12.0682   3.970629    34.6253       1772     7.3792  0.000e+00
     58.303    12.0672   3.970571    34.6257       1773     7.3833  0.000e+00
     58.267    12.0668   3.970488    34.6253       1774     7.3875  0.000e+00
     58.204    12.0662   3.970385    34.6249       1775     7.3917  0.000e+00
     58.128    12.0659   3.970295    34.6243       1776     7.3958  0.000e+00
     58.032    12.0655   3.970179    34.6236       1777     7.4000  0.000e+00
     57.910    12.0649   3.969144    34.6141       1778     7.4042  0.000e+00
     57.773    12.0627   3.967909    34.6042       1779     7.4083  0.000e+00
     57.617    12.0585   3.966668    34.5960       1780     7.4125  0.000e+00
     57.443    12.0531   3.964772    34.5827       1781     7.4167  0.000e+00
     57.257    12.0460   3.963410    34.5761       1782     7.4208  0.000e+00
     57.063    12.0391   3.963236    34.5809       1783     7.4250  0.000e+00
     56.860    12.0352   3.963243    34.5847       1784     7.4292  0.000e+00
     56.688    12.0332   3.963191    34.5861       1785     7.4333  0.000e+00
     56.496    12.0323   3.963165    34.5868       1786     7.4375  0.000e+00
     56.330    12.0318   3.963075    34.5864       1787     7.4417  0.000e+00
     56.174    12.0311   3.963050    34.5869       1788     7.4458  0.000e+00
     56.038    12.0310   3.963050    34.5870       1789     7.4500  0.000e+00
     55.921    12.0307   3.963056    34.5874       1790     7.4542  0.000e+00
     55.826    12.0306   3.963069    34.5877       1791     7.4583  0.000e+00
     55.747    12.0303   3.963030    34.5876       1792     7.4625  0.000e+00
     55.669    12.0303   3.962882    34.5862       1793     7.4667  0.000e+00
     55.609    12.0304   3.962780    34.5851       1794     7.4708  0.000e+00
     55.564    12.0306   3.962786    34.5851       1795     7.4750  0.000e+00
     55.526    12.0305   3.962760    34.5849       1796     7.4792  0.000e+00
     55.501    12.0310   3.962786    34.5847       1797     7.4833  0.000e+00
     55.484    12.0312   3.962760    34.5842       1798     7.4875  0.000e+00
     55.483    12.0317   3.962760    34.5838       1799     7.4917  0.000e+00
     55.488    12.0324   3.962760    34.5832       1800     7.4958  0.000e+00
     55.499    12.0321   3.962734    34.5831       1801     7.5000  0.000e+00
     55.528    12.0324   3.962689    34.5824       1802     7.5042  0.000e+00
     55.550    12.0323   3.962664    34.5823       1803     7.5083  0.000e+00
     55.570    12.0319   3.962638    34.5824       1804     7.5125  0.000e+00
     55.581    12.0314   3.962619    34.5827       1805     7.5167  0.000e+00
     55.575    12.0311   3.962593    34.5827       1806     7.5208  0.000e+00
     55.557    12.0308   3.962529    34.5824       1807     7.5250  0.000e+00
     55.521    12.0306   3.962497    34.5822       1808     7.5292  0.000e+00
     55.458    12.0305   3.962484    34.5823       1809     7.5333  0.000e+00
     55.376    12.0304   3.962471    34.5822       1810     7.5375  0.000e+00
     55.273    12.0307   3.962413    34.5815       1811     7.5417  0.000e+00
     55.143    12.0311   3.962233    34.5794       1812     7.5458  0.000e+00
     55.014    12.0317   3.962092    34.5775       1813     7.5500  0.000e+00
     54.866    12.0325   3.962278    34.5786       1814     7.5542  0.000e+00
     54.725    12.0342   3.962297    34.5773       1815     7.5583  0.000e+00
     54.571    12.0364   3.962329    34.5757       1816     7.5625  0.000e+00
     54.439    12.0385   3.962323    34.5737       1817     7.5667  0.000e+00
     54.312    12.0400   3.962329    34.5724       1818     7.5708  0.000e+00
     54.200    12.0410   3.962329    34.5715       1819     7.5750  0.000e+00
     54.108    12.0412   3.962323    34.5713       1820     7.5792  0.000e+00
     54.022    12.0418   3.962329    34.5709       1821     7.5833  0.000e+00
     53.947    12.0420   3.962323    34.5707       1822     7.5875  0.000e+00
     53.881    12.0422   3.962329    34.5706       1823     7.5917  0.000e+00
     53.827    12.0424   3.962348    34.5706       1824     7.5958  0.000e+00
     53.771    12.0424   3.962355    34.5707       1825     7.6000  0.000e+00
     53.715    12.0426   3.962348    34.5705       1826     7.6042  0.000e+00
     53.652    12.0424   3.962355    34.5707       1827     7.6083  0.000e+00
     53.588    12.0424   3.962348    34.5707       1828     7.6125  0.000e+00
     53.514    12.0424   3.962329    34.5706       1829     7.6167  0.000e+00
     53.433    12.0424   3.962322    34.5706       1830     7.6208  0.000e+00
     53.346    12.0424   3.962329    34.5706       1831     7.6250  0.000e+00
     53.241    12.0423   3.962297    34.5705       1832     7.6292  0.000e+00
     53.136    12.0426   3.962277    34.5700       1833     7.6333  0.000e+00
     53.016    12.0426   3.962277    34.5701       1834     7.6375  0.000e+00
     52.886    12.0426   3.962277    34.5702       1835     7.6417  0.000e+00
     52.756    12.0427   3.962277    34.5701       1836     7.6458  0.000e+00
     52.623    12.0428   3.962277    34.5701       1837     7.6500  0.000e+00
     52.489    12.0428   3.962277    34.5701       1838     7.6542  0.000e+00
     52.352    12.0427   3.962232    34.5698       1839     7.6583  0.000e+00
     52.223    12.0424   3.962258    34.5704       1840     7.6625  0.000e+00
     52.095    12.0426   3.962232    34.5700       1841     7.6667  0.000e+00
     51.973    12.0424   3.962206    34.5700       1842     7.6708  0.000e+00
     51.865    12.0426   3.962322    34.5710       1843     7.6750  0.000e+00
     51.747    12.0431   3.962495    34.5723       1844     7.6792  0.000e+00
     51.649    12.0447   3.962759    34.5735       1845     7.6833  0.000e+00
     51.551    12.0472   3.963163    34.5751       1846     7.6875  0.000e+00
     51.468    12.0517   3.963838    34.5775       1847     7.6917  0.000e+00
     51.385    12.0581   3.964795    34.5810       1848     7.6958  0.000e+00
     51.304    12.0668   3.965489    34.5797       1849     7.7000  0.000e+00
     51.246    12.0762   3.966351    34.5794       1850     7.7042  0.000e+00
     51.195    12.0873   3.967893    34.5841       1851     7.7083  0.000e+00
     51.154    12.1017   3.969693    34.5883       1852     7.7125  0.000e+00
     51.117    12.1183   3.971063    34.5862       1853     7.7167  0.000e+00
     51.088    12.1342   3.972034    34.5809       1854     7.7208  0.000e+00
     51.069    12.1481   3.973057    34.5780       1855     7.7250  0.000e+00
     51.061    12.1611   3.974118    34.5763       1856     7.7292  0.000e+00
