HB2407/sbe054.cnv
* Sea-Bird SBE 19plus V2 Data File:
* FileName = C:\cruise\data\sbe054.hex
* Software Version Seasave V 7.26.7.121
* Temperature SN = 7143
* Conductivity SN = 7143
* System UpLoad Time = Oct 05 2024 05:45:30
* NMEA Latitude = 40 12.58 N
* NMEA Longitude = 071 34.22 W
* NMEA UTC (Time) = Oct 05 2024  05:45:09
** Ship: Bigelow
** Cruise:  HB2407
** Program:  Fall Bottom Trawl
# nquan = 7
# nvalues = 1806                                  
# units = specified
# name 0 = depSM: Depth [salt water, m]
# name 1 = tv290C: Temperature [ITS-90, deg C]
# name 2 = c0S/m: Conductivity [S/m]
# name 3 = sal00: Salinity, Practical [PSU]
# name 4 = scan: Scan Count
# name 5 = timeM: Time, Elapsed [minutes]
# name 6 = flag:  0.000e+00
# span 0 =      0.004,     77.539                 
# span 1 =    12.6386,    22.1170                 
# span 2 =   0.000013,   4.965216                 
# span 3 =     0.0102,    35.0450                 
# span 4 =         11,       1816                 
# span 5 =     0.0417,     7.5625                 
# span 6 = 0.0000e+00, 0.0000e+00                 
# interval = seconds: 0.25
# start_time = Oct 05 2024 05:45:09 [NMEA time, header]
# bad_flag = -9.990e-29
*END*
[from data line 616]
     75.351    14.1233   4.143920    34.3938        627     2.6083  0.000e+00
     75.235    14.1162   4.143004    34.3917        628     2.6125  0.000e+00
     75.109    14.1113   4.142376    34.3903        629     2.6167  0.000e+00
     74.984    14.1081   4.142310    34.3926        630     2.6208  0.000e+00
     74.853    14.1064   4.141891    34.3903        631     2.6250  0.000e+00
     74.726    14.1055   4.137841    34.3536        632     2.6292  0.000e+00
     74.594    14.1023   4.129844    34.2823        633     2.6333  0.000e+00
     74.462    14.0948   4.119849    34.1963        634     2.6375  0.000e+00
     74.330    14.0827   4.110366    34.1192        635     2.6417  0.000e+00
     74.201    14.0683   4.105808    34.0898        636     2.6458  0.000e+00
     74.071    14.0548   4.102007    34.0665        637     2.6500  0.000e+00
     73.942    14.0436   4.099955    34.0574        638     2.6542  0.000e+00
     73.808    14.0342   4.099140    34.0582        639     2.6583  0.000e+00
     73.676    14.0269   4.098404    34.0579        640     2.6625  0.000e+00
     73.556    14.0212   4.097759    34.0571        641     2.6667  0.000e+00
     73.431    14.0170   4.097140    34.0550        642     2.6708  0.000e+00
     73.316    14.0136   4.096782    34.0548        643     2.6750  0.000e+00
     73.200    14.0109   4.096449    34.0542        644     2.6792  0.000e+00
     73.087    14.0089   4.095733    34.0493        645     2.6833  0.000e+00
     72.979    14.0069   4.095016    34.0444        646     2.6875  0.000e+00
     72.877    14.0045   4.094189    34.0390        647     2.6917  0.000e+00
     72.776    14.0018   4.093525    34.0352        648     2.6958  0.000e+00
     72.680    13.9991   4.091643    34.0201        649     2.7000  0.000e+00
     72.576    13.9954   4.090028    34.0085        650     2.7042  0.000e+00
     72.481    13.9904   4.088505    33.9988        651     2.7083  0.000e+00
     72.386    13.9847   4.087223    33.9920        652     2.7125  0.000e+00
     72.294    13.9797   4.086559    33.9903        653     2.7167  0.000e+00
     72.200    13.9752   4.086247    33.9913        654     2.7208  0.000e+00
     72.111    13.9715   4.086175    33.9940        655     2.7250  0.000e+00
     72.026    13.9692   4.086032    33.9947        656     2.7292  0.000e+00
     71.944    13.9675   4.085609    33.9923        657     2.7333  0.000e+00
     71.865    13.9660   4.084926    33.9874        658     2.7375  0.000e+00
     71.798    13.9638   4.084633    33.9866        659     2.7417  0.000e+00
     71.731    13.9618   4.084113    33.9836        660     2.7458  0.000e+00
     71.669    13.9596   4.083800    33.9826        661     2.7500  0.000e+00
     71.604    13.9578   4.083352    33.9801        662     2.7542  0.000e+00
     71.546    13.9558   4.082194    33.9711        663     2.7583  0.000e+00
     71.490    13.9533   4.081478    33.9667        664     2.7625  0.000e+00
     71.437    13.9499   4.081381    33.9688        665     2.7667  0.000e+00
     71.378    13.9477   4.081075    33.9679        666     2.7708  0.000e+00
     71.311    13.9457   4.080860    33.9677        667     2.7750  0.000e+00
     71.243    13.9443   4.080242    33.9633        668     2.7792  0.000e+00
     71.173    13.9428   4.079794    33.9604        669     2.7833  0.000e+00
     71.101    13.9405   4.079462    33.9594        670     2.7875  0.000e+00
     71.026    13.9386   4.078773    33.9547        671     2.7917  0.000e+00
     70.932    13.9362   4.077167    33.9420        672     2.7958  0.000e+00
     70.841    13.9317   4.073189    33.9090        673     2.8000  0.000e+00
     70.735    13.9225   4.070044    33.8879        674     2.8042  0.000e+00
     70.624    13.9101   4.067043    33.8710        675     2.8083  0.000e+00
     70.497    13.8969   4.061881    33.8347        676     2.8125  0.000e+00
     70.369    13.8820   4.060557    33.8356        677     2.8167  0.000e+00
     70.235    13.8686   4.060129    33.8434        678     2.8208  0.000e+00
     70.086    13.8595   4.058818    33.8393        679     2.8250  0.000e+00
     69.930    13.8526   4.057001    33.8285        680     2.8292  0.000e+00
     69.775    13.8457   4.056132    33.8266        681     2.8333  0.000e+00
     69.615    13.8396   4.055827    33.8292        682     2.8375  0.000e+00
     69.460    13.8352   4.055827    33.8331        683     2.8417  0.000e+00
     69.297    13.8326   4.055736    33.8347        684     2.8458  0.000e+00
     69.146    13.8310   4.055710    33.8359        685     2.8500  0.000e+00
     68.987    13.8301   4.055658    33.8362        686     2.8542  0.000e+00
     68.842    13.8297   4.055567    33.8358        687     2.8583  0.000e+00
     68.693    13.8293   4.055593    33.8365        688     2.8625  0.000e+00
     68.567    13.8293   4.055470    33.8354        689     2.8667  0.000e+00
     68.445    13.8290   4.055418    33.8353        690     2.8708  0.000e+00
     68.329    13.8290   4.055379    33.8349        691     2.8750  0.000e+00
     68.217    13.8285   4.055333    33.8350        692     2.8792  0.000e+00
     68.119    13.8285   4.055093    33.8328        693     2.8833  0.000e+00
     68.034    13.8278   4.055119    33.8337        694     2.8875  0.000e+00
     67.956    13.8279   4.055074    33.8332        695     2.8917  0.000e+00
     67.884    13.8275   4.055048    33.8333        696     2.8958  0.000e+00
     67.821    13.8272   4.054503    33.8285        697     2.9000  0.000e+00
     67.766    13.8262   4.054788    33.8321        698     2.9042  0.000e+00
     67.717    13.8254   4.054626    33.8314        699     2.9083  0.000e+00
     67.670    13.8249   4.053394    33.8203        700     2.9125  0.000e+00
     67.630    13.8220   4.051636    33.8065        701     2.9167  0.000e+00
     67.585    13.8145   4.051215    33.8092        702     2.9208  0.000e+00
     67.542    13.8078   4.049678    33.8008        703     2.9250  0.000e+00
     67.496    13.8000   4.043871    33.7536        704     2.9292  0.000e+00
     67.446    13.7816   4.041526    33.7480        705     2.9333  0.000e+00
     67.390    13.7599   4.040392    33.7565        706     2.9375  0.000e+00
     67.330    13.7415   4.019875    33.5814        707     2.9417  0.000e+00
     67.263    13.7070   3.998962    33.4166        708     2.9458  0.000e+00
     67.196    13.6393   3.997841    33.4653        709     2.9500  0.000e+00
     67.116    13.5836   3.997770    33.5135        710     2.9542  0.000e+00
     67.029    13.5502   3.996952    33.5352        711     2.9583  0.000e+00
     66.940    13.5303   3.995205    33.5363        712     2.9625  0.000e+00
     66.843    13.5147   3.991054    33.5112        713     2.9667  0.000e+00
     66.743    13.4967   3.987265    33.4915        714     2.9708  0.000e+00
     66.638    13.4751   3.983279    33.4732        715     2.9750  0.000e+00
     66.533    13.4493   3.977260    33.4394        716     2.9792  0.000e+00
     66.423    13.4204   3.972879    33.4237        717     2.9833  0.000e+00
     66.312    13.3898   3.970763    33.4307        718     2.9875  0.000e+00
     66.200    13.3654   3.969419    33.4395        719     2.9917  0.000e+00
     66.082    13.3477   3.969156    33.4526        720     2.9958  0.000e+00
     65.966    13.3369   3.969008    33.4607        721     3.0000  0.000e+00
     65.852    13.3308   3.968834    33.4646        722     3.0042  0.000e+00
     65.736    13.3274   3.968744    33.4668        723     3.0083  0.000e+00
     65.620    13.3259   3.968584    33.4666        724     3.0125  0.000e+00
     65.502    13.3248   3.968191    33.4639        725     3.0167  0.000e+00
     65.394    13.3243   3.967716    33.4600        726     3.0208  0.000e+00
     65.276    13.3236   3.967086    33.4546        727     3.0250  0.000e+00
     65.166    13.3215   3.966198    33.4482        728     3.0292  0.000e+00
     65.055    13.3179   3.965356    33.4435        729     3.0333  0.000e+00
     64.952    13.3133   3.964328    33.4379        730     3.0375  0.000e+00
     64.843    13.3079   3.963910    33.4388        731     3.0417  0.000e+00
     64.740    13.3033   3.963853    33.4423        732     3.0458  0.000e+00
     64.638    13.2998   3.963846    33.4454        733     3.0500  0.000e+00
     64.540    13.2979   3.963853    33.4471        734     3.0542  0.000e+00
     64.437    13.2968   3.963589    33.4457        735     3.0583  0.000e+00
     64.340    13.2961   3.963178    33.4424        736     3.0625  0.000e+00
     64.242    13.2950   3.962856    33.4404        737     3.0667  0.000e+00
     64.149    13.2935   3.962722    33.4405        738     3.0708  0.000e+00
     64.048    13.2923   3.962651    33.4410        739     3.0750  0.000e+00
     63.948    13.2915   3.962580    33.4410        740     3.0792  0.000e+00
     63.849    13.2907   3.962542    33.4414        741     3.0833  0.000e+00
     63.746    13.2906   3.962509    33.4412        742     3.0875  0.000e+00
     63.639    13.2906   3.962471    33.4409        743     3.0917  0.000e+00
     63.534    13.2905   3.962484    33.4412        744     3.0958  0.000e+00
     63.432    13.2903   3.962316    33.4398        745     3.1000  0.000e+00
     63.326    13.2902   3.962220    33.4391        746     3.1042  0.000e+00
     63.221    13.2904   3.962002    33.4368        747     3.1083  0.000e+00
     63.119    13.2902   3.961918    33.4362        748     3.1125  0.000e+00
     63.020    13.2898   3.961860    33.4361        749     3.1167  0.000e+00
     62.924    13.2895   3.961738    33.4353        750     3.1208  0.000e+00
     62.833    13.2891   3.961552    33.4339        751     3.1250  0.000e+00
     62.742    13.2884   3.961397    33.4331        752     3.1292  0.000e+00
     62.659    13.2876   3.960614    33.4265        753     3.1333  0.000e+00
     62.574    13.2852   3.958744    33.4110        754     3.1375  0.000e+00
     62.496    13.2800   3.955899    33.3888        755     3.1417  0.000e+00
     62.420    13.2707   3.952510    33.3651        756     3.1458  0.000e+00
     62.344    13.2570   3.948614    33.3405        757     3.1500  0.000e+00
     62.277    13.2401   3.946850    33.3387        758     3.1542  0.000e+00
     62.212    13.2230   3.946472    33.3502        759     3.1583  0.000e+00
     62.147    13.2110   3.944561    33.3427        760     3.1625  0.000e+00
     62.089    13.2004   3.940085    33.3099        761     3.1667  0.000e+00
     62.033    13.1850   3.939226    33.3153        762     3.1708  0.000e+00
     61.975    13.1708   3.938060    33.3167        763     3.1750  0.000e+00
     61.917    13.1588   3.934254    33.2913        764     3.1792  0.000e+00
     61.864    13.1444   3.933690    33.2987        765     3.1833  0.000e+00
     61.803    13.1310   3.931102    33.2860        766     3.1875  0.000e+00
     61.741    13.1183   3.928535    33.2729        767     3.1917  0.000e+00
     61.678    13.1031   3.927331    33.2750        768     3.1958  0.000e+00
     61.606    13.0889   3.924944    33.2649        769     3.2000  0.000e+00
     61.537    13.0756   3.923824    33.2660        770     3.2042  0.000e+00
     61.457    13.0630   3.921463    33.2547        771     3.2083  0.000e+00
     61.377    13.0507   3.914862    33.2032        772     3.2125  0.000e+00
     61.287    13.0297   3.910260    33.1780        773     3.2167  0.000e+00
     61.189    13.0019   3.905941    33.1615        774     3.2208  0.000e+00
     61.084    12.9745   3.902390    33.1520        775     3.2250  0.000e+00
     60.968    12.9482   3.900909    33.1610        776     3.2292  0.000e+00
     60.849    12.9272   3.899339    33.1646        777     3.2333  0.000e+00
     60.711    12.9112   3.895861    33.1457        778     3.2375  0.000e+00
     60.573    12.8965   3.892716    33.1288        779     3.2417  0.000e+00
     60.427    12.8802   3.891657    33.1330        780     3.2458  0.000e+00
     60.287    12.8665   3.890847    33.1374        781     3.2500  0.000e+00
     60.148    12.8571   3.890229    33.1399        782     3.2542  0.000e+00
     60.010    12.8501   3.889667    33.1408        783     3.2583  0.000e+00
     59.869    12.8449   3.887563    33.1253        784     3.2625  0.000e+00
     59.737    12.8393   3.886040    33.1159        785     3.2667  0.000e+00
     59.612    12.8324   3.884682    33.1091        786     3.2708  0.000e+00
     59.507    12.8255   3.883159    33.1007        787     3.2750  0.000e+00
     59.402    12.8175   3.880617    33.0836        788     3.2792  0.000e+00
     59.304    12.8073   3.877247    33.0605        789     3.2833  0.000e+00
     59.221    12.7945   3.875101    33.0514        790     3.2875  0.000e+00
     59.143    12.7813   3.873936    33.0519        791     3.2917  0.000e+00
     59.078    12.7709   3.872173    33.0442        792     3.2958  0.000e+00
     59.018    12.7612   3.869952    33.0316        793     3.3000  0.000e+00
     58.963    12.7510   3.868832    33.0300        794     3.3042  0.000e+00
     58.915    12.7414   3.868393    33.0342        795     3.3083  0.000e+00
     58.866    12.7342   3.868215    33.0388        796     3.3125  0.000e+00
     58.822    12.7296   3.867904    33.0399        797     3.3167  0.000e+00
     58.770    12.7266   3.867509    33.0388        798     3.3208  0.000e+00
     58.730    12.7240   3.866879    33.0351        799     3.3250  0.000e+00
     58.676    12.7213   3.866377    33.0327        800     3.3292  0.000e+00
     58.621    12.7182   3.866065    33.0325        801     3.3333  0.000e+00
     58.564    12.7156   3.865346    33.0279        802     3.3375  0.000e+00
     58.504    12.7129   3.864742    33.0245        803     3.3417  0.000e+00
     58.442    12.7095   3.864380    33.0241        804     3.3458  0.000e+00
     58.377    12.7064   3.863928    33.0225        805     3.3500  0.000e+00
     58.310    12.7039   3.862930    33.0152        806     3.3542  0.000e+00
     58.240    12.7009   3.862580    33.0146        807     3.3583  0.000e+00
     58.163    12.6981   3.862536    33.0166        808     3.3625  0.000e+00
     58.086    12.6961   3.862485    33.0180        809     3.3667  0.000e+00
     58.006    12.6951   3.862396    33.0180        810     3.3708  0.000e+00
     57.923    12.6947   3.862256    33.0170        811     3.3750  0.000e+00
     57.838    12.6946   3.861811    33.0129        812     3.3792  0.000e+00
     57.754    12.6949   3.861518    33.0099        813     3.3833  0.000e+00
     57.669    12.6951   3.860927    33.0042        814     3.3875  0.000e+00
     57.590    12.6951   3.860628    33.0014        815     3.3917  0.000e+00
     57.504    12.6946   3.859954    32.9953        816     3.3958  0.000e+00
     57.423    12.6929   3.859318    32.9909        817     3.4000  0.000e+00
     57.347    12.6900   3.858772    32.9882        818     3.4042  0.000e+00
     57.264    12.6864   3.858282    32.9867        819     3.4083  0.000e+00
     57.186    12.6831   3.858212    32.9890        820     3.4125  0.000e+00
     57.108    12.6807   3.858257    32.9915        821     3.4167  0.000e+00
     57.032    12.6797   3.858301    32.9928        822     3.4208  0.000e+00
     56.954    12.6794   3.858352    32.9937        823     3.4250  0.000e+00
     56.878    12.6794   3.858193    32.9922        824     3.4292  0.000e+00
     56.800    12.6796   3.857748    32.9878        825     3.4333  0.000e+00
     56.717    12.6791   3.857539    32.9863        826     3.4375  0.000e+00
     56.639    12.6778   3.857170    32.9839        827     3.4417  0.000e+00
     56.561    12.6761   3.856916    32.9830        828     3.4458  0.000e+00
     56.483    12.6746   3.856865    32.9839        829     3.4500  0.000e+00
     56.413    12.6733   3.856751    32.9840        830     3.4542  0.000e+00
