HB2407/sbe035.cnv
* Sea-Bird SBE 19plus V2 Data File:
* FileName = C:\cruise\data\sbe035.hex
* Software Version Seasave V 7.26.7.121
* Temperature SN = 7143
* Conductivity SN = 7143
* System UpLoad Time = Sep 23 2024 07:22:19
* NMEA Latitude = 40 13.73 N
* NMEA Longitude = 073 51.80 W
* NMEA UTC (Time) = Sep 23 2024  07:21:44
** Ship: Bigelow
** Cruise:  HB2407
** Program:  Fall Bottom Trawl
# nquan = 7
# nvalues = 836                                   
# units = specified
# name 0 = depSM: Depth [salt water, m]
# name 1 = tv290C: Temperature [ITS-90, deg C]
# name 2 = c0S/m: Conductivity [S/m]
# name 3 = sal00: Salinity, Practical [PSU]
# name 4 = scan: Scan Count
# name 5 = timeM: Time, Elapsed [minutes]
# name 6 = flag:  0.000e+00
# span 0 =     -0.028,     17.876                 
# span 1 =    20.4335,    21.0920                 
# span 2 =   0.266365,   4.418730                 
# span 3 =     1.5023,    31.2639                 
# span 4 =         11,        846                 
# span 5 =     0.0417,     3.5208                 
# span 6 = 0.0000e+00, 0.0000e+00                 
# interval = seconds: 0.25
# start_time = Sep 23 2024 07:21:44 [NMEA time, header]
# bad_flag = -9.990e-29
*END*
[from data line 616]
     17.140    21.0826   4.416605    31.1362        627     2.6083  0.000e+00
     17.070    21.0828   4.416632    31.1363        628     2.6125  0.000e+00
     17.003    21.0828   4.416632    31.1363        629     2.6167  0.000e+00
     16.937    21.0829   4.416605    31.1360        630     2.6208  0.000e+00
     16.872    21.0827   4.416578    31.1360        631     2.6250  0.000e+00
     16.814    21.0828   4.416605    31.1361        632     2.6292  0.000e+00
     16.762    21.0831   4.416552    31.1355        633     2.6333  0.000e+00
     16.720    21.0828   4.416551    31.1357        634     2.6375  0.000e+00
     16.689    21.0828   4.416551    31.1357        635     2.6417  0.000e+00
     16.664    21.0829   4.416531    31.1355        636     2.6458  0.000e+00
     16.660    21.0831   4.416525    31.1353        637     2.6500  0.000e+00
     16.666    21.0832   4.416504    31.1351        638     2.6542  0.000e+00
     16.691    21.0833   4.416471    31.1348        639     2.6583  0.000e+00
     16.725    21.0831   4.416431    31.1346        640     2.6625  0.000e+00
     16.776    21.0831   4.416397    31.1343        641     2.6667  0.000e+00
     16.850    21.0832   4.416377    31.1340        642     2.6708  0.000e+00
     16.940    21.0830   4.416370    31.1341        643     2.6750  0.000e+00
     17.044    21.0829   4.416357    31.1340        644     2.6792  0.000e+00
     17.165    21.0823   4.416370    31.1345        645     2.6833  0.000e+00
     17.288    21.0824   4.416357    31.1343        646     2.6875  0.000e+00
     17.415    21.0827   4.416397    31.1344        647     2.6917  0.000e+00
     17.531    21.0825   4.416431    31.1347        648     2.6958  0.000e+00
     17.634    21.0828   4.416525    31.1352        649     2.7000  0.000e+00
     17.723    21.0830   4.416606    31.1357        650     2.7042  0.000e+00
     17.795    21.0828   4.416633    31.1360        651     2.7083  0.000e+00
     17.847    21.0820   4.416552    31.1359        652     2.7125  0.000e+00
     17.869    21.0817   4.416505    31.1358        653     2.7167  0.000e+00
     17.876    21.0811   4.416579    31.1368        654     2.7208  0.000e+00
     17.855    21.0810   4.416727    31.1381        655     2.7250  0.000e+00
     17.804    21.0811   4.416868    31.1391        656     2.7292  0.000e+00
     17.731    21.0812   4.416780    31.1384        657     2.7333  0.000e+00
     17.635    21.0815   4.416707    31.1376        658     2.7375  0.000e+00
     17.536    21.0818   4.416653    31.1370        659     2.7417  0.000e+00
     17.434    21.0818   4.416653    31.1371        660     2.7458  0.000e+00
     17.304    21.0818   4.416679    31.1373        661     2.7500  0.000e+00
     17.177    21.0822   4.416706    31.1372        662     2.7542  0.000e+00
     17.068    21.0826   4.416706    31.1370        663     2.7583  0.000e+00
     16.963    21.0831   4.416706    31.1367        664     2.7625  0.000e+00
     16.878    21.0832   4.416706    31.1366        665     2.7667  0.000e+00
     16.793    21.0835   4.416706    31.1364        666     2.7708  0.000e+00
     16.730    21.0835   4.416652    31.1360        667     2.7750  0.000e+00
     16.672    21.0836   4.416632    31.1358        668     2.7792  0.000e+00
     16.612    21.0838   4.416652    31.1358        669     2.7833  0.000e+00
     16.567    21.0840   4.416632    31.1355        670     2.7875  0.000e+00
     16.543    21.0839   4.416605    31.1354        671     2.7917  0.000e+00
     16.523    21.0840   4.416578    31.1351        672     2.7958  0.000e+00
     16.510    21.0841   4.416578    31.1350        673     2.8000  0.000e+00
     16.510    21.0837   4.416578    31.1353        674     2.8042  0.000e+00
     16.514    21.0838   4.416578    31.1352        675     2.8083  0.000e+00
     16.525    21.0839   4.416578    31.1352        676     2.8125  0.000e+00
     16.539    21.0839   4.416605    31.1354        677     2.8167  0.000e+00
     16.554    21.0841   4.416652    31.1356        678     2.8208  0.000e+00
     16.565    21.0845   4.416632    31.1352        679     2.8250  0.000e+00
     16.576    21.0845   4.416632    31.1352        680     2.8292  0.000e+00
     16.583    21.0843   4.416652    31.1355        681     2.8333  0.000e+00
     16.588    21.0840   4.416652    31.1357        682     2.8375  0.000e+00
     16.601    21.0840   4.416605    31.1353        683     2.8417  0.000e+00
     16.621    21.0842   4.416605    31.1352        684     2.8458  0.000e+00
     16.650    21.0844   4.416578    31.1348        685     2.8500  0.000e+00
     16.680    21.0840   4.416551    31.1348        686     2.8542  0.000e+00
     16.729    21.0841   4.416498    31.1343        687     2.8583  0.000e+00
     16.785    21.0838   4.416478    31.1344        688     2.8625  0.000e+00
     16.851    21.0840   4.416471    31.1342        689     2.8667  0.000e+00
     16.937    21.0839   4.416457    31.1341        690     2.8708  0.000e+00
     17.024    21.0838   4.416444    31.1340        691     2.8750  0.000e+00
     17.115    21.0838   4.416505    31.1345        692     2.8792  0.000e+00
     17.213    21.0840   4.416552    31.1347        693     2.8833  0.000e+00
     17.307    21.0839   4.416632    31.1354        694     2.8875  0.000e+00
     17.386    21.0837   4.416653    31.1356        695     2.8917  0.000e+00
     17.455    21.0835   4.416706    31.1362        696     2.8958  0.000e+00
     17.491    21.0835   4.416787    31.1368        697     2.9000  0.000e+00
     17.504    21.0835   4.416854    31.1374        698     2.9042  0.000e+00
     17.496    21.0835   4.416995    31.1385        699     2.9083  0.000e+00
     17.457    21.0837   4.417305    31.1407        700     2.9125  0.000e+00
     17.386    21.0843   4.417681    31.1433        701     2.9167  0.000e+00
     17.290    21.0854   4.418044    31.1454        702     2.9208  0.000e+00
     17.167    21.0862   4.418151    31.1457        703     2.9250  0.000e+00
     17.026    21.0869   4.418326    31.1467        704     2.9292  0.000e+00
     16.875    21.0878   4.418380    31.1464        705     2.9333  0.000e+00
     16.720    21.0880   4.418407    31.1466        706     2.9375  0.000e+00
     16.564    21.0886   4.418353    31.1458        707     2.9417  0.000e+00
     16.406    21.0886   4.418299    31.1453        708     2.9458  0.000e+00
     16.267    21.0886   4.418232    31.1448        709     2.9500  0.000e+00
     16.144    21.0886   4.418144    31.1442        710     2.9542  0.000e+00
     16.042    21.0883   4.417956    31.1430        711     2.9583  0.000e+00
     15.970    21.0884   4.417828    31.1420        712     2.9625  0.000e+00
     15.915    21.0885   4.417781    31.1415        713     2.9667  0.000e+00
     15.901    21.0880   4.417701    31.1413        714     2.9708  0.000e+00
     15.903    21.0870   4.417754    31.1424        715     2.9750  0.000e+00
     15.928    21.0862   4.417855    31.1438        716     2.9792  0.000e+00
     15.971    21.0853   4.417902    31.1447        717     2.9833  0.000e+00
     16.029    21.0851   4.417936    31.1452        718     2.9875  0.000e+00
     16.111    21.0851   4.417929    31.1451        719     2.9917  0.000e+00
     16.203    21.0850   4.417882    31.1448        720     2.9958  0.000e+00
     16.306    21.0848   4.417828    31.1445        721     3.0000  0.000e+00
     16.411    21.0850   4.417802    31.1441        722     3.0042  0.000e+00
     16.509    21.0848   4.417808    31.1442        723     3.0083  0.000e+00
     16.611    21.0849   4.417755    31.1437        724     3.0125  0.000e+00
     16.706    21.0846   4.417728    31.1437        725     3.0167  0.000e+00
     16.793    21.0846   4.417701    31.1435        726     3.0208  0.000e+00
     16.878    21.0844   4.417674    31.1433        727     3.0250  0.000e+00
     16.958    21.0846   4.417701    31.1434        728     3.0292  0.000e+00
     17.030    21.0844   4.417755    31.1439        729     3.0333  0.000e+00
     17.097    21.0843   4.417782    31.1442        730     3.0375  0.000e+00
     17.159    21.0848   4.417883    31.1446        731     3.0417  0.000e+00
     17.217    21.0852   4.418057    31.1456        732     3.0458  0.000e+00
     17.271    21.0861   4.418225    31.1463        733     3.0500  0.000e+00
     17.316    21.0872   4.418279    31.1459        734     3.0542  0.000e+00
     17.363    21.0879   4.418326    31.1458        735     3.0583  0.000e+00
     17.396    21.0884   4.418407    31.1461        736     3.0625  0.000e+00
     17.421    21.0886   4.418434    31.1461        737     3.0667  0.000e+00
     17.414    21.0885   4.418454    31.1464        738     3.0708  0.000e+00
     17.390    21.0878   4.418434    31.1467        739     3.0750  0.000e+00
     17.348    21.0870   4.418481    31.1476        740     3.0792  0.000e+00
     17.267    21.0865   4.418615    31.1491        741     3.0833  0.000e+00
     17.149    21.0858   4.418730    31.1505        742     3.0875  0.000e+00
     16.977    21.0853   4.418602    31.1499        743     3.0917  0.000e+00
     16.765    21.0854   4.418514    31.1492        744     3.0958  0.000e+00
     16.529    21.0861   4.418407    31.1480        745     3.1000  0.000e+00
     16.245    21.0868   4.418407    31.1476        746     3.1042  0.000e+00
     15.941    21.0881   4.418326    31.1461        747     3.1083  0.000e+00
     15.608    21.0891   4.418326    31.1454        748     3.1125  0.000e+00
     15.245    21.0898   4.418379    31.1455        749     3.1167  0.000e+00
     14.867    21.0905   4.418298    31.1444        750     3.1208  0.000e+00
     14.512    21.0914   4.418305    31.1440        751     3.1250  0.000e+00
     14.164    21.0920   4.418197    31.1428        752     3.1292  0.000e+00
     13.838    21.0920   4.418076    31.1419        753     3.1333  0.000e+00
     13.529    21.0916   4.418015    31.1419        754     3.1375  0.000e+00
     13.259    21.0908   4.417955    31.1420        755     3.1417  0.000e+00
     13.011    21.0903   4.417908    31.1421        756     3.1458  0.000e+00
     12.779    21.0902   4.417881    31.1420        757     3.1500  0.000e+00
     12.576    21.0900   4.417854    31.1421        758     3.1542  0.000e+00
     12.393    21.0900   4.417780    31.1416        759     3.1583  0.000e+00
     12.230    21.0896   4.417645    31.1408        760     3.1625  0.000e+00
     12.085    21.0887   4.417477    31.1402        761     3.1667  0.000e+00
     11.968    21.0876   4.417282    31.1395        762     3.1708  0.000e+00
     11.872    21.0870   4.417101    31.1385        763     3.1750  0.000e+00
     11.781    21.0864   4.417027    31.1384        764     3.1792  0.000e+00
     11.694    21.0861   4.417047    31.1388        765     3.1833  0.000e+00
     11.618    21.0854   4.417053    31.1394        766     3.1875  0.000e+00
     11.539    21.0853   4.417020    31.1392        767     3.1917  0.000e+00
     11.463    21.0852   4.416953    31.1388        768     3.1958  0.000e+00
     11.401    21.0851   4.416865    31.1382        769     3.2000  0.000e+00
     11.328    21.0851   4.416825    31.1379        770     3.2042  0.000e+00
     11.247    21.0849   4.416838    31.1382        771     3.2083  0.000e+00
     11.149    21.0849   4.416878    31.1386        772     3.2125  0.000e+00
     11.037    21.0851   4.416912    31.1387        773     3.2167  0.000e+00
     10.906    21.0852   4.416925    31.1387        774     3.2208  0.000e+00
     10.756    21.0857   4.416912    31.1383        775     3.2250  0.000e+00
     10.575    21.0861   4.416925    31.1382        776     3.2292  0.000e+00
     10.370    21.0864   4.416784    31.1370        777     3.2333  0.000e+00
     10.126    21.0868   4.417053    31.1389        778     3.2375  0.000e+00
      9.858    21.0869   4.416938    31.1379        779     3.2417  0.000e+00
      9.579    21.0873   4.416750    31.1363        780     3.2458  0.000e+00
      9.271    21.0872   4.416703    31.1361        781     3.2500  0.000e+00
      8.947    21.0869   4.416649    31.1360        782     3.2542  0.000e+00
      8.612    21.0863   4.416575    31.1359        783     3.2583  0.000e+00
      8.269    21.0854   4.416279    31.1343        784     3.2625  0.000e+00
      7.925    21.0833   4.416104    31.1346        785     3.2667  0.000e+00
      7.590    21.0814   4.416050    31.1357        786     3.2708  0.000e+00
      7.259    21.0798   4.416279    31.1388        787     3.2750  0.000e+00
      6.951    21.0801   4.416231    31.1382        788     3.2792  0.000e+00
      6.645    21.0794   4.415902    31.1363        789     3.2833  0.000e+00
      6.364    21.0784   4.415761    31.1360        790     3.2875  0.000e+00
      6.096    21.0772   4.415922    31.1382        791     3.2917  0.000e+00
      5.843    21.0772   4.416130    31.1399        792     3.2958  0.000e+00
      5.596    21.0783   4.416049    31.1386        793     3.3000  0.000e+00
      5.366    21.0781   4.415868    31.1374        794     3.3042  0.000e+00
      5.158    21.0779   4.415827    31.1373        795     3.3083  0.000e+00
      4.975    21.0777   4.415868    31.1378        796     3.3125  0.000e+00
      4.805    21.0775   4.415874    31.1380        797     3.3167  0.000e+00
      4.660    21.0777   4.415894    31.1381        798     3.3208  0.000e+00
      4.510    21.0778   4.415901    31.1381        799     3.3250  0.000e+00
      4.366    21.0781   4.415921    31.1381        800     3.3292  0.000e+00
      4.229    21.0785   4.415948    31.1380        801     3.3333  0.000e+00
      4.097    21.0788   4.415948    31.1379        802     3.3375  0.000e+00
      3.959    21.0789   4.415921    31.1376        803     3.3417  0.000e+00
      3.798    21.0792   4.415894    31.1373        804     3.3458  0.000e+00
      3.630    21.0793   4.415975    31.1379        805     3.3500  0.000e+00
      3.467    21.0801   4.416049    31.1379        806     3.3542  0.000e+00
      3.302    21.0807   4.416075    31.1377        807     3.3583  0.000e+00
      3.139    21.0814   4.416075    31.1373        808     3.3625  0.000e+00
      2.989    21.0818   4.416048    31.1369        809     3.3667  0.000e+00
      2.851    21.0816   4.416021    31.1368        810     3.3708  0.000e+00
      2.710    21.0816   4.415974    31.1365        811     3.3750  0.000e+00
      2.549    21.0816   4.415920    31.1361        812     3.3792  0.000e+00
      2.375    21.0815   4.415947    31.1365        813     3.3833  0.000e+00
      2.152    21.0814   4.415900    31.1362        814     3.3875  0.000e+00
      1.917    21.0810   4.415685    31.1349        815     3.3917  0.000e+00
      1.609    21.0803   4.415725    31.1358        816     3.3958  0.000e+00
      1.326    21.0798   4.415476    31.1343        817     3.4000  0.000e+00
      1.102    21.0781   4.415322    31.1344        818     3.4042  0.000e+00
      0.921    21.0769   4.415342    31.1355        819     3.4083  0.000e+00
      0.933    21.0761   4.415550    31.1377        820     3.4125  0.000e+00
      1.006    21.0754   4.413695    31.1236        821     3.4167  0.000e+00
      1.122    21.0755   4.414173    31.1272        822     3.4208  0.000e+00
      1.194    21.0763   4.415631    31.1381        823     3.4250  0.000e+00
      1.172    21.0770   4.415550    31.1370        824     3.4292  0.000e+00
      1.022    21.0772   4.412808    31.1153        825     3.4333  0.000e+00
      0.781    21.0775   4.415570    31.1369        826     3.4375  0.000e+00
      0.506    21.0776   4.415604    31.1372        827     3.4417  0.000e+00
      0.300    21.0779   4.415570    31.1368        828     3.4458  0.000e+00
      0.149    21.0776   4.415523    31.1367        829     3.4500  0.000e+00
      0.095    21.0774   4.415550    31.1370        830     3.4542  0.000e+00
