HB2407/sbe063.cnv
* Sea-Bird SBE 19plus V2 Data File:
* FileName = C:\cruise\data\sbe063.hex
* Software Version Seasave V 7.26.7.121
* Temperature SN = 7143
* Conductivity SN = 7143
* System UpLoad Time = Oct 06 2024 21:33:31
* NMEA Latitude = 39 40.41 N
* NMEA Longitude = 072 31.11 W
* NMEA UTC (Time) = Oct 06 2024  21:33:12
** Ship: Bigelow
** Cruise:  HB2407
** Program:  Fall Bottom Trawl
# nquan = 7
# nvalues = 2073                                  
# units = specified
# name 0 = depSM: Depth [salt water, m]
# name 1 = tv290C: Temperature [ITS-90, deg C]
# name 2 = c0S/m: Conductivity [S/m]
# name 3 = sal00: Salinity, Practical [PSU]
# name 4 = scan: Scan Count
# name 5 = timeM: Time, Elapsed [minutes]
# name 6 = flag:  0.000e+00
# span 0 =     -0.029,     74.972                 
# span 1 =    12.5287,    21.8453                 
# span 2 =   0.000036,   4.915753                 
# span 3 =     0.0100,    35.1261                 
# span 4 =         11,       2083                 
# span 5 =     0.0417,     8.6750                 
# span 6 = 0.0000e+00, 0.0000e+00                 
# interval = seconds: 0.25
# start_time = Oct 06 2024 21:33:12 [NMEA time, header]
# bad_flag = -9.990e-29
*END*
[from data line 1231]
     34.241    19.8074   4.643338    33.9296       1242     5.1708  0.000e+00
     34.172    19.8222   4.643894    33.9222       1243     5.1750  0.000e+00
     34.105    19.8356   4.649992    33.9613       1244     5.1792  0.000e+00
     34.051    19.8574   4.651805    33.9584       1245     5.1833  0.000e+00
     33.997    19.8803   4.653158    33.9510       1246     5.1875  0.000e+00
     33.944    19.8971   4.654683    33.9500       1247     5.1917  0.000e+00
     33.897    19.9126   4.652869    33.9226       1248     5.1958  0.000e+00
     33.852    19.9182   4.657673    33.9574       1249     5.2000  0.000e+00
     33.809    19.9270   4.656442    33.9402       1250     5.2042  0.000e+00
     33.758    19.9400   4.659776    33.9570       1251     5.2083  0.000e+00
     33.702    19.9498   4.662183    33.9687       1252     5.2125  0.000e+00
     33.653    19.9646   4.668201    34.0059       1253     5.2167  0.000e+00
     33.591    19.9881   4.670451    34.0053       1254     5.2208  0.000e+00
     33.521    20.0142   4.669357    33.9753       1255     5.2250  0.000e+00
     33.447    20.0300   4.675579    34.0133       1256     5.2292  0.000e+00
     33.376    20.0481   4.671441    33.9650       1257     5.2333  0.000e+00
     33.300    20.0572   4.681315    34.0381       1258     5.2375  0.000e+00
     33.230    20.0765   4.680619    34.0169       1259     5.2417  0.000e+00
     33.157    20.1050   4.689598    34.0670       1260     5.2458  0.000e+00
     33.089    20.1295   4.694073    34.0836       1261     5.2500  0.000e+00
     33.033    20.1676   4.695527    34.0647       1262     5.2542  0.000e+00
     32.978    20.1960   4.694775    34.0357       1263     5.2583  0.000e+00
     32.931    20.2113   4.695189    34.0267       1264     5.2625  0.000e+00
     32.888    20.2199   4.693692    34.0077       1265     5.2667  0.000e+00
     32.852    20.2219   4.695637    34.0219       1266     5.2708  0.000e+00
     32.812    20.2244   4.696954    34.0305       1267     5.2750  0.000e+00
     32.772    20.2311   4.695230    34.0111       1268     5.2792  0.000e+00
     32.738    20.2330   4.694450    34.0033       1269     5.2833  0.000e+00
     32.694    20.2286   4.696444    34.0231       1270     5.2875  0.000e+00
     32.658    20.2302   4.695499    34.0141       1271     5.2917  0.000e+00
     32.620    20.2303   4.689816    33.9679       1272     5.2958  0.000e+00
     32.578    20.2188   4.687094    33.9550       1273     5.3000  0.000e+00
     32.540    20.1987   4.682849    33.9368       1274     5.3042  0.000e+00
     32.495    20.1772   4.683463    33.9591       1275     5.3083  0.000e+00
     32.457    20.1618   4.683359    33.9707       1276     5.3125  0.000e+00
     32.419    20.1534   4.683925    33.9820       1277     5.3167  0.000e+00
     32.389    20.1505   4.689356    34.0285       1278     5.3208  0.000e+00
     32.352    20.1596   4.687398    34.0053       1279     5.3250  0.000e+00
     32.323    20.1682   4.685695    33.9846       1280     5.3292  0.000e+00
     32.296    20.1671   4.686667    33.9933       1281     5.3333  0.000e+00
     32.266    20.1659   4.685564    33.9854       1282     5.3375  0.000e+00
     32.229    20.1640   4.686371    33.9934       1283     5.3417  0.000e+00
     32.192    20.1630   4.686102    33.9920       1284     5.3458  0.000e+00
     32.157    20.1637   4.686908    33.9981       1285     5.3500  0.000e+00
     32.107    20.1660   4.688507    34.0093       1286     5.3542  0.000e+00
     32.050    20.1704   4.690003    34.0178       1287     5.3583  0.000e+00
     31.994    20.1789   4.696016    34.0600       1288     5.3625  0.000e+00
     31.931    20.1971   4.697334    34.0559       1289     5.3667  0.000e+00
     31.862    20.2151   4.690568    33.9865       1290     5.3708  0.000e+00
     31.790    20.2146   4.690002    33.9823       1291     5.3750  0.000e+00
     31.712    20.2044   4.693588    34.0197       1292     5.3792  0.000e+00
     31.645    20.2062   4.690919    33.9966       1293     5.3833  0.000e+00
     31.578    20.2047   4.689561    33.9868       1294     5.3875  0.000e+00
     31.518    20.1982   4.688713    33.9851       1295     5.3917  0.000e+00
     31.462    20.1916   4.688169    33.9861       1296     5.3958  0.000e+00
     31.410    20.1862   4.690058    34.0058       1297     5.4000  0.000e+00
     31.368    20.1855   4.689465    34.0015       1298     5.4042  0.000e+00
     31.323    20.1868   4.689761    34.0029       1299     5.4083  0.000e+00
     31.290    20.1877   4.689651    34.0013       1300     5.4125  0.000e+00
     31.256    20.1883   4.689279    33.9978       1301     5.4167  0.000e+00
     31.223    20.1874   4.688548    33.9927       1302     5.4208  0.000e+00
     31.189    20.1850   4.688252    33.9922       1303     5.4250  0.000e+00
     31.155    20.1820   4.688762    33.9988       1304     5.4292  0.000e+00
     31.122    20.1810   4.689086    34.0022       1305     5.4333  0.000e+00
     31.091    20.1821   4.689113    34.0016       1306     5.4375  0.000e+00
     31.064    20.1831   4.688389    33.9949       1307     5.4417  0.000e+00
     31.030    20.1819   4.688548    33.9972       1308     5.4458  0.000e+00
     30.999    20.1811   4.688734    33.9993       1309     5.4500  0.000e+00
     30.961    20.1811   4.688789    33.9997       1310     5.4542  0.000e+00
     30.925    20.1815   4.688713    33.9988       1311     5.4583  0.000e+00
     30.889    20.1813   4.689141    34.0025       1312     5.4625  0.000e+00
     30.845    20.1823   4.689465    34.0043       1313     5.4667  0.000e+00
     30.806    20.1842   4.690623    34.0122       1314     5.4708  0.000e+00
     30.764    20.1874   4.690457    34.0083       1315     5.4750  0.000e+00
     30.720    20.1909   4.690381    34.0049       1316     5.4792  0.000e+00
     30.675    20.1924   4.690050    34.0010       1317     5.4833  0.000e+00
     30.617    20.1916   4.689223    33.9950       1318     5.4875  0.000e+00
     30.572    20.1893   4.689844    34.0019       1319     5.4917  0.000e+00
     30.520    20.1891   4.689788    34.0016       1320     5.4958  0.000e+00
     30.467    20.1888   4.690754    34.0097       1321     5.5000  0.000e+00
     30.411    20.1907   4.692319    34.0209       1322     5.5042  0.000e+00
     30.359    20.1959   4.692588    34.0189       1323     5.5083  0.000e+00
     30.306    20.2014   4.694339    34.0288       1324     5.5125  0.000e+00
     30.250    20.2081   4.694015    34.0207       1325     5.5167  0.000e+00
     30.210    20.2141   4.693801    34.0142       1326     5.5208  0.000e+00
     30.162    20.2158   4.693587    34.0110       1327     5.5250  0.000e+00
     30.122    20.2160   4.694691    34.0199       1328     5.5292  0.000e+00
     30.079    20.2177   4.694829    34.0197       1329     5.5333  0.000e+00
     30.037    20.2210   4.693532    34.0065       1330     5.5375  0.000e+00
     30.003    20.2204   4.693925    34.0101       1331     5.5417  0.000e+00
     29.963    20.2183   4.695525    34.0248       1332     5.5458  0.000e+00
     29.930    20.2219   4.695718    34.0235       1333     5.5500  0.000e+00
     29.896    20.2253   4.696146    34.0243       1334     5.5542  0.000e+00
     29.872    20.2284   4.696636    34.0258       1335     5.5583  0.000e+00
     29.842    20.2319   4.697332    34.0286       1336     5.5625  0.000e+00
     29.824    20.2356   4.695201    34.0083       1337     5.5667  0.000e+00
     29.807    20.2338   4.692814    33.9904       1338     5.5708  0.000e+00
     29.784    20.2254   4.693125    33.9997       1339     5.5750  0.000e+00
     29.769    20.2197   4.694691    34.0170       1340     5.5792  0.000e+00
     29.757    20.2195   4.693718    34.0093       1341     5.5833  0.000e+00
     29.748    20.2188   4.693856    34.0110       1342     5.5875  0.000e+00
     29.728    20.2178   4.695015    34.0212       1343     5.5917  0.000e+00
     29.715    20.2203   4.699871    34.0586       1344     5.5958  0.000e+00
     29.692    20.2330   4.699871    34.0483       1345     5.6000  0.000e+00
     29.670    20.2449   4.698519    34.0278       1346     5.6042  0.000e+00
     29.641    20.2501   4.699574    34.0322       1347     5.6083  0.000e+00
     29.609    20.2522   4.699871    34.0329       1348     5.6125  0.000e+00
     29.573    20.2554   4.698656    34.0205       1349     5.6167  0.000e+00
     29.538    20.2553   4.700278    34.0337       1350     5.6208  0.000e+00
     29.502    20.2574   4.701058    34.0384       1351     5.6250  0.000e+00
     29.461    20.2614   4.701492    34.0387       1352     5.6292  0.000e+00
     29.424    20.2655   4.701679    34.0369       1353     5.6333  0.000e+00
     29.379    20.2690   4.702438    34.0403       1354     5.6375  0.000e+00
     29.341    20.2721   4.703031    34.0426       1355     5.6417  0.000e+00
     29.294    20.2758   4.704274    34.0498       1356     5.6458  0.000e+00
     29.250    20.2821   4.705924    34.0581       1357     5.6500  0.000e+00
     29.200    20.2893   4.703728    34.0345       1358     5.6542  0.000e+00
     29.151    20.2915   4.699387    33.9975       1359     5.6583  0.000e+00
     29.099    20.2791   4.700084    34.0132       1360     5.6625  0.000e+00
     29.052    20.2710   4.699035    34.0112       1361     5.6667  0.000e+00
     29.006    20.2631   4.697683    34.0066       1362     5.6708  0.000e+00
     28.959    20.2566   4.697711    34.0121       1363     5.6750  0.000e+00
     28.916    20.2516   4.698394    34.0217       1364     5.6792  0.000e+00
     28.869    20.2499   4.697656    34.0171       1365     5.6833  0.000e+00
     28.822    20.2477   4.696738    34.0114       1366     5.6875  0.000e+00
     28.778    20.2449   4.699519    34.0363       1367     5.6917  0.000e+00
     28.733    20.2475   4.702493    34.0583       1368     5.6958  0.000e+00
     28.688    20.2584   4.704032    34.0620       1369     5.7000  0.000e+00
     28.639    20.2706   4.703625    34.0489       1370     5.7042  0.000e+00
     28.596    20.2795   4.702707    34.0343       1371     5.7083  0.000e+00
     28.551    20.2812   4.700871    34.0181       1372     5.7125  0.000e+00
     28.500    20.2777   4.706110    34.0634       1373     5.7167  0.000e+00
     28.451    20.2831   4.705896    34.0573       1374     5.7208  0.000e+00
     28.402    20.2924   4.707684    34.0643       1375     5.7250  0.000e+00
     28.350    20.2997   4.707200    34.0545       1376     5.7292  0.000e+00
     28.304    20.3068   4.708816    34.0619       1377     5.7333  0.000e+00
     28.250    20.3140   4.705598    34.0301       1378     5.7375  0.000e+00
     28.203    20.3109   4.691454    33.9179       1379     5.7417  0.000e+00
     28.165    20.2754   4.695930    33.9828       1380     5.7458  0.000e+00
     28.127    20.2505   4.704950    34.0761       1381     5.7500  0.000e+00
     28.098    20.2624   4.703839    34.0574       1382     5.7542  0.000e+00
     28.073    20.2765   4.698007    33.9988       1383     5.7583  0.000e+00
     28.060    20.2716   4.702465    34.0388       1384     5.7625  0.000e+00
     28.057    20.2678   4.700194    34.0235       1385     5.7667  0.000e+00
     28.053    20.2677   4.700056    34.0225       1386     5.7708  0.000e+00
     28.052    20.2639   4.699277    34.0192       1387     5.7750  0.000e+00
     28.052    20.2641   4.691000    33.9519       1388     5.7792  0.000e+00
     28.055    20.2419   4.692448    33.9815       1389     5.7833  0.000e+00
     28.070    20.2235   4.694097    34.0097       1390     5.7875  0.000e+00
     28.081    20.2196   4.695311    34.0227       1391     5.7917  0.000e+00
     28.083    20.2221   4.694848    34.0169       1392     5.7958  0.000e+00
     28.090    20.2246   4.696821    34.0309       1393     5.8000  0.000e+00
     28.094    20.2285   4.696849    34.0281       1394     5.8042  0.000e+00
     28.094    20.2324   4.692345    33.9883       1395     5.8083  0.000e+00
     28.088    20.2271   4.692890    33.9970       1396     5.8125  0.000e+00
     28.069    20.2188   4.694800    34.0192       1397     5.8167  0.000e+00
     28.045    20.2183   4.698008    34.0457       1398     5.8208  0.000e+00
     28.007    20.2261   4.694207    34.0086       1399     5.8250  0.000e+00
     27.960    20.2282   4.694607    34.0101       1400     5.8292  0.000e+00
     27.910    20.2254   4.693048    33.9998       1401     5.8333  0.000e+00
     27.846    20.2216   4.696738    34.0328       1402     5.8375  0.000e+00
     27.776    20.2254   4.697856    34.0389       1403     5.8417  0.000e+00
     27.698    20.2339   4.696607    34.0219       1404     5.8458  0.000e+00
     27.613    20.2369   4.696359    34.0174       1405     5.8500  0.000e+00
     27.524    20.2364   4.698118    34.0321       1406     5.8542  0.000e+00
     27.446    20.2399   4.703763    34.0752       1407     5.8583  0.000e+00
     27.358    20.2578   4.716975    34.1681       1408     5.8625  0.000e+00
     27.289    20.3007   4.717714    34.1394       1409     5.8667  0.000e+00
     27.227    20.3399   4.732846    34.2304       1410     5.8708  0.000e+00
     27.173    20.3956   4.735137    34.2040       1411     5.8750  0.000e+00
     27.126    20.4485   4.728568    34.1082       1412     5.8792  0.000e+00
     27.086    20.4672   4.735599    34.1499       1413     5.8833  0.000e+00
     27.057    20.4861   4.741180    34.1798       1414     5.8875  0.000e+00
     27.045    20.5157   4.747498    34.2070       1415     5.8917  0.000e+00
     27.039    20.5495   4.749410    34.1951       1416     5.8958  0.000e+00
     27.030    20.5808   4.750034    34.1750       1417     5.9000  0.000e+00
     27.034    20.6002   4.748211    34.1447       1418     5.9042  0.000e+00
     27.043    20.6109   4.748758    34.1405       1419     5.9083  0.000e+00
     27.045    20.6085   4.751191    34.1620       1420     5.9125  0.000e+00
     27.051    20.6148   4.740631    34.0718       1421     5.9167  0.000e+00
     27.056    20.6021   4.742141    34.0941       1422     5.9208  0.000e+00
     27.062    20.5779   4.751711    34.1908       1423     5.9250  0.000e+00
     27.056    20.5941   4.751794    34.1784       1424     5.9292  0.000e+00
     27.051    20.6130   4.746027    34.1167       1425     5.9333  0.000e+00
     27.042    20.6119   4.750588    34.1544       1426     5.9375  0.000e+00
     27.034    20.6123   4.747635    34.1302       1427     5.9417  0.000e+00
     27.029    20.6126   4.748210    34.1346       1428     5.9458  0.000e+00
     27.018    20.6099   4.749326    34.1458       1429     5.9500  0.000e+00
     26.993    20.6123   4.754013    34.1817       1430     5.9542  0.000e+00
     26.966    20.6246   4.749576    34.1360       1431     5.9583  0.000e+00
     26.935    20.6286   4.754123    34.1695       1432     5.9625  0.000e+00
     26.904    20.6350   4.755517    34.1756       1433     5.9667  0.000e+00
     26.863    20.6451   4.758590    34.1922       1434     5.9708  0.000e+00
     26.817    20.6602   4.751849    34.1258       1435     5.9750  0.000e+00
     26.767    20.6583   4.753943    34.1442       1436     5.9792  0.000e+00
     26.707    20.6520   4.755295    34.1602       1437     5.9833  0.000e+00
     26.653    20.6543   4.756585    34.1687       1438     5.9875  0.000e+00
     26.593    20.6599   4.758749    34.1817       1439     5.9917  0.000e+00
     26.524    20.6713   4.764091    34.2156       1440     5.9958  0.000e+00
     26.468    20.6895   4.764376    34.2032       1441     6.0000  0.000e+00
     26.410    20.7062   4.765777    34.2011       1442     6.0042  0.000e+00
     26.362    20.7188   4.767034    34.2011       1443     6.0083  0.000e+00
     26.311    20.7286   4.765999    34.1849       1444     6.0125  0.000e+00
     26.275    20.7345   4.768908    34.2035       1445     6.0167  0.000e+00
