HB2407/sbe027.cnv
* Sea-Bird SBE 19plus V2 Data File:
* FileName = C:\cruise\data\sbe027.hex
* Software Version Seasave V 7.26.7.121
* Temperature SN = 7143
* Conductivity SN = 7143
* System UpLoad Time = Sep 18 2024 07:22:07
* NMEA Latitude = 37 43.09 N
* NMEA Longitude = 074 51.10 W
* NMEA UTC (Time) = Sep 18 2024  07:22:25
** Ship: Bigelow
** Cruise:  HB2407
** Program:  Fall Bottom Trawl
# nquan = 7
# nvalues = 1254                                  
# units = specified
# name 0 = depSM: Depth [salt water, m]
# name 1 = tv290C: Temperature [ITS-90, deg C]
# name 2 = c0S/m: Conductivity [S/m]
# name 3 = sal00: Salinity, Practical [PSU]
# name 4 = scan: Scan Count
# name 5 = timeM: Time, Elapsed [minutes]
# name 6 = flag:  0.000e+00
# span 0 =     -0.056,     25.335                 
# span 1 =    18.4156,    22.1025                 
# span 2 =   0.000042,   4.489656                 
# span 3 =     0.0108,    31.6265                 
# span 4 =         11,       1264                 
# span 5 =     0.0417,     5.2625                 
# span 6 = 0.0000e+00, 0.0000e+00                 
# interval = seconds: 0.25
# start_time = Sep 18 2024 07:22:25 [NMEA time, header]
# bad_flag = -9.990e-29
*END*
[from data line 1026]
      5.213    21.3639   4.467034    31.3313       1037     4.3167  0.000e+00
      5.128    21.3617   4.465812    31.3234       1038     4.3208  0.000e+00
      5.075    21.3563   4.463685    31.3106       1039     4.3250  0.000e+00
      5.043    21.3491   4.463179    31.3119       1040     4.3292  0.000e+00
      5.051    21.3429   4.463091    31.3157       1041     4.3333  0.000e+00
      5.091    21.3396   4.463307    31.3198       1042     4.3375  0.000e+00
      5.149    21.3380   4.463685    31.3240       1043     4.3417  0.000e+00
      5.217    21.3387   4.464806    31.3322       1044     4.3458  0.000e+00
      5.298    21.3410   4.465083    31.3327       1045     4.3500  0.000e+00
      5.385    21.3437   4.464860    31.3289       1046     4.3542  0.000e+00
      5.465    21.3448   4.464928    31.3286       1047     4.3583  0.000e+00
      5.530    21.3448   4.464550    31.3256       1048     4.3625  0.000e+00
      5.572    21.3445   4.464118    31.3224       1049     4.3667  0.000e+00
      5.617    21.3427   4.464475    31.3265       1050     4.3708  0.000e+00
      5.677    21.3432   4.465286    31.3325       1051     4.3750  0.000e+00
      5.755    21.3451   4.465839    31.3355       1052     4.3792  0.000e+00
      5.838    21.3477   4.465792    31.3332       1053     4.3833  0.000e+00
      5.921    21.3493   4.465738    31.3316       1054     4.3875  0.000e+00
      5.992    21.3501   4.466609    31.3378       1055     4.3917  0.000e+00
      6.035    21.3527   4.467690    31.3443       1056     4.3958  0.000e+00
      6.055    21.3558   4.467832    31.3432       1057     4.4000  0.000e+00
      6.057    21.3584   4.467183    31.3362       1058     4.4042  0.000e+00
      6.026    21.3575   4.465610    31.3245       1059     4.4083  0.000e+00
      5.981    21.3551   4.467244    31.3391       1060     4.4125  0.000e+00
      5.919    21.3558   4.468021    31.3447       1061     4.4167  0.000e+00
      5.852    21.3586   4.467156    31.3359       1062     4.4208  0.000e+00
      5.791    21.3585   4.465711    31.3246       1063     4.4250  0.000e+00
      5.733    21.3555   4.466474    31.3329       1064     4.4292  0.000e+00
      5.668    21.3551   4.466927    31.3367       1065     4.4333  0.000e+00
      5.593    21.3544   4.464246    31.3162       1066     4.4375  0.000e+00
      5.508    21.3496   4.462902    31.3092       1067     4.4417  0.000e+00
      5.423    21.3418   4.462504    31.3118       1068     4.4458  0.000e+00
      5.340    21.3361   4.462470    31.3157       1069     4.4500  0.000e+00
      5.268    21.3323   4.462092    31.3155       1070     4.4542  0.000e+00
      5.208    21.3296   4.462058    31.3173       1071     4.4583  0.000e+00
      5.154    21.3277   4.462221    31.3200       1072     4.4625  0.000e+00
      5.107    21.3268   4.462146    31.3200       1073     4.4667  0.000e+00
      5.063    21.3268   4.462133    31.3199       1074     4.4708  0.000e+00
      5.027    21.3258   4.461964    31.3194       1075     4.4750  0.000e+00
      4.993    21.3257   4.461815    31.3183       1076     4.4792  0.000e+00
      4.956    21.3246   4.461788    31.3189       1077     4.4833  0.000e+00
      4.913    21.3242   4.461863    31.3197       1078     4.4875  0.000e+00
      4.875    21.3241   4.462031    31.3212       1079     4.4917  0.000e+00
      4.842    21.3243   4.462166    31.3221       1080     4.4958  0.000e+00
      4.810    21.3253   4.462160    31.3213       1081     4.5000  0.000e+00
      4.784    21.3254   4.462166    31.3213       1082     4.5042  0.000e+00
      4.768    21.3261   4.462166    31.3209       1083     4.5083  0.000e+00
      4.762    21.3259   4.462031    31.3199       1084     4.5125  0.000e+00
      4.771    21.3258   4.462018    31.3199       1085     4.5167  0.000e+00
      4.795    21.3251   4.461964    31.3200       1086     4.5208  0.000e+00
      4.822    21.3253   4.462187    31.3216       1087     4.5250  0.000e+00
      4.862    21.3255   4.462524    31.3241       1088     4.5292  0.000e+00
      4.916    21.3273   4.463382    31.3294       1089     4.5333  0.000e+00
      4.983    21.3312   4.464293    31.3337       1090     4.5375  0.000e+00
      5.070    21.3348   4.464725    31.3344       1091     4.5417  0.000e+00
      5.161    21.3386   4.464651    31.3311       1092     4.5458  0.000e+00
      5.241    21.3403   4.464597    31.3294       1093     4.5500  0.000e+00
      5.306    21.3420   4.464752    31.3294       1094     4.5542  0.000e+00
      5.351    21.3430   4.464678    31.3280       1095     4.5583  0.000e+00
      5.366    21.3435   4.464779    31.3285       1096     4.5625  0.000e+00
      5.338    21.3434   4.464752    31.3283       1097     4.5667  0.000e+00
      5.279    21.3442   4.468277    31.3554       1098     4.5708  0.000e+00
      5.181    21.3516   4.468683    31.3532       1099     4.5750  0.000e+00
      5.058    21.3584   4.468412    31.3461       1100     4.5792  0.000e+00
      4.927    21.3629   4.467385    31.3348       1101     4.5833  0.000e+00
      4.791    21.3627   4.467054    31.3324       1102     4.5875  0.000e+00
      4.663    21.3622   4.467034    31.3327       1103     4.5917  0.000e+00
      4.551    21.3605   4.466143    31.3270       1104     4.5958  0.000e+00
      4.460    21.3585   4.465866    31.3263       1105     4.6000  0.000e+00
      4.393    21.3559   4.465656    31.3266       1106     4.6042  0.000e+00
      4.351    21.3542   4.466298    31.3329       1107     4.6083  0.000e+00
      4.335    21.3543   4.466629    31.3354       1108     4.6125  0.000e+00
      4.328    21.3554   4.466926    31.3369       1109     4.6167  0.000e+00
      4.346    21.3575   4.467689    31.3414       1110     4.6208  0.000e+00
      4.362    21.3605   4.469844    31.3560       1111     4.6250  0.000e+00
      4.368    21.3675   4.470709    31.3577       1112     4.6292  0.000e+00
      4.361    21.3730   4.471168    31.3573       1113     4.6333  0.000e+00
      4.339    21.3781   4.471114    31.3532       1114     4.6375  0.000e+00
      4.308    21.3802   4.470884    31.3499       1115     4.6417  0.000e+00
      4.258    21.3811   4.471391    31.3532       1116     4.6458  0.000e+00
      4.180    21.3827   4.470425    31.3445       1117     4.6500  0.000e+00
      4.077    21.3812   4.468195    31.3281       1118     4.6542  0.000e+00
      3.952    21.3765   4.467844    31.3289       1119     4.6583  0.000e+00
      3.825    21.3712   4.468121    31.3349       1120     4.6625  0.000e+00
      3.707    21.3688   4.465967    31.3198       1121     4.6667  0.000e+00
      3.613    21.3624   4.464596    31.3138       1122     4.6708  0.000e+00
      3.568    21.3549   4.464245    31.3165       1123     4.6750  0.000e+00
      3.575    21.3486   4.464069    31.3197       1124     4.6792  0.000e+00
      3.629    21.3445   4.463853    31.3210       1125     4.6833  0.000e+00
      3.713    21.3420   4.463766    31.3221       1126     4.6875  0.000e+00
      3.794    21.3400   4.463637    31.3226       1127     4.6917  0.000e+00
      3.870    21.3386   4.463590    31.3231       1128     4.6958  0.000e+00
      3.948    21.3373   4.463408    31.3227       1129     4.7000  0.000e+00
      4.015    21.3368   4.463381    31.3228       1130     4.7042  0.000e+00
      4.060    21.3359   4.463381    31.3235       1131     4.7083  0.000e+00
      4.080    21.3358   4.463482    31.3243       1132     4.7125  0.000e+00
      4.042    21.3358   4.463590    31.3252       1133     4.7167  0.000e+00
      3.957    21.3361   4.463361    31.3232       1134     4.7208  0.000e+00
      3.843    21.3356   4.463205    31.3224       1135     4.7250  0.000e+00
      3.731    21.3352   4.463246    31.3230       1136     4.7292  0.000e+00
      3.635    21.3349   4.463077    31.3219       1137     4.7333  0.000e+00
      3.564    21.3338   4.463158    31.3234       1138     4.7375  0.000e+00
      3.512    21.3335   4.462956    31.3220       1139     4.7417  0.000e+00
      3.485    21.3323   4.462956    31.3229       1140     4.7458  0.000e+00
      3.479    21.3324   4.462956    31.3228       1141     4.7500  0.000e+00
      3.483    21.3315   4.462929    31.3233       1142     4.7542  0.000e+00
      3.485    21.3314   4.462800    31.3223       1143     4.7583  0.000e+00
      3.487    21.3307   4.462746    31.3224       1144     4.7625  0.000e+00
      3.494    21.3304   4.462726    31.3225       1145     4.7667  0.000e+00
      3.494    21.3300   4.462598    31.3218       1146     4.7708  0.000e+00
      3.479    21.3294   4.462584    31.3221       1147     4.7750  0.000e+00
      3.421    21.3294   4.462524    31.3217       1148     4.7792  0.000e+00
      3.336    21.3284   4.462584    31.3229       1149     4.7833  0.000e+00
      3.193    21.3286   4.462800    31.3245       1150     4.7875  0.000e+00
      3.021    21.3285   4.463178    31.3275       1151     4.7917  0.000e+00
      2.838    21.3305   4.463590    31.3294       1152     4.7958  0.000e+00
      2.673    21.3320   4.463178    31.3252       1153     4.8000  0.000e+00
      2.537    21.3329   4.462928    31.3225       1154     4.8042  0.000e+00
      2.445    21.3320   4.463036    31.3241       1155     4.8083  0.000e+00
      2.402    21.3325   4.463407    31.3266       1156     4.8125  0.000e+00
      2.416    21.3332   4.463563    31.3273       1157     4.8167  0.000e+00
      2.470    21.3342   4.463563    31.3266       1158     4.8208  0.000e+00
      2.563    21.3349   4.463434    31.3250       1159     4.8250  0.000e+00
      2.664    21.3341   4.463036    31.3225       1160     4.8292  0.000e+00
      2.764    21.3334   4.462773    31.3209       1161     4.8333  0.000e+00
      2.856    21.3316   4.462598    31.3208       1162     4.8375  0.000e+00
      2.952    21.3306   4.462530    31.3210       1163     4.8417  0.000e+00
      3.026    21.3292   4.462395    31.3209       1164     4.8458  0.000e+00
      3.068    21.3285   4.462186    31.3197       1165     4.8500  0.000e+00
      3.057    21.3269   4.462247    31.3214       1166     4.8542  0.000e+00
      3.014    21.3273   4.464042    31.3352       1167     4.8583  0.000e+00
      2.911    21.3308   4.464360    31.3352       1168     4.8625  0.000e+00
      2.780    21.3355   4.464292    31.3313       1169     4.8667  0.000e+00
      2.634    21.3384   4.464218    31.3286       1170     4.8708  0.000e+00
      2.469    21.3395   4.464170    31.3275       1171     4.8750  0.000e+00
      2.309    21.3401   4.464042    31.3261       1172     4.8792  0.000e+00
      2.150    21.3393   4.463961    31.3261       1173     4.8833  0.000e+00
      2.004    21.3395   4.463684    31.3238       1174     4.8875  0.000e+00
      1.873    21.3379   4.463434    31.3231       1175     4.8917  0.000e+00
      1.779    21.3369   4.463454    31.3240       1176     4.8958  0.000e+00
      1.718    21.3357   4.463481    31.3251       1177     4.9000  0.000e+00
      1.700    21.3357   4.463583    31.3259       1178     4.9042  0.000e+00
      1.734    21.3358   4.463799    31.3275       1179     4.9083  0.000e+00
      1.799    21.3366   4.464089    31.3292       1180     4.9125  0.000e+00
      1.899    21.3377   4.464251    31.3296       1181     4.9167  0.000e+00
      2.013    21.3387   4.464244    31.3288       1182     4.9208  0.000e+00
      2.140    21.3395   4.464217    31.3280       1183     4.9250  0.000e+00
      2.270    21.3395   4.464224    31.3280       1184     4.9292  0.000e+00
      2.395    21.3400   4.464191    31.3273       1185     4.9333  0.000e+00
      2.500    21.3399   4.464191    31.3274       1186     4.9375  0.000e+00
      2.576    21.3401   4.464170    31.3271       1187     4.9417  0.000e+00
      2.592    21.3397   4.464346    31.3287       1188     4.9458  0.000e+00
      2.542    21.3405   4.464542    31.3296       1189     4.9500  0.000e+00
      2.424    21.3409   4.464393    31.3282       1190     4.9542  0.000e+00
      2.283    21.3415   4.464724    31.3305       1191     4.9583  0.000e+00
      2.118    21.3422   4.464940    31.3316       1192     4.9625  0.000e+00
      1.944    21.3436   4.464751    31.3292       1193     4.9667  0.000e+00
      1.776    21.3442   4.464494    31.3269       1194     4.9708  0.000e+00
      1.633    21.3437   4.464460    31.3270       1195     4.9750  0.000e+00
      1.502    21.3434   4.464521    31.3277       1196     4.9792  0.000e+00
      1.370    21.3429   4.464595    31.3287       1197     4.9833  0.000e+00
      1.234    21.3434   4.464622    31.3286       1198     4.9875  0.000e+00
      1.093    21.3432   4.464291    31.3262       1199     4.9917  0.000e+00
      0.973    21.3432   4.464143    31.3251       1200     4.9958  0.000e+00
      0.890    21.3420   4.464170    31.3262       1201     5.0000  0.000e+00
      0.791    21.3414   4.464116    31.3262       1202     5.0042  0.000e+00
      0.700    21.3408   4.464095    31.3265       1203     5.0083  0.000e+00
      0.688    21.3403   4.464170    31.3274       1204     5.0125  0.000e+00
      0.785    21.3406   4.464170    31.3272       1205     5.0167  0.000e+00
      0.954    21.3408   4.464197    31.3272       1206     5.0208  0.000e+00
      1.137    21.3404   4.464170    31.3272       1207     5.0250  0.000e+00
      1.316    21.3403   4.464143    31.3270       1208     5.0292  0.000e+00
      1.508    21.3402   4.464116    31.3268       1209     5.0333  0.000e+00
      1.700    21.3397   4.464015    31.3264       1210     5.0375  0.000e+00
      1.856    21.3399   4.463988    31.3260       1211     5.0417  0.000e+00
      1.981    21.3392   4.463968    31.3263       1212     5.0458  0.000e+00
      2.055    21.3392   4.463887    31.3256       1213     5.0500  0.000e+00
      2.075    21.3387   4.464096    31.3276       1214     5.0542  0.000e+00
      2.050    21.3395   4.464217    31.3280       1215     5.0583  0.000e+00
      1.994    21.3395   4.464096    31.3271       1216     5.0625  0.000e+00
      1.903    21.3398   4.463988    31.3261       1217     5.0667  0.000e+00
      1.783    21.3393   4.464015    31.3266       1218     5.0708  0.000e+00
      1.619    21.3390   4.464143    31.3279       1219     5.0750  0.000e+00
      1.414    21.3393   4.464143    31.3278       1220     5.0792  0.000e+00
      1.180    21.3389   4.463866    31.3259       1221     5.0833  0.000e+00
      0.918    21.3387   4.463771    31.3254       1222     5.0875  0.000e+00
      0.563    21.3377   4.463683    31.3256       1223     5.0917  0.000e+00
      0.202    21.3378   4.463697    31.3258       1224     5.0958  0.000e+00
      0.039    21.3372   4.463811    31.3271       1225     5.1000  0.000e+00
      0.007    21.3381   1.346580     8.4187       1226     5.1042  0.000e+00
      0.005    21.3396   0.496339     2.8841       1227     5.1083  0.000e+00
      0.009    21.3431   2.497651    16.4880       1228     5.1125  0.000e+00
      0.145    21.3437   4.462981    31.3159       1229     5.1167  0.000e+00
      0.353    21.3446   4.462394    31.3105       1230     5.1208  0.000e+00
      0.574    21.3435   4.458196    31.2784       1231     5.1250  0.000e+00
      0.758    21.3426   4.463764    31.3226       1232     5.1292  0.000e+00
      0.911    21.3418   4.208220    29.3290       1233     5.1333  0.000e+00
      1.066    21.3415   2.850144    19.0587       1234     5.1375  0.000e+00
      1.172    21.3411   3.267499    22.1547       1235     5.1417  0.000e+00
      1.235    21.3401   3.902798    26.9716       1236     5.1458  0.000e+00
      1.240    21.3393   4.463751    31.3248       1237     5.1500  0.000e+00
      1.192    21.3380   4.463582    31.3244       1238     5.1542  0.000e+00
      1.096    21.3375   4.463535    31.3244       1239     5.1583  0.000e+00
      0.949    21.3364   4.463589    31.3257       1240     5.1625  0.000e+00
