HB2407/sbe040.cnv
* Sea-Bird SBE 19plus V2 Data File:
* FileName = C:\cruise\data\sbe040.hex
* Software Version Seasave V 7.26.7.121
* Temperature SN = 7143
* Conductivity SN = 7143
* System UpLoad Time = Sep 24 2024 12:29:38
* NMEA Latitude = 40 50.78 N
* NMEA Longitude = 072 16.25 W
* NMEA UTC (Time) = Sep 24 2024  12:29:04
** Ship: Bigelow
** Cruise:  HB2407
** Program:  Fall Bottom Trawl
# nquan = 7
# nvalues = 1239                                  
# units = specified
# name 0 = depSM: Depth [salt water, m]
# name 1 = tv290C: Temperature [ITS-90, deg C]
# name 2 = c0S/m: Conductivity [S/m]
# name 3 = sal00: Salinity, Practical [PSU]
# name 4 = scan: Scan Count
# name 5 = timeM: Time, Elapsed [minutes]
# name 6 = flag:  0.000e+00
# span 0 =     -0.007,     24.786                 
# span 1 =    16.5559,    18.7601                 
# span 2 =   0.000036,   4.242206                 
# span 3 =     0.0085,    32.4853                 
# span 4 =         11,       1249                 
# span 5 =     0.0417,     5.2000                 
# span 6 = 0.0000e+00, 0.0000e+00                 
# interval = seconds: 0.25
# start_time = Sep 24 2024 12:29:04 [NMEA time, header]
# bad_flag = -9.990e-29
*END*
[from data line 1026]
      4.679    18.7301   4.235420    31.4263       1037     4.3167  0.000e+00
      4.654    18.7289   4.235341    31.4265       1038     4.3208  0.000e+00
      4.608    18.7283   4.235295    31.4266       1039     4.3250  0.000e+00
      4.545    18.7274   4.235341    31.4277       1040     4.3292  0.000e+00
      4.461    18.7267   4.235242    31.4274       1041     4.3333  0.000e+00
      4.351    18.7262   4.234997    31.4259       1042     4.3375  0.000e+00
      4.219    18.7256   4.235070    31.4269       1043     4.3417  0.000e+00
      4.077    18.7249   4.235143    31.4281       1044     4.3458  0.000e+00
      3.924    18.7249   4.235222    31.4289       1045     4.3500  0.000e+00
      3.782    18.7253   4.235143    31.4279       1046     4.3542  0.000e+00
      3.667    18.7252   4.234898    31.4260       1047     4.3583  0.000e+00
      3.572    18.7241   4.234574    31.4242       1048     4.3625  0.000e+00
      3.520    18.7225   4.234621    31.4258       1049     4.3667  0.000e+00
      3.491    18.7216   4.234647    31.4267       1050     4.3708  0.000e+00
      3.487    18.7211   4.234799    31.4283       1051     4.3750  0.000e+00
      3.498    18.7217   4.235070    31.4301       1052     4.3792  0.000e+00
      3.520    18.7227   4.235222    31.4306       1053     4.3833  0.000e+00
      3.540    18.7239   4.235024    31.4281       1054     4.3875  0.000e+00
      3.562    18.7239   4.234720    31.4255       1055     4.3917  0.000e+00
      3.576    18.7230   4.234574    31.4250       1056     4.3958  0.000e+00
      3.601    18.7222   4.234575    31.4256       1057     4.4000  0.000e+00
      3.643    18.7215   4.234548    31.4259       1058     4.4042  0.000e+00
      3.697    18.7209   4.234601    31.4268       1059     4.4083  0.000e+00
      3.757    18.7214   4.234720    31.4274       1060     4.4125  0.000e+00
      3.822    18.7216   4.234746    31.4274       1061     4.4167  0.000e+00
      3.887    18.7216   4.234898    31.4286       1062     4.4208  0.000e+00
      3.943    18.7227   4.235123    31.4297       1063     4.4250  0.000e+00
      3.974    18.7240   4.235314    31.4303       1064     4.4292  0.000e+00
      3.960    18.7257   4.235420    31.4298       1065     4.4333  0.000e+00
      3.916    18.7276   4.235294    31.4274       1066     4.4375  0.000e+00
      3.840    18.7280   4.235096    31.4255       1067     4.4417  0.000e+00
      3.759    18.7279   4.235076    31.4254       1068     4.4458  0.000e+00
      3.664    18.7281   4.235096    31.4255       1069     4.4500  0.000e+00
      3.580    18.7283   4.235169    31.4260       1070     4.4542  0.000e+00
      3.487    18.7283   4.235222    31.4264       1071     4.4583  0.000e+00
      3.396    18.7282   4.235169    31.4261       1072     4.4625  0.000e+00
      3.329    18.7286   4.235195    31.4260       1073     4.4667  0.000e+00
      3.273    18.7283   4.235268    31.4268       1074     4.4708  0.000e+00
      3.235    18.7289   4.235519    31.4285       1075     4.4750  0.000e+00
      3.206    18.7296   4.235618    31.4287       1076     4.4792  0.000e+00
      3.170    18.7302   4.235618    31.4284       1077     4.4833  0.000e+00
      3.125    18.7309   4.235466    31.4265       1078     4.4875  0.000e+00
      3.069    18.7310   4.235591    31.4275       1079     4.4917  0.000e+00
      2.998    18.7314   4.235519    31.4267       1080     4.4958  0.000e+00
      2.902    18.7308   4.235538    31.4273       1081     4.5000  0.000e+00
      2.811    18.7309   4.235591    31.4277       1082     4.5042  0.000e+00
      2.752    18.7312   4.235518    31.4269       1083     4.5083  0.000e+00
      2.712    18.7314   4.235492    31.4265       1084     4.5125  0.000e+00
      2.701    18.7312   4.235492    31.4267       1085     4.5167  0.000e+00
      2.735    18.7309   4.235466    31.4266       1086     4.5208  0.000e+00
      2.804    18.7310   4.235499    31.4268       1087     4.5250  0.000e+00
      2.884    18.7310   4.235492    31.4267       1088     4.5292  0.000e+00
      2.967    18.7310   4.235492    31.4267       1089     4.5333  0.000e+00
      3.065    18.7307   4.235466    31.4267       1090     4.5375  0.000e+00
      3.147    18.7305   4.235466    31.4268       1091     4.5417  0.000e+00
      3.214    18.7305   4.235420    31.4264       1092     4.5458  0.000e+00
      3.270    18.7306   4.235367    31.4259       1093     4.5500  0.000e+00
      3.320    18.7302   4.235340    31.4260       1094     4.5542  0.000e+00
      3.344    18.7301   4.235393    31.4265       1095     4.5583  0.000e+00
      3.339    18.7297   4.235334    31.4263       1096     4.5625  0.000e+00
      3.290    18.7297   4.235367    31.4266       1097     4.5667  0.000e+00
      3.195    18.7296   4.235367    31.4267       1098     4.5708  0.000e+00
      3.054    18.7299   4.235466    31.4273       1099     4.5750  0.000e+00
      2.898    18.7303   4.235393    31.4265       1100     4.5792  0.000e+00
      2.743    18.7307   4.235340    31.4258       1101     4.5833  0.000e+00
      2.582    18.7303   4.235221    31.4252       1102     4.5875  0.000e+00
      2.458    18.7297   4.235043    31.4242       1103     4.5917  0.000e+00
      2.372    18.7286   4.235023    31.4249       1104     4.5958  0.000e+00
      2.319    18.7282   4.234977    31.4249       1105     4.6000  0.000e+00
      2.297    18.7279   4.234997    31.4252       1106     4.6042  0.000e+00
      2.333    18.7276   4.235069    31.4261       1107     4.6083  0.000e+00
      2.420    18.7278   4.235069    31.4258       1108     4.6125  0.000e+00
      2.518    18.7280   4.235096    31.4259       1109     4.6167  0.000e+00
      2.628    18.7283   4.235096    31.4257       1110     4.6208  0.000e+00
      2.732    18.7283   4.235122    31.4259       1111     4.6250  0.000e+00
      2.819    18.7286   4.235142    31.4257       1112     4.6292  0.000e+00
      2.889    18.7284   4.235221    31.4265       1113     4.6333  0.000e+00
      2.944    18.7289   4.235492    31.4283       1114     4.6375  0.000e+00
      2.976    18.7297   4.235571    31.4284       1115     4.6417  0.000e+00
      2.944    18.7303   4.235043    31.4235       1116     4.6458  0.000e+00
      2.846    18.7291   4.234799    31.4225       1117     4.6500  0.000e+00
      2.688    18.7276   4.234574    31.4218       1118     4.6542  0.000e+00
      2.540    18.7260   4.234574    31.4231       1119     4.6583  0.000e+00
      2.415    18.7247   4.234699    31.4252       1120     4.6625  0.000e+00
      2.320    18.7243   4.234673    31.4252       1121     4.6667  0.000e+00
      2.272    18.7244   4.234647    31.4250       1122     4.6708  0.000e+00
      2.254    18.7243   4.234699    31.4256       1123     4.6750  0.000e+00
      2.270    18.7245   4.234719    31.4255       1124     4.6792  0.000e+00
      2.315    18.7248   4.234719    31.4253       1125     4.6833  0.000e+00
      2.386    18.7250   4.234772    31.4255       1126     4.6875  0.000e+00
      2.451    18.7251   4.234772    31.4254       1127     4.6917  0.000e+00
      2.498    18.7252   4.234772    31.4253       1128     4.6958  0.000e+00
      2.534    18.7252   4.234772    31.4253       1129     4.7000  0.000e+00
      2.536    18.7255   4.234673    31.4243       1130     4.7042  0.000e+00
      2.462    18.7250   4.234647    31.4245       1131     4.7083  0.000e+00
      2.357    18.7249   4.234799    31.4258       1132     4.7125  0.000e+00
      2.226    18.7250   4.234772    31.4256       1133     4.7167  0.000e+00
      2.096    18.7252   4.234765    31.4254       1134     4.7208  0.000e+00
      1.976    18.7256   4.234746    31.4250       1135     4.7250  0.000e+00
      1.870    18.7254   4.234924    31.4267       1136     4.7292  0.000e+00
      1.785    18.7262   4.234924    31.4261       1137     4.7333  0.000e+00
      1.705    18.7264   4.234897    31.4257       1138     4.7375  0.000e+00
      1.629    18.7269   4.235023    31.4264       1139     4.7417  0.000e+00
      1.571    18.7275   4.235043    31.4262       1140     4.7458  0.000e+00
      1.533    18.7277   4.234924    31.4250       1141     4.7500  0.000e+00
      1.527    18.7276   4.234844    31.4244       1142     4.7542  0.000e+00
      1.556    18.7273   4.234818    31.4245       1143     4.7583  0.000e+00
      1.641    18.7266   4.234811    31.4249       1144     4.7625  0.000e+00
      1.745    18.7264   4.234798    31.4249       1145     4.7667  0.000e+00
      1.837    18.7261   4.234772    31.4249       1146     4.7708  0.000e+00
      1.913    18.7258   4.234745    31.4249       1147     4.7750  0.000e+00
      1.980    18.7258   4.234746    31.4248       1148     4.7792  0.000e+00
      2.038    18.7260   4.234845    31.4255       1149     4.7833  0.000e+00
      2.063    18.7262   4.234924    31.4260       1150     4.7875  0.000e+00
      2.007    18.7265   4.234897    31.4256       1151     4.7917  0.000e+00
      1.862    18.7264   4.234871    31.4255       1152     4.7958  0.000e+00
      1.694    18.7268   4.234838    31.4250       1153     4.8000  0.000e+00
      1.522    18.7269   4.234871    31.4252       1154     4.8042  0.000e+00
      1.364    18.7269   4.234844    31.4251       1155     4.8083  0.000e+00
      1.254    18.7268   4.234871    31.4254       1156     4.8125  0.000e+00
      1.223    18.7275   4.234943    31.4255       1157     4.8167  0.000e+00
      1.286    18.7279   4.234943    31.4251       1158     4.8208  0.000e+00
      1.413    18.7280   4.234970    31.4252       1159     4.8250  0.000e+00
      1.560    18.7282   4.235023    31.4255       1160     4.8292  0.000e+00
      1.690    18.7284   4.235023    31.4252       1161     4.8333  0.000e+00
      1.795    18.7283   4.235023    31.4253       1162     4.8375  0.000e+00
      1.858    18.7283   4.235049    31.4255       1163     4.8417  0.000e+00
      1.851    18.7286   4.235168    31.4263       1164     4.8458  0.000e+00
      1.789    18.7286   4.234844    31.4236       1165     4.8500  0.000e+00
      1.713    18.7287   4.234996    31.4248       1166     4.8542  0.000e+00
      1.637    18.7289   4.235043    31.4251       1167     4.8583  0.000e+00
      1.574    18.7283   4.234620    31.4220       1168     4.8625  0.000e+00
      1.552    18.7272   4.234699    31.4235       1169     4.8667  0.000e+00
      1.520    18.7264   4.234924    31.4260       1170     4.8708  0.000e+00
      1.440    18.7264   4.234574    31.4231       1171     4.8750  0.000e+00
      1.318    18.7258   4.234574    31.4236       1172     4.8792  0.000e+00
      1.132    18.7252   4.234501    31.4236       1173     4.8833  0.000e+00
      0.904    18.7248   4.234448    31.4235       1174     4.8875  0.000e+00
      0.703    18.7242   4.234276    31.4226       1175     4.8917  0.000e+00
      0.583    18.7236   4.234276    31.4231       1176     4.8958  0.000e+00
      0.543    18.7232   4.234322    31.4238       1177     4.9000  0.000e+00
      0.572    18.7229   4.234302    31.4239       1178     4.9042  0.000e+00
      0.643    18.7225   4.234276    31.4239       1179     4.9083  0.000e+00
      0.726    18.7218   4.234250    31.4242       1180     4.9125  0.000e+00
      0.829    18.7215   4.234223    31.4242       1181     4.9167  0.000e+00
      0.913    18.7209   4.234151    31.4240       1182     4.9208  0.000e+00
      0.998    18.7205   4.234124    31.4241       1183     4.9250  0.000e+00
      1.056    18.7203   4.234223    31.4250       1184     4.9292  0.000e+00
      1.081    18.7210   4.234323    31.4253       1185     4.9333  0.000e+00
      1.094    18.7216   4.234422    31.4256       1186     4.9375  0.000e+00
      1.117    18.7225   4.234474    31.4254       1187     4.9417  0.000e+00
      1.175    18.7230   4.234448    31.4248       1188     4.9458  0.000e+00
      1.255    18.7235   4.234474    31.4246       1189     4.9500  0.000e+00
      1.338    18.7237   4.234474    31.4244       1190     4.9542  0.000e+00
      1.431    18.7237   4.234475    31.4244       1191     4.9583  0.000e+00
      1.456    18.7238   4.234501    31.4245       1192     4.9625  0.000e+00
      1.351    18.7241   4.234547    31.4247       1193     4.9667  0.000e+00
      1.174    18.7245   4.234474    31.4239       1194     4.9708  0.000e+00
      0.918    18.7243   4.234402    31.4235       1195     4.9750  0.000e+00
      0.679    18.7242   4.234303    31.4229       1196     4.9792  0.000e+00
      0.522    18.7239   4.234302    31.4231       1197     4.9833  0.000e+00
      0.473    18.7236   4.234302    31.4234       1198     4.9875  0.000e+00
      0.477    18.7234   4.234276    31.4233       1199     4.9917  0.000e+00
      0.439    18.7234   4.234151    31.4223       1200     4.9958  0.000e+00
      0.364    18.7222   4.233913    31.4213       1201     5.0000  0.000e+00
      0.292    18.7208   4.234051    31.4235       1202     5.0042  0.000e+00
      0.261    18.7209   4.234005    31.4231       1203     5.0083  0.000e+00
      0.259    18.7202   4.233979    31.4234       1204     5.0125  0.000e+00
      0.277    18.7197   4.233701    31.4214       1205     5.0167  0.000e+00
      0.256    18.7181   4.233484    31.4209       1206     5.0208  0.000e+00
      0.176    18.7167   4.233556    31.4225       1207     5.0250  0.000e+00
      0.134    18.7158   4.233602    31.4236       1208     5.0292  0.000e+00
      0.216    18.7157   4.233602    31.4236       1209     5.0333  0.000e+00
      0.382    18.7156   4.233655    31.4241       1210     5.0375  0.000e+00
      0.562    18.7155   4.233695    31.4245       1211     5.0417  0.000e+00
      0.670    18.7152   4.233702    31.4247       1212     5.0458  0.000e+00
      0.728    18.7158   4.233854    31.4255       1213     5.0500  0.000e+00
      0.761    18.7169   4.234105    31.4267       1214     5.0542  0.000e+00
      0.752    18.7188   4.234151    31.4257       1215     5.0583  0.000e+00
      0.708    18.7196   4.234104    31.4247       1216     5.0625  0.000e+00
      0.650    18.7203   4.234025    31.4235       1217     5.0667  0.000e+00
      0.610    18.7196   4.233655    31.4210       1218     5.0708  0.000e+00
      0.588    18.7183   4.233457    31.4203       1219     5.0750  0.000e+00
      0.534    18.7164   4.233556    31.4226       1220     5.0792  0.000e+00
      0.429    18.7154   4.233748    31.4250       1221     5.0833  0.000e+00
      0.311    18.7159   4.233853    31.4255       1222     5.0875  0.000e+00
      0.141    18.7168   4.233754    31.4241       1223     5.0917  0.000e+00
      0.051    18.7172   4.105254    30.3621       1224     5.0958  0.000e+00
      0.047    18.7162   0.918225     5.9237       1225     5.1000  0.000e+00
      0.045    18.7108   3.264958    23.5547       1226     5.1042  0.000e+00
      0.047    18.7066   4.233259    31.4278       1227     5.1083  0.000e+00
      0.052    18.7060   4.233286    31.4285       1228     5.1125  0.000e+00
      0.045    18.7064   4.233035    31.4261       1229     5.1167  0.000e+00
      0.063    18.7050   4.231575    31.4151       1230     5.1208  0.000e+00
      0.150    18.7003   4.219203    31.3161       1231     5.1250  0.000e+00
      0.181    18.7018   4.224738    31.3608       1232     5.1292  0.000e+00
      0.178    18.7080   4.068251    30.0640       1233     5.1333  0.000e+00
      0.069    18.7133   2.428489    17.0103       1234     5.1375  0.000e+00
      0.049    18.7154   1.160615     7.6247       1235     5.1417  0.000e+00
      0.049    18.7036   0.438334     2.6869       1236     5.1458  0.000e+00
      0.056    18.6638   0.316963     1.9065       1237     5.1500  0.000e+00
      0.052    18.6144   0.259207     1.5431       1238     5.1542  0.000e+00
      0.054    18.5556   0.218918     1.2931       1239     5.1583  0.000e+00
      0.054    18.4980   0.201831     1.1887       1240     5.1625  0.000e+00
