HB2407/sbe060.cnv
* Sea-Bird SBE 19plus V2 Data File:
* FileName = C:\cruise\data\sbe060.hex
* Software Version Seasave V 7.26.7.121
* Temperature SN = 7143
* Conductivity SN = 7143
* System UpLoad Time = Oct 06 2024 04:50:59
* NMEA Latitude = 39 22.16 N
* NMEA Longitude = 073 04.37 W
* NMEA UTC (Time) = Oct 06 2024  04:50:39
** Ship: Bigelow
** Cruise:  HB2407
** Program:  Fall Bottom Trawl
# nquan = 7
# nvalues = 1538                                  
# units = specified
# name 0 = depSM: Depth [salt water, m]
# name 1 = tv290C: Temperature [ITS-90, deg C]
# name 2 = c0S/m: Conductivity [S/m]
# name 3 = sal00: Salinity, Practical [PSU]
# name 4 = scan: Scan Count
# name 5 = timeM: Time, Elapsed [minutes]
# name 6 = flag:  0.000e+00
# span 0 =     -0.008,     59.459                 
# span 1 =    12.5428,    21.0718                 
# span 2 =   0.000008,   4.824685                 
# span 3 =     0.0093,    34.4875                 
# span 4 =         11,       1548                 
# span 5 =     0.0417,     6.4458                 
# span 6 = 0.0000e+00, 0.0000e+00                 
# interval = seconds: 0.25
# start_time = Oct 06 2024 04:50:39 [NMEA time, header]
# bad_flag = -9.990e-29
*END*
     -0.008    18.2823   0.000019     0.0093         11     0.0417  0.000e+00
     -0.006    18.2833   0.000019     0.0093         12     0.0458  0.000e+00
     -0.008    18.2834   0.000022     0.0093         13     0.0500  0.000e+00
     -0.004    18.2823   0.000019     0.0093         14     0.0542  0.000e+00
     -0.004    18.2802   0.000019     0.0093         15     0.0583  0.000e+00
     -0.004    18.2778   0.000016     0.0093         16     0.0625  0.000e+00
     -0.002    18.2773   0.000019     0.0093         17     0.0667  0.000e+00
     -0.002    18.2779   0.000019     0.0093         18     0.0708  0.000e+00
     -0.004    18.2788   0.000022     0.0093         19     0.0750  0.000e+00
     -0.008    18.2800   0.000019     0.0093         20     0.0792  0.000e+00
     -0.002    18.2816   0.000022     0.0093         21     0.0833  0.000e+00
     -0.004    18.2827   0.000013     0.0093         22     0.0875  0.000e+00
     -0.006    18.2834   0.000025     0.0093         23     0.0917  0.000e+00
     -0.002    18.2844   0.000016     0.0093         24     0.0958  0.000e+00
     -0.001    18.2850   0.000013     0.0093         25     0.1000  0.000e+00
     -0.002    18.2834   0.000019     0.0093         26     0.1042  0.000e+00
      0.003    18.2816   0.000016     0.0093         27     0.1083  0.000e+00
     -0.001    18.2811   0.000019     0.0093         28     0.1125  0.000e+00
      0.005    18.2798   0.000019     0.0093         29     0.1167  0.000e+00
      0.006    18.2796   0.000016     0.0093         30     0.1208  0.000e+00
     -0.001    18.2808   0.000019     0.0093         31     0.1250  0.000e+00
      0.021    18.2830   0.000025     0.0093         32     0.1292  0.000e+00
      0.249    18.2890   0.000025     0.0093         33     0.1333  0.000e+00
      0.502    18.2999   0.000008     0.0094         34     0.1375  0.000e+00
      0.702    18.3133   1.944351    13.4715         35     0.1417  0.000e+00
      0.846    18.3687   1.479386     9.9964         36     0.1458  0.000e+00
      0.952    18.6705   1.739811    11.8342         37     0.1500  0.000e+00
      1.020    19.0388   2.179391    14.9940         38     0.1542  0.000e+00
      1.069    19.3159   2.125150    14.4909         39     0.1583  0.000e+00
      1.118    19.4850   2.399815    16.4837         40     0.1625  0.000e+00
      1.187    19.5838   2.586252    17.8500         41     0.1667  0.000e+00
      1.281    19.6467   3.872218    27.8227         42     0.1708  0.000e+00
      1.390    19.6850   3.751059    26.8332         43     0.1750  0.000e+00
      1.513    19.7120   3.435987    24.3321         44     0.1792  0.000e+00
      1.641    19.7573   4.627292    33.8501         45     0.1833  0.000e+00
      1.777    19.8501   4.646701    33.9340         46     0.1875  0.000e+00
      1.928    19.9564   4.656400    33.9274         47     0.1917  0.000e+00
      2.100    20.0593   4.661039    33.8822         48     0.1958  0.000e+00
      2.286    20.1467   4.663479    33.8317         49     0.2000  0.000e+00
      2.484    20.2111   4.665858    33.7994         50     0.2042  0.000e+00
      2.685    20.2616   4.664117    33.7448         51     0.2083  0.000e+00
      2.887    20.2950   4.647732    33.5854         52     0.2125  0.000e+00
      3.092    20.3107   3.557967    24.9340         53     0.2167  0.000e+00
      3.291    20.3162   4.026430    28.5995         54     0.2208  0.000e+00
      3.487    20.3227   4.435758    31.8551         55     0.2250  0.000e+00
      3.672    20.3431   4.552984    32.7821         56     0.2292  0.000e+00
      3.852    20.3800   4.651571    33.5485         57     0.2333  0.000e+00
      4.023    20.4174   4.655246    33.5486         58     0.2375  0.000e+00
      4.188    20.4474   4.586360    32.9697         59     0.2417  0.000e+00
      4.349    20.4691   4.430182    31.7003         60     0.2458  0.000e+00
      4.512    20.4864   4.309400    30.7241         61     0.2500  0.000e+00
      4.673    20.5021   4.286885    30.5337         62     0.2542  0.000e+00
      4.823    20.5154   4.376597    31.2380         63     0.2583  0.000e+00
      4.972    20.5275   4.394055    31.3682         64     0.2625  0.000e+00
      5.109    20.5372   4.363080    31.1142         65     0.2667  0.000e+00
      5.234    20.5457   4.246927    30.1852         66     0.2708  0.000e+00
      5.361    20.5546   3.891635    27.3823         67     0.2750  0.000e+00
      5.482    20.5614   3.036944    20.8108         68     0.2792  0.000e+00
      5.594    20.5636   2.813541    19.1318         69     0.2833  0.000e+00
      5.716    20.5588   3.644604    25.4579         70     0.2875  0.000e+00
      5.839    20.5557   3.336795    23.0916         71     0.2917  0.000e+00
      5.960    20.5176   4.671050    33.5959         72     0.2958  0.000e+00
      6.087    20.4101   4.671451    33.6845         73     0.3000  0.000e+00
      6.232    20.3129   4.669443    33.7457         74     0.3042  0.000e+00
      6.382    20.2453   4.667387    33.7830         75     0.3083  0.000e+00
      6.536    20.1941   4.665778    33.8109         76     0.3125  0.000e+00
      6.699    20.1509   4.664334    33.8338         77     0.3167  0.000e+00
      6.868    20.1155   4.663213    33.8531         78     0.3208  0.000e+00
      7.041    20.0885   4.662114    33.8658         79     0.3250  0.000e+00
      7.211    20.0661   4.660539    33.8708         80     0.3292  0.000e+00
      7.387    20.0483   4.658725    33.8704         81     0.3333  0.000e+00
      7.558    20.0381   4.658539    33.8770         82     0.3375  0.000e+00
      7.722    20.0343   4.661289    33.9024         83     0.3417  0.000e+00
      7.874    20.0317   4.663428    33.9219         84     0.3458  0.000e+00
      8.026    20.0328   4.665244    33.9357         85     0.3500  0.000e+00
      8.166    20.0658   4.666640    33.9205         86     0.3542  0.000e+00
      8.302    20.1350   4.670252    33.8941         87     0.3583  0.000e+00
      8.438    20.1983   4.676846    33.8967         88     0.3625  0.000e+00
      8.564    20.2520   4.683802    33.9100         89     0.3667  0.000e+00
      8.689    20.3022   4.688109    33.9046         90     0.3708  0.000e+00
      8.814    20.3476   4.689314    33.8779         91     0.3750  0.000e+00
      8.937    20.3830   4.688804    33.8454         92     0.3792  0.000e+00
      9.062    20.4085   4.687122    33.8114         93     0.3833  0.000e+00
      9.187    20.4222   4.684068    33.7757         94     0.3875  0.000e+00
      9.319    20.4245   4.681271    33.7513         95     0.3917  0.000e+00
      9.450    20.4197   4.679288    33.7390         96     0.3958  0.000e+00
      9.589    20.4137   4.676740    33.7232         97     0.4000  0.000e+00
      9.732    20.4097   4.672072    33.6886         98     0.4042  0.000e+00
      9.884    20.4065   4.667090    33.6508         99     0.4083  0.000e+00
     10.040    20.4080   4.664840    33.6314        100     0.4125  0.000e+00
     10.201    20.4191   4.665081    33.6244        101     0.4167  0.000e+00
     10.371    20.4326   4.663719    33.6027        102     0.4208  0.000e+00
     10.543    20.4279   4.661849    33.5913        103     0.4250  0.000e+00
     10.717    20.3848   4.660859    33.6174        104     0.4292  0.000e+00
     10.891    20.3436   4.660399    33.6464        105     0.4333  0.000e+00
     11.065    20.3179   4.660352    33.6664        106     0.4375  0.000e+00
     11.239    20.3036   4.660324    33.6775        107     0.4417  0.000e+00
     11.411    20.3008   4.661315    33.6878        108     0.4458  0.000e+00
     11.576    20.3053   4.663158    33.6990        109     0.4500  0.000e+00
     11.737    20.3092   4.666102    33.7197        110     0.4542  0.000e+00
     11.896    20.3099   4.669824    33.7492        111     0.4583  0.000e+00
     12.047    20.3260   4.674380    33.7732        112     0.4625  0.000e+00
     12.191    20.3544   4.681060    33.8045        113     0.4667  0.000e+00
     12.333    20.3944   4.688136    33.8297        114     0.4708  0.000e+00
     12.468    20.4347   4.694197    33.8464        115     0.4750  0.000e+00
     12.604    20.4675   4.698128    33.8519        116     0.4792  0.000e+00
     12.740    20.4901   4.698480    33.8366        117     0.4833  0.000e+00
     12.885    20.5021   4.696051    33.8075        118     0.4875  0.000e+00
     13.030    20.5041   4.689266    33.7511        119     0.4917  0.000e+00
     13.185    20.5008   4.678103    33.6636        120     0.4958  0.000e+00
     13.350    20.5034   4.672499    33.6163        121     0.5000  0.000e+00
     13.517    20.5177   4.670868    33.5918        122     0.5042  0.000e+00
     13.687    20.5180   4.667386    33.5634        123     0.5083  0.000e+00
     13.859    20.4740   4.666066    33.5875        124     0.5125  0.000e+00
     14.038    20.4361   4.666768    33.6233        125     0.5167  0.000e+00
     14.207    20.4189   4.668936    33.6543        126     0.5208  0.000e+00
     14.380    20.4103   4.671620    33.6829        127     0.5250  0.000e+00
     14.545    20.4034   4.675854    33.7224        128     0.5292  0.000e+00
     14.703    20.3939   4.682032    33.7799        129     0.5333  0.000e+00
     14.857    20.3870   4.688158    33.8349        130     0.5375  0.000e+00
     15.009    20.4009   4.693143    33.8641        131     0.5417  0.000e+00
     15.150    20.4350   4.697812    33.8745        132     0.5458  0.000e+00
     15.292    20.4694   4.702111    33.8816        133     0.5500  0.000e+00
     15.429    20.4965   4.705886    33.8904        134     0.5542  0.000e+00
     15.563    20.5183   4.708047    33.8903        135     0.5583  0.000e+00
     15.697    20.5361   4.708703    33.8814        136     0.5625  0.000e+00
     15.831    20.5491   4.708593    33.8701        137     0.5667  0.000e+00
     15.971    20.5585   4.707861    33.8566        138     0.5708  0.000e+00
     16.099    20.5669   4.707115    33.8439        139     0.5750  0.000e+00
     16.232    20.5729   4.706776    33.8363        140     0.5792  0.000e+00
     16.366    20.5778   4.705858    33.8249        141     0.5833  0.000e+00
     16.503    20.5827   4.705672    33.8194        142     0.5875  0.000e+00
     16.637    20.5869   4.705858    33.8176        143     0.5917  0.000e+00
     16.775    20.5897   4.706942    33.8240        144     0.5958  0.000e+00
     16.914    20.5918   4.707971    33.8306        145     0.6000  0.000e+00
     17.052    20.5949   4.708592    33.8331        146     0.6042  0.000e+00
     17.193    20.5974   4.708703    33.8319        147     0.6083  0.000e+00
     17.345    20.5992   4.708240    33.8267        148     0.6125  0.000e+00
     17.490    20.6001   4.705078    33.8005        149     0.6167  0.000e+00
     17.646    20.5993   4.699508    33.7562        150     0.6208  0.000e+00
     17.807    20.5961   4.694252    33.7164        151     0.6250  0.000e+00
     17.974    20.5931   4.692390    33.7037        152     0.6292  0.000e+00
     18.142    20.5932   4.691011    33.6925        153     0.6333  0.000e+00
     18.320    20.5941   4.688674    33.6729        154     0.6375  0.000e+00
     18.499    20.5800   4.686034    33.6628        155     0.6417  0.000e+00
     18.684    20.5524   4.684450    33.6719        156     0.6458  0.000e+00
     18.863    20.5238   4.683699    33.6885        157     0.6500  0.000e+00
     19.048    20.4986   4.684706    33.7166        158     0.6542  0.000e+00
     19.225    20.4825   4.688566    33.7604        159     0.6583  0.000e+00
     19.399    20.4806   4.694896    33.8130        160     0.6625  0.000e+00
     19.564    20.4918   4.702347    33.8642        161     0.6667  0.000e+00
     19.729    20.5073   4.709679    33.9109        162     0.6708  0.000e+00
     19.881    20.5276   4.716208    33.9473        163     0.6750  0.000e+00
     20.028    20.5469   4.720645    33.9676        164     0.6792  0.000e+00
     20.169    20.5632   4.722885    33.9725        165     0.6833  0.000e+00
     20.307    20.5774   4.723562    33.9665        166     0.6875  0.000e+00
     20.444    20.5892   4.723507    33.9566        167     0.6917  0.000e+00
     20.585    20.5993   4.723099    33.9452        168     0.6958  0.000e+00
     20.734    20.6068   4.721764    33.9284        169     0.7000  0.000e+00
     20.890    20.6113   4.718460    33.8981        170     0.7042  0.000e+00
     21.051    20.6120   4.711301    33.8399        171     0.7083  0.000e+00
     21.225    20.6083   4.704562    33.7885        172     0.7125  0.000e+00
     21.396    20.6065   4.700186    33.7547        173     0.7167  0.000e+00
     21.581    20.6096   4.699455    33.7462        174     0.7208  0.000e+00
     21.761    20.6136   4.697868    33.7302        175     0.7250  0.000e+00
     21.952    20.6143   4.697861    33.7296        176     0.7292  0.000e+00
     22.139    20.6017   4.700966    33.7645        177     0.7333  0.000e+00
     22.314    20.5870   4.706648    33.8219        178     0.7375  0.000e+00
     22.485    20.5830   4.714771    33.8905        179     0.7417  0.000e+00
     22.639    20.5867   4.722339    33.9484        180     0.7458  0.000e+00
     22.785    20.5943   4.727838    33.9866        181     0.7500  0.000e+00
     22.916    20.6019   4.729685    33.9953        182     0.7542  0.000e+00
     23.033    20.6089   4.729844    33.9910        183     0.7583  0.000e+00
     23.147    20.6141   4.728944    33.9796        184     0.7625  0.000e+00
     23.249    20.6161   4.725465    33.9499        185     0.7667  0.000e+00
     23.346    20.6136   4.714418    33.8629        186     0.7708  0.000e+00
     23.441    20.6141   4.704860    33.7855        187     0.7750  0.000e+00
     23.535    20.6190   4.695192    33.7038        188     0.7792  0.000e+00
     23.636    20.6103   4.683989    33.6206        189     0.7833  0.000e+00
     23.743    20.5609   4.681544    33.6400        190     0.7875  0.000e+00
     23.852    20.4696   4.683158    33.7255        191     0.7917  0.000e+00
     23.971    20.3703   4.685661    33.8249        192     0.7958  0.000e+00
     24.102    20.2862   4.686820    33.9017        193     0.8000  0.000e+00
     24.237    20.2303   4.687469    33.9518        194     0.8042  0.000e+00
     24.390    20.2002   4.688786    33.9867        195     0.8083  0.000e+00
     24.547    20.1752   4.690055    34.0171        196     0.8125  0.000e+00
     24.716    20.1544   4.690055    34.0337        197     0.8167  0.000e+00
     24.884    20.1446   4.690138    34.0423        198     0.8208  0.000e+00
     25.054    20.1408   4.690242    34.0461        199     0.8250  0.000e+00
     25.235    20.1380   4.690697    34.0521        200     0.8292  0.000e+00
     25.415    20.1352   4.692049    34.0653        201     0.8333  0.000e+00
     25.598    20.1322   4.693800    34.0818        202     0.8375  0.000e+00
     25.775    20.1305   4.696118    34.1020        203     0.8417  0.000e+00
     25.951    20.1296   4.697249    34.1119        204     0.8458  0.000e+00
     26.121    20.1294   4.698574    34.1228        205     0.8500  0.000e+00
     26.291    20.1292   4.698740    34.1242        206     0.8542  0.000e+00
     26.454    20.1496   4.697829    34.1003        207     0.8583  0.000e+00
     26.616    20.2058   4.697090    34.0489        208     0.8625  0.000e+00
     26.770    20.2661   4.699331    34.0183        209     0.8667  0.000e+00
     26.925    20.3226   4.702298    33.9968        210     0.8708  0.000e+00
     27.081    20.3700   4.705459    33.9843        211     0.8750  0.000e+00
     27.235    20.4091   4.708683    33.9790        212     0.8792  0.000e+00
     27.389    20.4427   4.710361    33.9655        213     0.8833  0.000e+00
     27.548    20.4696   4.710713    33.9467        214     0.8875  0.000e+00
     27.713    20.4874   4.714533    33.9633        215     0.8917  0.000e+00
