HB2407/sbe030.cnv
* Sea-Bird SBE 19plus V2 Data File:
* FileName = C:\cruise\data\sbe030.hex
* Software Version Seasave V 7.26.7.121
* Temperature SN = 7143
* Conductivity SN = 7143
* System UpLoad Time = Sep 19 2024 03:00:15
* NMEA Latitude = 36 23.73 N
* NMEA Longitude = 075 06.23 W
* NMEA UTC (Time) = Sep 19 2024  03:00:35
** Ship: Bigelow
** Cruise:  HB2407
** Program:  Fall Bottom Trawl
# nquan = 7
# nvalues = 1779                                  
# units = specified
# name 0 = depSM: Depth [salt water, m]
# name 1 = tv290C: Temperature [ITS-90, deg C]
# name 2 = c0S/m: Conductivity [S/m]
# name 3 = sal00: Salinity, Practical [PSU]
# name 4 = scan: Scan Count
# name 5 = timeM: Time, Elapsed [minutes]
# name 6 = flag:  0.000e+00
# span 0 =     -0.085,     30.212                 
# span 1 =    16.3476,    22.4801                 
# span 2 =  -0.000032,   4.701937                 
# span 3 =     0.0000,    32.7461                 
# span 4 =         11,       1789                 
# span 5 =     0.0417,     7.4500                 
# span 6 = 0.0000e+00, 0.0000e+00                 
# interval = seconds: 0.25
# start_time = Sep 19 2024 03:00:35 [NMEA time, header]
# bad_flag = -9.990e-29
*END*
[from data line 821]
     24.541    17.0505   4.140045    31.9173        832     3.4625  0.000e+00
     24.572    17.0467   4.140431    31.9236        833     3.4667  0.000e+00
     24.637    17.0454   4.141033    31.9298        834     3.4708  0.000e+00
     24.735    17.0448   4.140961    31.9297        835     3.4750  0.000e+00
     24.859    17.0455   4.141184    31.9310        836     3.4792  0.000e+00
     24.996    17.0473   4.141642    31.9334        837     3.4833  0.000e+00
     25.145    17.0484   4.141904    31.9348        838     3.4875  0.000e+00
     25.301    17.0502   4.141832    31.9327        839     3.4917  0.000e+00
     25.460    17.0512   4.141695    31.9306        840     3.4958  0.000e+00
     25.612    17.0518   4.141642    31.9296        841     3.5000  0.000e+00
     25.752    17.0533   4.141760    31.9294        842     3.5042  0.000e+00
     25.884    17.0560   4.142414    31.9329        843     3.5083  0.000e+00
     25.985    17.0608   4.143115    31.9351        844     3.5125  0.000e+00
     26.072    17.0642   4.143907    31.9391        845     3.5167  0.000e+00
     26.114    17.0654   4.144273    31.9413        846     3.5208  0.000e+00
     26.121    17.0616   4.142918    31.9327        847     3.5250  0.000e+00
     26.094    17.0512   4.141957    31.9326        848     3.5292  0.000e+00
     26.036    17.0389   4.141976    31.9426        849     3.5333  0.000e+00
     25.960    17.0298   4.143089    31.9594        850     3.5375  0.000e+00
     25.855    17.0288   4.145190    31.9783        851     3.5417  0.000e+00
     25.730    17.0380   4.146349    31.9810        852     3.5458  0.000e+00
     25.569    17.0515   4.146420    31.9710        853     3.5500  0.000e+00
     25.393    17.0630   4.145576    31.9547        854     3.5542  0.000e+00
     25.185    17.0701   4.144587    31.9406        855     3.5583  0.000e+00
     24.976    17.0717   4.143062    31.9263        856     3.5625  0.000e+00
     24.761    17.0693   4.141903    31.9183        857     3.5667  0.000e+00
     24.542    17.0641   4.138285    31.8914        858     3.5708  0.000e+00
     24.335    17.0520   4.136552    31.8862        859     3.5750  0.000e+00
     24.143    17.0383   4.135414    31.8873        860     3.5792  0.000e+00
     23.978    17.0261   4.135028    31.8937        861     3.5833  0.000e+00
     23.844    17.0169   4.134865    31.8996        862     3.5875  0.000e+00
     23.752    17.0102   4.133969    31.8972        863     3.5917  0.000e+00
     23.692    17.0055   4.134839    31.9085        864     3.5958  0.000e+00
     23.669    17.0039   4.135342    31.9140        865     3.6000  0.000e+00
     23.719    17.0038   4.135709    31.9172        866     3.6042  0.000e+00
     23.819    17.0044   4.135414    31.9142        867     3.6083  0.000e+00
     23.942    17.0059   4.135441    31.9132        868     3.6125  0.000e+00
     24.091    17.0078   4.135728    31.9141        869     3.6167  0.000e+00
     24.254    17.0094   4.136239    31.9172        870     3.6208  0.000e+00
     24.429    17.0110   4.136624    31.9192        871     3.6250  0.000e+00
     24.610    17.0125   4.136867    31.9200        872     3.6292  0.000e+00
     24.793    17.0136   4.136644    31.9172        873     3.6333  0.000e+00
     24.960    17.0141   4.136311    31.9139        874     3.6375  0.000e+00
     25.110    17.0148   4.136788    31.9173        875     3.6417  0.000e+00
     25.241    17.0180   4.137468    31.9206        876     3.6458  0.000e+00
     25.348    17.0214   4.138188    31.9241        877     3.6500  0.000e+00
     25.424    17.0260   4.139588    31.9325        878     3.6542  0.000e+00
     25.449    17.0334   4.142074    31.9480        879     3.6583  0.000e+00
     25.440    17.0418   4.143763    31.9559        880     3.6625  0.000e+00
     25.395    17.0505   4.144201    31.9528        881     3.6667  0.000e+00
     25.319    17.0571   4.143861    31.9446        882     3.6708  0.000e+00
     25.206    17.0603   4.143442    31.9385        883     3.6750  0.000e+00
     25.078    17.0616   4.142604    31.9303        884     3.6792  0.000e+00
     24.924    17.0599   4.141184    31.9195        885     3.6833  0.000e+00
     24.759    17.0559   4.140314    31.9153        886     3.6875  0.000e+00
     24.572    17.0505   4.138959    31.9080        887     3.6917  0.000e+00
     24.391    17.0439   4.138940    31.9131        888     3.6958  0.000e+00
     24.221    17.0393   4.139031    31.9176        889     3.7000  0.000e+00
     24.074    17.0358   4.137128    31.9040        890     3.7042  0.000e+00
     23.949    17.0297   4.136415    31.9027        891     3.7083  0.000e+00
     23.839    17.0239   4.136022    31.9040        892     3.7125  0.000e+00
     23.755    17.0178   4.134793    31.8983        893     3.7167  0.000e+00
     23.696    17.0103   4.133583    31.8938        894     3.7208  0.000e+00
     23.679    17.0031   4.133250    31.8967        895     3.7250  0.000e+00
     23.670    16.9969   4.133250    31.9015        896     3.7292  0.000e+00
     23.715    16.9929   4.133394    31.9060        897     3.7333  0.000e+00
     23.772    16.9902   4.133420    31.9083        898     3.7375  0.000e+00
     23.842    16.9888   4.133309    31.9085        899     3.7417  0.000e+00
     23.918    16.9879   4.133178    31.9080        900     3.7458  0.000e+00
     23.994    16.9870   4.133178    31.9087        901     3.7500  0.000e+00
     24.076    16.9873   4.133296    31.9095        902     3.7542  0.000e+00
     24.161    16.9875   4.133492    31.9109        903     3.7583  0.000e+00
     24.241    16.9883   4.133708    31.9122        904     3.7625  0.000e+00
     24.328    16.9891   4.133924    31.9133        905     3.7667  0.000e+00
     24.411    16.9897   4.134114    31.9144        906     3.7708  0.000e+00
     24.496    16.9903   4.134297    31.9155        907     3.7750  0.000e+00
     24.572    16.9915   4.134264    31.9143        908     3.7792  0.000e+00
     24.638    16.9934   4.134480    31.9146        909     3.7833  0.000e+00
     24.703    16.9976   4.135029    31.9160        910     3.7875  0.000e+00
     24.759    17.0021   4.135729    31.9184        911     3.7917  0.000e+00
     24.793    17.0069   4.136553    31.9217        912     3.7958  0.000e+00
     24.819    17.0119   4.137416    31.9251        913     3.8000  0.000e+00
     24.830    17.0164   4.138168    31.9281        914     3.8042  0.000e+00
     24.826    17.0210   4.138763    31.9296        915     3.8083  0.000e+00
     24.810    17.0252   4.139398    31.9317        916     3.8125  0.000e+00
     24.792    17.0284   4.139470    31.9298        917     3.8167  0.000e+00
     24.759    17.0307   4.139300    31.9265        918     3.8208  0.000e+00
     24.721    17.0317   4.139372    31.9263        919     3.8250  0.000e+00
     24.676    17.0322   4.139103    31.9237        920     3.8292  0.000e+00
     24.633    17.0315   4.138744    31.9211        921     3.8333  0.000e+00
     24.593    17.0303   4.138672    31.9215        922     3.8375  0.000e+00
     24.549    17.0295   4.138816    31.9234        923     3.8417  0.000e+00
     24.507    17.0288   4.138698    31.9229        924     3.8458  0.000e+00
     24.471    17.0280   4.138475    31.9216        925     3.8500  0.000e+00
     24.433    17.0277   4.138456    31.9217        926     3.8542  0.000e+00
     24.406    17.0263   4.138260    31.9212        927     3.8583  0.000e+00
     24.384    17.0256   4.137998    31.9194        928     3.8625  0.000e+00
     24.372    17.0242   4.137756    31.9185        929     3.8667  0.000e+00
     24.355    17.0226   4.137540    31.9179        930     3.8708  0.000e+00
     24.359    17.0216   4.137475    31.9181        931     3.8750  0.000e+00
     24.363    17.0204   4.137468    31.9190        932     3.8792  0.000e+00
     24.372    17.0202   4.137560    31.9200        933     3.8833  0.000e+00
     24.388    17.0200   4.137560    31.9201        934     3.8875  0.000e+00
     24.399    17.0194   4.137560    31.9206        935     3.8917  0.000e+00
     24.408    17.0194   4.137488    31.9200        936     3.8958  0.000e+00
     24.420    17.0191   4.137442    31.9198        937     3.9000  0.000e+00
     24.428    17.0194   4.137442    31.9196        938     3.9042  0.000e+00
     24.420    17.0195   4.137514    31.9201        939     3.9083  0.000e+00
     24.417    17.0193   4.137396    31.9192        940     3.9125  0.000e+00
     24.413    17.0189   4.137082    31.9169        941     3.9167  0.000e+00
     24.397    17.0176   4.136984    31.9171        942     3.9208  0.000e+00
     24.395    17.0169   4.137010    31.9179        943     3.9250  0.000e+00
     24.390    17.0166   4.136984    31.9179        944     3.9292  0.000e+00
     24.384    17.0160   4.137030    31.9187        945     3.9333  0.000e+00
     24.384    17.0161   4.137010    31.9185        946     3.9375  0.000e+00
     24.383    17.0155   4.136938    31.9184        947     3.9417  0.000e+00
     24.379    17.0151   4.136866    31.9180        948     3.9458  0.000e+00
     24.372    17.0148   4.136788    31.9176        949     3.9500  0.000e+00
     24.370    17.0140   4.136526    31.9160        950     3.9542  0.000e+00
     24.368    17.0130   4.135853    31.9110        951     3.9583  0.000e+00
     24.357    17.0109   4.135611    31.9106        952     3.9625  0.000e+00
     24.350    17.0092   4.135872    31.9142        953     3.9667  0.000e+00
     24.334    17.0092   4.136402    31.9187        954     3.9708  0.000e+00
     24.308    17.0096   4.135709    31.9125        955     3.9750  0.000e+00
     24.268    17.0091   4.135401    31.9102        956     3.9792  0.000e+00
     24.227    17.0079   4.135565    31.9126        957     3.9833  0.000e+00
     24.178    17.0068   4.134571    31.9049        958     3.9875  0.000e+00
     24.122    17.0042   4.133969    31.9018        959     3.9917  0.000e+00
     24.068    17.0008   4.133734    31.9025        960     3.9958  0.000e+00
     24.004    16.9982   4.133924    31.9063        961     4.0000  0.000e+00
     23.939    16.9965   4.133806    31.9066        962     4.0042  0.000e+00
     23.872    16.9951   4.133564    31.9056        963     4.0083  0.000e+00
     23.803    16.9935   4.132904    31.9012        964     4.0125  0.000e+00
     23.741    16.9907   4.132433    31.8994        965     4.0167  0.000e+00
     23.680    16.9879   4.131995    31.8979        966     4.0208  0.000e+00
     23.626    16.9848   4.131949    31.9000        967     4.0250  0.000e+00
     23.584    16.9830   4.132361    31.9050        968     4.0292  0.000e+00
     23.555    16.9831   4.132649    31.9074        969     4.0333  0.000e+00
     23.544    16.9833   4.132864    31.9091        970     4.0375  0.000e+00
     23.550    16.9838   4.132930    31.9093        971     4.0417  0.000e+00
     23.571    16.9836   4.132891    31.9091        972     4.0458  0.000e+00
     23.602    16.9830   4.132838    31.9091        973     4.0500  0.000e+00
     23.638    16.9832   4.132891    31.9094        974     4.0542  0.000e+00
     23.684    16.9825   4.132963    31.9105        975     4.0583  0.000e+00
     23.747    16.9828   4.133008    31.9107        976     4.0625  0.000e+00
     23.816    16.9826   4.133080    31.9114        977     4.0667  0.000e+00
     23.883    16.9828   4.132982    31.9104        978     4.0708  0.000e+00
     23.939    16.9830   4.132832    31.9089        979     4.0750  0.000e+00
     23.984    16.9833   4.132865    31.9090        980     4.0792  0.000e+00
     24.024    16.9849   4.133152    31.9101        981     4.0833  0.000e+00
     24.046    16.9865   4.133394    31.9110        982     4.0875  0.000e+00
     24.041    16.9886   4.133970    31.9142        983     4.0917  0.000e+00
     24.019    16.9917   4.134355    31.9151        984     4.0958  0.000e+00
     23.974    16.9937   4.133950    31.9101        985     4.1000  0.000e+00
     23.910    16.9946   4.133786    31.9080        986     4.1042  0.000e+00
     23.825    16.9942   4.133682    31.9073        987     4.1083  0.000e+00
     23.722    16.9940   4.133564    31.9066        988     4.1125  0.000e+00
     23.608    16.9938   4.132864    31.9007        989     4.1167  0.000e+00
     23.483    16.9908   4.131008    31.8872        990     4.1208  0.000e+00
     23.354    16.9848   4.130478    31.8874        991     4.1250  0.000e+00
     23.225    16.9788   4.129929    31.8874        992     4.1292  0.000e+00
     23.104    16.9736   4.129615    31.8889        993     4.1333  0.000e+00
     22.986    16.9704   4.129602    31.8914        994     4.1375  0.000e+00
     22.883    16.9683   4.130576    31.9015        995     4.1417  0.000e+00
     22.794    16.9717   4.131851    31.9098        996     4.1458  0.000e+00
     22.715    16.9776   4.132505    31.9108        997     4.1500  0.000e+00
     22.653    16.9838   4.132766    31.9082        998     4.1542  0.000e+00
     22.595    16.9892   4.132910    31.9052        999     4.1583  0.000e+00
     22.557    16.9926   4.132864    31.9021       1000     4.1625  0.000e+00
     22.526    16.9947   4.132628    31.8984       1001     4.1667  0.000e+00
     22.488    16.9951   4.132262    31.8950       1002     4.1708  0.000e+00
     22.463    16.9947   4.132164    31.8944       1003     4.1750  0.000e+00
     22.436    16.9950   4.132236    31.8948       1004     4.1792  0.000e+00
     22.414    16.9947   4.132262    31.8953       1005     4.1833  0.000e+00
     22.396    16.9947   4.132288    31.8955       1006     4.1875  0.000e+00
     22.374    16.9947   4.132236    31.8950       1007     4.1917  0.000e+00
     22.360    16.9946   4.132190    31.8948       1008     4.1958  0.000e+00
     22.351    16.9947   4.132177    31.8946       1009     4.2000  0.000e+00
     22.340    16.9944   4.132190    31.8949       1010     4.2042  0.000e+00
     22.333    16.9946   4.132164    31.8946       1011     4.2083  0.000e+00
     22.338    16.9942   4.132138    31.8946       1012     4.2125  0.000e+00
     22.342    16.9941   4.132138    31.8947       1013     4.2167  0.000e+00
     22.349    16.9936   4.132066    31.8945       1014     4.2208  0.000e+00
     22.358    16.9931   4.131994    31.8943       1015     4.2250  0.000e+00
     22.364    16.9929   4.131949    31.8940       1016     4.2292  0.000e+00
     22.371    16.9921   4.131850    31.8938       1017     4.2333  0.000e+00
     22.380    16.9921   4.131759    31.8930       1018     4.2375  0.000e+00
     22.378    16.9921   4.131759    31.8930       1019     4.2417  0.000e+00
     22.371    16.9921   4.131831    31.8936       1020     4.2458  0.000e+00
     22.367    16.9928   4.131903    31.8937       1021     4.2500  0.000e+00
     22.356    16.9926   4.131949    31.8942       1022     4.2542  0.000e+00
     22.344    16.9929   4.131949    31.8941       1023     4.2583  0.000e+00
     22.329    16.9928   4.131922    31.8939       1024     4.2625  0.000e+00
     22.309    16.9930   4.131903    31.8935       1025     4.2667  0.000e+00
     22.289    16.9929   4.131733    31.8922       1026     4.2708  0.000e+00
     22.266    16.9920   4.131419    31.8902       1027     4.2750  0.000e+00
     22.237    16.9912   4.131203    31.8890       1028     4.2792  0.000e+00
     22.204    16.9898   4.130916    31.8876       1029     4.2833  0.000e+00
     22.157    16.9885   4.130988    31.8893       1030     4.2875  0.000e+00
     22.112    16.9876   4.130863    31.8889       1031     4.2917  0.000e+00
     22.052    16.9865   4.130386    31.8857       1032     4.2958  0.000e+00
     21.983    16.9852   4.129948    31.8830       1033     4.3000  0.000e+00
     21.911    16.9829   4.129641    31.8822       1034     4.3042  0.000e+00
     21.827    16.9810   4.128818    31.8767       1035     4.3083  0.000e+00
