HB2407/sbe073.cnv
* Sea-Bird SBE 19plus V2 Data File:
* FileName = C:\cruise\data\sbe073.hex
* Software Version Seasave V 7.26.7.121
* Temperature SN = 7143
* Conductivity SN = 7143
* System UpLoad Time = Oct 10 2024 20:16:25
* NMEA Latitude = 40 53.50 N
* NMEA Longitude = 067 07.04 W
* NMEA UTC (Time) = Oct 10 2024  20:16:11
** Ship: Bigelow
** Cruise:  HB2407
** Program:  Fall Bottom Trawl
# nquan = 7
# nvalues = 1900                                  
# units = specified
# name 0 = depSM: Depth [salt water, m]
# name 1 = tv290C: Temperature [ITS-90, deg C]
# name 2 = c0S/m: Conductivity [S/m]
# name 3 = sal00: Salinity, Practical [PSU]
# name 4 = scan: Scan Count
# name 5 = timeM: Time, Elapsed [minutes]
# name 6 = flag:  0.000e+00
# span 0 =     -0.144,     82.092                 
# span 1 =     7.4739,    17.1644                 
# span 2 =  -0.000012,   4.174043                 
# span 3 =     0.0000,    33.1671                 
# span 4 =         11,       1910                 
# span 5 =     0.0417,     7.9542                 
# span 6 = 0.0000e+00, 0.0000e+00                 
# interval = seconds: 0.25
# start_time = Oct 10 2024 20:16:11 [NMEA time, header]
# bad_flag = -9.990e-29
*END*
[from data line 1026]
     51.272     8.4516   3.432782    32.5368       1037     4.3167  0.000e+00
     51.211     8.4517   3.432782    32.5367       1038     4.3208  0.000e+00
     51.138     8.4516   3.432782    32.5368       1039     4.3250  0.000e+00
     51.052     8.4518   3.432970    32.5387       1040     4.3292  0.000e+00
     50.957     8.4528   3.433121    32.5395       1041     4.3333  0.000e+00
     50.852     8.4547   3.433437    32.5410       1042     4.3375  0.000e+00
     50.735     8.4570   3.433667    32.5414       1043     4.3417  0.000e+00
     50.617     8.4599   3.434601    32.5486       1044     4.3458  0.000e+00
     50.492     8.4643   3.435432    32.5533       1045     4.3500  0.000e+00
     50.366     8.4722   3.436493    32.5573       1046     4.3542  0.000e+00
     50.241     8.4807   3.435686    32.5410       1047     4.3583  0.000e+00
     50.132     8.4857   3.436426    32.5441       1048     4.3625  0.000e+00
     50.040     8.4886   3.436620    32.5436       1049     4.3667  0.000e+00
     49.955     8.4924   3.437318    32.5474       1050     4.3708  0.000e+00
     49.884     8.4974   3.437912    32.5491       1051     4.3750  0.000e+00
     49.825     8.5031   3.437827    32.5430       1052     4.3792  0.000e+00
     49.769     8.5071   3.438391    32.5453       1053     4.3833  0.000e+00
     49.725     8.5106   3.438021    32.5382       1054     4.3875  0.000e+00
     49.686     8.5126   3.438276    32.5391       1055     4.3917  0.000e+00
     49.646     8.5134   3.438676    32.5425       1056     4.3958  0.000e+00
     49.610     8.5155   3.439295    32.5471       1057     4.4000  0.000e+00
     49.561     8.5193   3.438980    32.5403       1058     4.4042  0.000e+00
     49.501     8.5219   3.439040    32.5386       1059     4.4083  0.000e+00
     49.427     8.5224   3.438998    32.5377       1060     4.4125  0.000e+00
     49.344     8.5227   3.438719    32.5345       1061     4.4167  0.000e+00
     49.244     8.5215   3.439423    32.5431       1062     4.4208  0.000e+00
     49.127     8.5232   3.439781    32.5453       1063     4.4250  0.000e+00
     48.998     8.5262   3.439780    32.5426       1064     4.4292  0.000e+00
     48.862     8.5289   3.440205    32.5446       1065     4.4333  0.000e+00
     48.723     8.5316   3.440660    32.5470       1066     4.4375  0.000e+00
     48.596     8.5357   3.440739    32.5441       1067     4.4417  0.000e+00
     48.473     8.5388   3.440824    32.5422       1068     4.4458  0.000e+00
     48.357     8.5406   3.441055    32.5430       1069     4.4500  0.000e+00
     48.256     8.5430   3.441352    32.5440       1070     4.4542  0.000e+00
     48.160     8.5453   3.441892    32.5476       1071     4.4583  0.000e+00
     48.084     8.5496   3.443227    32.5576       1072     4.4625  0.000e+00
     48.012     8.5577   3.443840    32.5567       1073     4.4667  0.000e+00
     47.947     8.5659   3.443992    32.5507       1074     4.4708  0.000e+00
     47.884     8.5723   3.444563    32.5508       1075     4.4750  0.000e+00
     47.820     8.5783   3.445255    32.5526       1076     4.4792  0.000e+00
     47.753     8.5845   3.446973    32.5650       1077     4.4833  0.000e+00
     47.674     8.5955   3.446287    32.5476       1078     4.4875  0.000e+00
     47.589     8.6025   3.446311    32.5415       1079     4.4917  0.000e+00
     47.487     8.6046   3.447289    32.5499       1080     4.4958  0.000e+00
     47.370     8.6089   3.447550    32.5486       1081     4.5000  0.000e+00
     47.245     8.6143   3.447671    32.5450       1082     4.5042  0.000e+00
     47.113     8.6180   3.447781    32.5428       1083     4.5083  0.000e+00
     46.972     8.6206   3.447823    32.5410       1084     4.5125  0.000e+00
     46.849     8.6228   3.447811    32.5388       1085     4.5167  0.000e+00
     46.731     8.6240   3.447714    32.5368       1086     4.5208  0.000e+00
     46.624     8.6244   3.447714    32.5364       1087     4.5250  0.000e+00
     46.535     8.6244   3.447738    32.5367       1088     4.5292  0.000e+00
     46.466     8.6249   3.447799    32.5370       1089     4.5333  0.000e+00
     46.409     8.6251   3.447792    32.5367       1090     4.5375  0.000e+00
     46.363     8.6255   3.447865    32.5371       1091     4.5417  0.000e+00
     46.335     8.6256   3.447908    32.5375       1092     4.5458  0.000e+00
     46.313     8.6261   3.447926    32.5372       1093     4.5500  0.000e+00
     46.296     8.6266   3.447969    32.5372       1094     4.5542  0.000e+00
     46.275     8.6271   3.447956    32.5367       1095     4.5583  0.000e+00
     46.249     8.6272   3.447969    32.5367       1096     4.5625  0.000e+00
     46.208     8.6273   3.447969    32.5366       1097     4.5667  0.000e+00
     46.157     8.6274   3.447993    32.5368       1098     4.5708  0.000e+00
     46.090     8.6275   3.447993    32.5368       1099     4.5750  0.000e+00
     46.005     8.6277   3.448035    32.5371       1100     4.5792  0.000e+00
     45.915     8.6278   3.448120    32.5379       1101     4.5833  0.000e+00
     45.813     8.6284   3.448163    32.5378       1102     4.5875  0.000e+00
     45.706     8.6291   3.448248    32.5382       1103     4.5917  0.000e+00
     45.591     8.6298   3.448260    32.5377       1104     4.5958  0.000e+00
     45.469     8.6303   3.448187    32.5365       1105     4.6000  0.000e+00
     45.350     8.6305   3.448205    32.5365       1106     4.6042  0.000e+00
     45.227     8.6303   3.447907    32.5337       1107     4.6083  0.000e+00
     45.109     8.6297   3.446905    32.5238       1108     4.6125  0.000e+00
     44.990     8.6264   3.445357    32.5106       1109     4.6167  0.000e+00
     44.874     8.6197   3.444646    32.5094       1110     4.6208  0.000e+00
     44.769     8.6127   3.444221    32.5115       1111     4.6250  0.000e+00
     44.666     8.6069   3.443584    32.5102       1112     4.6292  0.000e+00
     44.577     8.6022   3.443353    32.5121       1113     4.6333  0.000e+00
     44.492     8.5982   3.443353    32.5159       1114     4.6375  0.000e+00
     44.420     8.5955   3.443371    32.5185       1115     4.6417  0.000e+00
     44.351     8.5947   3.443396    32.5196       1116     4.6458  0.000e+00
     44.284     8.5945   3.443438    32.5202       1117     4.6500  0.000e+00
     44.222     8.5947   3.443499    32.5207       1118     4.6542  0.000e+00
     44.162     8.5949   3.443632    32.5220       1119     4.6583  0.000e+00
     44.105     8.5962   3.444051    32.5251       1120     4.6625  0.000e+00
     44.038     8.5984   3.444519    32.5281       1121     4.6667  0.000e+00
     43.967     8.6020   3.444670    32.5264       1122     4.6708  0.000e+00
     43.900     8.6058   3.444755    32.5238       1123     4.6750  0.000e+00
     43.824     8.6086   3.444810    32.5218       1124     4.6792  0.000e+00
     43.743     8.6107   3.445053    32.5225       1125     4.6833  0.000e+00
     43.657     8.6132   3.445800    32.5280       1126     4.6875  0.000e+00
     43.578     8.6180   3.446073    32.5266       1127     4.6917  0.000e+00
     43.484     8.6233   3.445799    32.5188       1128     4.6958  0.000e+00
     43.386     8.6260   3.444646    32.5043       1129     4.7000  0.000e+00
     43.290     8.6251   3.444415    32.5027       1130     4.7042  0.000e+00
     43.181     8.6237   3.444306    32.5030       1131     4.7083  0.000e+00
     43.075     8.6233   3.444925    32.5098       1132     4.7125  0.000e+00
     42.954     8.6261   3.445502    32.5134       1133     4.7167  0.000e+00
     42.829     8.6318   3.446066    32.5141       1134     4.7208  0.000e+00
     42.697     8.6387   3.446649    32.5139       1135     4.7250  0.000e+00
     42.559     8.6459   3.447499    32.5162       1136     4.7292  0.000e+00
     42.425     8.6547   3.448143    32.5150       1137     4.7333  0.000e+00
     42.284     8.6638   3.448161    32.5069       1138     4.7375  0.000e+00
     42.145     8.6705   3.448562    32.5050       1139     4.7417  0.000e+00
     42.015     8.6757   3.448610    32.5008       1140     4.7458  0.000e+00
     41.894     8.6798   3.449333    32.5047       1141     4.7500  0.000e+00
     41.778     8.6845   3.450141    32.5088       1142     4.7542  0.000e+00
     41.678     8.6907   3.450676    32.5088       1143     4.7583  0.000e+00
     41.584     8.6974   3.451077    32.5068       1144     4.7625  0.000e+00
     41.492     8.7033   3.451848    32.5095       1145     4.7667  0.000e+00
     41.414     8.7099   3.452316    32.5084       1146     4.7708  0.000e+00
     41.340     8.7166   3.452535    32.5046       1147     4.7750  0.000e+00
     41.273     8.7219   3.453209    32.5068       1148     4.7792  0.000e+00
     41.209     8.7277   3.453623    32.5058       1149     4.7833  0.000e+00
     41.151     8.7334   3.453878    32.5033       1150     4.7875  0.000e+00
     41.092     8.7381   3.454024    32.5005       1151     4.7917  0.000e+00
     41.039     8.7418   3.454127    32.4982       1152     4.7958  0.000e+00
     40.985     8.7443   3.454218    32.4969       1153     4.8000  0.000e+00
     40.929     8.7459   3.454455    32.4979       1154     4.8042  0.000e+00
     40.873     8.7477   3.454455    32.4963       1155     4.8083  0.000e+00
     40.819     8.7492   3.455008    32.5007       1156     4.8125  0.000e+00
     40.755     8.7520   3.455507    32.5033       1157     4.8167  0.000e+00
     40.690     8.7561   3.456333    32.5083       1158     4.8208  0.000e+00
     40.616     8.7626   3.456589    32.5051       1159     4.8250  0.000e+00
     40.537     8.7692   3.456351    32.4965       1160     4.8292  0.000e+00
     40.453     8.7745   3.456874    32.4972       1161     4.8333  0.000e+00
     40.366     8.7823   3.457701    32.4986       1162     4.8375  0.000e+00
     40.278     8.7928   3.458108    32.4933       1163     4.8417  0.000e+00
     40.187     8.8024   3.459258    32.4966       1164     4.8458  0.000e+00
     40.097     8.8123   3.459416    32.4892       1165     4.8500  0.000e+00
     40.003     8.8216   3.458594    32.4722       1166     4.8542  0.000e+00
     39.910     8.8256   3.458126    32.4636       1167     4.8583  0.000e+00
     39.818     8.8264   3.457761    32.4592       1168     4.8625  0.000e+00
     39.718     8.8258   3.457676    32.4588       1169     4.8667  0.000e+00
     39.624     8.8256   3.457646    32.4588       1170     4.8708  0.000e+00
     39.519     8.8259   3.457335    32.4553       1171     4.8750  0.000e+00
     39.423     8.8259   3.456995    32.4518       1172     4.8792  0.000e+00
     39.316     8.8254   3.456758    32.4498       1173     4.8833  0.000e+00
     39.213     8.8253   3.457074    32.4533       1174     4.8875  0.000e+00
     39.112     8.8286   3.458150    32.4615       1175     4.8917  0.000e+00
     39.014     8.8359   3.462451    32.4997       1176     4.8958  0.000e+00
     38.922     8.8584   3.467569    32.5325       1177     4.9000  0.000e+00
     38.817     8.9004   3.467860    32.4970       1178     4.9042  0.000e+00
     38.717     8.9354   3.471173    32.4995       1179     4.9083  0.000e+00
     38.603     8.9654   3.471477    32.4753       1180     4.9125  0.000e+00
     38.497     8.9914   3.474120    32.4791       1181     4.9167  0.000e+00
     38.384     9.0145   3.475082    32.4680       1182     4.9208  0.000e+00
     38.272     9.0348   3.476008    32.4592       1183     4.9250  0.000e+00
     38.156     9.0508   3.476228    32.4469       1184     4.9292  0.000e+00
     38.039     9.0625   3.480080    32.4762       1185     4.9333  0.000e+00
     37.918     9.0823   3.481823    32.4762       1186     4.9375  0.000e+00
     37.805     9.1048   3.483396    32.4720       1187     4.9417  0.000e+00
     37.695     9.1281   3.484689    32.4643       1188     4.9458  0.000e+00
     37.592     9.1482   3.484884    32.4480       1189     4.9500  0.000e+00
     37.489     9.1616   3.485640    32.4437       1190     4.9542  0.000e+00
     37.398     9.1719   3.486268    32.4408       1191     4.9583  0.000e+00
     37.313     9.1810   3.486140    32.4313       1192     4.9625  0.000e+00
     37.226     9.1866   3.488379    32.4493       1193     4.9667  0.000e+00
     37.150     9.1974   3.495540    32.5136       1194     4.9708  0.000e+00
     37.069     9.2319   3.496377    32.4908       1195     4.9750  0.000e+00
     36.993     9.2680   3.496425    32.4585       1196     4.9792  0.000e+00
     36.915     9.2914   3.502498    32.4999       1197     4.9833  0.000e+00
     36.836     9.3249   3.508074    32.5269       1198     4.9875  0.000e+00
     36.763     9.3739   3.510520    32.5076       1199     4.9917  0.000e+00
     36.684     9.4196   3.512392    32.4853       1200     4.9958  0.000e+00
     36.608     9.4566   3.514019    32.4685       1201     5.0000  0.000e+00
     36.534     9.4854   3.517710    32.4803       1202     5.0042  0.000e+00
     36.463     9.5175   3.528290    32.5598       1203     5.0083  0.000e+00
     36.391     9.5776   3.536944    32.5938       1204     5.0125  0.000e+00
     36.315     9.6597   3.542019    32.5714       1205     5.0167  0.000e+00
     36.234     9.7425   3.542460    32.5010       1206     5.0208  0.000e+00
     36.152     9.7983   3.555646    32.5849       1207     5.0250  0.000e+00
     36.062     9.8711   3.564412    32.6084       1208     5.0292  0.000e+00
     35.957     9.9682   3.566688    32.5439       1209     5.0333  0.000e+00
     35.850    10.0437   3.565973    32.4688       1210     5.0375  0.000e+00
     35.733    10.0866   3.569193    32.4628       1211     5.0417  0.000e+00
     35.610    10.1178   3.574830    32.4919       1212     5.0458  0.000e+00
     35.470    10.1574   3.581518    32.5239       1213     5.0500  0.000e+00
     35.327    10.2170   3.609294    32.7507       1214     5.0542  0.000e+00
     35.184    10.3516   3.634202    32.8800       1215     5.0583  0.000e+00
     35.037    10.5653   3.645838    32.8040       1216     5.0625  0.000e+00
     34.891    10.7644   3.654306    32.7100       1217     5.0667  0.000e+00
     34.742    10.9256   3.684340    32.8643       1218     5.0708  0.000e+00
     34.607    11.1362   3.734019    33.1671       1219     5.0750  0.000e+00
     34.476    11.4940   3.752899    33.0321       1220     5.0792  0.000e+00
     34.352    11.8463   3.765378    32.8410       1221     5.0833  0.000e+00
     34.232    12.1267   3.768711    32.6272       1222     5.0875  0.000e+00
     34.105    12.3156   3.772549    32.4998       1223     5.0917  0.000e+00
     33.986    12.4372   3.776365    32.4311       1224     5.0958  0.000e+00
     33.861    12.5215   3.784697    32.4380       1225     5.1000  0.000e+00
     33.732    12.6001   3.789143    32.4128       1226     5.1042  0.000e+00
     33.606    12.6730   3.790978    32.3676       1227     5.1083  0.000e+00
     33.481    12.7259   3.797713    32.3861       1228     5.1125  0.000e+00
     33.358    12.7776   3.801995    32.3825       1229     5.1167  0.000e+00
     33.229    12.8305   3.804389    32.3599       1230     5.1208  0.000e+00
     33.108    12.8740   3.806329    32.3411       1231     5.1250  0.000e+00
     32.996    12.9079   3.810096    32.3478       1232     5.1292  0.000e+00
     32.884    12.9423   3.813182    32.3475       1233     5.1333  0.000e+00
     32.773    12.9765   3.816224    32.3472       1234     5.1375  0.000e+00
     32.677    13.0091   3.818426    32.3401       1235     5.1417  0.000e+00
     32.576    13.0385   3.820053    32.3304       1236     5.1458  0.000e+00
     32.477    13.0637   3.821565    32.3232       1237     5.1500  0.000e+00
     32.375    13.0847   3.823148    32.3203       1238     5.1542  0.000e+00
     32.267    13.1033   3.827397    32.3445       1239     5.1583  0.000e+00
     32.162    13.1307   3.833924    32.3826       1240     5.1625  0.000e+00
