HB2407/sbe076.cnv
* Sea-Bird SBE 19plus V2 Data File:
* FileName = C:\cruise\data\sbe076.hex
* Software Version Seasave V 7.26.7.121
* Temperature SN = 7143
* Conductivity SN = 7143
* System UpLoad Time = Oct 11 2024 17:24:41
* NMEA Latitude = 41 09.49 N
* NMEA Longitude = 066 20.33 W
* NMEA UTC (Time) = Oct 11 2024  17:24:27
** Ship: Bigelow
** Cruise:  HB2407
** Program:  Fall Bottom Trawl
# nquan = 7
# nvalues = 3207                                  
# units = specified
# name 0 = depSM: Depth [salt water, m]
# name 1 = tv290C: Temperature [ITS-90, deg C]
# name 2 = c0S/m: Conductivity [S/m]
# name 3 = sal00: Salinity, Practical [PSU]
# name 4 = scan: Scan Count
# name 5 = timeM: Time, Elapsed [minutes]
# name 6 = flag:  0.000e+00
# span 0 =     -0.156,    133.338                 
# span 1 =     6.4549,    15.6403                 
# span 2 =   0.000002,   4.036228                 
# span 3 =     0.0077,    34.2892                 
# span 4 =         11,       3217                 
# span 5 =     0.0417,    13.4000                 
# span 6 = 0.0000e+00, 0.0000e+00                 
# interval = seconds: 0.25
# start_time = Oct 11 2024 17:24:27 [NMEA time, header]
# bad_flag = -9.990e-29
*END*
[from data line 2052]
     60.220     7.6462   3.377033    32.6898       2063     8.5917  0.000e+00
     60.175     7.6467   3.377111    32.6903       2064     8.5958  0.000e+00
     60.119     7.6474   3.377178    32.6904       2065     8.6000  0.000e+00
     60.063     7.6480   3.377238    32.6905       2066     8.6042  0.000e+00
     60.002     7.6490   3.377364    32.6910       2067     8.6083  0.000e+00
     59.929     7.6500   3.377907    32.6958       2068     8.6125  0.000e+00
     59.853     7.6525   3.378401    32.6988       2069     8.6167  0.000e+00
     59.779     7.6568   3.378569    32.6967       2070     8.6208  0.000e+00
     59.703     7.6601   3.378611    32.6940       2071     8.6250  0.000e+00
     59.630     7.6629   3.378672    32.6921       2072     8.6292  0.000e+00
     59.569     7.6643   3.378756    32.6917       2073     8.6333  0.000e+00
     59.506     7.6657   3.379069    32.6938       2074     8.6375  0.000e+00
     59.448     7.6676   3.379238    32.6938       2075     8.6417  0.000e+00
     59.405     7.6699   3.379340    32.6927       2076     8.6458  0.000e+00
     59.369     7.6721   3.379425    32.6917       2077     8.6500  0.000e+00
     59.340     7.6739   3.379467    32.6904       2078     8.6542  0.000e+00
     59.325     7.6752   3.379467    32.6892       2079     8.6583  0.000e+00
     59.312     7.6759   3.379467    32.6886       2080     8.6625  0.000e+00
     59.309     7.6762   3.379527    32.6889       2081     8.6667  0.000e+00
     59.311     7.6768   3.379587    32.6890       2082     8.6708  0.000e+00
     59.311     7.6774   3.379569    32.6883       2083     8.6750  0.000e+00
     59.311     7.6776   3.379545    32.6878       2084     8.6792  0.000e+00
     59.302     7.6776   3.379587    32.6883       2085     8.6833  0.000e+00
     59.292     7.6779   3.379629    32.6885       2086     8.6875  0.000e+00
     59.268     7.6782   3.379696    32.6888       2087     8.6917  0.000e+00
     59.241     7.6787   3.379732    32.6888       2088     8.6958  0.000e+00
     59.203     7.6791   3.379732    32.6885       2089     8.7000  0.000e+00
     59.167     7.6796   3.379816    32.6889       2090     8.7042  0.000e+00
     59.125     7.6800   3.379943    32.6899       2091     8.7083  0.000e+00
     59.084     7.6809   3.380003    32.6897       2092     8.7125  0.000e+00
     59.033     7.6819   3.380129    32.6902       2093     8.7167  0.000e+00
     58.990     7.6832   3.380232    32.6901       2094     8.7208  0.000e+00
     58.952     7.6845   3.380256    32.6891       2095     8.7250  0.000e+00
     58.925     7.6854   3.380171    32.6873       2096     8.7292  0.000e+00
     58.896     7.6860   3.380069    32.6857       2097     8.7333  0.000e+00
     58.878     7.6852   3.379985    32.6856       2098     8.7375  0.000e+00
     58.859     7.6844   3.379961    32.6861       2099     8.7417  0.000e+00
     58.844     7.6837   3.380003    32.6872       2100     8.7458  0.000e+00
     58.834     7.6834   3.380111    32.6886       2101     8.7500  0.000e+00
     58.814     7.6837   3.380153    32.6888       2102     8.7542  0.000e+00
     58.796     7.6844   3.380340    32.6902       2103     8.7583  0.000e+00
     58.760     7.6856   3.380611    32.6920       2104     8.7625  0.000e+00
     58.716     7.6876   3.380985    32.6941       2105     8.7667  0.000e+00
     58.668     7.6910   3.381274    32.6941       2106     8.7708  0.000e+00
     58.608     7.6948   3.381256    32.6904       2107     8.7750  0.000e+00
     58.541     7.6977   3.381359    32.6888       2108     8.7792  0.000e+00
     58.467     7.6994   3.381148    32.6849       2109     8.7833  0.000e+00
     58.400     7.6999   3.381316    32.6863       2110     8.7875  0.000e+00
     58.329     7.7005   3.381485    32.6876       2111     8.7917  0.000e+00
     58.268     7.7017   3.381877    32.6907       2112     8.7958  0.000e+00
     58.208     7.7044   3.381919    32.6886       2113     8.8000  0.000e+00
     58.163     7.7069   3.382106    32.6883       2114     8.8042  0.000e+00
     58.128     7.7094   3.382335    32.6885       2115     8.8083  0.000e+00
     58.105     7.7120   3.382485    32.6876       2116     8.8125  0.000e+00
     58.083     7.7147   3.382443    32.6847       2117     8.8167  0.000e+00
     58.092     7.7163   3.382461    32.6834       2118     8.8208  0.000e+00
     58.103     7.7171   3.382606    32.6841       2119     8.8250  0.000e+00
     58.118     7.7182   3.382522    32.6822       2120     8.8292  0.000e+00
     58.146     7.7188   3.382564    32.6821       2121     8.8333  0.000e+00
     58.179     7.7191   3.382751    32.6838       2122     8.8375  0.000e+00
     58.212     7.7203   3.382461    32.6796       2123     8.8417  0.000e+00
     58.237     7.7197   3.382485    32.6803       2124     8.8458  0.000e+00
     58.261     7.7189   3.381961    32.6755       2125     8.8500  0.000e+00
     58.286     7.7161   3.381545    32.6736       2126     8.8542  0.000e+00
     58.294     7.7114   3.381183    32.6742       2127     8.8583  0.000e+00
     58.289     7.7064   3.381171    32.6787       2128     8.8625  0.000e+00
     58.271     7.7030   3.381232    32.6825       2129     8.8667  0.000e+00
     58.240     7.7014   3.381334    32.6852       2130     8.8708  0.000e+00
     58.202     7.7009   3.381358    32.6859       2131     8.8750  0.000e+00
     58.157     7.7009   3.381298    32.6852       2132     8.8792  0.000e+00
     58.102     7.7012   3.381648    32.6888       2133     8.8833  0.000e+00
     58.045     7.7021   3.381901    32.6906       2134     8.8875  0.000e+00
     57.979     7.7051   3.382419    32.6934       2135     8.8917  0.000e+00
     57.911     7.7090   3.382962    32.6956       2136     8.8958  0.000e+00
     57.835     7.7156   3.382961    32.6895       2137     8.9000  0.000e+00
     57.755     7.7208   3.383233    32.6875       2138     8.9042  0.000e+00
     57.674     7.7242   3.383606    32.6884       2139     8.9083  0.000e+00
     57.592     7.7287   3.383546    32.6836       2140     8.9125  0.000e+00
     57.518     7.7315   3.383564    32.6811       2141     8.9167  0.000e+00
     57.451     7.7333   3.383588    32.6798       2142     8.9208  0.000e+00
     57.399     7.7341   3.383751    32.6808       2143     8.9250  0.000e+00
     57.353     7.7355   3.384022    32.6824       2144     8.9292  0.000e+00
     57.326     7.7378   3.384088    32.6809       2145     8.9333  0.000e+00
     57.319     7.7402   3.383793    32.6756       2146     8.9375  0.000e+00
     57.324     7.7401   3.383606    32.6736       2147     8.9417  0.000e+00
     57.343     7.7384   3.383564    32.6748       2148     8.9458  0.000e+00
     57.379     7.7369   3.383347    32.6738       2149     8.9500  0.000e+00
     57.413     7.7347   3.382672    32.6687       2150     8.9542  0.000e+00
     57.451     7.7301   3.382648    32.6727       2151     8.9583  0.000e+00
     57.480     7.7255   3.383064    32.6814       2152     8.9625  0.000e+00
     57.508     7.7250   3.383275    32.6842       2153     8.9667  0.000e+00
     57.535     7.7266   3.383377    32.6837       2154     8.9708  0.000e+00
     57.530     7.7286   3.383401    32.6821       2155     8.9750  0.000e+00
     57.507     7.7303   3.383504    32.6817       2156     8.9792  0.000e+00
     57.461     7.7318   3.383588    32.6812       2157     8.9833  0.000e+00
     57.393     7.7333   3.383775    32.6818       2158     8.9875  0.000e+00
     57.313     7.7351   3.383902    32.6815       2159     8.9917  0.000e+00
     57.220     7.7369   3.384064    32.6816       2160     8.9958  0.000e+00
     57.125     7.7393   3.384251    32.6814       2161     9.0000  0.000e+00
     57.038     7.7420   3.384438    32.6810       2162     9.0042  0.000e+00
     56.950     7.7448   3.384522    32.6792       2163     9.0083  0.000e+00
     56.874     7.7472   3.384607    32.6779       2164     9.0125  0.000e+00
     56.805     7.7492   3.384607    32.6761       2165     9.0167  0.000e+00
     56.746     7.7506   3.384751    32.6763       2166     9.0208  0.000e+00
     56.699     7.7520   3.384794    32.6755       2167     9.0250  0.000e+00
     56.666     7.7537   3.384878    32.6749       2168     9.0292  0.000e+00
     56.637     7.7549   3.384878    32.6737       2169     9.0333  0.000e+00
     56.616     7.7558   3.384878    32.6729       2170     9.0375  0.000e+00
     56.601     7.7563   3.384818    32.6718       2171     9.0417  0.000e+00
     56.590     7.7562   3.384860    32.6723       2172     9.0458  0.000e+00
     56.580     7.7565   3.384920    32.6727       2173     9.0500  0.000e+00
     56.574     7.7568   3.384938    32.6727       2174     9.0542  0.000e+00
     56.582     7.7574   3.384860    32.6712       2175     9.0583  0.000e+00
     56.593     7.7572   3.384775    32.6705       2176     9.0625  0.000e+00
     56.606     7.7563   3.384751    32.6711       2177     9.0667  0.000e+00
     56.613     7.7554   3.384751    32.6719       2178     9.0708  0.000e+00
     56.626     7.7549   3.384733    32.6722       2179     9.0750  0.000e+00
     56.630     7.7546   3.384733    32.6725       2180     9.0792  0.000e+00
     56.631     7.7545   3.384751    32.6727       2181     9.0833  0.000e+00
     56.624     7.7545   3.384751    32.6728       2182     9.0875  0.000e+00
     56.612     7.7543   3.384649    32.6719       2183     9.0917  0.000e+00
     56.595     7.7536   3.384631    32.6723       2184     9.0958  0.000e+00
     56.575     7.7530   3.384649    32.6731       2185     9.1000  0.000e+00
     56.556     7.7525   3.384691    32.6740       2186     9.1042  0.000e+00
     56.532     7.7529   3.384709    32.6739       2187     9.1083  0.000e+00
     56.518     7.7528   3.384691    32.6738       2188     9.1125  0.000e+00
     56.498     7.7530   3.384715    32.6738       2189     9.1167  0.000e+00
     56.489     7.7531   3.384733    32.6739       2190     9.1208  0.000e+00
     56.480     7.7531   3.384709    32.6737       2191     9.1250  0.000e+00
     56.471     7.7533   3.384751    32.6739       2192     9.1292  0.000e+00
     56.464     7.7535   3.384775    32.6740       2193     9.1333  0.000e+00
     56.448     7.7538   3.384775    32.6737       2194     9.1375  0.000e+00
     56.437     7.7539   3.384793    32.6738       2195     9.1417  0.000e+00
     56.422     7.7541   3.384836    32.6741       2196     9.1458  0.000e+00
     56.399     7.7546   3.384860    32.6739       2197     9.1500  0.000e+00
     56.372     7.7549   3.384902    32.6741       2198     9.1542  0.000e+00
     56.328     7.7554   3.384902    32.6737       2199     9.1583  0.000e+00
     56.276     7.7560   3.384920    32.6733       2200     9.1625  0.000e+00
     56.218     7.7566   3.384962    32.6732       2201     9.1667  0.000e+00
     56.140     7.7573   3.385004    32.6731       2202     9.1708  0.000e+00
     56.048     7.7577   3.385107    32.6739       2203     9.1750  0.000e+00
     55.954     7.7586   3.385209    32.6741       2204     9.1792  0.000e+00
     55.845     7.7597   3.385191    32.6729       2205     9.1833  0.000e+00
     55.739     7.7608   3.385294    32.6730       2206     9.1875  0.000e+00
     55.639     7.7622   3.385438    32.6733       2207     9.1917  0.000e+00
     55.545     7.7646   3.385523    32.6721       2208     9.1958  0.000e+00
     55.471     7.7671   3.385607    32.6707       2209     9.2000  0.000e+00
     55.406     7.7693   3.385631    32.6689       2210     9.2042  0.000e+00
     55.366     7.7710   3.385631    32.6673       2211     9.2083  0.000e+00
     55.339     7.7719   3.385709    32.6673       2212     9.2125  0.000e+00
     55.332     7.7725   3.385734    32.6670       2213     9.2167  0.000e+00
     55.328     7.7734   3.385709    32.6659       2214     9.2208  0.000e+00
     55.355     7.7734   3.385631    32.6650       2215     9.2250  0.000e+00
     55.399     7.7736   3.385589    32.6644       2216     9.2292  0.000e+00
     55.448     7.7725   3.385462    32.6640       2217     9.2333  0.000e+00
     55.512     7.7713   3.385378    32.6642       2218     9.2375  0.000e+00
     55.571     7.7693   3.385318    32.6655       2219     9.2417  0.000e+00
     55.638     7.7672   3.385275    32.6669       2220     9.2458  0.000e+00
     55.711     7.7653   3.385294    32.6689       2221     9.2500  0.000e+00
     55.772     7.7640   3.385209    32.6692       2222     9.2542  0.000e+00
     55.821     7.7633   3.385107    32.6687       2223     9.2583  0.000e+00
     55.859     7.7623   3.385065    32.6692       2224     9.2625  0.000e+00
     55.888     7.7614   3.385089    32.6703       2225     9.2667  0.000e+00
     55.899     7.7606   3.385089    32.6710       2226     9.2708  0.000e+00
     55.883     7.7606   3.385107    32.6712       2227     9.2750  0.000e+00
     55.856     7.7605   3.385077    32.6710       2228     9.2792  0.000e+00
     55.814     7.7602   3.385089    32.6714       2229     9.2833  0.000e+00
     55.758     7.7603   3.385131    32.6717       2230     9.2875  0.000e+00
     55.688     7.7604   3.385209    32.6726       2231     9.2917  0.000e+00
     55.612     7.7611   3.385294    32.6728       2232     9.2958  0.000e+00
     55.532     7.7621   3.385318    32.6722       2233     9.3000  0.000e+00
     55.449     7.7633   3.385318    32.6711       2234     9.3042  0.000e+00
     55.364     7.7643   3.385378    32.6708       2235     9.3083  0.000e+00
     55.295     7.7654   3.385480    32.6710       2236     9.3125  0.000e+00
     55.226     7.7669   3.385547    32.6703       2237     9.3167  0.000e+00
     55.176     7.7685   3.385649    32.6699       2238     9.3208  0.000e+00
     55.141     7.7705   3.385709    32.6687       2239     9.3250  0.000e+00
     55.111     7.7720   3.385734    32.6675       2240     9.3292  0.000e+00
     55.103     7.7732   3.385776    32.6669       2241     9.3333  0.000e+00
     55.096     7.7738   3.385776    32.6663       2242     9.3375  0.000e+00
     55.113     7.7742   3.385752    32.6657       2243     9.3417  0.000e+00
     55.149     7.7743   3.385709    32.6652       2244     9.3458  0.000e+00
     55.193     7.7741   3.385589    32.6640       2245     9.3500  0.000e+00
     55.250     7.7735   3.385480    32.6634       2246     9.3542  0.000e+00
     55.316     7.7719   3.385450    32.6645       2247     9.3583  0.000e+00
     55.386     7.7703   3.385420    32.6656       2248     9.3625  0.000e+00
     55.455     7.7692   3.385336    32.6658       2249     9.3667  0.000e+00
     55.521     7.7675   3.385360    32.6676       2250     9.3708  0.000e+00
     55.588     7.7661   3.385318    32.6684       2251     9.3750  0.000e+00
     55.646     7.7650   3.385294    32.6692       2252     9.3792  0.000e+00
     55.682     7.7644   3.385336    32.6702       2253     9.3833  0.000e+00
     55.700     7.7640   3.385336    32.6705       2254     9.3875  0.000e+00
     55.706     7.7640   3.385294    32.6701       2255     9.3917  0.000e+00
     55.679     7.7638   3.385336    32.6707       2256     9.3958  0.000e+00
     55.634     7.7638   3.385360    32.6710       2257     9.4000  0.000e+00
     55.564     7.7642   3.385336    32.6704       2258     9.4042  0.000e+00
     55.470     7.7641   3.385402    32.6713       2259     9.4083  0.000e+00
     55.361     7.7645   3.385402    32.6709       2260     9.4125  0.000e+00
     55.238     7.7651   3.385420    32.6707       2261     9.4167  0.000e+00
     55.113     7.7661   3.385547    32.6711       2262     9.4208  0.000e+00
     54.976     7.7679   3.385818    32.6724       2263     9.4250  0.000e+00
     54.845     7.7705   3.386107    32.6731       2264     9.4292  0.000e+00
     54.721     7.7741   3.386361    32.6725       2265     9.4333  0.000e+00
     54.612     7.7779   3.386463    32.6701       2266     9.4375  0.000e+00
