HB2407/sbe083.cnv
* Sea-Bird SBE 19plus V2 Data File:
* FileName = C:\cruise\data\sbe083.hex
* Software Version Seasave V 7.26.7.121
* Temperature SN = 7037
* Conductivity SN = 7037
* System UpLoad Time = Oct 12 2024 21:08:49
* NMEA Latitude = 41 14.29 N
* NMEA Longitude = 068 15.11 W
* NMEA UTC (Time) = Oct 12 2024  21:08:37
** Ship: Bigelow
** Cruise:  HB2407
** Program:  Spring Bottom Trawl
# nquan = 8
# nvalues = 1832                                  
# units = specified
# name 0 = depSM: Depth [salt water, m]
# name 1 = tv290C: Temperature [ITS-90, deg C]
# name 2 = c0S/m: Conductivity [S/m]
# name 3 = sal00: Salinity, Practical [PSU]
# name 4 = scan: Scan Count
# name 5 = timeM: Time, Elapsed [minutes]
# name 6 = sbeox0V: Oxygen raw, SBE 43 [V]
# name 7 = flag:  0.000e+00
# span 0 =     -0.098,     43.478                 
# span 1 =    16.4499,    17.1143                 
# span 2 =  -0.000028,   4.110543                 
# span 3 =     0.0000,    31.8994                 
# span 4 =         11,       1842                 
# span 5 =     0.0417,     7.6708                 
# span 6 =     1.9969,     2.5702                 
# span 7 = 0.0000e+00, 0.0000e+00                 
# interval = seconds: 0.25
# start_time = Oct 12 2024 21:08:37 [NMEA time, header]
# bad_flag = -9.990e-29
*END*
[from data line 1079]
     23.996    16.6358   4.080836    31.7345       1090     4.5375     2.4488  0.000e+00
     24.014    16.6357   4.080787    31.7342       1091     4.5417     2.4480  0.000e+00
     24.037    16.6356   4.080799    31.7343       1092     4.5458     2.4476  0.000e+00
     24.063    16.6355   4.080811    31.7345       1093     4.5500     2.4482  0.000e+00
     24.081    16.6353   4.080836    31.7348       1094     4.5542     2.4467  0.000e+00
     24.104    16.6354   4.080866    31.7350       1095     4.5583     2.4460  0.000e+00
     24.110    16.6356   4.080909    31.7353       1096     4.5625     2.4446  0.000e+00
     24.112    16.6358   4.080860    31.7347       1097     4.5667     2.4437  0.000e+00
     24.111    16.6360   4.080891    31.7348       1098     4.5708     2.4437  0.000e+00
     24.093    16.6361   4.080952    31.7353       1099     4.5750     2.4436  0.000e+00
     24.059    16.6365   4.081007    31.7354       1100     4.5792     2.4434  0.000e+00
     24.014    16.6370   4.081001    31.7350       1101     4.5833     2.4440  0.000e+00
     23.952    16.6371   4.081172    31.7364       1102     4.5875     2.4436  0.000e+00
     23.868    16.6378   4.081313    31.7371       1103     4.5917     2.4444  0.000e+00
     23.768    16.6388   4.081221    31.7356       1104     4.5958     2.4440  0.000e+00
     23.669    16.6392   4.081196    31.7351       1105     4.6000     2.4460  0.000e+00
     23.555    16.6396   4.081264    31.7354       1106     4.6042     2.4472  0.000e+00
     23.435    16.6398   4.081245    31.7351       1107     4.6083     2.4489  0.000e+00
     23.329    16.6401   4.081221    31.7347       1108     4.6125     2.4506  0.000e+00
     23.233    16.6401   4.081147    31.7341       1109     4.6167     2.4508  0.000e+00
     23.164    16.6399   4.081172    31.7345       1110     4.6208     2.4514  0.000e+00
     23.097    16.6398   4.081074    31.7338       1111     4.6250     2.4518  0.000e+00
     23.047    16.6398   4.081098    31.7340       1112     4.6292     2.4522  0.000e+00
     23.005    16.6394   4.081172    31.7349       1113     4.6333     2.4527  0.000e+00
     22.972    16.6395   4.081196    31.7351       1114     4.6375     2.4526  0.000e+00
     22.945    16.6398   4.081221    31.7351       1115     4.6417     2.4506  0.000e+00
     22.913    16.6400   4.081123    31.7341       1116     4.6458     2.4495  0.000e+00
     22.877    16.6400   4.081147    31.7343       1117     4.6500     2.4496  0.000e+00
     22.839    16.6399   4.081147    31.7344       1118     4.6542     2.4493  0.000e+00
     22.812    16.6397   4.081172    31.7348       1119     4.6583     2.4513  0.000e+00
     22.777    16.6398   4.081080    31.7339       1120     4.6625     2.4509  0.000e+00
     22.745    16.6394   4.081049    31.7339       1121     4.6667     2.4525  0.000e+00
     22.698    16.6390   4.081123    31.7349       1122     4.6708     2.4530  0.000e+00
     22.654    16.6389   4.081123    31.7350       1123     4.6750     2.4521  0.000e+00
     22.602    16.6393   4.081171    31.7352       1124     4.6792     2.4523  0.000e+00
     22.546    16.6394   4.081220    31.7355       1125     4.6833     2.4522  0.000e+00
     22.488    16.6397   4.081080    31.7341       1126     4.6875     2.4518  0.000e+00
     22.430    16.6395   4.081000    31.7336       1127     4.6917     2.4513  0.000e+00
     22.385    16.6389   4.080841    31.7326       1128     4.6958     2.4512  0.000e+00
     22.334    16.6380   4.080908    31.7340       1129     4.7000     2.4511  0.000e+00
     22.296    16.6375   4.080933    31.7346       1130     4.7042     2.4518  0.000e+00
     22.264    16.6376   4.080957    31.7347       1131     4.7083     2.4524  0.000e+00
     22.231    16.6375   4.081049    31.7356       1132     4.7125     2.4508  0.000e+00
     22.204    16.6377   4.081025    31.7353       1133     4.7167     2.4510  0.000e+00
     22.179    16.6382   4.081055    31.7352       1134     4.7208     2.4510  0.000e+00
     22.152    16.6384   4.081318    31.7373       1135     4.7250     2.4489  0.000e+00
     22.114    16.6393   4.081318    31.7366       1136     4.7292     2.4490  0.000e+00
     22.085    16.6404   4.081942    31.7411       1137     4.7333     2.4491  0.000e+00
     22.051    16.6429   4.082266    31.7420       1138     4.7375     2.4488  0.000e+00
     22.014    16.6461   4.082046    31.7375       1139     4.7417     2.4491  0.000e+00
     21.985    16.6474   4.082009    31.7362       1140     4.7458     2.4493  0.000e+00
     21.956    16.6483   4.082095    31.7362       1141     4.7500     2.4510  0.000e+00
     21.926    16.6488   4.081728    31.7327       1142     4.7542     2.4516  0.000e+00
     21.897    16.6483   4.081587    31.7319       1143     4.7583     2.4518  0.000e+00
     21.861    16.6469   4.081391    31.7313       1144     4.7625     2.4543  0.000e+00
     21.810    16.6452   4.081403    31.7327       1145     4.7667     2.4556  0.000e+00
     21.741    16.6443   4.081514    31.7345       1146     4.7708     2.4561  0.000e+00
     21.669    16.6438   4.081293    31.7329       1147     4.7750     2.4578  0.000e+00
     21.580    16.6434   4.081330    31.7337       1148     4.7792     2.4602  0.000e+00
     21.497    16.6428   4.081342    31.7343       1149     4.7833     2.4610  0.000e+00
     21.405    16.6427   4.081342    31.7344       1150     4.7875     2.4606  0.000e+00
     21.327    16.6427   4.081495    31.7357       1151     4.7917     2.4613  0.000e+00
     21.242    16.6429   4.081538    31.7359       1152     4.7958     2.4598  0.000e+00
     21.172    16.6434   4.081519    31.7355       1153     4.8000     2.4601  0.000e+00
     21.116    16.6439   4.081513    31.7350       1154     4.8042     2.4590  0.000e+00
     21.072    16.6440   4.081342    31.7335       1155     4.8083     2.4601  0.000e+00
     21.042    16.6438   4.081146    31.7319       1156     4.8125     2.4606  0.000e+00
     21.014    16.6425   4.081048    31.7322       1157     4.8167     2.4609  0.000e+00
     20.980    16.6416   4.081048    31.7329       1158     4.8208     2.4601  0.000e+00
     20.958    16.6407   4.081171    31.7347       1159     4.8250     2.4611  0.000e+00
     20.937    16.6404   4.081269    31.7357       1160     4.8292     2.4613  0.000e+00
     20.908    16.6407   4.081464    31.7372       1161     4.8333     2.4595  0.000e+00
     20.886    16.6417   4.081330    31.7352       1162     4.8375     2.4592  0.000e+00
     20.857    16.6421   4.081171    31.7335       1163     4.8417     2.4578  0.000e+00
     20.830    16.6419   4.081293    31.7348       1164     4.8458     2.4569  0.000e+00
     20.796    16.6416   4.081055    31.7329       1165     4.8500     2.4563  0.000e+00
     20.752    16.6411   4.081073    31.7336       1166     4.8542     2.4567  0.000e+00
     20.709    16.6405   4.081097    31.7342       1167     4.8583     2.4543  0.000e+00
     20.647    16.6403   4.081122    31.7346       1168     4.8625     2.4540  0.000e+00
     20.590    16.6402   4.081146    31.7349       1169     4.8667     2.4542  0.000e+00
     20.526    16.6402   4.081097    31.7345       1170     4.8708     2.4543  0.000e+00
     20.456    16.6402   4.081122    31.7348       1171     4.8750     2.4535  0.000e+00
     20.398    16.6402   4.081122    31.7348       1172     4.8792     2.4548  0.000e+00
     20.340    16.6402   4.081097    31.7346       1173     4.8833     2.4547  0.000e+00
     20.293    16.6401   4.081097    31.7347       1174     4.8875     2.4539  0.000e+00
     20.266    16.6402   4.081024    31.7340       1175     4.8917     2.4540  0.000e+00
     20.244    16.6398   4.081030    31.7344       1176     4.8958     2.4537  0.000e+00
     20.241    16.6397   4.080999    31.7342       1177     4.9000     2.4540  0.000e+00
     20.243    16.6395   4.080975    31.7341       1178     4.9042     2.4534  0.000e+00
     20.252    16.6394   4.080981    31.7342       1179     4.9083     2.4536  0.000e+00
     20.261    16.6393   4.080975    31.7343       1180     4.9125     2.4533  0.000e+00
     20.262    16.6391   4.080956    31.7343       1181     4.9167     2.4529  0.000e+00
     20.266    16.6389   4.080950    31.7344       1182     4.9208     2.4516  0.000e+00
     20.257    16.6388   4.080932    31.7343       1183     4.9250     2.4517  0.000e+00
     20.243    16.6387   4.080865    31.7338       1184     4.9292     2.4515  0.000e+00
     20.208    16.6384   4.080908    31.7344       1185     4.9333     2.4495  0.000e+00
     20.168    16.6384   4.080932    31.7347       1186     4.9375     2.4502  0.000e+00
     20.101    16.6384   4.080914    31.7346       1187     4.9417     2.4487  0.000e+00
     20.033    16.6383   4.080810    31.7337       1188     4.9458     2.4496  0.000e+00
     19.940    16.6380   4.080761    31.7335       1189     4.9500     2.4510  0.000e+00
     19.834    16.6375   4.080773    31.7341       1190     4.9542     2.4521  0.000e+00
     19.731    16.6373   4.080761    31.7342       1191     4.9583     2.4537  0.000e+00
     19.624    16.6371   4.080858    31.7352       1192     4.9625     2.4542  0.000e+00
     19.516    16.6374   4.080938    31.7358       1193     4.9667     2.4536  0.000e+00
     19.420    16.6380   4.080932    31.7353       1194     4.9708     2.4527  0.000e+00
     19.333    16.6382   4.080913    31.7350       1195     4.9750     2.4516  0.000e+00
     19.268    16.6385   4.080858    31.7342       1196     4.9792     2.4515  0.000e+00
     19.225    16.6384   4.080834    31.7342       1197     4.9833     2.4519  0.000e+00
     19.212    16.6381   4.080822    31.7343       1198     4.9875     2.4521  0.000e+00
     19.228    16.6380   4.080809    31.7343       1199     4.9917     2.4511  0.000e+00
     19.275    16.6377   4.080760    31.7340       1200     4.9958     2.4497  0.000e+00
     19.344    16.6375   4.080748    31.7341       1201     5.0000     2.4498  0.000e+00
     19.420    16.6375   4.080736    31.7340       1202     5.0042     2.4485  0.000e+00
     19.501    16.6371   4.080761    31.7345       1203     5.0083     2.4485  0.000e+00
     19.572    16.6371   4.080235    31.7298       1204     5.0125     2.4486  0.000e+00
     19.632    16.6370   4.080614    31.7332       1205     5.0167     2.4485  0.000e+00
     19.668    16.6368   4.080785    31.7348       1206     5.0208     2.4492  0.000e+00
     19.675    16.6369   4.080748    31.7344       1207     5.0250     2.4479  0.000e+00
     19.668    16.6369   4.080785    31.7348       1208     5.0292     2.4491  0.000e+00
     19.639    16.6369   4.080938    31.7361       1209     5.0333     2.4469  0.000e+00
     19.575    16.6375   4.081048    31.7366       1210     5.0375     2.4477  0.000e+00
     19.494    16.6382   4.081023    31.7359       1211     5.0417     2.4475  0.000e+00
     19.393    16.6388   4.080981    31.7351       1212     5.0458     2.4469  0.000e+00
     19.277    16.6389   4.081023    31.7353       1213     5.0500     2.4495  0.000e+00
     19.136    16.6393   4.081097    31.7357       1214     5.0542     2.4492  0.000e+00
     19.004    16.6398   4.081054    31.7351       1215     5.0583     2.4500  0.000e+00
     18.849    16.6400   4.080931    31.7339       1216     5.0625     2.4511  0.000e+00
     18.690    16.6396   4.080834    31.7334       1217     5.0667     2.4515  0.000e+00
     18.534    16.6391   4.080913    31.7345       1218     5.0708     2.4516  0.000e+00
     18.398    16.6393   4.080760    31.7331       1219     5.0750     2.4527  0.000e+00
     18.272    16.6385   4.080858    31.7346       1220     5.0792     2.4541  0.000e+00
     18.165    16.6384   4.080748    31.7338       1221     5.0833     2.4549  0.000e+00
     18.091    16.6380   4.080858    31.7351       1222     5.0875     2.4550  0.000e+00
     18.066    16.6382   4.080772    31.7342       1223     5.0917     2.4548  0.000e+00
     18.059    16.6380   4.080784    31.7344       1224     5.0958     2.4540  0.000e+00
     18.089    16.6380   4.080858    31.7351       1225     5.1000     2.4533  0.000e+00
     18.138    16.6381   4.080864    31.7350       1226     5.1042     2.4537  0.000e+00
     18.205    16.6383   4.080882    31.7350       1227     5.1083     2.4523  0.000e+00
     18.279    16.6385   4.080907    31.7350       1228     5.1125     2.4518  0.000e+00
     18.362    16.6387   4.080888    31.7347       1229     5.1167     2.4521  0.000e+00
     18.435    16.6388   4.080882    31.7346       1230     5.1208     2.4511  0.000e+00
     18.494    16.6389   4.080882    31.7345       1231     5.1250     2.4505  0.000e+00
     18.556    16.6388   4.080889    31.7346       1232     5.1292     2.4496  0.000e+00
     18.603    16.6389   4.080907    31.7346       1233     5.1333     2.4495  0.000e+00
     18.641    16.6389   4.080931    31.7348       1234     5.1375     2.4493  0.000e+00
     18.653    16.6389   4.081097    31.7363       1235     5.1417     2.4493  0.000e+00
     18.650    16.6396   4.081390    31.7382       1236     5.1458     2.4508  0.000e+00
     18.617    16.6412   4.081983    31.7421       1237     5.1500     2.4518  0.000e+00
     18.561    16.6439   4.082142    31.7414       1238     5.1542     2.4522  0.000e+00
     18.474    16.6468   4.081732    31.7356       1239     5.1583     2.4539  0.000e+00
     18.370    16.6477   4.081567    31.7335       1240     5.1625     2.4544  0.000e+00
     18.252    16.6472   4.081561    31.7338       1241     5.1667     2.4566  0.000e+00
     18.129    16.6466   4.081316    31.7322       1242     5.1708     2.4571  0.000e+00
     17.999    16.6456   4.081310    31.7331       1243     5.1750     2.4591  0.000e+00
     17.890    16.6447   4.081218    31.7329       1244     5.1792     2.4593  0.000e+00
     17.791    16.6438   4.080974    31.7316       1245     5.1833     2.4608  0.000e+00
     17.695    16.6425   4.080888    31.7319       1246     5.1875     2.4616  0.000e+00
     17.608    16.6411   4.080809    31.7323       1247     5.1917     2.4624  0.000e+00
     17.540    16.6402   4.080784    31.7329       1248     5.1958     2.4622  0.000e+00
     17.484    16.6392   4.080680    31.7328       1249     5.2000     2.4619  0.000e+00
     17.446    16.6389   4.080760    31.7337       1250     5.2042     2.4602  0.000e+00
     17.411    16.6383   4.080864    31.7352       1251     5.2083     2.4599  0.000e+00
     17.399    16.6384   4.080809    31.7346       1252     5.2125     2.4593  0.000e+00
     17.399    16.6384   4.080760    31.7342       1253     5.2167     2.4590  0.000e+00
     17.406    16.6384   4.080821    31.7347       1254     5.2208     2.4579  0.000e+00
     17.422    16.6382   4.080858    31.7352       1255     5.2250     2.4595  0.000e+00
     17.437    16.6386   4.080833    31.7346       1256     5.2292     2.4579  0.000e+00
     17.453    16.6385   4.080821    31.7346       1257     5.2333     2.4560  0.000e+00
     17.471    16.6384   4.080858    31.7349       1258     5.2375     2.4560  0.000e+00
     17.477    16.6386   4.081267    31.7384       1259     5.2417     2.4558  0.000e+00
     17.484    16.6401   4.081494    31.7392       1260     5.2458     2.4549  0.000e+00
     17.467    16.6419   4.081487    31.7377       1261     5.2500     2.4541  0.000e+00
     17.435    16.6434   4.081536    31.7369       1262     5.2542     2.4535  0.000e+00
     17.406    16.6443   4.081518    31.7360       1263     5.2583     2.4540  0.000e+00
     17.368    16.6451   4.081659    31.7367       1264     5.2625     2.4541  0.000e+00
     17.314    16.6458   4.081610    31.7357       1265     5.2667     2.4547  0.000e+00
     17.254    16.6463   4.081634    31.7355       1266     5.2708     2.4544  0.000e+00
     17.198    16.6465   4.081634    31.7354       1267     5.2750     2.4555  0.000e+00
     17.122    16.6468   4.081096    31.7305       1268     5.2792     2.4574  0.000e+00
