HB2407/sbe002.cnv
* Sea-Bird SBE 19plus V2 Data File:
* FileName = C:\cruise\data\sbe002.hex
* Software Version Seasave V 7.26.7.121
* Temperature SN = 7143
* Conductivity SN = 7143
* System UpLoad Time = Sep 07 2024 10:51:39
* NMEA Latitude = 39 01.47 N
* NMEA Longitude = 073 35.65 W
* NMEA UTC (Time) = Sep 07 2024  10:51:45
** Ship: Bigelow
** Cruise:  HB2407
** Program:  Fall Bottom Trawl
# nquan = 7
# nvalues = 1500                                  
# units = specified
# name 0 = depSM: Depth [salt water, m]
# name 1 = tv290C: Temperature [ITS-90, deg C]
# name 2 = c0S/m: Conductivity [S/m]
# name 3 = sal00: Salinity, Practical [PSU]
# name 4 = scan: Scan Count
# name 5 = timeM: Time, Elapsed [minutes]
# name 6 = flag:  0.000e+00
# span 0 =     -0.115,     49.124                 
# span 1 =     7.8351,    20.8340                 
# span 2 =  -0.000051,   4.445875                 
# span 3 =     0.0000,    36.0507                 
# span 4 =         11,       1510                 
# span 5 =     0.0417,     6.2875                 
# span 6 = 0.0000e+00, 0.0000e+00                 
# interval = seconds: 0.25
# start_time = Sep 07 2024 10:51:45 [NMEA time, header]
# bad_flag = -9.990e-29
*END*
[from data line 1231]
      8.552    20.8064   4.428772    31.4373       1242     5.1708  0.000e+00
      8.499    20.8078   4.428644    31.4353       1243     5.1750  0.000e+00
      8.449    20.8082   4.427332    31.4246       1244     5.1792  0.000e+00
      8.409    20.8086   4.428119    31.4306       1245     5.1833  0.000e+00
      8.373    20.8085   4.426518    31.4180       1246     5.1875  0.000e+00
      8.340    20.8078   4.426289    31.4166       1247     5.1917  0.000e+00
      8.317    20.8058   4.424426    31.4034       1248     5.1958  0.000e+00
      8.297    20.8056   4.425314    31.4106       1249     5.2000  0.000e+00
      8.276    20.8067   4.427097    31.4239       1250     5.2042  0.000e+00
      8.252    20.8072   4.428644    31.4358       1251     5.2083  0.000e+00
      8.231    20.8077   4.429876    31.4452       1252     5.2125  0.000e+00
      8.207    20.8090   4.431605    31.4579       1253     5.2167  0.000e+00
      8.169    20.8110   4.433611    31.4724       1254     5.2208  0.000e+00
      8.128    20.8136   4.435463    31.4852       1255     5.2250  0.000e+00
      8.084    20.8165   4.435948    31.4869       1256     5.2292  0.000e+00
      8.023    20.8175   4.436567    31.4911       1257     5.2333  0.000e+00
      7.956    20.8183   4.436224    31.4878       1258     5.2375  0.000e+00
      7.887    20.8198   4.436931    31.4923       1259     5.2417  0.000e+00
      7.807    20.8214   4.437146    31.4929       1260     5.2458  0.000e+00
      7.730    20.8221   4.437409    31.4945       1261     5.2500  0.000e+00
      7.645    20.8237   4.437274    31.4922       1262     5.2542  0.000e+00
      7.559    20.8251   4.437032    31.4893       1263     5.2583  0.000e+00
      7.478    20.8257   4.436829    31.4873       1264     5.2625  0.000e+00
      7.406    20.8261   4.436405    31.4836       1265     5.2667  0.000e+00
      7.337    20.8261   4.436540    31.4847       1266     5.2708  0.000e+00
      7.277    20.8261   4.436553    31.4849       1267     5.2750  0.000e+00
      7.221    20.8261   4.436877    31.4875       1268     5.2792  0.000e+00
      7.176    20.8259   4.437011    31.4887       1269     5.2833  0.000e+00
      7.134    20.8255   4.437382    31.4920       1270     5.2875  0.000e+00
      7.093    20.8261   4.437590    31.4932       1271     5.2917  0.000e+00
      7.053    20.8267   4.438237    31.4979       1272     5.2958  0.000e+00
      7.015    20.8274   4.437988    31.4954       1273     5.3000  0.000e+00
      6.977    20.8277   4.438190    31.4968       1274     5.3042  0.000e+00
      6.948    20.8284   4.438237    31.4967       1275     5.3083  0.000e+00
      6.918    20.8295   4.437698    31.4916       1276     5.3125  0.000e+00
      6.894    20.8290   4.436526    31.4826       1277     5.3167  0.000e+00
      6.869    20.8284   4.437011    31.4870       1278     5.3208  0.000e+00
      6.858    20.8282   4.437105    31.4878       1279     5.3250  0.000e+00
      6.842    20.8279   4.436728    31.4851       1280     5.3292  0.000e+00
      6.822    20.8276   4.437456    31.4910       1281     5.3333  0.000e+00
      6.810    20.8280   4.437786    31.4934       1282     5.3375  0.000e+00
      6.790    20.8287   4.438068    31.4952       1283     5.3417  0.000e+00
      6.765    20.8292   4.438311    31.4967       1284     5.3458  0.000e+00
      6.743    20.8294   4.438486    31.4979       1285     5.3500  0.000e+00
      6.720    20.8292   4.438991    31.5021       1286     5.3542  0.000e+00
      6.693    20.8290   4.439220    31.5041       1287     5.3583  0.000e+00
      6.660    20.8295   4.440096    31.5107       1288     5.3625  0.000e+00
      6.635    20.8300   4.440096    31.5103       1289     5.3667  0.000e+00
      6.600    20.8305   4.440460    31.5129       1290     5.3708  0.000e+00
      6.572    20.8298   4.440675    31.5151       1291     5.3750  0.000e+00
      6.537    20.8290   4.440877    31.5172       1292     5.3792  0.000e+00
      6.492    20.8275   4.441079    31.5200       1293     5.3833  0.000e+00
      6.441    20.8268   4.441511    31.5240       1294     5.3875  0.000e+00
      6.389    20.8266   4.442238    31.5299       1295     5.3917  0.000e+00
      6.324    20.8275   4.442238    31.5293       1296     5.3958  0.000e+00
      6.252    20.8288   4.442272    31.5286       1297     5.4000  0.000e+00
      6.152    20.8293   4.442211    31.5277       1298     5.4042  0.000e+00
      6.051    20.8295   4.441901    31.5252       1299     5.4083  0.000e+00
      5.941    20.8289   4.441780    31.5247       1300     5.4125  0.000e+00
      5.836    20.8275   4.441692    31.5250       1301     5.4167  0.000e+00
      5.736    20.8270   4.441207    31.5216       1302     5.4208  0.000e+00
      5.646    20.8264   4.440951    31.5200       1303     5.4250  0.000e+00
      5.561    20.8251   4.440533    31.5177       1304     5.4292  0.000e+00
      5.487    20.8243   4.440324    31.5167       1305     5.4333  0.000e+00
      5.420    20.8235   4.440722    31.5204       1306     5.4375  0.000e+00
      5.366    20.8232   4.440149    31.5161       1307     5.4417  0.000e+00
      5.310    20.8230   4.440169    31.5165       1308     5.4458  0.000e+00
      5.267    20.8230   4.439893    31.5143       1309     5.4500  0.000e+00
      5.232    20.8232   4.439846    31.5138       1310     5.4542  0.000e+00
      5.207    20.8232   4.439880    31.5141       1311     5.4583  0.000e+00
      5.191    20.8227   4.439496    31.5114       1312     5.4625  0.000e+00
      5.189    20.8217   4.438984    31.5081       1313     5.4667  0.000e+00
      5.197    20.8203   4.436148    31.4866       1314     5.4708  0.000e+00
      5.215    20.8194   4.436411    31.4894       1315     5.4750  0.000e+00
      5.226    20.8183   4.436600    31.4917       1316     5.4792  0.000e+00
      5.239    20.8174   4.436829    31.4941       1317     5.4833  0.000e+00
      5.253    20.8175   4.437489    31.4993       1318     5.4875  0.000e+00
      5.257    20.8193   4.439018    31.5101       1319     5.4917  0.000e+00
      5.254    20.8204   4.439907    31.5163       1320     5.4958  0.000e+00
      5.245    20.8217   4.440877    31.5230       1321     5.5000  0.000e+00
      5.225    20.8234   4.441881    31.5298       1322     5.5042  0.000e+00
      5.194    20.8250   4.442460    31.5332       1323     5.5083  0.000e+00
      5.158    20.8261   4.442965    31.5365       1324     5.5125  0.000e+00
      5.115    20.8265   4.442878    31.5354       1325     5.5167  0.000e+00
      5.060    20.8260   4.443019    31.5370       1326     5.5208  0.000e+00
      4.995    20.8259   4.442986    31.5368       1327     5.5250  0.000e+00
      4.914    20.8257   4.443066    31.5376       1328     5.5292  0.000e+00
      4.811    20.8254   4.443113    31.5382       1329     5.5333  0.000e+00
      4.704    20.8255   4.442905    31.5365       1330     5.5375  0.000e+00
      4.583    20.8248   4.442763    31.5359       1331     5.5417  0.000e+00
      4.462    20.8242   4.442480    31.5342       1332     5.5458  0.000e+00
      4.348    20.8230   4.442285    31.5336       1333     5.5500  0.000e+00
      4.237    20.8216   4.442244    31.5344       1334     5.5542  0.000e+00
      4.147    20.8213   4.442062    31.5331       1335     5.5583  0.000e+00
      4.067    20.8211   4.441732    31.5307       1336     5.5625  0.000e+00
      4.000    20.8202   4.441718    31.5313       1337     5.5667  0.000e+00
      3.937    20.8194   4.442035    31.5344       1338     5.5708  0.000e+00
      3.878    20.8200   4.442406    31.5369       1339     5.5750  0.000e+00
      3.820    20.8208   4.442237    31.5350       1340     5.5792  0.000e+00
      3.769    20.8214   4.442190    31.5342       1341     5.5833  0.000e+00
      3.722    20.8216   4.442035    31.5329       1342     5.5875  0.000e+00
      3.666    20.8213   4.441779    31.5311       1343     5.5917  0.000e+00
      3.617    20.8210   4.441745    31.5310       1344     5.5958  0.000e+00
      3.574    20.8209   4.441584    31.5298       1345     5.6000  0.000e+00
      3.552    20.8203   4.441429    31.5291       1346     5.6042  0.000e+00
      3.538    20.8200   4.441226    31.5277       1347     5.6083  0.000e+00
      3.534    20.8203   4.440627    31.5227       1348     5.6125  0.000e+00
      3.543    20.8205   4.439589    31.5143       1349     5.6167  0.000e+00
      3.563    20.8200   4.438889    31.5091       1350     5.6208  0.000e+00
      3.589    20.8195   4.438828    31.5090       1351     5.6250  0.000e+00
      3.614    20.8176   4.439367    31.5146       1352     5.6292  0.000e+00
      3.629    20.8168   4.440142    31.5214       1353     5.6333  0.000e+00
      3.643    20.8171   4.441078    31.5286       1354     5.6375  0.000e+00
      3.642    20.8181   4.442311    31.5376       1355     5.6417  0.000e+00
      3.625    20.8202   4.443349    31.5444       1356     5.6458  0.000e+00
      3.604    20.8225   4.443848    31.5466       1357     5.6500  0.000e+00
      3.566    20.8235   4.443854    31.5459       1358     5.6542  0.000e+00
      3.513    20.8238   4.443949    31.5464       1359     5.6583  0.000e+00
      3.434    20.8245   4.444144    31.5475       1360     5.6625  0.000e+00
      3.322    20.8252   4.444400    31.5491       1361     5.6667  0.000e+00
      3.188    20.8260   4.444427    31.5488       1362     5.6708  0.000e+00
      3.049    20.8265   4.444508    31.5490       1363     5.6750  0.000e+00
      2.897    20.8272   4.444326    31.5471       1364     5.6792  0.000e+00
      2.748    20.8275   4.444144    31.5455       1365     5.6833  0.000e+00
      2.625    20.8279   4.443874    31.5431       1366     5.6875  0.000e+00
      2.566    20.8282   4.443315    31.5385       1367     5.6917  0.000e+00
      2.519    20.8280   4.442668    31.5335       1368     5.6958  0.000e+00
      2.492    20.8272   4.442358    31.5317       1369     5.7000  0.000e+00
      2.468    20.8259   4.442668    31.5351       1370     5.7042  0.000e+00
      2.459    20.8251   4.442688    31.5358       1371     5.7083  0.000e+00
      2.454    20.8244   4.442432    31.5343       1372     5.7125  0.000e+00
      2.458    20.8241   4.441933    31.5306       1373     5.7167  0.000e+00
      2.469    20.8237   4.441859    31.5303       1374     5.7208  0.000e+00
      2.485    20.8232   4.441826    31.5304       1375     5.7250  0.000e+00
      2.498    20.8226   4.442311    31.5347       1376     5.7292  0.000e+00
      2.511    20.8232   4.442958    31.5393       1377     5.7333  0.000e+00
      2.507    20.8244   4.443571    31.5434       1378     5.7375  0.000e+00
      2.493    20.8247   4.443955    31.5461       1379     5.7417  0.000e+00
      2.464    20.8252   4.444373    31.5491       1380     5.7458  0.000e+00
      2.432    20.8256   4.444501    31.5499       1381     5.7500  0.000e+00
      2.404    20.8260   4.444905    31.5528       1382     5.7542  0.000e+00
      2.365    20.8270   4.445107    31.5537       1383     5.7583  0.000e+00
      2.303    20.8277   4.445249    31.5542       1384     5.7625  0.000e+00
      2.202    20.8286   4.445107    31.5525       1385     5.7667  0.000e+00
      2.063    20.8299   4.445532    31.5550       1386     5.7708  0.000e+00
      1.867    20.8301   4.445323    31.5532       1387     5.7750  0.000e+00
      1.668    20.8299   4.445080    31.5515       1388     5.7792  0.000e+00
      1.516    20.8297   4.444669    31.5484       1389     5.7833  0.000e+00
      1.417    20.8291   4.444049    31.5440       1390     5.7875  0.000e+00
      1.386    20.8292   4.443314    31.5381       1391     5.7917  0.000e+00
      1.395    20.8279   4.442613    31.5335       1392     5.7958  0.000e+00
      1.433    20.8261   4.441306    31.5245       1393     5.8000  0.000e+00
      1.488    20.8235   4.439959    31.5157       1394     5.8042  0.000e+00
      1.540    20.8206   4.438760    31.5083       1395     5.8083  0.000e+00
      1.597    20.8177   4.438430    31.5078       1396     5.8125  0.000e+00
      1.644    20.8152   4.439238    31.5160       1397     5.8167  0.000e+00
      1.687    20.8136   4.439643    31.5204       1398     5.8208  0.000e+00
      1.729    20.8120   4.440485    31.5283       1399     5.8250  0.000e+00
      1.769    20.8080   4.441024    31.5355       1400     5.8292  0.000e+00
      1.805    20.8049   4.441718    31.5433       1401     5.8333  0.000e+00
      1.820    20.8063   4.443672    31.5577       1402     5.8375  0.000e+00
      1.807    20.8121   4.445087    31.5647       1403     5.8417  0.000e+00
      1.764    20.8183   4.445255    31.5615       1404     5.8458  0.000e+00
      1.644    20.8223   4.445383    31.5595       1405     5.8500  0.000e+00
      1.510    20.8252   4.445376    31.5574       1406     5.8542  0.000e+00
      1.371    20.8274   4.445208    31.5545       1407     5.8583  0.000e+00
      1.257    20.8281   4.444716    31.5501       1408     5.8625  0.000e+00
      1.206    20.8279   4.444298    31.5469       1409     5.8667  0.000e+00
      1.219    20.8275   4.443873    31.5439       1410     5.8708  0.000e+00
      1.237    20.8265   4.443691    31.5431       1411     5.8750  0.000e+00
      1.257    20.8254   4.443516    31.5426       1412     5.8792  0.000e+00
      1.258    20.8250   4.444062    31.5472       1413     5.8833  0.000e+00
      1.236    20.8253   4.444453    31.5501       1414     5.8875  0.000e+00
      1.202    20.8254   4.444642    31.5515       1415     5.8917  0.000e+00
      1.162    20.8253   4.444628    31.5515       1416     5.8958  0.000e+00
      1.113    20.8247   4.444500    31.5509       1417     5.9000  0.000e+00
      1.068    20.8235   4.444325    31.5504       1418     5.9042  0.000e+00
      1.065    20.8244   4.444298    31.5496       1419     5.9083  0.000e+00
      1.075    20.8246   4.444426    31.5505       1420     5.9125  0.000e+00
      1.088    20.8247   4.444628    31.5519       1421     5.9167  0.000e+00
      1.065    20.8249   4.445154    31.5560       1422     5.9208  0.000e+00
      1.020    20.8254   4.445349    31.5572       1423     5.9250  0.000e+00
      0.944    20.8263   4.445511    31.5578       1424     5.9292  0.000e+00
      0.848    20.8273   4.445585    31.5577       1425     5.9333  0.000e+00
      0.748    20.8279   4.445632    31.5576       1426     5.9375  0.000e+00
      0.634    20.8289   4.445666    31.5573       1427     5.9417  0.000e+00
      0.491    20.8293   4.445686    31.5571       1428     5.9458  0.000e+00
      0.316    20.8298   4.445558    31.5558       1429     5.9500  0.000e+00
      0.148    20.8299   4.445248    31.5533       1430     5.9542  0.000e+00
      0.032    20.8298   4.444675    31.5489       1431     5.9583  0.000e+00
      0.019    20.8295   4.444163    31.5451       1432     5.9625  0.000e+00
      0.030    20.8289   4.444095    31.5450       1433     5.9667  0.000e+00
      0.059    20.8266   4.443617    31.5429       1434     5.9708  0.000e+00
      0.153    20.8238   4.442930    31.5394       1435     5.9750  0.000e+00
      0.204    20.8219   4.441683    31.5309       1436     5.9792  0.000e+00
      0.221    20.8200   4.440639    31.5241       1437     5.9833  0.000e+00
      0.271    20.8160   4.440019    31.5221       1438     5.9875  0.000e+00
      0.315    20.8098   4.439090    31.5193       1439     5.9917  0.000e+00
      0.368    20.8021   4.438261    31.5184       1440     5.9958  0.000e+00
      0.417    20.7951   4.437608    31.5184       1441     6.0000  0.000e+00
      0.444    20.7894   4.437325    31.5203       1442     6.0042  0.000e+00
      0.480    20.7863   4.436753    31.5181       1443     6.0083  0.000e+00
      0.578    20.7851   4.435911    31.5122       1444     6.0125  0.000e+00
      0.699    20.7839   4.436800    31.5202       1445     6.0167  0.000e+00
