HB2407/sbe098.cnv
* Sea-Bird SBE 19plus V2 Data File:
* FileName = C:\cruise\data\sbe098.hex
* Software Version Seasave V 7.26.7.121
* Temperature SN = 7037
* Conductivity SN = 7037
* System UpLoad Time = Oct 18 2024 00:40:17
* NMEA Latitude = 42 01.49 N
* NMEA Longitude = 067 32.41 W
* NMEA UTC (Time) = Oct 18 2024  00:39:10
** Ship: Bigelow
** Cruise:  HB2407
** Program:  Spring Bottom Trawl
# nquan = 8
# nvalues = 1396                                  
# units = specified
# name 0 = depSM: Depth [salt water, m]
# name 1 = tv290C: Temperature [ITS-90, deg C]
# name 2 = c0S/m: Conductivity [S/m]
# name 3 = sal00: Salinity, Practical [PSU]
# name 4 = scan: Scan Count
# name 5 = timeM: Time, Elapsed [minutes]
# name 6 = sbeox0V: Oxygen raw, SBE 43 [V]
# name 7 = flag:  0.000e+00
# span 0 =      0.060,     44.210                 
# span 1 =    11.1701,    14.8123                 
# span 2 =   0.000036,   3.935745                 
# span 3 =     0.0058,    32.9743                 
# span 4 =         11,       1406                 
# span 5 =     0.0417,     5.8542                 
# span 6 =     1.9232,     2.5879                 
# span 7 = 0.0000e+00, 0.0000e+00                 
# interval = seconds: 0.25
# start_time = Oct 18 2024 00:39:10 [NMEA time, header]
# bad_flag = -9.990e-29
*END*
[from data line 1259]
      2.698    14.7899   3.933453    31.9246       1270     5.2875     2.3635  0.000e+00
      2.689    14.7895   3.933615    31.9264       1271     5.2917     2.3639  0.000e+00
      2.671    14.7895   3.933591    31.9262       1272     5.2958     2.3651  0.000e+00
      2.649    14.7896   3.933453    31.9249       1273     5.3000     2.3652  0.000e+00
      2.616    14.7894   3.933664    31.9270       1274     5.3042     2.3651  0.000e+00
      2.566    14.7895   3.933874    31.9288       1275     5.3083     2.3657  0.000e+00
      2.515    14.7906   3.933917    31.9283       1276     5.3125     2.3657  0.000e+00
      2.472    14.7915   3.933874    31.9272       1277     5.3167     2.3666  0.000e+00
      2.428    14.7921   3.933850    31.9265       1278     5.3208     2.3648  0.000e+00
      2.387    14.7925   3.933525    31.9232       1279     5.3250     2.3655  0.000e+00
      2.340    14.7919   3.933543    31.9239       1280     5.3292     2.3653  0.000e+00
      2.307    14.7909   3.934037    31.9292       1281     5.3333     2.3642  0.000e+00
      2.262    14.7917   3.933754    31.9260       1282     5.3375     2.3650  0.000e+00
      2.203    14.7923   3.933687    31.9249       1283     5.3417     2.3638  0.000e+00
      2.141    14.7919   3.933802    31.9263       1284     5.3458     2.3641  0.000e+00
      2.105    14.7918   3.933892    31.9272       1285     5.3500     2.3638  0.000e+00
      2.069    14.7923   3.933850    31.9265       1286     5.3542     2.3637  0.000e+00
      2.022    14.7928   3.933826    31.9259       1287     5.3583     2.3643  0.000e+00
      1.975    14.7928   3.933501    31.9230       1288     5.3625     2.3648  0.000e+00
      1.944    14.7918   3.933314    31.9220       1289     5.3667     2.3651  0.000e+00
      1.930    14.7905   3.933338    31.9234       1290     5.3708     2.3645  0.000e+00
      1.895    14.7895   3.933290    31.9237       1291     5.3750     2.3651  0.000e+00
      1.865    14.7885   3.933428    31.9259       1292     5.3792     2.3638  0.000e+00
      1.828    14.7879   3.933266    31.9249       1293     5.3833     2.3638  0.000e+00
      1.756    14.7876   3.933314    31.9256       1294     5.3875     2.3633  0.000e+00
      1.676    14.7875   3.933338    31.9259       1295     5.3917     2.3633  0.000e+00
      1.633    14.7873   3.933404    31.9267       1296     5.3958     2.3629  0.000e+00
      1.610    14.7875   3.933338    31.9259       1297     5.4000     2.3639  0.000e+00
      1.577    14.7878   3.933501    31.9272       1298     5.4042     2.3628  0.000e+00
      1.532    14.7883   3.933501    31.9268       1299     5.4083     2.3624  0.000e+00
      1.470    14.7887   3.933500    31.9265       1300     5.4125     2.3619  0.000e+00
      1.404    14.7894   3.933543    31.9263       1301     5.4167     2.3631  0.000e+00
      1.333    14.7896   3.933639    31.9270       1302     5.4208     2.3631  0.000e+00
      1.291    14.7902   3.933404    31.9244       1303     5.4250     2.3648  0.000e+00
      1.268    14.7900   3.933362    31.9242       1304     5.4292     2.3651  0.000e+00
      1.255    14.7895   3.933338    31.9244       1305     5.4333     2.3648  0.000e+00
      1.245    14.7889   3.933199    31.9237       1306     5.4375     2.3658  0.000e+00
      1.225    14.7882   3.933055    31.9230       1307     5.4417     2.3661  0.000e+00
      1.180    14.7870   3.932778    31.9214       1308     5.4458     2.3658  0.000e+00
      1.096    14.7856   3.932874    31.9235       1309     5.4500     2.3666  0.000e+00
      1.026    14.7844   3.933500    31.9302       1310     5.4542     2.3658  0.000e+00
      0.961    14.7857   3.933850    31.9323       1311     5.4583     2.3669  0.000e+00
      0.905    14.7884   3.933826    31.9299       1312     5.4625     2.3667  0.000e+00
      0.844    14.7907   3.933753    31.9274       1313     5.4667     2.3673  0.000e+00
      0.788    14.7918   3.933826    31.9271       1314     5.4708     2.3677  0.000e+00
      0.768    14.7928   3.934054    31.9284       1315     5.4750     2.3690  0.000e+00
      0.793    14.7940   3.934103    31.9278       1316     5.4792     2.3700  0.000e+00
      0.840    14.7951   3.933988    31.9259       1317     5.4833     2.3708  0.000e+00
      0.875    14.7957   3.933777    31.9235       1318     5.4875     2.3701  0.000e+00
      0.867    14.7952   3.933151    31.9183       1319     5.4917     2.3682  0.000e+00
      0.858    14.7925   3.933054    31.9195       1320     5.4958     2.3675  0.000e+00
      0.853    14.7900   3.932988    31.9210       1321     5.5000     2.3680  0.000e+00
      0.855    14.7879   3.933591    31.9282       1322     5.5042     2.3669  0.000e+00
      0.873    14.7879   3.933404    31.9265       1323     5.5083     2.3660  0.000e+00
      0.893    14.7887   3.933241    31.9244       1324     5.5125     2.3650  0.000e+00
      0.903    14.7885   3.933289    31.9250       1325     5.5167     2.3655  0.000e+00
      0.912    14.7880   3.932850    31.9214       1326     5.5208     2.3666  0.000e+00
      0.896    14.7868   3.932567    31.9198       1327     5.5250     2.3663  0.000e+00
      0.902    14.7849   3.933338    31.9284       1328     5.5292     2.3662  0.000e+00
      0.931    14.7846   3.933705    31.9319       1329     5.5333     2.3664  0.000e+00
      0.950    14.7871   3.934290    31.9351       1330     5.5375     2.3666  0.000e+00
      0.956    14.7910   3.933940    31.9288       1331     5.5417     2.3674  0.000e+00
      0.952    14.7932   3.933476    31.9227       1332     5.5458     2.3683  0.000e+00
      0.961    14.7931   3.934151    31.9290       1333     5.5500     2.3691  0.000e+00
      0.961    14.7939   3.934777    31.9339       1334     5.5542     2.3697  0.000e+00
      0.958    14.7972   3.934380    31.9277       1335     5.5583     2.3704  0.000e+00
      0.936    14.7995   3.934217    31.9244       1336     5.5625     2.3702  0.000e+00
      0.913    14.7995   3.934639    31.9281       1337     5.5667     2.3700  0.000e+00
      0.893    14.8006   3.934964    31.9302       1338     5.5708     2.3706  0.000e+00
      0.842    14.8029   3.935079    31.9293       1339     5.5750     2.3700  0.000e+00
      0.802    14.8048   3.934639    31.9238       1340     5.5792     2.3699  0.000e+00
      0.797    14.8055   3.934801    31.9247       1341     5.5833     2.3691  0.000e+00
      0.848    14.8057   3.935127    31.9275       1342     5.5875     2.3693  0.000e+00
      0.922    14.8066   3.935265    31.9280       1343     5.5917     2.3687  0.000e+00
      0.980    14.8080   3.935386    31.9279       1344     5.5958     2.3693  0.000e+00
      1.023    14.8095   3.935428    31.9270       1345     5.6000     2.3696  0.000e+00
      1.056    14.8108   3.935524    31.9269       1346     5.6042     2.3693  0.000e+00
      1.092    14.8117   3.935500    31.9259       1347     5.6083     2.3686  0.000e+00
      1.151    14.8123   3.935103    31.9218       1348     5.6125     2.3680  0.000e+00
      1.188    14.8116   3.934663    31.9183       1349     5.6167     2.3680  0.000e+00
      1.184    14.8096   3.934753    31.9208       1350     5.6208     2.3667  0.000e+00
      1.142    14.8081   3.935386    31.9278       1351     5.6250     2.3673  0.000e+00
      1.076    14.8082   3.935549    31.9292       1352     5.6292     2.3660  0.000e+00
      0.992    14.8100   3.935289    31.9254       1353     5.6333     2.3667  0.000e+00
      0.907    14.8110   3.935036    31.9223       1354     5.6375     2.3679  0.000e+00
      0.776    14.8105   3.935036    31.9228       1355     5.6417     2.3683  0.000e+00
      0.635    14.8098   3.934892    31.9221       1356     5.6458     2.3690  0.000e+00
      0.528    14.8091   3.935036    31.9240       1357     5.6500     2.3687  0.000e+00
      0.416    14.8086   3.934825    31.9226       1358     5.6542     2.3684  0.000e+00
      0.280    14.8082   3.933964    31.9151       1359     5.6583     2.3680  0.000e+00
      0.186    14.8055   3.932662    31.9056       1360     5.6625     2.3690  0.000e+00
      0.125    14.7994   3.248208    25.8103       1361     5.6667     2.3676  0.000e+00
      0.069    14.7892   0.911692     6.4763       1362     5.6708     2.3685  0.000e+00
      0.062    14.7654   0.456192     3.0884       1363     5.6750     2.3677  0.000e+00
      0.065    14.7212   0.337916     2.2476       1364     5.6792     2.3683  0.000e+00
      0.069    14.6629   0.276860     1.8226       1365     5.6833     2.3693  0.000e+00
      0.067    14.6048   0.260252     1.7097       1366     5.6875     2.3680  0.000e+00
      0.065    14.5733   0.227764     1.4864       1367     5.6917     2.3648  0.000e+00
      0.067    14.5590   0.208018     1.3514       1368     5.6958     2.3610  0.000e+00
      0.067    14.5543   0.196155     1.2705       1369     5.7000     2.3574  0.000e+00
      0.062    14.5548   0.178892     1.1531       1370     5.7042     2.3511  0.000e+00
      0.062    14.5569   0.169081     1.0867       1371     5.7083     2.3499  0.000e+00
      0.060    14.5603   0.160683     1.0300       1372     5.7125     2.3480  0.000e+00
      0.063    14.5642   0.151199     0.9662       1373     5.7167     2.3444  0.000e+00
      0.067    14.5682   0.144063     0.9183       1374     5.7208     2.3435  0.000e+00
      0.069    14.5723   0.138187     0.8790       1375     5.7250     2.3417  0.000e+00
      0.065    14.5760   0.131370     0.8336       1376     5.7292     2.3417  0.000e+00
      0.063    14.5795   0.120761     0.7632       1377     5.7333     2.3420  0.000e+00
      0.069    14.5831   0.116155     0.7327       1378     5.7375     2.3427  0.000e+00
      0.071    14.5862   0.116644     0.7359       1379     5.7417     2.3437  0.000e+00
      0.073    14.5890   0.111153     0.6997       1380     5.7458     2.3453  0.000e+00
      0.067    14.5894   0.100384     0.6291       1381     5.7500     2.3470  0.000e+00
      0.071    14.5900   0.095740     0.5988       1382     5.7542     2.3495  0.000e+00
      0.073    14.5918   0.091963     0.5742       1383     5.7583     2.3503  0.000e+00
      0.075    14.5943   0.088784     0.5535       1384     5.7625     2.3497  0.000e+00
      0.074    14.5963   0.085284     0.5308       1385     5.7667     2.3532  0.000e+00
      0.073    14.5988   0.080790     0.5017       1386     5.7708     2.3529  0.000e+00
      0.076    14.6012   0.076895     0.4765       1387     5.7750     2.3555  0.000e+00
      0.078    14.6020   0.075930     0.4703       1388     5.7792     2.3588  0.000e+00
      0.078    14.6037   0.072078     0.4455       1389     5.7833     2.3599  0.000e+00
      0.075    14.6042   0.065845     0.4057       1390     5.7875     2.3626  0.000e+00
      0.080    14.6019   0.062538     0.3846       1391     5.7917     2.3655  0.000e+00
      0.080    14.6018   0.061378     0.3772       1392     5.7958     2.3693  0.000e+00
      0.082    14.6034   0.059733     0.3668       1393     5.8000     2.3725  0.000e+00
      0.078    14.6055   0.054900     0.3361       1394     5.8042     2.3764  0.000e+00
      0.074    14.6072   0.051068     0.3119       1395     5.8083     2.3804  0.000e+00
      0.082    14.6091   0.048990     0.2988       1396     5.8125     2.3849  0.000e+00
      0.078    14.6116   0.046460     0.2829       1397     5.8167     2.3879  0.000e+00
      0.078    14.6140   0.042068     0.2555       1398     5.8208     2.3928  0.000e+00
      0.073    14.6164   0.038145     0.2311       1399     5.8250     2.3970  0.000e+00
      0.080    14.6188   0.035210     0.2129       1400     5.8292     2.4001  0.000e+00
      0.082    14.6210   0.032983     0.1991       1401     5.8333     2.4034  0.000e+00
      0.080    14.6235   0.030623     0.1846       1402     5.8375     2.4073  0.000e+00
      0.080    14.6245   0.028273     0.1702       1403     5.8417     2.4093  0.000e+00
      0.084    14.6247   0.026140     0.1572       1404     5.8458     2.4134  0.000e+00
      0.084    14.6259   0.024525     0.1474       1405     5.8500     2.4166  0.000e+00
      0.084    14.6276   0.022520     0.1353       1406     5.8542     2.4182  0.000e+00
