HB2407/sbe089.cnv
* Sea-Bird SBE 19plus V2 Data File:
* FileName = C:\cruise\data\sbe089.hex
* Software Version Seasave V 7.26.7.121
* Temperature SN = 7037
* Conductivity SN = 7037
* System UpLoad Time = Oct 13 2024 22:03:52
* NMEA Latitude = 41 03.25 N
* NMEA Longitude = 068 47.44 W
* NMEA UTC (Time) = Oct 13 2024  22:03:41
** Ship: Bigelow
** Cruise:  HB2407
** Program:  Spring Bottom Trawl
# nquan = 8
# nvalues = 1355                                  
# units = specified
# name 0 = depSM: Depth [salt water, m]
# name 1 = tv290C: Temperature [ITS-90, deg C]
# name 2 = c0S/m: Conductivity [S/m]
# name 3 = sal00: Salinity, Practical [PSU]
# name 4 = scan: Scan Count
# name 5 = timeM: Time, Elapsed [minutes]
# name 6 = sbeox0V: Oxygen raw, SBE 43 [V]
# name 7 = flag:  0.000e+00
# span 0 =      1.706,     63.097                 
# span 1 =    15.3673,    15.6278                 
# span 2 =   3.993242,   4.014495                 
# span 3 =    31.9435,    32.0434                 
# span 4 =         11,       1365                 
# span 5 =     0.0417,     5.6833                 
# span 6 =     2.3309,     2.4209                 
# span 7 = 0.0000e+00, 0.0000e+00                 
# interval = seconds: 0.25
# start_time = Oct 13 2024 22:03:41 [NMEA time, header]
# bad_flag = -9.990e-29
*END*
[from data line 360]
     62.903    15.3741   3.994263    31.9711        371     1.5417     2.3374  0.000e+00
     62.874    15.3741   3.994239    31.9709        372     1.5458     2.3378  0.000e+00
     62.854    15.3741   3.994287    31.9714        373     1.5500     2.3366  0.000e+00
     62.838    15.3741   3.994263    31.9712        374     1.5542     2.3354  0.000e+00
     62.836    15.3742   3.994384    31.9722        375     1.5583     2.3353  0.000e+00
     62.831    15.3748   3.994566    31.9734        376     1.5625     2.3351  0.000e+00
     62.840    15.3759   3.994736    31.9740        377     1.5667     2.3347  0.000e+00
     62.843    15.3770   3.994785    31.9735        378     1.5708     2.3362  0.000e+00
     62.852    15.3783   3.994857    31.9731        379     1.5750     2.3358  0.000e+00
     62.863    15.3792   3.994857    31.9723        380     1.5792     2.3363  0.000e+00
     62.870    15.3799   3.994736    31.9707        381     1.5833     2.3355  0.000e+00
     62.874    15.3799   3.994572    31.9693        382     1.5875     2.3356  0.000e+00
     62.876    15.3793   3.994457    31.9687        383     1.5917     2.3364  0.000e+00
     62.878    15.3783   3.994312    31.9682        384     1.5958     2.3363  0.000e+00
     62.870    15.3770   3.994239    31.9687        385     1.6000     2.3372  0.000e+00
     62.867    15.3759   3.994263    31.9698        386     1.6042     2.3375  0.000e+00
     62.851    15.3752   3.994336    31.9709        387     1.6083     2.3382  0.000e+00
     62.840    15.3751   3.994312    31.9708        388     1.6125     2.3379  0.000e+00
     62.823    15.3750   3.994287    31.9707        389     1.6167     2.3377  0.000e+00
     62.813    15.3748   3.994215    31.9702        390     1.6208     2.3376  0.000e+00
     62.800    15.3746   3.994160    31.9699        391     1.6250     2.3374  0.000e+00
     62.793    15.3741   3.994124    31.9699        392     1.6292     2.3367  0.000e+00
     62.780    15.3737   3.994148    31.9705        393     1.6333     2.3361  0.000e+00
     62.778    15.3734   3.994215    31.9714        394     1.6375     2.3369  0.000e+00
     62.785    15.3734   3.994312    31.9722        395     1.6417     2.3358  0.000e+00
     62.793    15.3738   3.994287    31.9717        396     1.6458     2.3351  0.000e+00
     62.814    15.3741   3.994263    31.9712        397     1.6500     2.3353  0.000e+00
     62.841    15.3743   3.994293    31.9713        398     1.6542     2.3364  0.000e+00
     62.874    15.3743   3.994312    31.9715        399     1.6583     2.3359  0.000e+00
     62.919    15.3745   3.994384    31.9719        400     1.6625     2.3343  0.000e+00
     62.961    15.3748   3.994360    31.9714        401     1.6667     2.3346  0.000e+00
     63.002    15.3751   3.994360    31.9712        402     1.6708     2.3345  0.000e+00
     63.037    15.3752   3.994360    31.9711        403     1.6750     2.3347  0.000e+00
     63.069    15.3752   3.994385    31.9713        404     1.6792     2.3346  0.000e+00
     63.069    15.3754   3.994457    31.9718        405     1.6833     2.3338  0.000e+00
     63.011    15.3755   3.994500    31.9721        406     1.6875     2.3331  0.000e+00
     62.915    15.3759   3.994148    31.9687        407     1.6917     2.3348  0.000e+00
     62.785    15.3751   3.993912    31.9673        408     1.6958     2.3351  0.000e+00
     62.608    15.3735   3.993887    31.9684        409     1.7000     2.3365  0.000e+00
     62.416    15.3720   3.993978    31.9705        410     1.7042     2.3353  0.000e+00
     62.232    15.3718   3.993954    31.9705        411     1.7083     2.3350  0.000e+00
     62.040    15.3716   3.994251    31.9734        412     1.7125     2.3347  0.000e+00
     61.839    15.3724   3.994620    31.9761        413     1.7167     2.3361  0.000e+00
     61.696    15.3745   3.994408    31.9726        414     1.7208     2.3345  0.000e+00
     61.570    15.3755   3.993935    31.9676        415     1.7250     2.3350  0.000e+00
     61.463    15.3745   3.993814    31.9674        416     1.7292     2.3350  0.000e+00
     61.369    15.3731   3.993766    31.9681        417     1.7333     2.3346  0.000e+00
     61.272    15.3717   3.993766    31.9693        418     1.7375     2.3348  0.000e+00
     61.179    15.3708   3.993796    31.9703        419     1.7417     2.3340  0.000e+00
     61.100    15.3704   3.993717    31.9700        420     1.7458     2.3350  0.000e+00
     61.033    15.3698   3.993717    31.9705        421     1.7500     2.3356  0.000e+00
     60.971    15.3696   3.993741    31.9709        422     1.7542     2.3359  0.000e+00
     60.906    15.3696   3.993862    31.9720        423     1.7583     2.3348  0.000e+00
     60.830    15.3700   3.994075    31.9736        424     1.7625     2.3350  0.000e+00
     60.745    15.3709   3.994147    31.9735        425     1.7667     2.3340  0.000e+00
     60.657    15.3721   3.994384    31.9747        426     1.7708     2.3349  0.000e+00
     60.557    15.3735   3.994474    31.9744        427     1.7750     2.3350  0.000e+00
     60.450    15.3751   3.994474    31.9732        428     1.7792     2.3349  0.000e+00
     60.322    15.3763   3.994499    31.9724        429     1.7833     2.3364  0.000e+00
     60.177    15.3770   3.994408    31.9712        430     1.7875     2.3366  0.000e+00
     60.038    15.3770   3.994214    31.9694        431     1.7917     2.3367  0.000e+00
     59.890    15.3768   3.994171    31.9693        432     1.7958     2.3376  0.000e+00
     59.749    15.3760   3.994183    31.9701        433     1.8000     2.3392  0.000e+00
     59.609    15.3755   3.994213    31.9708        434     1.8042     2.3398  0.000e+00
     59.477    15.3755   3.994407    31.9726        435     1.8083     2.3417  0.000e+00
     59.367    15.3759   3.994474    31.9730        436     1.8125     2.3420  0.000e+00
     59.277    15.3769   3.994522    31.9726        437     1.8167     2.3411  0.000e+00
     59.204    15.3779   3.994595    31.9724        438     1.8208     2.3405  0.000e+00
     59.150    15.3787   3.994407    31.9701        439     1.8250     2.3394  0.000e+00
     59.108    15.3787   3.994431    31.9704        440     1.8292     2.3392  0.000e+00
     59.088    15.3784   3.994407    31.9704        441     1.8333     2.3385  0.000e+00
     59.079    15.3781   3.994359    31.9702        442     1.8375     2.3395  0.000e+00
     59.065    15.3779   3.994286    31.9697        443     1.8417     2.3391  0.000e+00
     59.052    15.3774   3.994431    31.9714        444     1.8458     2.3392  0.000e+00
     59.025    15.3776   3.994571    31.9725        445     1.8500     2.3381  0.000e+00
     58.993    15.3782   3.994759    31.9737        446     1.8542     2.3387  0.000e+00
     58.942    15.3795   3.994783    31.9729        447     1.8583     2.3392  0.000e+00
     58.871    15.3804   3.994704    31.9715        448     1.8625     2.3399  0.000e+00
     58.776    15.3810   3.994595    31.9700        449     1.8667     2.3395  0.000e+00
     58.665    15.3807   3.994571    31.9701        450     1.8708     2.3389  0.000e+00
     58.532    15.3805   3.994619    31.9708        451     1.8750     2.3382  0.000e+00
     58.387    15.3805   3.994643    31.9711        452     1.8792     2.3380  0.000e+00
     58.226    15.3805   3.994595    31.9707        453     1.8833     2.3374  0.000e+00
     58.063    15.3806   3.994643    31.9711        454     1.8875     2.3371  0.000e+00
     57.888    15.3807   3.994546    31.9702        455     1.8917     2.3385  0.000e+00
     57.721    15.3806   3.994498    31.9700        456     1.8958     2.3394  0.000e+00
     57.562    15.3803   3.994522    31.9704        457     1.9000     2.3404  0.000e+00
     57.416    15.3802   3.994522    31.9706        458     1.9042     2.3417  0.000e+00
     57.280    15.3800   3.994382    31.9695        459     1.9083     2.3421  0.000e+00
     57.166    15.3797   3.994212    31.9683        460     1.9125     2.3435  0.000e+00
     57.076    15.3787   3.994455    31.9713        461     1.9167     2.3425  0.000e+00
     57.005    15.3784   3.994522    31.9722        462     1.9208     2.3423  0.000e+00
     56.954    15.3791   3.994382    31.9704        463     1.9250     2.3429  0.000e+00
     56.918    15.3789   3.994643    31.9729        464     1.9292     2.3424  0.000e+00
     56.896    15.3798   3.994643    31.9722        465     1.9333     2.3418  0.000e+00
     56.885    15.3806   3.994261    31.9682        466     1.9375     2.3418  0.000e+00
     56.871    15.3797   3.994097    31.9674        467     1.9417     2.3413  0.000e+00
     56.866    15.3781   3.994049    31.9682        468     1.9458     2.3404  0.000e+00
     56.860    15.3768   3.994091    31.9697        469     1.9500     2.3400  0.000e+00
     56.847    15.3762   3.994212    31.9713        470     1.9542     2.3405  0.000e+00
     56.829    15.3763   3.994194    31.9710        471     1.9583     2.3405  0.000e+00
     56.808    15.3764   3.994121    31.9703        472     1.9625     2.3405  0.000e+00
     56.772    15.3763   3.994170    31.9709        473     1.9667     2.3404  0.000e+00
     56.732    15.3761   3.994194    31.9712        474     1.9708     2.3381  0.000e+00
     56.687    15.3763   3.994358    31.9725        475     1.9750     2.3378  0.000e+00
     56.634    15.3770   3.994564    31.9739        476     1.9792     2.3363  0.000e+00
     56.555    15.3783   3.994618    31.9733        477     1.9833     2.3368  0.000e+00
     56.473    15.3795   3.994831    31.9743        478     1.9875     2.3376  0.000e+00
     56.365    15.3810   3.994733    31.9722        479     1.9917     2.3378  0.000e+00
     56.247    15.3821   3.994691    31.9710        480     1.9958     2.3384  0.000e+00
     56.117    15.3822   3.994667    31.9707        481     2.0000     2.3384  0.000e+00
     55.976    15.3823   3.994570    31.9698        482     2.0042     2.3382  0.000e+00
     55.819    15.3820   3.994563    31.9701        483     2.0083     2.3376  0.000e+00
     55.641    15.3818   3.994545    31.9701        484     2.0125     2.3369  0.000e+00
     55.461    15.3815   3.994497    31.9700        485     2.0167     2.3371  0.000e+00
     55.269    15.3813   3.994454    31.9698        486     2.0208     2.3376  0.000e+00
     55.088    15.3811   3.994454    31.9701        487     2.0250     2.3376  0.000e+00
     54.916    15.3809   3.994454    31.9704        488     2.0292     2.3385  0.000e+00
     54.764    15.3807   3.994405    31.9701        489     2.0333     2.3402  0.000e+00
     54.632    15.3804   3.994363    31.9700        490     2.0375     2.3402  0.000e+00
     54.518    15.3802   3.994284    31.9696        491     2.0417     2.3408  0.000e+00
     54.429    15.3798   3.994236    31.9695        492     2.0458     2.3421  0.000e+00
     54.355    15.3791   3.994236    31.9701        493     2.0500     2.3425  0.000e+00
     54.366    15.3787   3.994260    31.9706        494     2.0542     2.3420  0.000e+00
     54.442    15.3786   3.994308    31.9711        495     2.0583     2.3418  0.000e+00
     54.536    15.3787   3.994308    31.9710        496     2.0625     2.3407  0.000e+00
     54.636    15.3788   3.994357    31.9713        497     2.0667     2.3402  0.000e+00
     54.724    15.3789   3.994363    31.9712        498     2.0708     2.3399  0.000e+00
     54.798    15.3792   3.994381    31.9711        499     2.0750     2.3388  0.000e+00
     54.867    15.3792   3.994333    31.9707        500     2.0792     2.3391  0.000e+00
     54.937    15.3792   3.994333    31.9706        501     2.0833     2.3386  0.000e+00
     54.995    15.3792   3.994333    31.9707        502     2.0875     2.3374  0.000e+00
     55.037    15.3792   3.994381    31.9710        503     2.0917     2.3369  0.000e+00
     55.055    15.3792   3.994406    31.9712        504     2.0958     2.3363  0.000e+00
     55.062    15.3795   3.994430    31.9712        505     2.1000     2.3369  0.000e+00
     55.055    15.3798   3.994454    31.9712        506     2.1042     2.3361  0.000e+00
     55.028    15.3798   3.994497    31.9716        507     2.1083     2.3363  0.000e+00
     54.990    15.3801   3.994521    31.9716        508     2.1125     2.3369  0.000e+00
     54.941    15.3805   3.994545    31.9715        509     2.1167     2.3377  0.000e+00
     54.881    15.3810   3.994569    31.9713        510     2.1208     2.3379  0.000e+00
     54.818    15.3811   3.994545    31.9710        511     2.1250     2.3373  0.000e+00
     54.757    15.3813   3.994563    31.9710        512     2.1292     2.3381  0.000e+00
     54.690    15.3815   3.994545    31.9707        513     2.1333     2.3386  0.000e+00
     54.632    15.3817   3.994454    31.9698        514     2.1375     2.3392  0.000e+00
     54.587    15.3816   3.994545    31.9707        515     2.1417     2.3411  0.000e+00
     54.565    15.3816   3.994593    31.9712        516     2.1458     2.3420  0.000e+00
     54.561    15.3817   3.994593    31.9710        517     2.1500     2.3421  0.000e+00
     54.585    15.3818   3.994593    31.9710        518     2.1542     2.3420  0.000e+00
     54.628    15.3819   3.994587    31.9708        519     2.1583     2.3426  0.000e+00
     54.693    15.3821   3.994642    31.9711        520     2.1625     2.3417  0.000e+00
     54.780    15.3821   3.994642    31.9711        521     2.1667     2.3415  0.000e+00
     54.881    15.3823   3.994666    31.9711        522     2.1708     2.3415  0.000e+00
     54.986    15.3825   3.994618    31.9705        523     2.1750     2.3414  0.000e+00
     55.090    15.3826   3.994642    31.9706        524     2.1792     2.3410  0.000e+00
     55.189    15.3826   3.994618    31.9703        525     2.1833     2.3419  0.000e+00
     55.265    15.3825   3.994636    31.9705        526     2.1875     2.3424  0.000e+00
     55.308    15.3824   3.994642    31.9707        527     2.1917     2.3420  0.000e+00
     55.326    15.3824   3.994642    31.9707        528     2.1958     2.3421  0.000e+00
     55.314    15.3824   3.994642    31.9706        529     2.2000     2.3423  0.000e+00
     55.261    15.3824   3.994569    31.9700        530     2.2042     2.3425  0.000e+00
     55.175    15.3821   3.994381    31.9686        531     2.2083     2.3417  0.000e+00
     55.070    15.3813   3.994381    31.9693        532     2.2125     2.3413  0.000e+00
     54.934    15.3805   3.994454    31.9707        533     2.2167     2.3410  0.000e+00
     54.786    15.3803   3.994569    31.9719        534     2.2208     2.3415  0.000e+00
     54.636    15.3807   3.994454    31.9706        535     2.2250     2.3418  0.000e+00
     54.478    15.3807   3.994430    31.9704        536     2.2292     2.3421  0.000e+00
     54.344    15.3806   3.994454    31.9708        537     2.2333     2.3422  0.000e+00
     54.234    15.3805   3.994430    31.9707        538     2.2375     2.3428  0.000e+00
     54.167    15.3804   3.994472    31.9712        539     2.2417     2.3431  0.000e+00
     54.142    15.3806   3.994405    31.9704        540     2.2458     2.3419  0.000e+00
     54.162    15.3806   3.994430    31.9707        541     2.2500     2.3424  0.000e+00
     54.225    15.3806   3.994472    31.9710        542     2.2542     2.3412  0.000e+00
     54.326    15.3806   3.994472    31.9709        543     2.2583     2.3407  0.000e+00
     54.453    15.3808   3.994472    31.9708        544     2.2625     2.3394  0.000e+00
     54.585    15.3808   3.994521    31.9711        545     2.2667     2.3410  0.000e+00
     54.722    15.3810   3.994496    31.9707        546     2.2708     2.3390  0.000e+00
     54.862    15.3808   3.994521    31.9710        547     2.2750     2.3374  0.000e+00
     54.988    15.3810   3.994521    31.9709        548     2.2792     2.3369  0.000e+00
     55.091    15.3812   3.994545    31.9709        549     2.2833     2.3364  0.000e+00
