HB2407/sbe075.cnv
* Sea-Bird SBE 19plus V2 Data File:
* FileName = C:\cruise\data\sbe075.hex
* Software Version Seasave V 7.26.7.121
* Temperature SN = 7143
* Conductivity SN = 7143
* System UpLoad Time = Oct 11 2024 04:02:36
* NMEA Latitude = 40 49.05 N
* NMEA Longitude = 066 42.56 W
* NMEA UTC (Time) = Oct 11 2024  04:02:22
** Ship: Bigelow
** Cruise:  HB2407
** Program:  Fall Bottom Trawl
# nquan = 7
# nvalues = 5041                                  
# units = specified
# name 0 = depSM: Depth [salt water, m]
# name 1 = tv290C: Temperature [ITS-90, deg C]
# name 2 = c0S/m: Conductivity [S/m]
# name 3 = sal00: Salinity, Practical [PSU]
# name 4 = scan: Scan Count
# name 5 = timeM: Time, Elapsed [minutes]
# name 6 = flag:  0.000e+00
# span 0 =     -0.144,    176.060                 
# span 1 =     6.8203,    17.3994                 
# span 2 =   0.000036,   4.198196                 
# span 3 =     0.0070,    34.8074                 
# span 4 =         11,       5051                 
# span 5 =     0.0417,    21.0417                 
# span 6 = 0.0000e+00, 0.0000e+00                 
# interval = seconds: 0.25
# start_time = Oct 11 2024 04:02:22 [NMEA time, header]
# bad_flag = -9.990e-29
*END*
[from data line 4924]
      6.728    17.3954   4.197900    32.1464       4935    20.5583  0.000e+00
      6.708    17.3960   4.197900    32.1459       4936    20.5625  0.000e+00
      6.666    17.3966   4.197900    32.1455       4937    20.5667  0.000e+00
      6.598    17.3966   4.197900    32.1455       4938    20.5708  0.000e+00
      6.507    17.3967   4.197828    32.1448       4939    20.5750  0.000e+00
      6.414    17.3966   4.197782    32.1446       4940    20.5792  0.000e+00
      6.315    17.3964   4.197782    32.1447       4941    20.5833  0.000e+00
      6.213    17.3959   4.197630    32.1439       4942    20.5875  0.000e+00
      6.123    17.3953   4.197413    32.1426       4943    20.5917  0.000e+00
      6.038    17.3940   4.197440    32.1438       4944    20.5958  0.000e+00
      5.954    17.3926   4.197387    32.1445       4945    20.6000  0.000e+00
      5.884    17.3922   4.197440    32.1453       4946    20.6042  0.000e+00
      5.813    17.3917   4.197413    32.1455       4947    20.6083  0.000e+00
      5.748    17.3916   4.197518    32.1465       4948    20.6125  0.000e+00
      5.681    17.3918   4.197880    32.1495       4949    20.6167  0.000e+00
      5.627    17.3935   4.197880    32.1481       4950    20.6208  0.000e+00
      5.589    17.3951   4.197880    32.1469       4951    20.6250  0.000e+00
      5.551    17.3958   4.198051    32.1478       4952    20.6292  0.000e+00
      5.522    17.3966   4.198097    32.1476       4953    20.6333  0.000e+00
      5.513    17.3979   4.198097    32.1465       4954    20.6375  0.000e+00
      5.519    17.3986   4.198078    32.1458       4955    20.6417  0.000e+00
      5.535    17.3988   4.198078    32.1456       4956    20.6458  0.000e+00
      5.539    17.3988   4.198097    32.1458       4957    20.6500  0.000e+00
      5.546    17.3989   4.198150    32.1462       4958    20.6542  0.000e+00
      5.543    17.3994   4.198196    32.1462       4959    20.6583  0.000e+00
      5.517    17.3993   4.197979    32.1444       4960    20.6625  0.000e+00
      5.470    17.3992   4.197999    32.1447       4961    20.6667  0.000e+00
      5.391    17.3987   4.198078    32.1458       4962    20.6708  0.000e+00
      5.278    17.3988   4.197827    32.1436       4963    20.6750  0.000e+00
      5.122    17.3979   4.197683    32.1431       4964    20.6792  0.000e+00
      4.948    17.3963   4.197314    32.1414       4965    20.6833  0.000e+00
      4.763    17.3941   4.197242    32.1425       4966    20.6875  0.000e+00
      4.602    17.3918   4.197314    32.1450       4967    20.6917  0.000e+00
      4.467    17.3909   4.197439    32.1468       4968    20.6958  0.000e+00
      4.349    17.3910   4.197485    32.1472       4969    20.7000  0.000e+00
      4.259    17.3914   4.197459    32.1467       4970    20.7042  0.000e+00
      4.201    17.3918   4.197413    32.1460       4971    20.7083  0.000e+00
      4.155    17.3918   4.197386    32.1458       4972    20.7125  0.000e+00
      4.115    17.3916   4.197340    32.1456       4973    20.7167  0.000e+00
      4.090    17.3915   4.197340    32.1457       4974    20.7208  0.000e+00
      4.084    17.3914   4.197412    32.1463       4975    20.7250  0.000e+00
      4.099    17.3911   4.197386    32.1464       4976    20.7292  0.000e+00
      4.128    17.3913   4.197241    32.1450       4977    20.7333  0.000e+00
      4.173    17.3910   4.197261    32.1453       4978    20.7375  0.000e+00
      4.221    17.3909   4.197215    32.1451       4979    20.7417  0.000e+00
      4.275    17.3906   4.197215    32.1452       4980    20.7458  0.000e+00
      4.329    17.3899   4.197169    32.1454       4981    20.7500  0.000e+00
      4.395    17.3896   4.197117    32.1451       4982    20.7542  0.000e+00
      4.456    17.3890   4.197143    32.1458       4983    20.7583  0.000e+00
      4.508    17.3886   4.197169    32.1463       4984    20.7625  0.000e+00
      4.539    17.3885   4.197169    32.1464       4985    20.7667  0.000e+00
      4.548    17.3884   4.197261    32.1473       4986    20.7708  0.000e+00
      4.517    17.3888   4.197360    32.1478       4987    20.7750  0.000e+00
      4.441    17.3894   4.197314    32.1469       4988    20.7792  0.000e+00
      4.320    17.3897   4.197242    32.1462       4989    20.7833  0.000e+00
      4.135    17.3894   4.197143    32.1457       4990    20.7875  0.000e+00
      3.918    17.3890   4.197090    32.1456       4991    20.7917  0.000e+00
      3.661    17.3880   4.197189    32.1473       4992    20.7958  0.000e+00
      3.384    17.3881   4.197169    32.1471       4993    20.8000  0.000e+00
      3.084    17.3884   4.197116    32.1466       4994    20.8042  0.000e+00
      2.736    17.3884   4.197188    32.1473       4995    20.8083  0.000e+00
      2.372    17.3889   4.197168    32.1468       4996    20.8125  0.000e+00
      2.050    17.3890   4.196918    32.1448       4997    20.8167  0.000e+00
      1.789    17.3889   4.197043    32.1460       4998    20.8208  0.000e+00
      1.649    17.3882   4.197089    32.1470       4999    20.8250  0.000e+00
      1.642    17.3884   4.196648    32.1431       5000    20.8292  0.000e+00
      1.744    17.3877   4.196550    32.1428       5001    20.8333  0.000e+00
      1.917    17.3859   4.196504    32.1438       5002    20.8375  0.000e+00
      2.124    17.3843   4.196576    32.1456       5003    20.8417  0.000e+00
      2.353    17.3834   4.196695    32.1472       5004    20.8458  0.000e+00
      2.572    17.3836   4.196846    32.1482       5005    20.8500  0.000e+00
      2.759    17.3841   4.196800    32.1474       5006    20.8542  0.000e+00
      2.920    17.3847   4.196971    32.1483       5007    20.8583  0.000e+00
      3.068    17.3855   4.197142    32.1491       5008    20.8625  0.000e+00
      3.165    17.3869   4.197241    32.1488       5009    20.8667  0.000e+00
      3.159    17.3879   4.197241    32.1480       5010    20.8708  0.000e+00
      3.065    17.3889   4.197169    32.1467       5011    20.8750  0.000e+00
      2.913    17.3892   4.197142    32.1462       5012    20.8792  0.000e+00
      2.727    17.3889   4.197458    32.1493       5013    20.8833  0.000e+00
      2.510    17.3899   4.197484    32.1488       5014    20.8875  0.000e+00
      2.191    17.3912   4.197412    32.1472       5015    20.8917  0.000e+00
      1.842    17.3918   4.197313    32.1460       5016    20.8958  0.000e+00
      1.481    17.3916   4.197069    32.1442       5017    20.9000  0.000e+00
      1.154    17.3908   4.196944    32.1439       5018    20.9042  0.000e+00
      0.855    17.3889   4.197016    32.1461       5019    20.9083  0.000e+00
      0.604    17.3886   4.196944    32.1458       5020    20.9125  0.000e+00
      0.352    17.3879   4.196819    32.1454       5021    20.9167  0.000e+00
      0.176    17.3873   4.196845    32.1462       5022    20.9208  0.000e+00
      0.142    17.3868   4.196674    32.1451       5023    20.9250  0.000e+00
      0.192    17.3860   4.196602    32.1451       5024    20.9292  0.000e+00
      0.266    17.3851   4.196700    32.1466       5025    20.9333  0.000e+00
      0.322    17.3845   4.196720    32.1473       5026    20.9375  0.000e+00
      0.373    17.3847   4.196746    32.1473       5027    20.9417  0.000e+00
      0.460    17.3850   4.196575    32.1456       5028    20.9458  0.000e+00
      0.592    17.3846   4.196450    32.1448       5029    20.9500  0.000e+00
      0.747    17.3837   4.196358    32.1446       5030    20.9542  0.000e+00
      0.888    17.3824   4.196359    32.1457       5031    20.9583  0.000e+00
      1.028    17.3820   4.196207    32.1446       5032    20.9625  0.000e+00
      1.156    17.3813   4.196332    32.1462       5033    20.9667  0.000e+00
      1.240    17.3808   4.196648    32.1493       5034    20.9708  0.000e+00
      1.272    17.3818   4.196800    32.1497       5035    20.9750  0.000e+00
      1.221    17.3834   4.196674    32.1474       5036    20.9792  0.000e+00
      1.074    17.3840   4.196872    32.1487       5037    20.9833  0.000e+00
      0.911    17.3850   4.196898    32.1482       5038    20.9875  0.000e+00
      0.703    17.3858   4.196747    32.1463       5039    20.9917  0.000e+00
      0.470    17.3861   4.196819    32.1468       5040    20.9958  0.000e+00
      0.263    17.3860   4.196799    32.1467       5041    21.0000  0.000e+00
      0.104    17.3860   3.224495    23.9937       5042    21.0042  0.000e+00
      0.055    17.3814   0.756950     4.9717       5043    21.0083  0.000e+00
      0.048    17.3426   0.409316     2.5813       5044    21.0125  0.000e+00
      0.048    17.2517   0.365431     2.2935       5045    21.0167  0.000e+00
      0.048    17.1588   0.316604     1.9744       5046    21.0208  0.000e+00
      0.046    17.1220   0.276739     1.7139       5047    21.0250  0.000e+00
      0.048    17.1139   0.245275     1.5091       5048    21.0292  0.000e+00
      0.064    17.1175   0.225655     1.3819       5049    21.0333  0.000e+00
      0.140    17.1255   0.216624     1.3234       5050    21.0375  0.000e+00
      0.148    17.1355   0.566140     3.6653       5051    21.0417  0.000e+00
