HB2407/sbe082.cnv
* Sea-Bird SBE 19plus V2 Data File:
* FileName = C:\cruise\data\sbe082.hex
* Software Version Seasave V 7.26.7.121
* Temperature SN = 7143
* Conductivity SN = 7143
* System UpLoad Time = Oct 12 2024 16:19:45
* NMEA Latitude = 40 57.92 N
* NMEA Longitude = 067 51.42 W
* NMEA UTC (Time) = Oct 12 2024  16:19:32
** Ship: Bigelow
** Cruise:  HB2407
** Program:  Fall Bottom Trawl
# nquan = 7
# nvalues = 1558                                  
# units = specified
# name 0 = depSM: Depth [salt water, m]
# name 1 = tv290C: Temperature [ITS-90, deg C]
# name 2 = c0S/m: Conductivity [S/m]
# name 3 = sal00: Salinity, Practical [PSU]
# name 4 = scan: Scan Count
# name 5 = timeM: Time, Elapsed [minutes]
# name 6 = flag:  0.000e+00
# span 0 =     -0.154,     49.931                 
# span 1 =    13.9716,    18.1837                 
# span 2 =   0.000061,   4.101014                 
# span 3 =     0.0091,    32.3266                 
# span 4 =         11,       1568                 
# span 5 =     0.0417,     6.5292                 
# span 6 = 0.0000e+00, 0.0000e+00                 
# interval = seconds: 0.25
# start_time = Oct 12 2024 16:19:32 [NMEA time, header]
# bad_flag = -9.990e-29
*END*
[from data line 1231]
     16.604    15.5895   4.006964    31.9267       1242     5.1708  0.000e+00
     16.474    15.5865   4.007706    31.9358       1243     5.1750  0.000e+00
     16.315    15.5904   4.008578    31.9404       1244     5.1792  0.000e+00
     16.136    15.5960   4.008610    31.9363       1245     5.1833  0.000e+00
     15.955    15.6018   4.008649    31.9320       1246     5.1875  0.000e+00
     15.792    15.6050   4.009585    31.9378       1247     5.1917  0.000e+00
     15.631    15.6101   4.010766    31.9442       1248     5.1958  0.000e+00
     15.495    15.6196   4.012322    31.9504       1249     5.2000  0.000e+00
     15.386    15.6309   4.011883    31.9373       1250     5.2042  0.000e+00
     15.307    15.6410   4.012128    31.9314       1251     5.2083  0.000e+00
     15.258    15.6453   4.010578    31.9142       1252     5.2125  0.000e+00
     15.234    15.6432   4.011883    31.9274       1253     5.2167  0.000e+00
     15.236    15.6433   4.010462    31.9148       1254     5.2208  0.000e+00
     15.251    15.6402   4.011418    31.9257       1255     5.2250  0.000e+00
     15.274    15.6411   4.012393    31.9337       1256     5.2292  0.000e+00
     15.300    15.6456   4.010004    31.9088       1257     5.2333  0.000e+00
     15.329    15.6409   4.008725    31.9013       1258     5.2375  0.000e+00
     15.349    15.6300   4.008144    31.9049       1259     5.2417  0.000e+00
     15.365    15.6186   4.008164    31.9143       1260     5.2458  0.000e+00
     15.376    15.6110   4.008816    31.9263       1261     5.2500  0.000e+00
     15.376    15.6090   4.009468    31.9336       1262     5.2542  0.000e+00
     15.358    15.6123   4.008648    31.9237       1263     5.2583  0.000e+00
     15.323    15.6126   4.008332    31.9207       1264     5.2625  0.000e+00
     15.277    15.6096   4.008041    31.9206       1265     5.2667  0.000e+00
     15.211    15.6065   4.008003    31.9228       1266     5.2708  0.000e+00
     15.133    15.6039   4.008093    31.9257       1267     5.2750  0.000e+00
     15.045    15.6024   4.009236    31.9371       1268     5.2792  0.000e+00
     14.945    15.6052   4.008287    31.9264       1269     5.2833  0.000e+00
     14.829    15.6083   4.008067    31.9220       1270     5.2875  0.000e+00
     14.710    15.6060   4.007634    31.9201       1271     5.2917  0.000e+00
     14.594    15.6023   4.007460    31.9215       1272     5.2958  0.000e+00
     14.467    15.6005   4.014318    31.9839       1273     5.3000  0.000e+00
     14.350    15.6228   4.017070    31.9903       1274     5.3042  0.000e+00
     14.230    15.6596   4.017205    31.9618       1275     5.3083  0.000e+00
     14.118    15.6860   4.015829    31.9283       1276     5.3125  0.000e+00
     14.020    15.6956   4.014045    31.9047       1277     5.3167  0.000e+00
     13.935    15.6911   4.014995    31.9168       1278     5.3208  0.000e+00
     13.868    15.6884   4.015021    31.9192       1279     5.3250  0.000e+00
     13.816    15.6884   4.014155    31.9116       1280     5.3292  0.000e+00
     13.769    15.6858   4.014575    31.9174       1281     5.3333  0.000e+00
     13.736    15.6839   4.014801    31.9210       1282     5.3375  0.000e+00
     13.707    15.6844   4.016804    31.9383       1283     5.3417  0.000e+00
     13.695    15.6927   4.018381    31.9456       1284     5.3458  0.000e+00
     13.687    15.7069   4.017993    31.9307       1285     5.3500  0.000e+00
     13.682    15.7169   4.017527    31.9185       1286     5.3542  0.000e+00
     13.682    15.7195   4.017288    31.9143       1287     5.3583  0.000e+00
     13.673    15.7192   4.017527    31.9167       1288     5.3625  0.000e+00
     13.666    15.7188   4.017431    31.9161       1289     5.3667  0.000e+00
     13.657    15.7189   4.016203    31.9051       1290     5.3708  0.000e+00
     13.631    15.7142   4.016739    31.9137       1291     5.3750  0.000e+00
     13.588    15.7108   4.017211    31.9206       1292     5.3792  0.000e+00
     13.528    15.7121   4.017948    31.9262       1293     5.3833  0.000e+00
     13.454    15.7166   4.018161    31.9245       1294     5.3875  0.000e+00
     13.360    15.7214   4.018225    31.9212       1295     5.3917  0.000e+00
     13.246    15.7246   4.017366    31.9110       1296     5.3958  0.000e+00
     13.121    15.7235   4.016119    31.9009       1297     5.4000  0.000e+00
     12.987    15.7155   4.012320    31.8737       1298     5.4042  0.000e+00
     12.828    15.6966   4.013535    31.8999       1299     5.4083  0.000e+00
     12.652    15.6816   4.014316    31.9190       1300     5.4125  0.000e+00
     12.487    15.6782   4.016726    31.9431       1301     5.4167  0.000e+00
     12.330    15.6873   4.017133    31.9394       1302     5.4208  0.000e+00
     12.185    15.7010   4.018574    31.9412       1303     5.4250  0.000e+00
     12.051    15.7115   4.018580    31.9328       1304     5.4292  0.000e+00
     11.926    15.7210   4.015873    31.9011       1305     5.4333  0.000e+00
     11.827    15.7178   4.014852    31.8947       1306     5.4375  0.000e+00
     11.743    15.7060   4.016338    31.9175       1307     5.4417  0.000e+00
     11.675    15.7022   4.017365    31.9297       1308     5.4458  0.000e+00
     11.613    15.7075   4.017843    31.9296       1309     5.4500  0.000e+00
     11.561    15.7143   4.017617    31.9222       1310     5.4542  0.000e+00
     11.514    15.7184   4.017772    31.9202       1311     5.4583  0.000e+00
     11.483    15.7206   4.018179    31.9221       1312     5.4625  0.000e+00
     11.458    15.7237   4.018063    31.9186       1313     5.4667  0.000e+00
     11.443    15.7254   4.017165    31.9093       1314     5.4708  0.000e+00
     11.438    15.7231   4.016919    31.9089       1315     5.4750  0.000e+00
     11.436    15.7192   4.016557    31.9088       1316     5.4792  0.000e+00
     11.434    15.7147   4.016758    31.9143       1317     5.4833  0.000e+00
     11.431    15.7129   4.016829    31.9164       1318     5.4875  0.000e+00
     11.420    15.7123   4.018089    31.9280       1319     5.4917  0.000e+00
     11.407    15.7169   4.017552    31.9196       1320     5.4958  0.000e+00
     11.386    15.7201   4.017210    31.9139       1321     5.5000  0.000e+00
     11.356    15.7195   4.017759    31.9193       1322     5.5042  0.000e+00
     11.315    15.7202   4.016758    31.9099       1323     5.5083  0.000e+00
     11.273    15.7183   4.015924    31.9041       1324     5.5125  0.000e+00
     11.226    15.7119   4.015620    31.9065       1325     5.5167  0.000e+00
     11.150    15.7059   4.015608    31.9113       1326     5.5208  0.000e+00
     11.072    15.7016   4.015711    31.9157       1327     5.5250  0.000e+00
     10.982    15.6998   4.016687    31.9259       1328     5.5292  0.000e+00
     10.877    15.7030   4.018141    31.9362       1329     5.5333  0.000e+00
     10.763    15.7123   4.017526    31.9233       1330     5.5375  0.000e+00
     10.638    15.7178   4.017946    31.9226       1331     5.5417  0.000e+00
     10.507    15.7200   4.016783    31.9106       1332     5.5458  0.000e+00
     10.357    15.7192   4.017016    31.9133       1333     5.5500  0.000e+00
     10.203    15.7166   4.018082    31.9250       1334     5.5542  0.000e+00
     10.047    15.7185   4.019361    31.9348       1335     5.5583  0.000e+00
      9.890    15.7278   4.019749    31.9308       1336     5.5625  0.000e+00
      9.738    15.7369   4.019943    31.9252       1337     5.5667  0.000e+00
      9.598    15.7435   4.019826    31.9189       1338     5.5708  0.000e+00
      9.477    15.7469   4.018896    31.9079       1339     5.5750  0.000e+00
      9.374    15.7457   4.019225    31.9119       1340     5.5792  0.000e+00
      9.300    15.7436   4.018896    31.9106       1341     5.5833  0.000e+00
      9.244    15.7422   4.018314    31.9067       1342     5.5875  0.000e+00
      9.210    15.7385   4.018572    31.9120       1343     5.5917  0.000e+00
      9.173    15.7360   4.018579    31.9141       1344     5.5958  0.000e+00
      9.139    15.7352   4.018715    31.9159       1345     5.6000  0.000e+00
      9.101    15.7356   4.018650    31.9150       1346     5.6042  0.000e+00
      9.070    15.7356   4.017920    31.9085       1347     5.6083  0.000e+00
      9.029    15.7329   4.018404    31.9151       1348     5.6125  0.000e+00
      8.983    15.7312   4.018715    31.9192       1349     5.6167  0.000e+00
      8.920    15.7333   4.019244    31.9222       1350     5.6208  0.000e+00
      8.835    15.7366   4.018992    31.9174       1351     5.6250  0.000e+00
      8.745    15.7385   4.018714    31.9134       1352     5.6292  0.000e+00
      8.652    15.7383   4.018404    31.9108       1353     5.6333  0.000e+00
      8.566    15.7359   4.018016    31.9094       1354     5.6375  0.000e+00
      8.495    15.7328   4.019548    31.9255       1355     5.6417  0.000e+00
      8.444    15.7363   4.019335    31.9207       1356     5.6458  0.000e+00
      8.392    15.7404   4.019503    31.9189       1357     5.6500  0.000e+00
      8.341    15.7428   4.019722    31.9190       1358     5.6542  0.000e+00
      8.292    15.7452   4.019735    31.9172       1359     5.6583  0.000e+00
      8.238    15.7471   4.019690    31.9153       1360     5.6625  0.000e+00
      8.169    15.7482   4.019671    31.9142       1361     5.6667  0.000e+00
      8.104    15.7485   4.019645    31.9138       1362     5.6708  0.000e+00
      8.023    15.7487   4.019502    31.9124       1363     5.6750  0.000e+00
      7.929    15.7478   4.019599    31.9140       1364     5.6792  0.000e+00
      7.827    15.7477   4.019761    31.9155       1365     5.6833  0.000e+00
      7.729    15.7484   4.019651    31.9141       1366     5.6875  0.000e+00
      7.644    15.7485   4.019690    31.9143       1367     5.6917  0.000e+00
      7.581    15.7487   4.019851    31.9157       1368     5.6958  0.000e+00
      7.534    15.7495   4.019871    31.9152       1369     5.7000  0.000e+00
      7.492    15.7502   4.019851    31.9144       1370     5.7042  0.000e+00
      7.460    15.7508   4.019793    31.9135       1371     5.7083  0.000e+00
      7.423    15.7506   4.019806    31.9137       1372     5.7125  0.000e+00
      7.378    15.7507   4.020013    31.9155       1373     5.7167  0.000e+00
      7.335    15.7513   4.019845    31.9135       1374     5.7208  0.000e+00
      7.293    15.7515   4.019780    31.9129       1375     5.7250  0.000e+00
      7.250    15.7511   4.019696    31.9124       1376     5.7292  0.000e+00
      7.210    15.7504   4.019664    31.9127       1377     5.7333  0.000e+00
      7.169    15.7497   4.019664    31.9133       1378     5.7375  0.000e+00
      7.131    15.7495   4.019651    31.9134       1379     5.7417  0.000e+00
      7.075    15.7492   4.019593    31.9131       1380     5.7458  0.000e+00
      7.028    15.7487   4.019502    31.9128       1381     5.7500  0.000e+00
      6.991    15.7483   4.019457    31.9127       1382     5.7542  0.000e+00
      6.968    15.7475   4.019295    31.9119       1383     5.7583  0.000e+00
      6.952    15.7462   4.019256    31.9127       1384     5.7625  0.000e+00
      6.923    15.7451   4.019224    31.9132       1385     5.7667  0.000e+00
      6.883    15.7444   4.019211    31.9137       1386     5.7708  0.000e+00
      6.834    15.7442   4.019153    31.9134       1387     5.7750  0.000e+00
      6.787    15.7434   4.019127    31.9138       1388     5.7792  0.000e+00
      6.742    15.7431   4.019282    31.9154       1389     5.7833  0.000e+00
      6.709    15.7436   4.019457    31.9166       1390     5.7875  0.000e+00
      6.689    15.7447   4.019282    31.9141       1391     5.7917  0.000e+00
      6.686    15.7449   4.019082    31.9122       1392     5.7958  0.000e+00
      6.675    15.7440   4.019198    31.9140       1393     5.8000  0.000e+00
      6.653    15.7436   4.019114    31.9135       1394     5.8042  0.000e+00
      6.595    15.7434   4.019037    31.9131       1395     5.8083  0.000e+00
      6.485    15.7425   4.019114    31.9145       1396     5.8125  0.000e+00
      6.331    15.7425   4.019269    31.9159       1397     5.8167  0.000e+00
      6.168    15.7432   4.019340    31.9161       1398     5.8208  0.000e+00
      6.021    15.7439   4.019282    31.9151       1399     5.8250  0.000e+00
      5.918    15.7444   4.019243    31.9143       1400     5.8292  0.000e+00
      5.869    15.7444   4.019185    31.9138       1401     5.8333  0.000e+00
      5.871    15.7440   4.019295    31.9152       1402     5.8375  0.000e+00
      5.926    15.7441   4.019360    31.9156       1403     5.8417  0.000e+00
      6.025    15.7448   4.019431    31.9156       1404     5.8458  0.000e+00
      6.128    15.7452   4.019457    31.9155       1405     5.8500  0.000e+00
      6.223    15.7461   4.019379    31.9141       1406     5.8542  0.000e+00
      6.313    15.7462   4.019386    31.9140       1407     5.8583  0.000e+00
      6.378    15.7458   4.019360    31.9140       1408     5.8625  0.000e+00
      6.422    15.7457   4.019431    31.9148       1409     5.8667  0.000e+00
      6.426    15.7458   4.019644    31.9165       1410     5.8708  0.000e+00
      6.399    15.7469   4.019625    31.9156       1411     5.8750  0.000e+00
      6.326    15.7477   4.019618    31.9149       1412     5.8792  0.000e+00
      6.214    15.7482   4.019709    31.9153       1413     5.8833  0.000e+00
      6.077    15.7487   4.020083    31.9183       1414     5.8875  0.000e+00
      5.923    15.7500   4.020478    31.9207       1415     5.8917  0.000e+00
      5.749    15.7534   4.020355    31.9170       1416     5.8958  0.000e+00
      5.573    15.7555   4.019081    31.9041       1417     5.9000  0.000e+00
      5.407    15.7519   4.019036    31.9067       1418     5.9042  0.000e+00
      5.258    15.7468   4.020012    31.9195       1419     5.9083  0.000e+00
      5.139    15.7480   4.019805    31.9167       1420     5.9125  0.000e+00
      5.054    15.7492   4.018797    31.9068       1421     5.9167  0.000e+00
      5.016    15.7471   4.019359    31.9135       1422     5.9208  0.000e+00
      5.016    15.7453   4.019152    31.9132       1423     5.9250  0.000e+00
      5.056    15.7450   4.019211    31.9139       1424     5.9292  0.000e+00
      5.123    15.7444   4.019223    31.9145       1425     5.9333  0.000e+00
      5.197    15.7440   4.019185    31.9144       1426     5.9375  0.000e+00
      5.275    15.7440   4.018849    31.9115       1427     5.9417  0.000e+00
      5.333    15.7424   4.018248    31.9074       1428     5.9458  0.000e+00
      5.374    15.7389   4.018183    31.9096       1429     5.9500  0.000e+00
      5.387    15.7354   4.018687    31.9169       1430     5.9542  0.000e+00
      5.362    15.7353   4.019915    31.9278       1431     5.9583  0.000e+00
      5.311    15.7413   4.020012    31.9239       1432     5.9625  0.000e+00
      5.224    15.7470   4.020174    31.9207       1433     5.9667  0.000e+00
      5.128    15.7508   4.019967    31.9159       1434     5.9708  0.000e+00
      5.022    15.7526   4.019941    31.9142       1435     5.9750  0.000e+00
      4.918    15.7529   4.019669    31.9116       1436     5.9792  0.000e+00
      4.824    15.7521   4.019430    31.9102       1437     5.9833  0.000e+00
      4.739    15.7506   4.019663    31.9135       1438     5.9875  0.000e+00
      4.670    15.7497   4.019766    31.9152       1439     5.9917  0.000e+00
      4.593    15.7500   4.019779    31.9151       1440     5.9958  0.000e+00
      4.522    15.7505   4.019870    31.9155       1441     6.0000  0.000e+00
      4.432    15.7513   4.019824    31.9144       1442     6.0042  0.000e+00
      4.330    15.7517   4.019663    31.9128       1443     6.0083  0.000e+00
      4.218    15.7512   4.019721    31.9137       1444     6.0125  0.000e+00
      4.102    15.7510   4.019359    31.9107       1445     6.0167  0.000e+00
