HB2407/sbe066.cnv
* Sea-Bird SBE 19plus V2 Data File:
* FileName = C:\cruise\data\sbe066.hex
* Software Version Seasave V 7.26.7.121
* Temperature SN = 7143
* Conductivity SN = 7143
* System UpLoad Time = Oct 09 2024 02:18:38
* NMEA Latitude = 40 04.05 N
* NMEA Longitude = 069 10.60 W
* NMEA UTC (Time) = Oct 09 2024  02:18:21
** Ship: Bigelow
** Cruise:  HB2407
** Program:  Fall Bottom Trawl
# nquan = 7
# nvalues = 2940                                  
# units = specified
# name 0 = depSM: Depth [salt water, m]
# name 1 = tv290C: Temperature [ITS-90, deg C]
# name 2 = c0S/m: Conductivity [S/m]
# name 3 = sal00: Salinity, Practical [PSU]
# name 4 = scan: Scan Count
# name 5 = timeM: Time, Elapsed [minutes]
# name 6 = flag:  0.000e+00
# span 0 =     -0.115,    136.729                 
# span 1 =     9.3560,    17.0708                 
# span 2 =   0.000002,   4.186470                 
# span 3 =     0.0079,    35.1386                 
# span 4 =         11,       2950                 
# span 5 =     0.0417,    12.2875                 
# span 6 = 0.0000e+00, 0.0000e+00                 
# interval = seconds: 0.25
# start_time = Oct 09 2024 02:18:21 [NMEA time, header]
# bad_flag = -9.990e-29
*END*
[from data line 206]
     11.936    16.7396   4.109054    31.9011        217     0.9000  0.000e+00
     11.954    16.7396   4.109041    31.9009        218     0.9042  0.000e+00
     11.987    16.7399   4.108682    31.8976        219     0.9083  0.000e+00
     12.021    16.7398   4.107984    31.8916        220     0.9125  0.000e+00
     12.063    16.7393   4.106263    31.8770        221     0.9167  0.000e+00
     12.115    16.7375   4.105722    31.8738        222     0.9208  0.000e+00
     12.188    16.7361   4.105689    31.8745        223     0.9250  0.000e+00
     12.276    16.7334   4.105670    31.8765        224     0.9292  0.000e+00
     12.378    16.7260   4.105624    31.8820        225     0.9333  0.000e+00
     12.496    16.7167   4.105500    31.8883        226     0.9375  0.000e+00
     12.626    16.7105   4.105546    31.8935        227     0.9417  0.000e+00
     12.773    16.7051   4.105572    31.8980        228     0.9458  0.000e+00
     12.937    16.7005   4.104881    31.8956        229     0.9500  0.000e+00
     13.107    16.6969   4.104568    31.8957        230     0.9542  0.000e+00
     13.296    16.6935   4.105025    31.9023        231     0.9583  0.000e+00
     13.499    16.6907   4.105651    31.9099        232     0.9625  0.000e+00
     13.707    16.6905   4.106675    31.9189        233     0.9667  0.000e+00
     13.928    16.6941   4.107914    31.9266        234     0.9708  0.000e+00
     14.147    16.6995   4.108612    31.9283        235     0.9750  0.000e+00
     14.368    16.7054   4.109042    31.9273        236     0.9792  0.000e+00
     14.582    16.7101   4.109088    31.9238        237     0.9833  0.000e+00
     14.775    16.7137   4.109101    31.9210        238     0.9875  0.000e+00
     14.951    16.7159   4.109134    31.9195        239     0.9917  0.000e+00
     15.094    16.7173   4.109062    31.9177        240     0.9958  0.000e+00
     15.206    16.7174   4.108847    31.9157        241     1.0000  0.000e+00
     15.305    16.7163   4.108155    31.9105        242     1.0042  0.000e+00
     15.403    16.7142   4.106349    31.8965        243     1.0083  0.000e+00
     15.508    16.7121   4.105554    31.8913        244     1.0125  0.000e+00
     15.623    16.7109   4.104980    31.8872        245     1.0167  0.000e+00
     15.757    16.7064   4.105071    31.8915        246     1.0208  0.000e+00
     15.903    16.6995   4.105358    31.8994        247     1.0250  0.000e+00
     16.070    16.6926   4.105626    31.9072        248     1.0292  0.000e+00
     16.256    16.6873   4.105626    31.9114        249     1.0333  0.000e+00
     16.465    16.6835   4.105457    31.9129        250     1.0375  0.000e+00
     16.693    16.6815   4.105170    31.9118        251     1.0417  0.000e+00
     16.945    16.6789   4.104785    31.9105        252     1.0458  0.000e+00
     17.222    16.6759   4.104746    31.9124        253     1.0500  0.000e+00
     17.513    16.6734   4.105359    31.9197        254     1.0542  0.000e+00
     17.777    16.6715   4.105386    31.9213        255     1.0583  0.000e+00
     18.025    16.6576   4.102185    31.9045        256     1.0625  0.000e+00
     18.245    16.6148   4.095631    31.8816        257     1.0667  0.000e+00
     18.427    16.5565   4.089875    31.8780        258     1.0708  0.000e+00
     18.636    16.4920   4.089662    31.9275        259     1.0750  0.000e+00
     18.828    16.4447   4.084937    31.9241        260     1.0792  0.000e+00
     18.992    16.3997   4.079058    31.9087        261     1.0833  0.000e+00
     19.106    16.3429   4.072617    31.8978        262     1.0875  0.000e+00
     19.164    16.2640   4.061447    31.8633        263     1.0917  0.000e+00
     19.168    16.1684   4.051048    31.8487        264     1.0958  0.000e+00
     19.161    16.0543   4.044516    31.8829        265     1.1000  0.000e+00
     19.162    15.9352   4.039814    31.9372        266     1.1042  0.000e+00
     19.162    15.8387   4.036519    31.9860        267     1.1083  0.000e+00
     19.164    15.7679   4.033801    32.0193        268     1.1125  0.000e+00
     19.161    15.7144   4.036048    32.0825        269     1.1167  0.000e+00
     19.175    15.6748   4.057074    32.3014        270     1.1208  0.000e+00
     19.208    15.6433   4.071138    32.4522        271     1.1250  0.000e+00
     19.277    15.6381   4.078262    32.5198        272     1.1292  0.000e+00
     19.384    15.7118   4.074165    32.4228        273     1.1333  0.000e+00
     19.516    15.8466   4.072058    32.2937        274     1.1375  0.000e+00
     19.679    15.9698   4.072147    32.1941        275     1.1417  0.000e+00
     19.856    16.0483   4.072315    32.1319        276     1.1458  0.000e+00
     20.048    16.0964   4.070164    32.0740        277     1.1500  0.000e+00
     20.264    16.1272   4.065143    32.0050        278     1.1542  0.000e+00
     20.490    16.1493   4.060650    31.9478        279     1.1583  0.000e+00
     20.731    16.1642   4.061143    31.9400        280     1.1625  0.000e+00
     20.977    16.1337   4.051004    31.8755        281     1.1667  0.000e+00
     21.227    15.9906   4.023991    31.7527        282     1.1708  0.000e+00
     21.481    15.8142   4.011651    31.7852        283     1.1750  0.000e+00
     21.734    15.6518   3.999596    31.8092        284     1.1792  0.000e+00
     21.986    15.5150   3.993337    31.8639        285     1.1833  0.000e+00
     22.225    15.4014   3.989923    31.9255        286     1.1875  0.000e+00
     22.451    15.3060   3.987180    31.9785        287     1.1917  0.000e+00
     22.669    15.2346   3.985770    32.0241        288     1.1958  0.000e+00
     22.882    15.1840   3.986009    32.0675        289     1.2000  0.000e+00
     23.100    15.1440   3.985146    32.0924        290     1.2042  0.000e+00
     23.308    15.1087   3.983196    32.1037        291     1.2083  0.000e+00
     23.514    15.0797   3.979964    32.0984        292     1.2125  0.000e+00
     23.715    15.0572   3.977287    32.0927        293     1.2167  0.000e+00
     23.922    15.0364   3.975775    32.0961        294     1.2208  0.000e+00
     24.128    15.0162   3.974765    32.1035        295     1.2250  0.000e+00
     24.327    14.9969   3.974161    32.1139        296     1.2292  0.000e+00
     24.534    14.9781   3.973383    32.1222        297     1.2333  0.000e+00
     24.729    14.9589   3.972476    32.1297        298     1.2375  0.000e+00
     24.920    14.9430   3.970843    32.1280        299     1.2417  0.000e+00
     25.113    14.9307   3.969551    32.1264        300     1.2458  0.000e+00
     25.298    14.9203   3.969467    32.1341        301     1.2500  0.000e+00
     25.463    14.9100   3.969429    32.1422        302     1.2542  0.000e+00
     25.635    14.8991   3.967057    32.1297        303     1.2583  0.000e+00
     25.798    14.8893   3.965803    32.1265        304     1.2625  0.000e+00
     25.945    14.8795   3.966028    32.1365        305     1.2667  0.000e+00
     26.086    14.8665   3.965469    32.1421        306     1.2708  0.000e+00
     26.220    14.8536   3.961884    32.1203        307     1.2750  0.000e+00
     26.345    14.8419   3.941095    31.9421        308     1.2792  0.000e+00
     26.462    14.8144   3.936756    31.9253        309     1.2833  0.000e+00
     26.564    14.7753   3.935366    31.9448        310     1.2875  0.000e+00
     26.656    14.7425   3.934560    31.9644        311     1.2917  0.000e+00
     26.743    14.7203   3.933765    31.9754        312     1.2958  0.000e+00
     26.823    14.7047   3.932062    31.9728        313     1.3000  0.000e+00
     26.904    14.6890   3.930614    31.9725        314     1.3042  0.000e+00
     26.993    14.6728   3.929456    31.9753        315     1.3083  0.000e+00
     27.081    14.6583   3.928719    31.9805        316     1.3125  0.000e+00
     27.188    14.6460   3.928534    31.9889        317     1.3167  0.000e+00
     27.306    14.6372   3.927625    31.9879        318     1.3208  0.000e+00
     27.427    14.6296   3.927510    31.9930        319     1.3250  0.000e+00
     27.566    14.6228   3.926114    31.9859        320     1.3292  0.000e+00
     27.704    14.6137   3.924994    31.9832        321     1.3333  0.000e+00
     27.854    14.6030   3.923894    31.9819        322     1.3375  0.000e+00
     28.006    14.5906   3.922704    31.9813        323     1.3417  0.000e+00
     28.168    14.5779   3.921539    31.9811        324     1.3458  0.000e+00
     28.327    14.5642   3.921143    31.9887        325     1.3500  0.000e+00
     28.490    14.5536   3.920075    31.9877        326     1.3542  0.000e+00
     28.644    14.5434   3.918987    31.9861        327     1.3583  0.000e+00
     28.804    14.5316   3.918003    31.9869        328     1.3625  0.000e+00
     28.959    14.5198   3.915349    31.9724        329     1.3667  0.000e+00
     29.119    14.5017   3.910862    31.9464        330     1.3708  0.000e+00
     29.282    14.4680   3.906945    31.9384        331     1.3750  0.000e+00
     29.449    14.4282   3.900125    31.9090        332     1.3792  0.000e+00
     29.628    14.3742   3.895103    31.9077        333     1.3833  0.000e+00
     29.822    14.3115   3.890460    31.9169        334     1.3875  0.000e+00
     30.026    14.2494   3.885329    31.9212        335     1.3917  0.000e+00
     30.238    14.1908   3.881124    31.9310        336     1.3958  0.000e+00
     30.457    14.1338   3.874348    31.9160        337     1.4000  0.000e+00
     30.687    14.0691   3.870714    31.9361        338     1.4042  0.000e+00
     30.933    14.0096   3.866274    31.9445        339     1.4083  0.000e+00
     31.189    13.9550   3.866319    31.9902        340     1.4125  0.000e+00
     31.469    13.9156   3.864017    32.0017        341     1.4167  0.000e+00
     31.754    13.8889   3.865112    32.0339        342     1.4208  0.000e+00
     32.027    13.8729   3.862950    32.0272        343     1.4250  0.000e+00
     32.283    13.8601   3.857864    31.9908        344     1.4292  0.000e+00
     32.529    13.8309   3.856314    32.0007        345     1.4333  0.000e+00
     32.761    13.7992   3.854561    32.0109        346     1.4375  0.000e+00
     32.983    13.7716   3.853297    32.0221        347     1.4417  0.000e+00
     33.186    13.7497   3.852002    32.0283        348     1.4458  0.000e+00
     33.402    13.7313   3.851494    32.0389        349     1.4500  0.000e+00
     33.612    13.7167   3.850891    32.0454        350     1.4542  0.000e+00
     33.798    13.7059   3.849983    32.0460        351     1.4583  0.000e+00
     33.954    13.6961   3.848440    32.0398        352     1.4625  0.000e+00
     34.070    13.6830   3.844968    32.0186        353     1.4667  0.000e+00
     34.148    13.6598   3.839429    31.9865        354     1.4708  0.000e+00
     34.208    13.6182   3.831162    31.9445        355     1.4750  0.000e+00
     34.257    13.5543   3.826284    31.9526        356     1.4792  0.000e+00
     34.307    13.4859   3.824879    31.9968        357     1.4833  0.000e+00
     34.363    13.4344   3.824613    32.0374        358     1.4875  0.000e+00
     34.418    13.4041   3.824177    32.0588        359     1.4917  0.000e+00
     34.483    13.3862   3.823949    32.0717        360     1.4958  0.000e+00
     34.559    13.3760   3.823120    32.0725        361     1.5000  0.000e+00
     34.644    13.3676   3.823468    32.0828        362     1.5042  0.000e+00
     34.758    13.3625   3.823031    32.0830        363     1.5083  0.000e+00
     34.886    13.3583   3.822601    32.0824        364     1.5125  0.000e+00
     35.035    13.3540   3.822158    32.0818        365     1.5167  0.000e+00
     35.207    13.3493   3.821398    32.0786        366     1.5208  0.000e+00
     35.395    13.3440   3.819518    32.0655        367     1.5250  0.000e+00
     35.598    13.3332   3.817253    32.0533        368     1.5292  0.000e+00
     35.822    13.3161   3.814874    32.0453        369     1.5333  0.000e+00
     36.056    13.2931   3.812059    32.0383        370     1.5375  0.000e+00
     36.303    13.2673   3.809543    32.0363        371     1.5417  0.000e+00
     36.562    13.2381   3.808057    32.0469        372     1.5458  0.000e+00
     36.835    13.2120   3.805479    32.0446        373     1.5500  0.000e+00
     37.090    13.1862   3.803400    32.0468        374     1.5542  0.000e+00
     37.344    13.1601   3.801537    32.0512        375     1.5583  0.000e+00
     37.587    13.1348   3.799756    32.0558        376     1.5625  0.000e+00
     37.831    13.1120   3.797912    32.0575        377     1.5667  0.000e+00
     38.072    13.0900   3.796959    32.0671        378     1.5708  0.000e+00
     38.300    13.0718   3.795501    32.0687        379     1.5750  0.000e+00
     38.512    13.0554   3.795362    32.0811        380     1.5792  0.000e+00
     38.713    13.0431   3.793841    32.0772        381     1.5833  0.000e+00
     38.903    13.0316   3.792389    32.0732        382     1.5875  0.000e+00
     39.079    13.0178   3.791525    32.0766        383     1.5917  0.000e+00
     39.246    13.0046   3.789140    32.0652        384     1.5958  0.000e+00
     39.405    12.9882   3.786573    32.0549        385     1.6000  0.000e+00
     39.559    12.9670   3.784807    32.0562        386     1.6042  0.000e+00
     39.702    12.9449   3.783628    32.0636        387     1.6083  0.000e+00
     39.850    12.9257   3.785262    32.0952        388     1.6125  0.000e+00
     40.004    12.9181   3.780798    32.0595        389     1.6167  0.000e+00
     40.153    12.9005   3.776815    32.0368        390     1.6208  0.000e+00
     40.309    12.8707   3.772545    32.0216        391     1.6250  0.000e+00
     40.464    12.8339   3.768207    32.0117        392     1.6292  0.000e+00
     40.618    12.7915   3.763362    32.0017        393     1.6333  0.000e+00
     40.779    12.7433   3.759098    32.0021        394     1.6375  0.000e+00
     40.938    12.6951   3.755024    32.0044        395     1.6417  0.000e+00
     41.105    12.6445   3.752196    32.0204        396     1.6458  0.000e+00
     41.272    12.6010   3.747956    32.0170        397     1.6500  0.000e+00
     41.436    12.5583   3.746437    32.0388        398     1.6542  0.000e+00
     41.616    12.5206   3.743122    32.0393        399     1.6583  0.000e+00
     41.804    12.4856   3.740392    32.0430        400     1.6625  0.000e+00
     41.994    12.4503   3.737845    32.0488        401     1.6667  0.000e+00
     42.189    12.4174   3.736998    32.0687        402     1.6708  0.000e+00
     42.389    12.3917   3.735324    32.0746        403     1.6750  0.000e+00
     42.602    12.3694   3.734502    32.0857        404     1.6792  0.000e+00
     42.812    12.3519   3.732891    32.0852        405     1.6833  0.000e+00
     43.031    12.3355   3.731825    32.0889        406     1.6875  0.000e+00
     43.249    12.3196   3.731556    32.0999        407     1.6917  0.000e+00
     43.468    12.3077   3.730597    32.1007        408     1.6958  0.000e+00
     43.691    12.2977   3.730077    32.1042        409     1.7000  0.000e+00
     43.908    12.2888   3.729243    32.1038        410     1.7042  0.000e+00
     44.120    12.2805   3.728347    32.1023        411     1.7083  0.000e+00
     44.323    12.2708   3.727795    32.1052        412     1.7125  0.000e+00
     44.518    12.2615   3.727037    32.1058        413     1.7167  0.000e+00
     44.703    12.2529   3.726010    32.1032        414     1.7208  0.000e+00
     44.886    12.2430   3.724920    32.1012        415     1.7250  0.000e+00
     45.058    12.2321   3.724011    32.1017        416     1.7292  0.000e+00
     45.230    12.2215   3.722947    32.1005        417     1.7333  0.000e+00
     45.402    12.2096   3.721988    32.1015        418     1.7375  0.000e+00
     45.573    12.1977   3.721181    32.1039        419     1.7417  0.000e+00
     45.747    12.1862   3.718945    32.0922        420     1.7458  0.000e+00
