HB2407/sbe027.cnv
* Sea-Bird SBE 19plus V2 Data File:
* FileName = C:\cruise\data\sbe027.hex
* Software Version Seasave V 7.26.7.121
* Temperature SN = 7143
* Conductivity SN = 7143
* System UpLoad Time = Sep 18 2024 07:22:07
* NMEA Latitude = 37 43.09 N
* NMEA Longitude = 074 51.10 W
* NMEA UTC (Time) = Sep 18 2024  07:22:25
** Ship: Bigelow
** Cruise:  HB2407
** Program:  Fall Bottom Trawl
# nquan = 7
# nvalues = 1254                                  
# units = specified
# name 0 = depSM: Depth [salt water, m]
# name 1 = tv290C: Temperature [ITS-90, deg C]
# name 2 = c0S/m: Conductivity [S/m]
# name 3 = sal00: Salinity, Practical [PSU]
# name 4 = scan: Scan Count
# name 5 = timeM: Time, Elapsed [minutes]
# name 6 = flag:  0.000e+00
# span 0 =     -0.056,     25.335                 
# span 1 =    18.4156,    22.1025                 
# span 2 =   0.000042,   4.489656                 
# span 3 =     0.0108,    31.6265                 
# span 4 =         11,       1264                 
# span 5 =     0.0417,     5.2625                 
# span 6 = 0.0000e+00, 0.0000e+00                 
# interval = seconds: 0.25
# start_time = Sep 18 2024 07:22:25 [NMEA time, header]
# bad_flag = -9.990e-29
*END*
[from data line 821]
     10.859    20.7331   4.423278    31.4470        832     3.4625  0.000e+00
     10.781    20.7357   4.425666    31.4641        833     3.4667  0.000e+00
     10.683    20.7475   4.433156    31.5149        834     3.4708  0.000e+00
     10.592    20.7799   4.441129    31.5543        835     3.4750  0.000e+00
     10.484    20.8334   4.449971    31.5848        836     3.4792  0.000e+00
     10.359    20.9081   4.447118    31.5071        837     3.4833  0.000e+00
     10.238    20.9632   4.455068    31.5294        838     3.4875  0.000e+00
     10.125    21.0304   4.456619    31.4921        839     3.4917  0.000e+00
     10.015    21.0928   4.454108    31.4265        840     3.4958  0.000e+00
      9.923    21.1126   4.450122    31.3805        841     3.5000  0.000e+00
      9.843    21.0995   4.450567    31.3937        842     3.5042  0.000e+00
      9.789    21.0774   4.444628    31.3631        843     3.5083  0.000e+00
      9.756    21.0353   4.443456    31.3847        844     3.5125  0.000e+00
      9.743    20.9960   4.443544    31.4143        845     3.5167  0.000e+00
      9.745    20.9712   4.443666    31.4334        846     3.5208  0.000e+00
      9.763    20.9557   4.443444    31.4431        847     3.5250  0.000e+00
      9.812    20.9454   4.442009    31.4393        848     3.5292  0.000e+00
      9.874    20.9337   4.439564    31.4285        849     3.5333  0.000e+00
      9.928    20.9182   4.437759    31.4257        850     3.5375  0.000e+00
      9.984    20.9027   4.436803    31.4295        851     3.5417  0.000e+00
     10.035    20.8895   4.436325    31.4355        852     3.5458  0.000e+00
     10.066    20.8793   4.435409    31.4357        853     3.5500  0.000e+00
     10.078    20.8700   4.433887    31.4305        854     3.5542  0.000e+00
     10.062    20.8583   4.432985    31.4319        855     3.5583  0.000e+00
     10.022    20.8482   4.433389    31.4426        856     3.5625  0.000e+00
      9.944    20.8430   4.434568    31.4558        857     3.5667  0.000e+00
      9.859    20.8437   4.435807    31.4651        858     3.5708  0.000e+00
      9.760    20.8493   4.437584    31.4752        859     3.5750  0.000e+00
      9.651    20.8588   4.441458    31.4988        860     3.5792  0.000e+00
      9.541    20.8776   4.442892    31.4963        861     3.5833  0.000e+00
      9.428    20.8965   4.442939    31.4829        862     3.5875  0.000e+00
      9.323    20.9099   4.443323    31.4760        863     3.5917  0.000e+00
      9.238    20.9195   4.443471    31.4702        864     3.5958  0.000e+00
      9.169    20.9256   4.443538    31.4662        865     3.6000  0.000e+00
      9.119    20.9301   4.443693    31.4642        866     3.6042  0.000e+00
      9.077    20.9331   4.443794    31.4628        867     3.6083  0.000e+00
      9.052    20.9354   4.443902    31.4619        868     3.6125  0.000e+00
      9.035    20.9373   4.443996    31.4613        869     3.6167  0.000e+00
      9.039    20.9382   4.443983    31.4605        870     3.6208  0.000e+00
      9.057    20.9395   4.443949    31.4593        871     3.6250  0.000e+00
      9.086    20.9399   4.443983    31.4592        872     3.6292  0.000e+00
      9.115    20.9397   4.443922    31.4589        873     3.6333  0.000e+00
      9.131    20.9395   4.443996    31.4596        874     3.6375  0.000e+00
      9.137    20.9391   4.444064    31.4604        875     3.6417  0.000e+00
      9.124    20.9395   4.444151    31.4609        876     3.6458  0.000e+00
      9.104    20.9389   4.444219    31.4618        877     3.6500  0.000e+00
      9.066    20.9393   4.444327    31.4624        878     3.6542  0.000e+00
      9.019    20.9401   4.444502    31.4632        879     3.6583  0.000e+00
      8.965    20.9407   4.444509    31.4628        880     3.6625  0.000e+00
      8.905    20.9419   4.444805    31.4643        881     3.6667  0.000e+00
      8.844    20.9435   4.445351    31.4675        882     3.6708  0.000e+00
      8.802    20.9476   4.445964    31.4693        883     3.6750  0.000e+00
      8.773    20.9531   4.446827    31.4721        884     3.6792  0.000e+00
      8.757    20.9591   4.447373    31.4720        885     3.6833  0.000e+00
      8.748    20.9658   4.447851    31.4709        886     3.6875  0.000e+00
      8.739    20.9709   4.448458    31.4719        887     3.6917  0.000e+00
      8.728    20.9761   4.448910    31.4716        888     3.6958  0.000e+00
      8.719    20.9811   4.449645    31.4738        889     3.7000  0.000e+00
      8.711    20.9876   4.451431    31.4831        890     3.7042  0.000e+00
      8.690    20.9989   4.455249    31.5050        891     3.7083  0.000e+00
      8.644    21.0187   4.459682    31.5254        892     3.7125  0.000e+00
      8.581    21.0504   4.465339    31.5467        893     3.7167  0.000e+00
      8.509    21.0934   4.476222    31.6009        894     3.7208  0.000e+00
      8.418    21.1615   4.485844    31.6265        895     3.7250  0.000e+00
      8.324    21.2460   4.486628    31.5705        896     3.7292  0.000e+00
      8.230    21.3170   4.482121    31.4830        897     3.7333  0.000e+00
      8.126    21.3635   4.481133    31.4412        898     3.7375  0.000e+00
      8.021    21.3899   4.478989    31.4051        899     3.7417  0.000e+00
      7.922    21.4039   4.477995    31.3872        900     3.7458  0.000e+00
      7.833    21.4105   4.478103    31.3832        901     3.7500  0.000e+00
      7.773    21.4142   4.478225    31.3815        902     3.7542  0.000e+00
      7.741    21.4166   4.476677    31.3676        903     3.7583  0.000e+00
      7.737    21.4158   4.476345    31.3656        904     3.7625  0.000e+00
      7.751    21.4145   4.476575    31.3684        905     3.7667  0.000e+00
      7.800    21.4144   4.477170    31.3731        906     3.7708  0.000e+00
      7.864    21.4147   4.477792    31.3777        907     3.7750  0.000e+00
      7.945    21.4156   4.478353    31.3814        908     3.7792  0.000e+00
      8.034    21.4166   4.480443    31.3970        909     3.7833  0.000e+00
      8.136    21.4200   4.481613    31.4037        910     3.7875  0.000e+00
      8.226    21.4230   4.480821    31.3953        911     3.7917  0.000e+00
      8.308    21.4235   4.479455    31.3841        912     3.7958  0.000e+00
      8.364    21.4219   4.478556    31.3783        913     3.8000  0.000e+00
      8.395    21.4193   4.477846    31.3746        914     3.8042  0.000e+00
      8.404    21.4175   4.478739    31.3829        915     3.8083  0.000e+00
      8.388    21.4175   4.481687    31.4060        916     3.8125  0.000e+00
      8.331    21.4215   4.481457    31.4013        917     3.8167  0.000e+00
      8.252    21.4244   4.479672    31.3852        918     3.8208  0.000e+00
      8.149    21.4230   4.479016    31.3812        919     3.8250  0.000e+00
      8.033    21.4216   4.479192    31.3835        920     3.8292  0.000e+00
      7.917    21.4209   4.478022    31.3750        921     3.8333  0.000e+00
      7.788    21.4196   4.477562    31.3723        922     3.8375  0.000e+00
      7.656    21.4177   4.475913    31.3609        923     3.8417  0.000e+00
      7.533    21.4143   4.475818    31.3627        924     3.8458  0.000e+00
      7.426    21.4114   4.474108    31.3514        925     3.8500  0.000e+00
      7.330    21.4064   4.473324    31.3489        926     3.8542  0.000e+00
      7.243    21.4020   4.473561    31.3540        927     3.8583  0.000e+00
      7.174    21.3989   4.473554    31.3562        928     3.8625  0.000e+00
      7.107    21.3974   4.472919    31.3524        929     3.8667  0.000e+00
      7.060    21.3943   4.468730    31.3218        930     3.8708  0.000e+00
      7.031    21.3852   4.469946    31.3380        931     3.8750  0.000e+00
      7.024    21.3804   4.469135    31.3352        932     3.8792  0.000e+00
      7.030    21.3766   4.468730    31.3348        933     3.8833  0.000e+00
      7.046    21.3737   4.468730    31.3369        934     3.8875  0.000e+00
      7.066    21.3722   4.469872    31.3469        935     3.8917  0.000e+00
      7.125    21.3741   4.470811    31.3529        936     3.8958  0.000e+00
      7.189    21.3774   4.470534    31.3482        937     3.9000  0.000e+00
      7.274    21.3789   4.470770    31.3490        938     3.9042  0.000e+00
      7.368    21.3817   4.471879    31.3556        939     3.9083  0.000e+00
      7.464    21.3849   4.472027    31.3544        940     3.9125  0.000e+00
      7.553    21.3865   4.471412    31.3484        941     3.9167  0.000e+00
      7.627    21.3861   4.472615    31.3581        942     3.9208  0.000e+00
      7.674    21.3892   4.480463    31.4173        943     3.9250  0.000e+00
      7.702    21.4036   4.485340    31.4450        944     3.9292  0.000e+00
      7.691    21.4208   4.488127    31.4543        945     3.9333  0.000e+00
      7.649    21.4344   4.489047    31.4515        946     3.9375  0.000e+00
      7.573    21.4433   4.489656    31.4498        947     3.9417  0.000e+00
      7.475    21.4489   4.489480    31.4443        948     3.9458  0.000e+00
      7.372    21.4530   4.489534    31.4418        949     3.9500  0.000e+00
      7.269    21.4553   4.488932    31.4355        950     3.9542  0.000e+00
      7.175    21.4571   4.488309    31.4293        951     3.9583  0.000e+00
      7.082    21.4573   4.487747    31.4248        952     3.9625  0.000e+00
      6.990    21.4580   4.487389    31.4215        953     3.9667  0.000e+00
      6.921    21.4579   4.486265    31.4128        954     3.9708  0.000e+00
      6.873    21.4569   4.486015    31.4116        955     3.9750  0.000e+00
      6.833    21.4562   4.485656    31.4093        956     3.9792  0.000e+00
      6.798    21.4544   4.485866    31.4123        957     3.9833  0.000e+00
      6.769    21.4533   4.484791    31.4047        958     3.9875  0.000e+00
      6.735    21.4516   4.484892    31.4067        959     3.9917  0.000e+00
      6.702    21.4501   4.484243    31.4027        960     3.9958  0.000e+00
      6.664    21.4485   4.483519    31.3983        961     4.0000  0.000e+00
      6.616    21.4462   4.483316    31.3984        962     4.0042  0.000e+00
      6.547    21.4448   4.482619    31.3939        963     4.0083  0.000e+00
      6.469    21.4428   4.482349    31.3933        964     4.0125  0.000e+00
      6.391    21.4412   4.481713    31.3895        965     4.0167  0.000e+00
      6.335    21.4391   4.480705    31.3832        966     4.0208  0.000e+00
      6.300    21.4359   4.479880    31.3790        967     4.0250  0.000e+00
      6.275    21.4334   4.479292    31.3763        968     4.0292  0.000e+00
      6.271    21.4303   4.479934    31.3836        969     4.0333  0.000e+00
      6.280    21.4294   4.480029    31.3849        970     4.0375  0.000e+00
      6.315    21.4289   4.479826    31.3838        971     4.0417  0.000e+00
      6.366    21.4286   4.479164    31.3788        972     4.0458  0.000e+00
      6.434    21.4277   4.478839    31.3768        973     4.0500  0.000e+00
      6.514    21.4259   4.478075    31.3722        974     4.0542  0.000e+00
      6.592    21.4241   4.477460    31.3686        975     4.0583  0.000e+00
      6.663    21.4208   4.476953    31.3671        976     4.0625  0.000e+00
      6.715    21.4183   4.476548    31.3657        977     4.0667  0.000e+00
      6.773    21.4153   4.476345    31.3663        978     4.0708  0.000e+00
      6.800    21.4137   4.476190    31.3662        979     4.0750  0.000e+00
      6.820    21.4121   4.476135    31.3670        980     4.0792  0.000e+00
      6.807    21.4106   4.475939    31.3665        981     4.0833  0.000e+00
      6.769    21.4100   4.475176    31.3610        982     4.0875  0.000e+00
      6.717    21.4078   4.474567    31.3579        983     4.0917  0.000e+00
      6.652    21.4059   4.473777    31.3531        984     4.0958  0.000e+00
      6.574    21.4031   4.473297    31.3514        985     4.1000  0.000e+00
      6.492    21.4008   4.473716    31.3563        986     4.1042  0.000e+00
      6.413    21.3998   4.473425    31.3548        987     4.1083  0.000e+00
      6.331    21.3987   4.473094    31.3531        988     4.1125  0.000e+00
      6.246    21.3976   4.472999    31.3531        989     4.1167  0.000e+00
      6.159    21.3963   4.472155    31.3475        990     4.1208  0.000e+00
      6.078    21.3940   4.470378    31.3353        991     4.1250  0.000e+00
      6.005    21.3883   4.467987    31.3207        992     4.1292  0.000e+00
      5.942    21.3789   4.466980    31.3197        993     4.1333  0.000e+00
      5.897    21.3701   4.466677    31.3238        994     4.1375  0.000e+00
      5.866    21.3645   4.468014    31.3384        995     4.1417  0.000e+00
      5.852    21.3640   4.467764    31.3368        996     4.1458  0.000e+00
      5.839    21.3633   4.467615    31.3361        997     4.1500  0.000e+00
      5.837    21.3633   4.467845    31.3379        998     4.1542  0.000e+00
      5.857    21.3639   4.468554    31.3430        999     4.1583  0.000e+00
      5.881    21.3660   4.468939    31.3445       1000     4.1625  0.000e+00
      5.931    21.3683   4.468906    31.3425       1001     4.1667  0.000e+00
      5.989    21.3687   4.467642    31.3323       1002     4.1708  0.000e+00
      6.051    21.3668   4.466609    31.3256       1003     4.1750  0.000e+00
      6.114    21.3623   4.465563    31.3207       1004     4.1792  0.000e+00
      6.167    21.3569   4.464145    31.3134       1005     4.1833  0.000e+00
      6.194    21.3502   4.463989    31.3171       1006     4.1875  0.000e+00
      6.198    21.3451   4.463868    31.3199       1007     4.1917  0.000e+00
      6.182    21.3422   4.463801    31.3215       1008     4.1958  0.000e+00
      6.136    21.3401   4.464091    31.3253       1009     4.2000  0.000e+00
      6.049    21.3400   4.465813    31.3389       1010     4.2042  0.000e+00
      5.930    21.3425   4.468757    31.3602       1011     4.2083  0.000e+00
      5.783    21.3512   4.470277    31.3658       1012     4.2125  0.000e+00
      5.631    21.3604   4.466778    31.3317       1013     4.2167  0.000e+00
      5.479    21.3604   4.464806    31.3163       1014     4.2208  0.000e+00
      5.350    21.3551   4.467007    31.3374       1015     4.2250  0.000e+00
      5.259    21.3544   4.467933    31.3452       1016     4.2292  0.000e+00
      5.214    21.3583   4.468932    31.3503       1017     4.2333  0.000e+00
      5.218    21.3622   4.469007    31.3480       1018     4.2375  0.000e+00
      5.296    21.3652   4.468122    31.3388       1019     4.2417  0.000e+00
      5.441    21.3632   4.466170    31.3249       1020     4.2458  0.000e+00
      5.629    21.3584   4.465157    31.3204       1021     4.2500  0.000e+00
      5.810    21.3534   4.465448    31.3263       1022     4.2542  0.000e+00
      5.959    21.3504   4.465434    31.3283       1023     4.2583  0.000e+00
      6.077    21.3489   4.465461    31.3296       1024     4.2625  0.000e+00
      6.176    21.3481   4.466346    31.3371       1025     4.2667  0.000e+00
      6.274    21.3499   4.467211    31.3426       1026     4.2708  0.000e+00
      6.348    21.3522   4.465522    31.3276       1027     4.2750  0.000e+00
      6.384    21.3511   4.464651    31.3216       1028     4.2792  0.000e+00
      6.348    21.3483   4.465711    31.3319       1029     4.2833  0.000e+00
      6.263    21.3478   4.465367    31.3296       1030     4.2875  0.000e+00
      6.153    21.3483   4.467947    31.3495       1031     4.2917  0.000e+00
      6.004    21.3527   4.469669    31.3598       1032     4.2958  0.000e+00
      5.827    21.3600   4.469554    31.3537       1033     4.3000  0.000e+00
      5.640    21.3649   4.468453    31.3415       1034     4.3042  0.000e+00
      5.468    21.3670   4.467946    31.3361       1035     4.3083  0.000e+00
