HB2407/sbe068.cnv
* Sea-Bird SBE 19plus V2 Data File:
* FileName = C:\cruise\data\sbe068.hex
* Software Version Seasave V 7.26.7.121
* Temperature SN = 7143
* Conductivity SN = 7143
* System UpLoad Time = Oct 09 2024 05:42:57
* NMEA Latitude = 40 11.68 N
* NMEA Longitude = 069 18.20 W
* NMEA UTC (Time) = Oct 09 2024  05:42:41
** Ship: Bigelow
** Cruise:  HB2407
** Program:  Fall Bottom Trawl
# nquan = 7
# nvalues = 2378                                  
# units = specified
# name 0 = depSM: Depth [salt water, m]
# name 1 = tv290C: Temperature [ITS-90, deg C]
# name 2 = c0S/m: Conductivity [S/m]
# name 3 = sal00: Salinity, Practical [PSU]
# name 4 = scan: Scan Count
# name 5 = timeM: Time, Elapsed [minutes]
# name 6 = flag:  0.000e+00
# span 0 =     -0.112,     87.323                 
# span 1 =     9.5203,    17.1692                 
# span 2 =   0.000008,   4.155343                 
# span 3 =     0.0073,    33.4211                 
# span 4 =         11,       2388                 
# span 5 =     0.0417,     9.9458                 
# span 6 = 0.0000e+00, 0.0000e+00                 
# interval = seconds: 0.25
# start_time = Oct 09 2024 05:42:41 [NMEA time, header]
# bad_flag = -9.990e-29
*END*
[from data line 1436]
     43.132    13.2811   3.816965    32.0915       1447     6.0250  0.000e+00
     43.040    13.2994   3.818768    32.0929       1448     6.0292  0.000e+00
     42.938    13.3185   3.820439    32.0925       1449     6.0333  0.000e+00
     42.842    13.3388   3.821794    32.0881       1450     6.0375  0.000e+00
     42.746    13.3577   3.823104    32.0845       1451     6.0417  0.000e+00
     42.656    13.3746   3.824548    32.0838       1452     6.0458  0.000e+00
     42.562    13.3918   3.827600    32.0979       1453     6.0500  0.000e+00
     42.475    13.4139   3.829190    32.0941       1454     6.0542  0.000e+00
     42.399    13.4377   3.829557    32.0776       1455     6.0583  0.000e+00
     42.321    13.4546   3.830223    32.0697       1456     6.0625  0.000e+00
     42.251    13.4664   3.830748    32.0646       1457     6.0667  0.000e+00
     42.184    13.4762   3.831166    32.0603       1458     6.0708  0.000e+00
     42.131    13.4836   3.831857    32.0606       1459     6.0750  0.000e+00
     42.084    13.4902   3.832085    32.0571       1460     6.0792  0.000e+00
     42.046    13.4961   3.832605    32.0571       1461     6.0833  0.000e+00
     42.010    13.5012   3.832960    32.0561       1462     6.0875  0.000e+00
     41.981    13.5064   3.833004    32.0522       1463     6.0917  0.000e+00
     41.956    13.5100   3.833239    32.0513       1464     6.0958  0.000e+00
     41.932    13.5126   3.833118    32.0481       1465     6.1000  0.000e+00
     41.907    13.5141   3.833467    32.0501       1466     6.1042  0.000e+00
     41.891    13.5161   3.833593    32.0496       1467     6.1083  0.000e+00
     41.865    13.5177   3.833695    32.0492       1468     6.1125  0.000e+00
     41.845    13.5192   3.833765    32.0485       1469     6.1167  0.000e+00
     41.824    13.5206   3.834227    32.0517       1470     6.1208  0.000e+00
     41.791    13.5226   3.834639    32.0539       1471     6.1250  0.000e+00
     41.757    13.5261   3.835121    32.0555       1472     6.1292  0.000e+00
     41.717    13.5306   3.835584    32.0560       1473     6.1333  0.000e+00
     41.670    13.5354   3.835730    32.0533       1474     6.1375  0.000e+00
     41.623    13.5395   3.836047    32.0529       1475     6.1417  0.000e+00
     41.561    13.5432   3.836573    32.0547       1476     6.1458  0.000e+00
     41.514    13.5473   3.837131    32.0564       1477     6.1500  0.000e+00
     41.460    13.5525   3.837727    32.0577       1478     6.1542  0.000e+00
     41.404    13.5586   3.839179    32.0661       1479     6.1583  0.000e+00
     41.350    13.5680   3.841361    32.0785       1480     6.1625  0.000e+00
     41.295    13.5832   3.842364    32.0751       1481     6.1667  0.000e+00
     41.243    13.5989   3.842731    32.0653       1482     6.1708  0.000e+00
     41.191    13.6108   3.843010    32.0580       1483     6.1750  0.000e+00
     41.142    13.6184   3.843309    32.0544       1484     6.1792  0.000e+00
     41.085    13.6240   3.844121    32.0573       1485     6.1833  0.000e+00
     41.031    13.6305   3.846126    32.0705       1486     6.1875  0.000e+00
     40.982    13.6420   3.848926    32.0868       1487     6.1917  0.000e+00
     40.930    13.6619   3.853581    32.1134       1488     6.1958  0.000e+00
     40.874    13.6948   3.860329    32.1485       1489     6.2000  0.000e+00
     40.818    13.7475   3.864424    32.1422       1490     6.2042  0.000e+00
     40.758    13.8052   3.866280    32.1111       1491     6.2083  0.000e+00
     40.691    13.8513   3.868347    32.0917       1492     6.2125  0.000e+00
     40.624    13.8861   3.870001    32.0779       1493     6.2167  0.000e+00
     40.546    13.9146   3.870644    32.0601       1494     6.2208  0.000e+00
     40.463    13.9346   3.872145    32.0573       1495     6.2250  0.000e+00
     40.376    13.9516   3.874641    32.0661       1496     6.2292  0.000e+00
     40.284    13.9715   3.878652    32.0866       1497     6.2333  0.000e+00
     40.188    14.0023   3.881442    32.0867       1498     6.2375  0.000e+00
     40.092    14.0363   3.885711    32.0976       1499     6.2417  0.000e+00
     39.996    14.0759   3.887655    32.0825       1500     6.2458  0.000e+00
     39.905    14.1123   3.889249    32.0669       1501     6.2500  0.000e+00
     39.813    14.1410   3.890064    32.0506       1502     6.2542  0.000e+00
     39.732    14.1631   3.890721    32.0383       1503     6.2583  0.000e+00
     39.645    14.1789   3.890931    32.0272       1504     6.2625  0.000e+00
     39.574    14.1892   3.891384    32.0228       1505     6.2667  0.000e+00
     39.505    14.1964   3.891849    32.0211       1506     6.2708  0.000e+00
     39.447    14.2027   3.892130    32.0185       1507     6.2750  0.000e+00
     39.400    14.2080   3.892525    32.0177       1508     6.2792  0.000e+00
     39.366    14.2129   3.892340    32.0120       1509     6.2833  0.000e+00
     39.332    14.2156   3.892691    32.0130       1510     6.2875  0.000e+00
     39.310    14.2173   3.892551    32.0103       1511     6.2917  0.000e+00
     39.303    14.2190   3.892436    32.0078       1512     6.2958  0.000e+00
     39.294    14.2184   3.892691    32.0107       1513     6.3000  0.000e+00
     39.303    14.2191   3.892646    32.0096       1514     6.3042  0.000e+00
     39.319    14.2196   3.892812    32.0108       1515     6.3083  0.000e+00
     39.335    14.2205   3.892927    32.0110       1516     6.3125  0.000e+00
     39.353    14.2216   3.892972    32.0106       1517     6.3167  0.000e+00
     39.377    14.2222   3.893061    32.0109       1518     6.3208  0.000e+00
     39.401    14.2230   3.893087    32.0104       1519     6.3250  0.000e+00
     39.420    14.2236   3.892646    32.0059       1520     6.3292  0.000e+00
     39.430    14.2222   3.892410    32.0049       1521     6.3333  0.000e+00
     39.435    14.2194   3.892659    32.0095       1522     6.3375  0.000e+00
     39.428    14.2178   3.891964    32.0045       1523     6.3417  0.000e+00
     39.419    14.2150   3.892009    32.0072       1524     6.3458  0.000e+00
     39.392    14.2126   3.892902    32.0174       1525     6.3500  0.000e+00
     39.354    14.2137   3.892972    32.0171       1526     6.3542  0.000e+00
     39.307    14.2173   3.893138    32.0157       1527     6.3583  0.000e+00
     39.247    14.2193   3.893756    32.0197       1528     6.3625  0.000e+00
     39.178    14.2238   3.893884    32.0171       1529     6.3667  0.000e+00
     39.091    14.2276   3.894075    32.0158       1530     6.3708  0.000e+00
     39.013    14.2308   3.894171    32.0140       1531     6.3750  0.000e+00
     38.925    14.2335   3.894560    32.0154       1532     6.3792  0.000e+00
     38.832    14.2367   3.896659    32.0320       1533     6.3833  0.000e+00
     38.738    14.2465   3.901165    32.0652       1534     6.3875  0.000e+00
     38.655    14.2721   3.902570    32.0568       1535     6.3917  0.000e+00
     38.570    14.3000   3.903240    32.0399       1536     6.3958  0.000e+00
     38.486    14.3199   3.904485    32.0348       1537     6.4000  0.000e+00
     38.412    14.3370   3.907870    32.0516       1538     6.4042  0.000e+00
     38.333    14.3599   3.911314    32.0641       1539     6.4083  0.000e+00
     38.260    14.3915   3.914644    32.0684       1540     6.4125  0.000e+00
     38.186    14.4280   3.918142    32.0701       1541     6.4167  0.000e+00
     38.119    14.4659   3.920105    32.0566       1542     6.4208  0.000e+00
     38.041    14.5001   3.920872    32.0354       1543     6.4250  0.000e+00
     37.970    14.5249   3.921358    32.0193       1544     6.4292  0.000e+00
     37.898    14.5412   3.921544    32.0076       1545     6.4333  0.000e+00
     37.825    14.5513   3.922746    32.0103       1546     6.4375  0.000e+00
     37.760    14.5606   3.924551    32.0190       1547     6.4417  0.000e+00
     37.693    14.5742   3.926260    32.0234       1548     6.4458  0.000e+00
     37.632    14.5917   3.927565    32.0208       1549     6.4500  0.000e+00
     37.570    14.6086   3.928417    32.0147       1550     6.4542  0.000e+00
     37.514    14.6233   3.929422    32.0117       1551     6.4583  0.000e+00
     37.462    14.6360   3.929979    32.0063       1552     6.4625  0.000e+00
     37.416    14.6464   3.930408    32.0017       1553     6.4667  0.000e+00
     37.373    14.6547   3.930824    31.9987       1554     6.4708  0.000e+00
     37.344    14.6609   3.931163    31.9966       1555     6.4750  0.000e+00
     37.321    14.6659   3.931285    31.9936       1556     6.4792  0.000e+00
     37.303    14.6700   3.931387    31.9911       1557     6.4833  0.000e+00
     37.292    14.6729   3.931522    31.9900       1558     6.4875  0.000e+00
     37.296    14.6746   3.931432    31.9878       1559     6.4917  0.000e+00
     37.296    14.6759   3.931451    31.9869       1560     6.4958  0.000e+00
     37.300    14.6761   3.931451    31.9867       1561     6.5000  0.000e+00
     37.316    14.6762   3.931458    31.9867       1562     6.5042  0.000e+00
     37.327    14.6758   3.931477    31.9872       1563     6.5083  0.000e+00
     37.338    14.6757   3.931432    31.9869       1564     6.5125  0.000e+00
     37.350    14.6753   3.931381    31.9867       1565     6.5167  0.000e+00
     37.367    14.6745   3.931144    31.9852       1566     6.5208  0.000e+00
     37.372    14.6730   3.930663    31.9821       1567     6.5250  0.000e+00
     37.381    14.6705   3.930190    31.9799       1568     6.5292  0.000e+00
     37.381    14.6667   3.930074    31.9820       1569     6.5333  0.000e+00
     37.381    14.6631   3.929978    31.9840       1570     6.5375  0.000e+00
     37.369    14.6607   3.929978    31.9860       1571     6.5417  0.000e+00
     37.356    14.6594   3.929966    31.9870       1572     6.5458  0.000e+00
     37.329    14.6583   3.930074    31.9889       1573     6.5500  0.000e+00
     37.298    14.6582   3.930279    31.9908       1574     6.5542  0.000e+00
     37.253    14.6590   3.930952    31.9963       1575     6.5583  0.000e+00
     37.206    14.6622   3.931567    31.9993       1576     6.5625  0.000e+00
     37.139    14.6667   3.931778    31.9975       1577     6.5667  0.000e+00
     37.070    14.6717   3.931996    31.9954       1578     6.5708  0.000e+00
     36.990    14.6756   3.932662    31.9983       1579     6.5750  0.000e+00
     36.900    14.6807   3.935173    32.0168       1580     6.5792  0.000e+00
     36.800    14.6934   3.938672    32.0382       1581     6.5833  0.000e+00
     36.692    14.7180   3.941030    32.0393       1582     6.5875  0.000e+00
     36.592    14.7466   3.942460    32.0287       1583     6.5917  0.000e+00
     36.484    14.7724   3.944306    32.0243       1584     6.5958  0.000e+00
     36.370    14.7953   3.947699    32.0362       1585     6.6000  0.000e+00
     36.265    14.8224   3.949656    32.0317       1586     6.6042  0.000e+00
     36.170    14.8502   3.950361    32.0152       1587     6.6083  0.000e+00
     36.076    14.8719   3.950566    31.9993       1588     6.6125  0.000e+00
     35.987    14.8856   3.950701    31.9893       1589     6.6167  0.000e+00
     35.908    14.8939   3.950733    31.9829       1590     6.6208  0.000e+00
     35.843    14.8987   3.950791    31.9795       1591     6.6250  0.000e+00
     35.785    14.9013   3.950829    31.9776       1592     6.6292  0.000e+00
     35.739    14.9028   3.951163    31.9795       1593     6.6333  0.000e+00
     35.693    14.9052   3.951182    31.9777       1594     6.6375  0.000e+00
     35.666    14.9068   3.950996    31.9747       1595     6.6417  0.000e+00
     35.640    14.9069   3.951066    31.9753       1596     6.6458  0.000e+00
     35.615    14.9070   3.951233    31.9767       1597     6.6500  0.000e+00
     35.591    14.9076   3.951182    31.9758       1598     6.6542  0.000e+00
     35.570    14.9077   3.950944    31.9735       1599     6.6583  0.000e+00
     35.546    14.9068   3.950906    31.9740       1600     6.6625  0.000e+00
     35.519    14.9059   3.951086    31.9763       1601     6.6667  0.000e+00
     35.492    14.9058   3.951259    31.9779       1602     6.6708  0.000e+00
     35.461    14.9071   3.951593    31.9800       1603     6.6750  0.000e+00
     35.432    14.9092   3.951734    31.9795       1604     6.6792  0.000e+00
     35.400    14.9116   3.951727    31.9775       1605     6.6833  0.000e+00
     35.369    14.9133   3.951759    31.9764       1606     6.6875  0.000e+00
     35.342    14.9142   3.951888    31.9768       1607     6.6917  0.000e+00
     35.320    14.9153   3.951779    31.9749       1608     6.6958  0.000e+00
     35.302    14.9159   3.951958    31.9761       1609     6.7000  0.000e+00
     35.296    14.9169   3.951945    31.9751       1610     6.7042  0.000e+00
     35.293    14.9172   3.951901    31.9745       1611     6.7083  0.000e+00
     35.291    14.9178   3.951888    31.9739       1612     6.7125  0.000e+00
     35.297    14.9174   3.951830    31.9736       1613     6.7167  0.000e+00
     35.311    14.9173   3.951798    31.9735       1614     6.7208  0.000e+00
     35.333    14.9169   3.951945    31.9751       1615     6.7250  0.000e+00
     35.353    14.9171   3.951978    31.9753       1616     6.7292  0.000e+00
     35.380    14.9178   3.951997    31.9749       1617     6.7333  0.000e+00
     35.407    14.9178   3.951945    31.9743       1618     6.7375  0.000e+00
     35.425    14.9179   3.952003    31.9748       1619     6.7417  0.000e+00
     35.450    14.9178   3.951689    31.9720       1620     6.7458  0.000e+00
     35.463    14.9169   3.951727    31.9731       1621     6.7500  0.000e+00
     35.472    14.9155   3.951901    31.9758       1622     6.7542  0.000e+00
     35.465    14.9155   3.951817    31.9751       1623     6.7583  0.000e+00
     35.456    14.9156   3.951926    31.9760       1624     6.7625  0.000e+00
     35.434    14.9159   3.952003    31.9764       1625     6.7667  0.000e+00
     35.396    14.9166   3.952831    31.9833       1626     6.7708  0.000e+00
     35.351    14.9202   3.953313    31.9847       1627     6.7750  0.000e+00
     35.288    14.9259   3.954192    31.9880       1628     6.7792  0.000e+00
     35.221    14.9331   3.956516    32.0031       1629     6.7833  0.000e+00
     35.141    14.9472   3.957248    31.9982       1630     6.7875  0.000e+00
     35.056    14.9622   3.958526    31.9974       1631     6.7917  0.000e+00
     34.962    14.9765   3.960838    32.0066       1632     6.7958  0.000e+00
     34.864    14.9958   3.962740    32.0079       1633     6.8000  0.000e+00
     34.761    15.0180   3.965959    32.0188       1634     6.8042  0.000e+00
     34.656    15.0469   3.968640    32.0193       1635     6.8083  0.000e+00
     34.549    15.0775   3.970105    32.0074       1636     6.8125  0.000e+00
     34.432    15.1044   3.970652    31.9904       1637     6.8167  0.000e+00
     34.323    15.1235   3.971069    31.9785       1638     6.8208  0.000e+00
     34.220    15.1362   3.971738    31.9742       1639     6.8250  0.000e+00
     34.117    15.1455   3.973069    31.9786       1640     6.8292  0.000e+00
     34.023    15.1574   3.977122    32.0053       1641     6.8333  0.000e+00
     33.927    15.1803   3.978416    31.9982       1642     6.8375  0.000e+00
     33.849    15.2055   3.979239    31.9851       1643     6.8417  0.000e+00
     33.784    15.2250   3.979702    31.9734       1644     6.8458  0.000e+00
     33.731    15.2380   3.979869    31.9642       1645     6.8500  0.000e+00
     33.693    15.2464   3.979979    31.9584       1646     6.8542  0.000e+00
     33.662    15.2517   3.980107    31.9553       1647     6.8583  0.000e+00
     33.641    15.2549   3.980185    31.9534       1648     6.8625  0.000e+00
     33.632    15.2569   3.980230    31.9521       1649     6.8667  0.000e+00
     33.630    15.2583   3.980255    31.9512       1650     6.8708  0.000e+00
     33.637    15.2591   3.980275    31.9507       1651     6.8750  0.000e+00
