HB2407/sbe051.cnv
* Sea-Bird SBE 19plus V2 Data File:
* FileName = C:\cruise\data\sbe051.hex
* Software Version Seasave V 7.26.7.121
* Temperature SN = 7143
* Conductivity SN = 7143
* System UpLoad Time = Oct 04 2024 15:24:54
* NMEA Latitude = 40 57.27 N
* NMEA Longitude = 071 21.90 W
* NMEA UTC (Time) = Oct 04 2024  15:24:32
** Ship: Bigelow
** Cruise:  HB2407
** Program:  Fall Bottom Trawl
# nquan = 7
# nvalues = 1859                                  
# units = specified
# name 0 = depSM: Depth [salt water, m]
# name 1 = tv290C: Temperature [ITS-90, deg C]
# name 2 = c0S/m: Conductivity [S/m]
# name 3 = sal00: Salinity, Practical [PSU]
# name 4 = scan: Scan Count
# name 5 = timeM: Time, Elapsed [minutes]
# name 6 = flag:  0.000e+00
# span 0 =      0.018,     45.563                 
# span 1 =    17.8830,    20.1036                 
# span 2 =  -0.000032,   4.454128                 
# span 3 =     0.0000,    33.2788                 
# span 4 =         11,       1869                 
# span 5 =     0.0417,     7.7833                 
# span 6 = 0.0000e+00, 0.0000e+00                 
# interval = seconds: 0.25
# start_time = Oct 04 2024 15:24:32 [NMEA time, header]
# bad_flag = -9.990e-29
*END*
[from data line 1642]
      5.754    18.0185   4.324728    32.7284       1653     6.8833  0.000e+00
      5.667    18.0187   4.324701    32.7281       1654     6.8875  0.000e+00
      5.573    18.0187   4.324774    32.7287       1655     6.8917  0.000e+00
      5.482    18.0189   4.324901    32.7297       1656     6.8958  0.000e+00
      5.395    18.0196   4.324894    32.7290       1657     6.9000  0.000e+00
      5.299    18.0198   4.325008    32.7299       1658     6.9042  0.000e+00
      5.225    18.0201   4.325081    32.7303       1659     6.9083  0.000e+00
      5.149    18.0207   4.325181    32.7307       1660     6.9125  0.000e+00
      5.085    18.0216   4.325261    32.7307       1661     6.9167  0.000e+00
      5.033    18.0225   4.325334    32.7306       1662     6.9208  0.000e+00
      4.989    18.0233   4.325387    32.7304       1663     6.9250  0.000e+00
      4.959    18.0240   4.325454    32.7304       1664     6.9292  0.000e+00
      4.935    18.0251   4.325487    32.7299       1665     6.9333  0.000e+00
      4.919    18.0255   4.325594    32.7304       1666     6.9375  0.000e+00
      4.915    18.0259   4.325627    32.7304       1667     6.9417  0.000e+00
      4.919    18.0268   4.325640    32.7297       1668     6.9458  0.000e+00
      4.928    18.0274   4.325667    32.7296       1669     6.9500  0.000e+00
      4.939    18.0277   4.325700    32.7296       1670     6.9542  0.000e+00
      4.946    18.0277   4.325694    32.7295       1671     6.9583  0.000e+00
      4.954    18.0284   4.325667    32.7287       1672     6.9625  0.000e+00
      4.955    18.0284   4.325674    32.7288       1673     6.9667  0.000e+00
      4.939    18.0284   4.325720    32.7292       1674     6.9708  0.000e+00
      4.916    18.0281   4.325767    32.7298       1675     6.9750  0.000e+00
      4.870    18.0287   4.325793    32.7296       1676     6.9792  0.000e+00
      4.816    18.0291   4.325920    32.7304       1677     6.9833  0.000e+00
      4.735    18.0297   4.326027    32.7308       1678     6.9875  0.000e+00
      4.650    18.0305   4.326027    32.7302       1679     6.9917  0.000e+00
      4.543    18.0313   4.326087    32.7301       1680     6.9958  0.000e+00
      4.441    18.0319   4.326200    32.7306       1681     7.0000  0.000e+00
      4.342    18.0326   4.326253    32.7305       1682     7.0042  0.000e+00
      4.230    18.0331   4.326286    32.7304       1683     7.0083  0.000e+00
      4.141    18.0342   4.326406    32.7306       1684     7.0125  0.000e+00
      4.067    18.0351   4.326533    32.7310       1685     7.0167  0.000e+00
      3.994    18.0360   4.326726    32.7319       1686     7.0208  0.000e+00
      3.947    18.0373   4.326813    32.7316       1687     7.0250  0.000e+00
      3.914    18.0391   4.326866    32.7307       1688     7.0292  0.000e+00
      3.893    18.0402   4.326892    32.7300       1689     7.0333  0.000e+00
      3.880    18.0407   4.326886    32.7296       1690     7.0375  0.000e+00
      3.867    18.0411   4.326939    32.7297       1691     7.0417  0.000e+00
      3.855    18.0416   4.327066    32.7304       1692     7.0458  0.000e+00
      3.837    18.0422   4.327219    32.7312       1693     7.0500  0.000e+00
      3.822    18.0430   4.327272    32.7310       1694     7.0542  0.000e+00
      3.791    18.0443   4.327219    32.7296       1695     7.0583  0.000e+00
      3.760    18.0449   4.327186    32.7288       1696     7.0625  0.000e+00
      3.717    18.0450   4.327299    32.7297       1697     7.0667  0.000e+00
      3.668    18.0452   4.327499    32.7312       1698     7.0708  0.000e+00
      3.610    18.0462   4.327625    32.7315       1699     7.0750  0.000e+00
      3.550    18.0478   4.327732    32.7311       1700     7.0792  0.000e+00
      3.483    18.0487   4.327985    32.7326       1701     7.0833  0.000e+00
      3.422    18.0505   4.328478    32.7354       1702     7.0875  0.000e+00
      3.360    18.0533   4.329618    32.7427       1703     7.0917  0.000e+00
      3.304    18.0588   4.330178    32.7431       1704     7.0958  0.000e+00
      3.247    18.0658   4.330038    32.7363       1705     7.1000  0.000e+00
      3.194    18.0701   4.330584    32.7375       1706     7.1042  0.000e+00
      3.143    18.0742   4.331118    32.7388       1707     7.1083  0.000e+00
      3.100    18.0793   4.331991    32.7421       1708     7.1125  0.000e+00
      3.053    18.0845   4.332571    32.7428       1709     7.1167  0.000e+00
      3.006    18.0913   4.332804    32.7393       1710     7.1208  0.000e+00
      2.979    18.0970   4.333257    32.7387       1711     7.1250  0.000e+00
      2.954    18.1017   4.332524    32.7287       1712     7.1292  0.000e+00
      2.939    18.1029   4.333364    32.7348       1713     7.1333  0.000e+00
      2.930    18.1050   4.333871    32.7374       1714     7.1375  0.000e+00
      2.917    18.1090   4.333977    32.7351       1715     7.1417  0.000e+00
      2.912    18.1123   4.333924    32.7321       1716     7.1458  0.000e+00
      2.899    18.1141   4.334137    32.7325       1717     7.1500  0.000e+00
      2.870    18.1158   4.333284    32.7239       1718     7.1542  0.000e+00
      2.841    18.1151   4.332597    32.7187       1719     7.1583  0.000e+00
      2.805    18.1099   4.333377    32.7294       1720     7.1625  0.000e+00
      2.751    18.1090   4.333977    32.7352       1721     7.1667  0.000e+00
      2.691    18.1113   4.334617    32.7388       1722     7.1708  0.000e+00
      2.637    18.1152   4.334524    32.7349       1723     7.1750  0.000e+00
      2.573    18.1192   4.335071    32.7364       1724     7.1792  0.000e+00
      2.508    18.1222   4.335304    32.7359       1725     7.1833  0.000e+00
      2.432    18.1258   4.336164    32.7403       1726     7.1875  0.000e+00
      2.372    18.1307   4.337372    32.7467       1727     7.1917  0.000e+00
      2.312    18.1379   4.338085    32.7469       1728     7.1958  0.000e+00
      2.262    18.1466   4.337018    32.7310       1729     7.2000  0.000e+00
      2.227    18.1504   4.337065    32.7283       1730     7.2042  0.000e+00
      2.199    18.1495   4.337652    32.7340       1731     7.2083  0.000e+00
      2.177    18.1508   4.338065    32.7365       1732     7.2125  0.000e+00
      2.155    18.1542   4.338699    32.7391       1733     7.2167  0.000e+00
      2.128    18.1585   4.339853    32.7454       1734     7.2208  0.000e+00
      2.097    18.1652   4.339633    32.7382       1735     7.2250  0.000e+00
      2.059    18.1707   4.340180    32.7385       1736     7.2292  0.000e+00
      2.007    18.1748   4.341668    32.7477       1737     7.2333  0.000e+00
      1.941    18.1828   4.342302    32.7467       1738     7.2375  0.000e+00
      1.858    18.1915   4.342689    32.7431       1739     7.2417  0.000e+00
      1.768    18.1984   4.342355    32.7348       1740     7.2458  0.000e+00
      1.681    18.2028   4.343229    32.7387       1741     7.2500  0.000e+00
      1.594    18.2057   4.342355    32.7290       1742     7.2542  0.000e+00
      1.511    18.2069   4.342642    32.7305       1743     7.2583  0.000e+00
      1.451    18.2069   4.342788    32.7318       1744     7.2625  0.000e+00
      1.405    18.2083   4.344150    32.7421       1745     7.2667  0.000e+00
      1.364    18.2130   4.343789    32.7353       1746     7.2708  0.000e+00
      1.324    18.2171   4.344430    32.7375       1747     7.2750  0.000e+00
      1.291    18.2195   4.345098    32.7412       1748     7.2792  0.000e+00
      1.270    18.2245   4.344303    32.7305       1749     7.2833  0.000e+00
      1.257    18.2269   4.343996    32.7260       1750     7.2875  0.000e+00
      1.253    18.2252   4.344737    32.7336       1751     7.2917  0.000e+00
      1.259    18.2262   4.345431    32.7386       1752     7.2958  0.000e+00
      1.272    18.2300   4.345171    32.7334       1753     7.3000  0.000e+00
      1.293    18.2328   4.344737    32.7275       1754     7.3042  0.000e+00
      1.320    18.2321   4.344917    32.7296       1755     7.3083  0.000e+00
      1.359    18.2315   4.344530    32.7268       1756     7.3125  0.000e+00
      1.398    18.2308   4.343636    32.7198       1757     7.3167  0.000e+00
      1.438    18.2266   4.344844    32.7334       1758     7.3208  0.000e+00
      1.469    18.2262   4.344944    32.7345       1759     7.3250  0.000e+00
      1.505    18.2286   4.345385    32.7363       1760     7.3292  0.000e+00
      1.518    18.2307   4.342615    32.7113       1761     7.3333  0.000e+00
      1.504    18.2262   4.343843    32.7252       1762     7.3375  0.000e+00
      1.464    18.2212   4.344550    32.7352       1763     7.3417  0.000e+00
      1.393    18.2226   4.345865    32.7452       1764     7.3458  0.000e+00
      1.303    18.2278   4.346426    32.7458       1765     7.3500  0.000e+00
      1.178    18.2356   4.346586    32.7409       1766     7.3542  0.000e+00
      1.037    18.2412   4.346272    32.7338       1767     7.3583  0.000e+00
      0.866    18.2445   4.345578    32.7255       1768     7.3625  0.000e+00
      0.693    18.2431   4.344917    32.7211       1769     7.3667  0.000e+00
      0.548    18.2403   4.344657    32.7212       1770     7.3708  0.000e+00
      0.443    18.2353   4.345211    32.7298       1771     7.3750  0.000e+00
      0.365    18.2335   4.346479    32.7420       1772     7.3792  0.000e+00
      0.289    18.2375   4.346633    32.7401       1773     7.3833  0.000e+00
      0.238    18.2426   4.346339    32.7336       1774     7.3875  0.000e+00
      0.225    18.2452   4.346299    32.7312       1775     7.3917  0.000e+00
      0.240    18.2457   4.345785    32.7265       1776     7.3958  0.000e+00
      0.254    18.2445   4.345724    32.7269       1777     7.4000  0.000e+00
      0.255    18.2429   4.345885    32.7295       1778     7.4042  0.000e+00
      0.209    18.2419   4.345992    32.7312       1779     7.4083  0.000e+00
      0.159    18.2421   4.345477    32.7268       1780     7.4125  0.000e+00
      0.110    18.2412   1.887969    13.0694       1781     7.4167  0.000e+00
      0.088    18.2374   0.725938     4.6561       1782     7.4208  0.000e+00
      0.088    18.2190   0.420533     2.6010       1783     7.4250  0.000e+00
      0.085    18.1865   0.372409     2.2878       1784     7.4292  0.000e+00
      0.103    18.1653   0.515367     3.2339       1785     7.4333  0.000e+00
      0.125    18.1659   0.813835     5.2724       1786     7.4375  0.000e+00
      0.134    18.1784   1.657623    11.3619       1787     7.4417  0.000e+00
      0.128    18.1882   1.379156     9.3053       1788     7.4458  0.000e+00
      0.135    18.1974   1.589214    10.8487       1789     7.4500  0.000e+00
      0.154    18.2095   2.056852    14.3597       1790     7.4542  0.000e+00
      0.173    18.2189   1.857865    12.8495       1791     7.4583  0.000e+00
      0.206    18.2245   0.355303     2.1744       1792     7.4625  0.000e+00
      0.241    18.2275   0.478752     2.9852       1793     7.4667  0.000e+00
      0.290    18.2289   0.695708     4.4496       1794     7.4708  0.000e+00
      0.340    18.2293   0.990461     6.5022       1795     7.4750  0.000e+00
      0.378    18.2295   0.905394     5.9033       1796     7.4792  0.000e+00
      0.409    18.2298   1.414284     9.5526       1797     7.4833  0.000e+00
      0.387    18.2298   3.405336    24.9652       1798     7.4875  0.000e+00
      0.322    18.2298   2.497467    17.7461       1799     7.4917  0.000e+00
      0.250    18.2295   3.078924    22.3364       1800     7.4958  0.000e+00
      0.199    18.2288   4.161103    31.1904       1801     7.5000  0.000e+00
      0.166    18.2284   4.308266    32.4246       1802     7.5042  0.000e+00
      0.139    18.2284   4.236938    31.8257       1803     7.5083  0.000e+00
      0.103    18.2294   4.224124    31.7175       1804     7.5125  0.000e+00
      0.090    18.2306   4.287924    32.2519       1805     7.5167  0.000e+00
      0.089    18.2320   4.100469    30.6818       1806     7.5208  0.000e+00
      0.090    18.2334   3.087469    22.4027       1807     7.5250  0.000e+00
      0.085    18.2343   2.002007    13.9342       1808     7.5292  0.000e+00
      0.089    18.2345   0.753127     4.8436       1809     7.5333  0.000e+00
      0.087    18.2338   0.694180     4.4386       1810     7.5375  0.000e+00
      0.101    18.2317   0.642082     4.0832       1811     7.5417  0.000e+00
      0.161    18.2299   2.280582    16.0661       1812     7.5458  0.000e+00
      0.194    18.2300   2.467167    17.5102       1813     7.5500  0.000e+00
      0.192    18.2324   3.837514    28.4998       1814     7.5542  0.000e+00
      0.159    18.2359   4.296153    32.3169       1815     7.5583  0.000e+00
      0.121    18.2387   3.508553    25.7986       1816     7.5625  0.000e+00
      0.127    18.2408   4.312470    32.4502       1817     7.5667  0.000e+00
      0.134    18.2428   4.344182    32.7153       1818     7.5708  0.000e+00
      0.129    18.2445   4.345991    32.7292       1819     7.5750  0.000e+00
      0.136    18.2460   4.346506    32.7323       1820     7.5792  0.000e+00
      0.167    18.2476   4.346559    32.7315       1821     7.5833  0.000e+00
      0.196    18.2492   4.346506    32.7298       1822     7.5875  0.000e+00
      0.234    18.2500   4.346606    32.7299       1823     7.5917  0.000e+00
      0.281    18.2505   4.346586    32.7293       1824     7.5958  0.000e+00
      0.329    18.2510   4.346526    32.7285       1825     7.6000  0.000e+00
      0.371    18.2513   4.346486    32.7278       1826     7.6042  0.000e+00
      0.413    18.2510   4.346372    32.7271       1827     7.6083  0.000e+00
      0.453    18.2502   4.346192    32.7262       1828     7.6125  0.000e+00
      0.498    18.2496   4.346265    32.7273       1829     7.6167  0.000e+00
      0.525    18.2492   4.346299    32.7278       1830     7.6208  0.000e+00
      0.551    18.2476   4.345478    32.7222       1831     7.6250  0.000e+00
      0.578    18.2446   4.345578    32.7254       1832     7.6292  0.000e+00
      0.596    18.2428   4.345351    32.7250       1833     7.6333  0.000e+00
      0.602    18.2406   4.345451    32.7276       1834     7.6375  0.000e+00
      0.582    18.2399   4.345918    32.7321       1835     7.6417  0.000e+00
      0.542    18.2409   4.345992    32.7319       1836     7.6458  0.000e+00
      0.507    18.2426   4.346172    32.7321       1837     7.6500  0.000e+00
      0.453    18.2435   4.346118    32.7309       1838     7.6542  0.000e+00
      0.402    18.2442   4.346038    32.7297       1839     7.6583  0.000e+00
      0.312    18.2443   4.345651    32.7264       1840     7.6625  0.000e+00
      0.162    18.2431   4.345758    32.7283       1841     7.6667  0.000e+00
      0.098    18.2421   3.556839    26.1901       1842     7.6708  0.000e+00
      0.093    18.2409   0.798683     5.1578       1843     7.6750  0.000e+00
      0.093    18.2381   0.936825     6.1227       1844     7.6792  0.000e+00
      0.091    18.2368   0.343387     2.0966       1845     7.6833  0.000e+00
      0.091    18.2371   0.313850     1.9060       1846     7.6875  0.000e+00
      0.095    18.2378   0.765108     4.9259       1847     7.6917  0.000e+00
      0.095    18.2385   0.352256     2.1539       1848     7.6958  0.000e+00
      0.095    18.2388   0.226139     1.3482       1849     7.7000  0.000e+00
      0.087    18.2397   0.482652     3.0102       1850     7.7042  0.000e+00
      0.093    18.2402   0.656967     4.1837       1851     7.7083  0.000e+00
      0.091    18.2406   0.612930     3.8845       1852     7.7125  0.000e+00
      0.093    18.2411   0.393583     2.4229       1853     7.7167  0.000e+00
      0.093    18.2418   0.266236     1.6014       1854     7.7208  0.000e+00
      0.093    18.2427   0.217131     1.2915       1855     7.7250  0.000e+00
      0.097    18.2431   0.198007     1.1721       1856     7.7292  0.000e+00
