HB2407/sbe056.cnv
* Sea-Bird SBE 19plus V2 Data File:
* FileName = C:\cruise\data\sbe056.hex
* Software Version Seasave V 7.26.7.121
* Temperature SN = 7143
* Conductivity SN = 7143
* System UpLoad Time = Oct 05 2024 13:45:00
* NMEA Latitude = 39 59.58 N
* NMEA Longitude = 072 28.91 W
* NMEA UTC (Time) = Oct 05 2024  13:44:40
** Ship: Bigelow
** Cruise:  HB2407
** Program:  Fall Bottom Trawl
# nquan = 7
# nvalues = 1674                                  
# units = specified
# name 0 = depSM: Depth [salt water, m]
# name 1 = tv290C: Temperature [ITS-90, deg C]
# name 2 = c0S/m: Conductivity [S/m]
# name 3 = sal00: Salinity, Practical [PSU]
# name 4 = scan: Scan Count
# name 5 = timeM: Time, Elapsed [minutes]
# name 6 = flag:  0.000e+00
# span 0 =     -0.006,     63.316                 
# span 1 =    12.4994,    20.1407                 
# span 2 =  -0.000015,   4.685053                 
# span 3 =     0.0000,    34.0884                 
# span 4 =         11,       1684                 
# span 5 =     0.0417,     7.0125                 
# span 6 = 0.0000e+00, 0.0000e+00                 
# interval = seconds: 0.25
# start_time = Oct 05 2024 13:44:40 [NMEA time, header]
# bad_flag = -9.990e-29
*END*
[from data line 616]
     52.985    13.4628   3.884066    32.5609        627     2.6083  0.000e+00
     52.853    13.4632   3.883709    32.5573        628     2.6125  0.000e+00
     52.724    13.4634   3.883920    32.5591        629     2.6167  0.000e+00
     52.599    13.4634   3.883735    32.5574        630     2.6208  0.000e+00
     52.473    13.4633   3.883352    32.5540        631     2.6250  0.000e+00
     52.351    13.4616   3.883218    32.5542        632     2.6292  0.000e+00
     52.228    13.4602   3.883970    32.5626        633     2.6333  0.000e+00
     52.107    13.4611   3.884531    32.5670        634     2.6375  0.000e+00
     51.982    13.4633   3.883569    32.5562        635     2.6417  0.000e+00
     51.869    13.4645   3.883218    32.5520        636     2.6458  0.000e+00
     51.761    13.4621   3.883970    32.5611        637     2.6500  0.000e+00
     51.643    13.4629   3.885984    32.5793        638     2.6542  0.000e+00
     51.538    13.4693   3.886424    32.5780        639     2.6583  0.000e+00
     51.436    13.4757   3.884461    32.5542        640     2.6625  0.000e+00
     51.331    13.4750   3.884741    32.5574        641     2.6667  0.000e+00
     51.224    13.4733   3.887508    32.5848        642     2.6708  0.000e+00
     51.119    13.4783   3.887195    32.5777        643     2.6750  0.000e+00
     51.022    13.4862   3.885863    32.5585        644     2.6792  0.000e+00
     50.913    13.4858   3.887393    32.5732        645     2.6833  0.000e+00
     50.815    13.4878   3.891320    32.6082        646     2.6875  0.000e+00
     50.717    13.4998   3.891505    32.5997        647     2.6917  0.000e+00
     50.618    13.5144   3.904826    32.7116        648     2.6958  0.000e+00
     50.520    13.5590   3.913880    32.7579        649     2.7000  0.000e+00
     50.422    13.6235   3.915957    32.7221        650     2.7042  0.000e+00
     50.333    13.6786   3.928350    32.7903        651     2.7083  0.000e+00
     50.241    13.7442   3.935478    32.8005        652     2.7125  0.000e+00
     50.145    13.8178   3.940996    32.7888        653     2.7167  0.000e+00
     50.060    13.8825   3.951014    32.8264        654     2.7208  0.000e+00
     49.970    13.9505   3.958423    32.8369        655     2.7250  0.000e+00
     49.875    14.0218   3.967720    32.8620        656     2.7292  0.000e+00
     49.794    14.0948   3.980393    32.9167        657     2.7333  0.000e+00
     49.698    14.1827   3.989047    32.9214        658     2.7375  0.000e+00
     49.607    14.2684   4.012353    33.0626        659     2.7417  0.000e+00
     49.510    14.3816   4.032595    33.1515        660     2.7458  0.000e+00
     49.414    14.5387   4.040641    33.0910        661     2.7500  0.000e+00
     49.305    14.6703   4.045945    33.0274        662     2.7542  0.000e+00
     49.198    14.7712   4.061244    33.0809        663     2.7583  0.000e+00
     49.096    14.8713   4.085276    33.2140        664     2.7625  0.000e+00
     48.973    15.0002   4.095808    33.1998        665     2.7667  0.000e+00
     48.856    15.1341   4.100165    33.1256        666     2.7708  0.000e+00
     48.738    15.2323   4.106154    33.0966        667     2.7750  0.000e+00
     48.613    15.3051   4.113524    33.1015        668     2.7792  0.000e+00
     48.491    15.3722   4.121572    33.1172        669     2.7833  0.000e+00
     48.379    15.4374   4.126065    33.1026        670     2.7875  0.000e+00
     48.252    15.4961   4.136242    33.1443        671     2.7917  0.000e+00
     48.138    15.5572   4.146188    33.1819        672     2.7958  0.000e+00
     48.024    15.6273   4.152035    33.1751        673     2.8000  0.000e+00
     47.917    15.6941   4.154536    33.1414        674     2.8042  0.000e+00
     47.816    15.7455   4.156691    33.1174        675     2.8083  0.000e+00
     47.716    15.7829   4.162781    33.1403        676     2.8125  0.000e+00
     47.617    15.8179   4.162853    33.1116        677     2.8167  0.000e+00
     47.533    15.8470   4.164262    33.0998        678     2.8208  0.000e+00
     47.447    15.8662   4.166669    33.1051        679     2.8250  0.000e+00
     47.365    15.8825   4.172411    33.1425        680     2.8292  0.000e+00
     47.286    15.9085   4.182320    33.2086        681     2.8333  0.000e+00
     47.206    15.9549   4.197936    33.3081        682     2.8375  0.000e+00
     47.132    16.0344   4.218198    33.4207        683     2.8417  0.000e+00
     47.066    16.1521   4.232369    33.4470        684     2.8458  0.000e+00
     46.998    16.2791   4.241827    33.4237        685     2.8500  0.000e+00
     46.929    16.3952   4.252154    33.4172        686     2.8542  0.000e+00
     46.858    16.4963   4.263644    33.4334        687     2.8583  0.000e+00
     46.791    16.5946   4.276500    33.4637        688     2.8625  0.000e+00
     46.728    16.6959   4.284871    33.4523        689     2.8667  0.000e+00
     46.674    16.7923   4.290433    33.4204        690     2.8708  0.000e+00
     46.612    16.8708   4.292703    33.3749        691     2.8750  0.000e+00
     46.558    16.9271   4.294283    33.3419        692     2.8792  0.000e+00
     46.511    16.9640   4.296814    33.3333        693     2.8833  0.000e+00
     46.465    16.9919   4.300582    33.3429        694     2.8875  0.000e+00
     46.418    17.0208   4.302855    33.3386        695     2.8917  0.000e+00
     46.377    17.0493   4.304650    33.3306        696     2.8958  0.000e+00
     46.344    17.0751   4.305767    33.3190        697     2.9000  0.000e+00
     46.308    17.0965   4.305939    33.3028        698     2.9042  0.000e+00
     46.272    17.1126   4.306784    33.2968        699     2.9083  0.000e+00
     46.230    17.1230   4.305686    33.2787        700     2.9125  0.000e+00
     46.185    17.1269   4.299437    33.2216        701     2.9167  0.000e+00
     46.136    17.1167   4.294035    33.1833        702     2.9208  0.000e+00
     46.087    17.0936   4.293218    33.1953        703     2.9250  0.000e+00
     46.031    17.0746   4.293404    33.2125        704     2.9292  0.000e+00
     45.964    17.0641   4.296560    33.2485        705     2.9333  0.000e+00
     45.892    17.0668   4.302529    33.2979        706     2.9375  0.000e+00
     45.814    17.0885   4.305401    33.3049        707     2.9417  0.000e+00
     45.725    17.1186   4.314662    33.3601        708     2.9458  0.000e+00
     45.633    17.1609   4.324197    33.4076        709     2.9500  0.000e+00
     45.537    17.2224   4.337936    33.4752        710     2.9542  0.000e+00
     45.434    17.3030   4.348087    33.4961        711     2.9583  0.000e+00
     45.334    17.3894   4.362372    33.5475        712     2.9625  0.000e+00
     45.234    17.4860   4.375573    33.5809        713     2.9667  0.000e+00
     45.133    17.5885   4.381773    33.5493        714     2.9708  0.000e+00
     45.029    17.6769   4.389405    33.5416        715     2.9750  0.000e+00
     44.935    17.7495   4.394111    33.5221        716     2.9792  0.000e+00
     44.845    17.8110   4.406157    33.5742        717     2.9833  0.000e+00
     44.749    17.8778   4.413216    33.5794        718     2.9875  0.000e+00
     44.660    17.9478   4.430612    33.6697        719     2.9917  0.000e+00
     44.573    18.0349   4.441648    33.6917        720     2.9958  0.000e+00
     44.490    18.1305   4.448643    33.6723        721     3.0000  0.000e+00
     44.406    18.2159   4.457227    33.6748        722     3.0042  0.000e+00
     44.325    18.2901   4.462005    33.6543        723     3.0083  0.000e+00
     44.248    18.3547   4.470438    33.6724        724     3.0125  0.000e+00
     44.172    18.4112   4.476594    33.6781        725     3.0167  0.000e+00
     44.104    18.4669   4.482990    33.6863        726     3.0208  0.000e+00
     44.031    18.5203   4.489004    33.6932        727     3.0250  0.000e+00
     43.968    18.5708   4.487393    33.6384        728     3.0292  0.000e+00
     43.899    18.6040   4.489280    33.6272        729     3.0333  0.000e+00
     43.841    18.6236   4.487953    33.6000        730     3.0375  0.000e+00
     43.781    18.6319   4.490112    33.6114        731     3.0417  0.000e+00
     43.729    18.6400   4.489205    33.5972        732     3.0458  0.000e+00
     43.675    18.6445   4.491655    33.6141        733     3.0500  0.000e+00
     43.628    18.6515   4.493287    33.6221        734     3.0542  0.000e+00
     43.588    18.6614   4.499036    33.6622        735     3.0583  0.000e+00
     43.542    18.6827   4.509846    33.7353        736     3.0625  0.000e+00
     43.504    18.7263   4.511154    33.7107        737     3.0667  0.000e+00
     43.465    18.7666   4.513921    33.7009        738     3.0708  0.000e+00
     43.421    18.7992   4.519831    33.7238        739     3.0750  0.000e+00
     43.380    18.8322   4.521479    33.7107        740     3.0792  0.000e+00
     43.333    18.8612   4.524181    33.7096        741     3.0833  0.000e+00
     43.285    18.8849   4.524350    33.6917        742     3.0875  0.000e+00
     43.238    18.8993   4.524744    33.6833        743     3.0917  0.000e+00
     43.189    18.9090   4.525545    33.6821        744     3.0958  0.000e+00
     43.139    18.9160   4.526835    33.6872        745     3.1000  0.000e+00
     43.084    18.9234   4.528628    33.6961        746     3.1042  0.000e+00
     43.023    18.9337   4.531135    33.7086        747     3.1083  0.000e+00
     42.967    18.9486   4.544603    33.8087        748     3.1125  0.000e+00
     42.907    18.9845   4.553362    33.8523        749     3.1167  0.000e+00
     42.845    19.0485   4.556425    33.8257        750     3.1208  0.000e+00
     42.785    19.0994   4.569283    33.8910        751     3.1250  0.000e+00
     42.726    19.1594   4.569473    33.8437        752     3.1292  0.000e+00
     42.659    19.2088   4.576457    33.8614        753     3.1333  0.000e+00
     42.597    19.2513   4.585371    33.9007        754     3.1375  0.000e+00
     42.534    19.3026   4.588197    33.8823        755     3.1417  0.000e+00
     42.469    19.3482   4.592658    33.8821        756     3.1458  0.000e+00
     42.403    19.3853   4.599376    33.9075        757     3.1500  0.000e+00
     42.335    19.4279   4.600825    33.8848        758     3.1542  0.000e+00
     42.260    19.4608   4.607036    33.9094        759     3.1583  0.000e+00
     42.195    19.4958   4.607008    33.8807        760     3.1625  0.000e+00
     42.126    19.5201   4.609060    33.8780        761     3.1667  0.000e+00
     42.052    19.5382   4.610272    33.8733        762     3.1708  0.000e+00
     41.974    19.5542   4.613434    33.8864        763     3.1750  0.000e+00
     41.903    19.5702   4.616076    33.8952        764     3.1792  0.000e+00
     41.833    19.5870   4.620384    33.9170        765     3.1833  0.000e+00
     41.758    19.6096   4.619137    33.8884        766     3.1875  0.000e+00
     41.679    19.6257   4.619986    33.8825        767     3.1917  0.000e+00
     41.606    19.6334   4.624824    33.9160        768     3.1958  0.000e+00
     41.537    19.6496   4.630225    33.9473        769     3.2000  0.000e+00
     41.456    19.6779   4.630917    33.9300        770     3.2042  0.000e+00
     41.380    19.7011   4.633750    33.9345        771     3.2083  0.000e+00
     41.306    19.7207   4.635979    33.9370        772     3.2125  0.000e+00
     41.231    19.7380   4.635580    33.9197        773     3.2167  0.000e+00
     41.159    19.7511   4.644083    33.9788        774     3.2208  0.000e+00
     41.089    19.7772   4.652977    34.0305        775     3.2250  0.000e+00
     41.012    19.8211   4.661576    34.0654        776     3.2292  0.000e+00
     40.933    19.8748   4.669706    34.0884        777     3.2333  0.000e+00
     40.853    19.9323   4.672548    34.0650        778     3.2375  0.000e+00
     40.782    19.9813   4.672389    34.0241        779     3.2417  0.000e+00
     40.708    20.0108   4.672973    34.0050        780     3.2458  0.000e+00
     40.635    20.0272   4.673138    33.9932        781     3.2500  0.000e+00
     40.565    20.0366   4.671851    33.9751        782     3.2542  0.000e+00
     40.484    20.0394   4.671796    33.9724        783     3.2583  0.000e+00
     40.413    20.0374   4.671396    33.9708        784     3.2625  0.000e+00
     40.346    20.0366   4.671796    33.9747        785     3.2667  0.000e+00
     40.281    20.0356   4.671555    33.9736        786     3.2708  0.000e+00
     40.212    20.0359   4.672222    33.9788        787     3.2750  0.000e+00
     40.158    20.0368   4.673110    33.9853        788     3.2792  0.000e+00
     40.100    20.0394   4.672869    33.9813        789     3.2833  0.000e+00
     40.047    20.0412   4.672972    33.9807        790     3.2875  0.000e+00
     40.004    20.0425   4.672917    33.9792        791     3.2917  0.000e+00
     39.966    20.0431   4.673213    33.9812        792     3.2958  0.000e+00
     39.931    20.0438   4.673296    33.9813        793     3.3000  0.000e+00
     39.911    20.0447   4.673296    33.9805        794     3.3042  0.000e+00
     39.901    20.0454   4.673241    33.9796        795     3.3083  0.000e+00
     39.897    20.0451   4.672897    33.9770        796     3.3125  0.000e+00
     39.892    20.0447   4.672704    33.9757        797     3.3167  0.000e+00
     39.890    20.0433   4.672387    33.9743        798     3.3208  0.000e+00
     39.895    20.0417   4.672305    33.9749        799     3.3250  0.000e+00
     39.892    20.0402   4.673158    33.9831        800     3.3292  0.000e+00
     39.890    20.0413   4.673482    33.9848        801     3.3333  0.000e+00
     39.881    20.0430   4.673537    33.9839        802     3.3375  0.000e+00
     39.872    20.0444   4.673778    33.9847        803     3.3417  0.000e+00
     39.850    20.0460   4.673833    33.9839        804     3.3458  0.000e+00
     39.821    20.0473   4.673709    33.9819        805     3.3500  0.000e+00
     39.787    20.0472   4.673778    33.9825        806     3.3542  0.000e+00
     39.745    20.0473   4.673936    33.9837        807     3.3583  0.000e+00
     39.684    20.0479   4.672896    33.9748        808     3.3625  0.000e+00
     39.627    20.0461   4.673055    33.9776        809     3.3667  0.000e+00
     39.553    20.0442   4.673027    33.9789        810     3.3708  0.000e+00
     39.474    20.0432   4.673592    33.9843        811     3.3750  0.000e+00
     39.388    20.0437   4.673378    33.9822        812     3.3792  0.000e+00
     39.292    20.0443   4.673619    33.9837        813     3.3833  0.000e+00
     39.197    20.0452   4.673647    33.9833        814     3.3875  0.000e+00
     39.095    20.0458   4.673991    33.9856        815     3.3917  0.000e+00
     38.988    20.0467   4.673777    33.9832        816     3.3958  0.000e+00
     38.874    20.0472   4.673991    33.9846        817     3.4000  0.000e+00
     38.767    20.0475   4.673509    33.9804        818     3.4042  0.000e+00
     38.660    20.0471   4.673646    33.9819        819     3.4083  0.000e+00
     38.541    20.0465   4.673509    33.9813        820     3.4125  0.000e+00
     38.445    20.0463   4.673481    33.9813        821     3.4167  0.000e+00
     38.327    20.0453   4.673350    33.9811        822     3.4208  0.000e+00
     38.231    20.0449   4.673646    33.9838        823     3.4250  0.000e+00
     38.134    20.0450   4.673646    33.9838        824     3.4292  0.000e+00
     38.039    20.0453   4.673694    33.9840        825     3.4333  0.000e+00
     37.954    20.0459   4.673832    33.9846        826     3.4375  0.000e+00
     37.871    20.0462   4.673935    33.9853        827     3.4417  0.000e+00
     37.802    20.0469   4.674100    33.9861        828     3.4458  0.000e+00
     37.735    20.0477   4.674582    33.9894        829     3.4500  0.000e+00
     37.678    20.0493   4.674610    33.9883        830     3.4542  0.000e+00
