HB2407/sbe067.cnv
* Sea-Bird SBE 19plus V2 Data File:
* FileName = C:\cruise\data\sbe067.hex
* Software Version Seasave V 7.26.7.121
* Temperature SN = 7143
* Conductivity SN = 7143
* System UpLoad Time = Oct 09 2024 04:07:24
* NMEA Latitude = 40 07.35 N
* NMEA Longitude = 069 18.61 W
* NMEA UTC (Time) = Oct 09 2024  04:07:08
** Ship: Bigelow
** Cruise:  HB2407
** Program:  Fall Bottom Trawl
# nquan = 7
# nvalues = 1509                                  
# units = specified
# name 0 = depSM: Depth [salt water, m]
# name 1 = tv290C: Temperature [ITS-90, deg C]
# name 2 = c0S/m: Conductivity [S/m]
# name 3 = sal00: Salinity, Practical [PSU]
# name 4 = scan: Scan Count
# name 5 = timeM: Time, Elapsed [minutes]
# name 6 = flag:  0.000e+00
# span 0 =     -0.103,     89.259                 
# span 1 =     9.2869,    17.1938                 
# span 2 =   0.000030,   4.158088                 
# span 3 =     0.0074,    33.6572                 
# span 4 =         11,       1519                 
# span 5 =     0.0417,     6.3250                 
# span 6 = 0.0000e+00, 0.0000e+00                 
# interval = seconds: 0.25
# start_time = Oct 09 2024 04:07:08 [NMEA time, header]
# bad_flag = -9.990e-29
*END*
[from data line 1436]
      9.005    17.1713   4.155490    31.9599       1447     6.0250  0.000e+00
      8.782    17.1719   4.155470    31.9594       1448     6.0292  0.000e+00
      8.554    17.1720   4.155418    31.9589       1449     6.0333  0.000e+00
      8.324    17.1716   4.155614    31.9610       1450     6.0375  0.000e+00
      8.098    17.1721   4.155496    31.9597       1451     6.0417  0.000e+00
      7.893    17.1723   4.156047    31.9644       1452     6.0458  0.000e+00
      7.692    17.1739   4.156460    31.9667       1453     6.0500  0.000e+00
      7.501    17.1767   4.156531    31.9652       1454     6.0542  0.000e+00
      7.307    17.1792   4.156531    31.9633       1455     6.0583  0.000e+00
      7.119    17.1806   4.156557    31.9624       1456     6.0625  0.000e+00
      6.925    17.1816   4.156557    31.9617       1457     6.0667  0.000e+00
      6.737    17.1819   4.156511    31.9611       1458     6.0708  0.000e+00
      6.543    17.1818   4.156656    31.9625       1459     6.0750  0.000e+00
      6.329    17.1823   4.156773    31.9632       1460     6.0792  0.000e+00
      6.103    17.1833   4.156773    31.9625       1461     6.0833  0.000e+00
      5.864    17.1836   4.156655    31.9613       1462     6.0875  0.000e+00
      5.609    17.1837   4.156701    31.9617       1463     6.0917  0.000e+00
      5.343    17.1835   4.156590    31.9610       1464     6.0958  0.000e+00
      5.058    17.1836   4.156701    31.9620       1465     6.1000  0.000e+00
      4.783    17.1837   4.156799    31.9629       1466     6.1042  0.000e+00
      4.520    17.1841   4.156845    31.9630       1467     6.1083  0.000e+00
      4.282    17.1846   4.156897    31.9632       1468     6.1125  0.000e+00
      4.057    17.1852   4.156825    31.9622       1469     6.1167  0.000e+00
      3.843    17.1854   4.156871    31.9625       1470     6.1208  0.000e+00
      3.637    17.1854   4.156995    31.9636       1471     6.1250  0.000e+00
      3.460    17.1864   4.156969    31.9627       1472     6.1292  0.000e+00
      3.290    17.1866   4.156870    31.9617       1473     6.1333  0.000e+00
      3.132    17.1865   4.156897    31.9621       1474     6.1375  0.000e+00
      2.982    17.1866   4.156824    31.9615       1475     6.1417  0.000e+00
      2.831    17.1864   4.156824    31.9617       1476     6.1458  0.000e+00
      2.686    17.1862   4.156844    31.9621       1477     6.1500  0.000e+00
      2.547    17.1860   4.156844    31.9622       1478     6.1542  0.000e+00
      2.384    17.1861   4.156870    31.9625       1479     6.1583  0.000e+00
      2.207    17.1861   4.156844    31.9623       1480     6.1625  0.000e+00
      1.997    17.1863   4.156968    31.9633       1481     6.1667  0.000e+00
      1.747    17.1868   4.156994    31.9632       1482     6.1708  0.000e+00
      1.448    17.1872   4.156627    31.9599       1483     6.1750  0.000e+00
      1.185    17.1867   4.156653    31.9606       1484     6.1792  0.000e+00
      1.021    17.1855   4.155952    31.9555       1485     6.1833  0.000e+00
      0.915    17.1845   4.156312    31.9594       1486     6.1875  0.000e+00
      0.841    17.1834   4.156116    31.9587       1487     6.1917  0.000e+00
      0.776    17.1816   4.155926    31.9585       1488     6.1958  0.000e+00
      0.738    17.1796   4.155998    31.9607       1489     6.2000  0.000e+00
      0.720    17.1784   4.156234    31.9637       1490     6.2042  0.000e+00
      0.731    17.1786   4.142449    31.8453       1491     6.2083  0.000e+00
      0.762    17.1795   4.156240    31.9628       1492     6.2125  0.000e+00
      0.780    17.1802   4.156044    31.9606       1493     6.2167  0.000e+00
      0.789    17.1797   4.156096    31.9615       1494     6.2208  0.000e+00
      0.811    17.1787   4.156096    31.9622       1495     6.2250  0.000e+00
      0.872    17.1788   4.156286    31.9638       1496     6.2292  0.000e+00
      0.993    17.1791   4.156116    31.9620       1497     6.2333  0.000e+00
      1.124    17.1793   4.156096    31.9617       1498     6.2375  0.000e+00
      1.243    17.1788   4.156267    31.9635       1499     6.2417  0.000e+00
      1.352    17.1790   4.156509    31.9653       1500     6.2458  0.000e+00
      1.450    17.1802   4.156627    31.9653       1501     6.2500  0.000e+00
      1.528    17.1820   4.156614    31.9638       1502     6.2542  0.000e+00
      1.584    17.1827   4.156601    31.9631       1503     6.2583  0.000e+00
      1.600    17.1834   4.156680    31.9633       1504     6.2625  0.000e+00
      1.596    17.1838   4.156680    31.9629       1505     6.2667  0.000e+00
      1.558    17.1841   4.156824    31.9639       1506     6.2708  0.000e+00
      1.489    17.1849   4.156922    31.9641       1507     6.2750  0.000e+00
      1.401    17.1860   4.156896    31.9631       1508     6.2792  0.000e+00
      1.304    17.1863   4.156843    31.9625       1509     6.2833  0.000e+00
      1.219    17.1867   4.156824    31.9620       1510     6.2875  0.000e+00
      1.161    17.1864   4.156627    31.9606       1511     6.2917  0.000e+00
      1.158    17.1855   4.156457    31.9598       1512     6.2958  0.000e+00
      1.189    17.1845   4.156385    31.9600       1513     6.3000  0.000e+00
      1.236    17.1832   4.156483    31.9618       1514     6.3042  0.000e+00
      1.278    17.1825   4.156509    31.9626       1515     6.3083  0.000e+00
      1.295    17.1826   4.156529    31.9627       1516     6.3125  0.000e+00
      1.283    17.1827   4.156509    31.9624       1517     6.3167  0.000e+00
      1.247    17.1826   4.156509    31.9626       1518     6.3208  0.000e+00
      1.174    17.1828   4.156627    31.9634       1519     6.3250  0.000e+00
