HB2407/sbe019.cnv
* Sea-Bird SBE 19plus V2 Data File:
* FileName = C:\cruise\data\sbe019.hex
* Software Version Seasave V 7.26.7.121
* Temperature SN = 7143
* Conductivity SN = 7143
* System UpLoad Time = Sep 16 2024 00:07:53
* NMEA Latitude = 37 10.63 N
* NMEA Longitude = 075 33.88 W
* NMEA UTC (Time) = Sep 16 2024  00:08:09
** Ship: Bigelow
** Cruise:  HB2407
** Program:  Fall Bottom Trawl
# nquan = 7
# nvalues = 599                                   
# units = specified
# name 0 = depSM: Depth [salt water, m]
# name 1 = tv290C: Temperature [ITS-90, deg C]
# name 2 = c0S/m: Conductivity [S/m]
# name 3 = sal00: Salinity, Practical [PSU]
# name 4 = scan: Scan Count
# name 5 = timeM: Time, Elapsed [minutes]
# name 6 = flag:  0.000e+00
# span 0 =      0.022,      3.636                 
# span 1 =    21.5909,    22.0347                 
# span 2 =  -0.000088,   4.462641                 
# span 3 =     0.0000,    30.8331                 
# span 4 =         11,        609                 
# span 5 =     0.0417,     2.5333                 
# span 6 = 0.0000e+00, 0.0000e+00                 
# interval = seconds: 0.25
# start_time = Sep 16 2024 00:08:09 [NMEA time, header]
# bad_flag = -9.990e-29
*END*
      0.026    21.6353   0.000013     0.0107         11     0.0417  0.000e+00
      0.031    21.6396   0.000013     0.0107         12     0.0458  0.000e+00
      0.029    21.6459   0.000022     0.0107         13     0.0500  0.000e+00
      0.029    21.6471   0.000013     0.0107         14     0.0542  0.000e+00
      0.022    21.6407   0.000013     0.0107         15     0.0583  0.000e+00
      0.029    21.6323   0.000011     0.0108         16     0.0625  0.000e+00
      0.027    21.6253   0.000019     0.0107         17     0.0667  0.000e+00
      0.027    21.6252   0.000013     0.0107         18     0.0708  0.000e+00
      0.029    21.6305   0.000022     0.0107         19     0.0750  0.000e+00
      0.029    21.6341   0.000025     0.0107         20     0.0792  0.000e+00
      0.032    21.6309   0.000011     0.0108         21     0.0833  0.000e+00
      0.031    21.6243   0.000013     0.0107         22     0.0875  0.000e+00
      0.036    21.6166   0.000013     0.0107         23     0.0917  0.000e+00
      0.032    21.6119   0.000022     0.0107         24     0.0958  0.000e+00
      0.034    21.6115   0.000013     0.0107         25     0.1000  0.000e+00
      0.038    21.6172   0.000013     0.0107         26     0.1042  0.000e+00
      0.032    21.6236   0.000016     0.0107         27     0.1083  0.000e+00
      0.031    21.6312   0.000019     0.0107         28     0.1125  0.000e+00
      0.029    21.6374   0.000019     0.0107         29     0.1167  0.000e+00
      0.032    21.6412   0.000022     0.0107         30     0.1208  0.000e+00
      0.041    21.6467   0.000025     0.0107         31     0.1250  0.000e+00
      0.041    21.6563   0.000025     0.0107         32     0.1292  0.000e+00
      0.034    21.6650   0.000016     0.0107         33     0.1333  0.000e+00
      0.038    21.6698   0.000025     0.0107         34     0.1375  0.000e+00
      0.039    21.6720   0.000019     0.0107         35     0.1417  0.000e+00
      0.039    21.6718   0.000016     0.0107         36     0.1458  0.000e+00
      0.039    21.6726   0.000013     0.0107         37     0.1500  0.000e+00
      0.038    21.6700   0.000022     0.0107         38     0.1542  0.000e+00
      0.032    21.6650   0.000019     0.0107         39     0.1583  0.000e+00
      0.036    21.6623   0.000013     0.0107         40     0.1625  0.000e+00
      0.039    21.6640   0.000016     0.0107         41     0.1667  0.000e+00
      0.036    21.6666   0.000019     0.0107         42     0.1708  0.000e+00
      0.036    21.6656   0.000013     0.0107         43     0.1750  0.000e+00
      0.038    21.6614   0.000011     0.0108         44     0.1792  0.000e+00
      0.041    21.6586   0.000013     0.0107         45     0.1833  0.000e+00
      0.039    21.6587   0.000019     0.0107         46     0.1875  0.000e+00
      0.039    21.6567   0.000022     0.0107         47     0.1917  0.000e+00
      0.038    21.6552   0.000013     0.0107         48     0.1958  0.000e+00
      0.039    21.6561   0.000019     0.0107         49     0.2000  0.000e+00
      0.043    21.6562   0.000022     0.0107         50     0.2042  0.000e+00
      0.047    21.6549   0.000019     0.0107         51     0.2083  0.000e+00
      0.043    21.6531   0.000013     0.0107         52     0.2125  0.000e+00
      0.041    21.6495   0.000016     0.0107         53     0.2167  0.000e+00
      0.039    21.6460   0.000013     0.0107         54     0.2208  0.000e+00
      0.043    21.6452   0.000016     0.0107         55     0.2250  0.000e+00
      0.046    21.6480   0.000019     0.0107         56     0.2292  0.000e+00
      0.039    21.6485   0.000013     0.0107         57     0.2333  0.000e+00
      0.037    21.6452   0.000016     0.0107         58     0.2375  0.000e+00
      0.036    21.6408   0.000013     0.0107         59     0.2417  0.000e+00
      0.041    21.6374   0.000013     0.0107         60     0.2458  0.000e+00
      0.041    21.6372   0.000016     0.0107         61     0.2500  0.000e+00
      0.037    21.6403   0.000013     0.0107         62     0.2542  0.000e+00
      0.036    21.6409   0.000013     0.0107         63     0.2583  0.000e+00
      0.041    21.6392   0.000016     0.0107         64     0.2625  0.000e+00
      0.039    21.6358   0.000013     0.0107         65     0.2667  0.000e+00
      0.041    21.6330   0.000013     0.0107         66     0.2708  0.000e+00
      0.045    21.6328   0.000016     0.0107         67     0.2750  0.000e+00
      0.043    21.6344   0.000013     0.0107         68     0.2792  0.000e+00
      0.045    21.6359   0.000019     0.0107         69     0.2833  0.000e+00
      0.043    21.6343   0.000011     0.0108         70     0.2875  0.000e+00
      0.047    21.6313   0.000013     0.0107         71     0.2917  0.000e+00
      0.045    21.6303   0.000022     0.0107         72     0.2958  0.000e+00
      0.030    21.6318   0.000019     0.0107         73     0.3000  0.000e+00
      0.041    21.6350   0.000013     0.0107         74     0.3042  0.000e+00
      0.049    21.6369   0.000011     0.0108         75     0.3083  0.000e+00
      0.049    21.6343   0.000019     0.0107         76     0.3125  0.000e+00
      0.039    21.6296   0.000019     0.0107         77     0.3167  0.000e+00
      0.034    21.6286   0.000022     0.0107         78     0.3208  0.000e+00
      0.040    21.6268   0.000019     0.0107         79     0.3250  0.000e+00
      0.038    21.6286   0.000013     0.0107         80     0.3292  0.000e+00
      0.040    21.6319   0.000011     0.0108         81     0.3333  0.000e+00
      0.036    21.6296   0.000019     0.0107         82     0.3375  0.000e+00
      0.040    21.6238   0.000013     0.0107         83     0.3417  0.000e+00
      0.039    21.6217   0.000016     0.0107         84     0.3458  0.000e+00
      0.043    21.6231   0.000019     0.0107         85     0.3500  0.000e+00
      0.040    21.6249   0.000019     0.0107         86     0.3542  0.000e+00
      0.039    21.6245   0.000016     0.0107         87     0.3583  0.000e+00
      0.039    21.6252   0.000013     0.0107         88     0.3625  0.000e+00
      0.043    21.6259   0.000019     0.0107         89     0.3667  0.000e+00
      0.043    21.6226   0.000016     0.0107         90     0.3708  0.000e+00
      0.041    21.6183   0.000013     0.0107         91     0.3750  0.000e+00
      0.041    21.6167   0.000016     0.0107         92     0.3792  0.000e+00
      0.041    21.6183   0.000008     0.0108         93     0.3833  0.000e+00
      0.041    21.6197   0.000019     0.0107         94     0.3875  0.000e+00
      0.041    21.6181   0.000016     0.0107         95     0.3917  0.000e+00
      0.041    21.6172   0.000013     0.0107         96     0.3958  0.000e+00
      0.045    21.6162   0.000019     0.0107         97     0.4000  0.000e+00
      0.041    21.6164   0.000011     0.0107         98     0.4042  0.000e+00
      0.043    21.6168   0.000013     0.0107         99     0.4083  0.000e+00
      0.043    21.6176   0.000019     0.0107        100     0.4125  0.000e+00
      0.043    21.6168   0.000016     0.0107        101     0.4167  0.000e+00
      0.045    21.6139   0.000013     0.0107        102     0.4208  0.000e+00
      0.039    21.6138   0.000013     0.0107        103     0.4250  0.000e+00
      0.037    21.6165   0.000016     0.0107        104     0.4292  0.000e+00
      0.047    21.6199   0.000013     0.0107        105     0.4333  0.000e+00
      0.047    21.6189   0.000013     0.0107        106     0.4375  0.000e+00
      0.043    21.6141   0.000016     0.0107        107     0.4417  0.000e+00
      0.041    21.6125   0.000013     0.0107        108     0.4458  0.000e+00
      0.041    21.6151   0.000016     0.0107        109     0.4500  0.000e+00
      0.043    21.6138   0.000013     0.0107        110     0.4542  0.000e+00
      0.045    21.6109   0.000019     0.0107        111     0.4583  0.000e+00
      0.039    21.6122   0.000016     0.0107        112     0.4625  0.000e+00
      0.041    21.6156   0.000013     0.0107        113     0.4667  0.000e+00
      0.041    21.6144   0.000013     0.0107        114     0.4708  0.000e+00
      0.039    21.6086   0.000016     0.0107        115     0.4750  0.000e+00
      0.037    21.6057   0.000019     0.0107        116     0.4792  0.000e+00
      0.039    21.6058   0.000008     0.0108        117     0.4833  0.000e+00
      0.035    21.6095   0.000011     0.0107        118     0.4875  0.000e+00
      0.035    21.6151   0.000019     0.0107        119     0.4917  0.000e+00
      0.039    21.6166   0.000013     0.0107        120     0.4958  0.000e+00
      0.039    21.6098   0.000016     0.0107        121     0.5000  0.000e+00
      0.037    21.6044   0.000019     0.0107        122     0.5042  0.000e+00
      0.035    21.6034   0.000013     0.0107        123     0.5083  0.000e+00
      0.039    21.6077   0.000016     0.0107        124     0.5125  0.000e+00
      0.041    21.6087   0.000013     0.0107        125     0.5167  0.000e+00
      0.035    21.6031   0.000016     0.0107        126     0.5208  0.000e+00
      0.037    21.5969   0.000019     0.0107        127     0.5250  0.000e+00
      0.041    21.5963   0.000013     0.0107        128     0.5292  0.000e+00
      0.043    21.5995   0.000011     0.0107        129     0.5333  0.000e+00
      0.039    21.6004   0.000019     0.0107        130     0.5375  0.000e+00
      0.039    21.5972   0.000013     0.0107        131     0.5417  0.000e+00
      0.039    21.5925   0.000016     0.0107        132     0.5458  0.000e+00
      0.039    21.5909   0.000013     0.0107        133     0.5500  0.000e+00
      0.043    21.5926   0.000013     0.0107        134     0.5542  0.000e+00
      0.050    21.5955   0.000016     0.0107        135     0.5583  0.000e+00
      0.046    21.5967   0.000019     0.0107        136     0.5625  0.000e+00
      0.055    21.5979   0.000013     0.0107        137     0.5667  0.000e+00
      0.055    21.5990   0.000022     0.0107        138     0.5708  0.000e+00
      0.057    21.5992   0.000025     0.0107        139     0.5750  0.000e+00
      0.262    21.6000   0.000019     0.0107        140     0.5792  0.000e+00
      0.608    21.6125   0.061895     0.3232        141     0.5833  0.000e+00
      0.896    21.6342   1.516285     9.5085        142     0.5875  0.000e+00
      1.104    21.6666   2.253508    14.6236        143     0.5917  0.000e+00
      1.211    21.7462   2.718920    17.9290        144     0.5958  0.000e+00
      1.206    21.8256   3.490519    23.5663        145     0.6000  0.000e+00
      1.075    21.8818   4.258029    29.3468        146     0.6042  0.000e+00
      0.800    21.9253   4.035843    27.6194        147     0.6083  0.000e+00
      0.452    21.9589   4.437915    30.6790        148     0.6125  0.000e+00
      0.189    21.9815   4.440912    30.6863        149     0.6167  0.000e+00
      0.054    21.9948   3.945188    26.8878        150     0.6208  0.000e+00
      0.041    22.0008   0.739516     4.3497        151     0.6250  0.000e+00
      0.046    21.9996   0.365843     2.0545        152     0.6292  0.000e+00
      0.048    21.9951   0.224553     1.2268        153     0.6333  0.000e+00
      0.050    21.9917   0.174101     0.9390        154     0.6375  0.000e+00
      0.045    21.9882   0.141907     0.7581        155     0.6417  0.000e+00
      0.046    21.9843   0.110058     0.5816        156     0.6458  0.000e+00
      0.039    21.9804   0.092615     0.4861        157     0.6500  0.000e+00
      0.046    21.9765   0.017558     0.0909        158     0.6542  0.000e+00
      0.050    21.9721  -0.000088     0.0000        159     0.6583  0.000e+00
      0.066    21.9672   0.004669     0.0290        160     0.6625  0.000e+00
      0.253    21.9623   4.199231    28.8423        161     0.6667  0.000e+00
      0.400    21.9566   3.805105    25.8525        162     0.6708  0.000e+00
      0.532    21.9466   2.327403    15.0517        163     0.6750  0.000e+00
      0.639    21.9396   3.562327    24.0404        164     0.6792  0.000e+00
      0.784    21.9347   2.373163    15.3798        165     0.6833  0.000e+00
      0.988    21.9282   4.008999    27.4133        166     0.6875  0.000e+00
      1.273    21.9186   4.443527    30.7507        167     0.6917  0.000e+00
      1.602    21.9088   4.443757    30.7593        168     0.6958  0.000e+00
      1.888    21.9014   4.442645    30.7559        169     0.7000  0.000e+00
      2.122    21.8967   4.442322    30.7566        170     0.7042  0.000e+00
      2.312    21.8945   4.440362    30.7430        171     0.7083  0.000e+00
      2.432    21.8981   4.438267    30.7242        172     0.7125  0.000e+00
      2.510    21.9151   4.384487    30.2969        173     0.7167  0.000e+00
      2.506    21.9391   4.453964    30.8164        174     0.7208  0.000e+00
      2.430    21.9629   4.458316    30.8331        175     0.7250  0.000e+00
      2.271    21.9818   4.457128    30.8105        176     0.7292  0.000e+00
      2.135    21.9954   4.459503    30.8193        177     0.7333  0.000e+00
      2.055    22.0038   4.458976    30.8093        178     0.7375  0.000e+00
      2.046    22.0084   4.458490    30.8023        179     0.7417  0.000e+00
      2.135    22.0103   4.458450    30.8006        180     0.7458  0.000e+00
      2.258    22.0120   4.458619    30.8007        181     0.7500  0.000e+00
      2.345    22.0131   4.458767    30.8009        182     0.7542  0.000e+00
      2.387    22.0143   4.459111    30.8028        183     0.7583  0.000e+00
      2.367    22.0153   4.455380    30.7733        184     0.7625  0.000e+00
      2.296    22.0159   4.450106    30.7322        185     0.7667  0.000e+00
      2.166    22.0168   4.461143    30.8167        186     0.7708  0.000e+00
      1.932    22.0186   4.461325    30.8169        187     0.7750  0.000e+00
      1.648    22.0202   4.461439    30.8168        188     0.7792  0.000e+00
      1.144    22.0211   4.461345    30.8155        189     0.7833  0.000e+00
      0.693    22.0213   4.461169    30.8142        190     0.7875  0.000e+00
      0.372    22.0211   4.461115    30.8140        191     0.7917  0.000e+00
      0.064    22.0211   4.367772    30.0951        192     0.7958  0.000e+00
      0.043    22.0199   1.003561     6.0350        193     0.8000  0.000e+00
      0.043    22.0162   0.504577     2.8903        194     0.8042  0.000e+00
      0.045    22.0125   0.219277     1.1960        195     0.8083  0.000e+00
      0.045    22.0101   0.153944     0.8251        196     0.8125  0.000e+00
      0.039    22.0082   0.336023     1.8771        197     0.8167  0.000e+00
      0.202    22.0063   3.581941    24.1501        198     0.8208  0.000e+00
      0.385    22.0065   4.454367    30.7723        199     0.8250  0.000e+00
      0.635    22.0053   4.453666    30.7676        200     0.8292  0.000e+00
      0.903    22.0039   4.454118    30.7721        201     0.8333  0.000e+00
      1.153    22.0045   4.454928    30.7778        202     0.8375  0.000e+00
      1.430    22.0066   4.455461    30.7803        203     0.8417  0.000e+00
      1.734    22.0093   4.455838    30.7812        204     0.8458  0.000e+00
      2.042    22.0119   4.456088    30.7813        205     0.8500  0.000e+00
      2.343    22.0141   4.456412    30.7821        206     0.8542  0.000e+00
      2.636    22.0160   4.441842    30.6683        207     0.8583  0.000e+00
      2.823    22.0170   4.390706    30.2736        208     0.8625  0.000e+00
      3.095    22.0181   4.447207    30.7080        209     0.8667  0.000e+00
      3.216    22.0188   4.460063    30.8067        210     0.8708  0.000e+00
      3.245    22.0192   4.443702    30.6802        211     0.8750  0.000e+00
      3.174    22.0206   4.454523    30.7626        212     0.8792  0.000e+00
      3.098    22.0213   4.460826    30.8108        213     0.8833  0.000e+00
      3.037    22.0218   4.460967    30.8115        214     0.8875  0.000e+00
      2.966    22.0223   4.461015    30.8116        215     0.8917  0.000e+00
