HB2407/sbe015.cnv
* Sea-Bird SBE 19plus V2 Data File:
* FileName = C:\cruise\data\sbe015.hex
* Software Version Seasave V 7.26.7.121
* Temperature SN = 7143
* Conductivity SN = 7143
* System UpLoad Time = Sep 11 2024 09:06:56
* NMEA Latitude = 36 55.24 N
* NMEA Longitude = 075 11.19 W
* NMEA UTC (Time) = Sep 11 2024  09:07:07
** Ship: Bigelow
** Cruise:  HB2407
** Program:  Fall Bottom Trawl
# nquan = 7
# nvalues = 1286                                  
# units = specified
# name 0 = depSM: Depth [salt water, m]
# name 1 = tv290C: Temperature [ITS-90, deg C]
# name 2 = c0S/m: Conductivity [S/m]
# name 3 = sal00: Salinity, Practical [PSU]
# name 4 = scan: Scan Count
# name 5 = timeM: Time, Elapsed [minutes]
# name 6 = flag:  0.000e+00
# span 0 =      0.015,     32.231                 
# span 1 =    11.8172,    22.2457                 
# span 2 =   0.000011,   4.664925                 
# span 3 =     0.0102,    32.4900                 
# span 4 =         11,       1296                 
# span 5 =     0.0417,     5.3958                 
# span 6 = 0.0000e+00, 0.0000e+00                 
# interval = seconds: 0.25
# start_time = Sep 11 2024 09:07:07 [NMEA time, header]
# bad_flag = -9.990e-29
*END*
      0.021    20.5507   0.000019     0.0103         11     0.0417  0.000e+00
      0.017    20.5509   0.000013     0.0103         12     0.0458  0.000e+00
      0.019    20.5508   0.000016     0.0103         13     0.0500  0.000e+00
      0.017    20.5506   0.000019     0.0103         14     0.0542  0.000e+00
      0.019    20.5508   0.000019     0.0103         15     0.0583  0.000e+00
      0.019    20.5507   0.000016     0.0103         16     0.0625  0.000e+00
      0.022    20.5508   0.000019     0.0103         17     0.0667  0.000e+00
      0.022    20.5509   0.000013     0.0103         18     0.0708  0.000e+00
      0.020    20.5508   0.000016     0.0103         19     0.0750  0.000e+00
      0.019    20.5508   0.000019     0.0103         20     0.0792  0.000e+00
      0.022    20.5505   0.000022     0.0102         21     0.0833  0.000e+00
      0.020    20.5506   0.000025     0.0102         22     0.0875  0.000e+00
      0.017    20.5506   0.000013     0.0103         23     0.0917  0.000e+00
      0.015    20.5506   0.000011     0.0103         24     0.0958  0.000e+00
      0.018    20.5504   0.000013     0.0103         25     0.1000  0.000e+00
      0.024    20.5502   0.000013     0.0103         26     0.1042  0.000e+00
      0.024    20.5503   0.000016     0.0103         27     0.1083  0.000e+00
      0.022    20.5504   0.000019     0.0103         28     0.1125  0.000e+00
      0.020    20.5503   0.000013     0.0103         29     0.1167  0.000e+00
      0.018    20.5506   0.000016     0.0103         30     0.1208  0.000e+00
      0.020    20.5506   0.000013     0.0103         31     0.1250  0.000e+00
      0.022    20.5503   0.000019     0.0103         32     0.1292  0.000e+00
      0.022    20.5503   0.000016     0.0103         33     0.1333  0.000e+00
      0.020    20.5505   0.000019     0.0103         34     0.1375  0.000e+00
      0.022    20.5505   0.000019     0.0103         35     0.1417  0.000e+00
      0.020    20.5507   0.000016     0.0103         36     0.1458  0.000e+00
      0.020    20.5506   0.000013     0.0103         37     0.1500  0.000e+00
      0.020    20.5504   0.000022     0.0102         38     0.1542  0.000e+00
      0.022    20.5506   0.000019     0.0103         39     0.1583  0.000e+00
      0.024    20.5506   0.000025     0.0102         40     0.1625  0.000e+00
      0.022    20.5507   0.000011     0.0103         41     0.1667  0.000e+00
      0.024    20.5506   0.000013     0.0103         42     0.1708  0.000e+00
      0.020    20.5507   0.000030     0.0102         43     0.1750  0.000e+00
      0.022    20.5505   0.000011     0.0103         44     0.1792  0.000e+00
      0.024    20.5506   0.000013     0.0103         45     0.1833  0.000e+00
      0.024    20.5507   0.000019     0.0103         46     0.1875  0.000e+00
      0.022    20.5504   0.000016     0.0103         47     0.1917  0.000e+00
      0.022    20.5508   0.000013     0.0103         48     0.1958  0.000e+00
      0.027    20.5507   0.000019     0.0103         49     0.2000  0.000e+00
      0.031    20.5507   0.000011     0.0103         50     0.2042  0.000e+00
      0.025    20.5503   0.000019     0.0103         51     0.2083  0.000e+00
      0.024    20.5499   0.000013     0.0103         52     0.2125  0.000e+00
      0.020    20.5497   0.000016     0.0103         53     0.2167  0.000e+00
      0.024    20.5495   0.000030     0.0102         54     0.2208  0.000e+00
      0.022    20.5497   0.000016     0.0103         55     0.2250  0.000e+00
      0.027    20.5498   0.000019     0.0103         56     0.2292  0.000e+00
      0.027    20.5494   0.000019     0.0103         57     0.2333  0.000e+00
      0.027    20.5493   0.000016     0.0103         58     0.2375  0.000e+00
      0.024    20.5495   0.000019     0.0103         59     0.2417  0.000e+00
      0.029    20.5494   0.000019     0.0103         60     0.2458  0.000e+00
      0.027    20.5494   0.000016     0.0103         61     0.2500  0.000e+00
      0.025    20.5493   0.000019     0.0103         62     0.2542  0.000e+00
      0.027    20.5493   0.000013     0.0103         63     0.2583  0.000e+00
      0.025    20.5492   0.000016     0.0103         64     0.2625  0.000e+00
      0.025    20.5491   0.000019     0.0103         65     0.2667  0.000e+00
      0.025    20.5486   0.000013     0.0103         66     0.2708  0.000e+00
      0.025    20.5487   0.000011     0.0103         67     0.2750  0.000e+00
      0.025    20.5489   0.000019     0.0103         68     0.2792  0.000e+00
      0.027    20.5487   0.000013     0.0103         69     0.2833  0.000e+00
      0.027    20.5486   0.000016     0.0103         70     0.2875  0.000e+00
      0.025    20.5487   0.000019     0.0103         71     0.2917  0.000e+00
      0.069    20.5505   0.000019     0.0103         72     0.2958  0.000e+00
      0.280    20.5583   0.000016     0.0103         73     0.3000  0.000e+00
      0.518    20.5695   0.000019     0.0103         74     0.3042  0.000e+00
      0.742    20.5833   0.782177     4.7719         75     0.3083  0.000e+00
      0.943    20.5979   3.008642    20.5807         76     0.3125  0.000e+00
      1.114    20.6204   1.282038     8.1167         77     0.3167  0.000e+00
      1.266    20.7654   0.564514     3.3522         78     0.3208  0.000e+00
      1.391    20.9557   0.810135     4.9126         79     0.3250  0.000e+00
      1.503    21.0919   1.472339     9.3258         80     0.3292  0.000e+00
      1.621    21.1872   2.523657    16.7361         81     0.3333  0.000e+00
      1.744    21.2502   1.391002     8.7371         82     0.3375  0.000e+00
      1.878    21.2960   1.235597     7.6784         83     0.3417  0.000e+00
      2.017    21.3288   3.419021    23.2987         84     0.3458  0.000e+00
      2.164    21.3614   3.320044    22.5375         85     0.3500  0.000e+00
      2.320    21.3987   4.005353    27.7224         86     0.3542  0.000e+00
      2.481    21.4407   4.501322    31.5446         87     0.3583  0.000e+00
      2.650    21.4876   4.502331    31.5181         88     0.3625  0.000e+00
      2.811    21.5339   4.499180    31.4596         89     0.3667  0.000e+00
      2.970    21.5789   4.497526    31.4138         90     0.3708  0.000e+00
      3.115    21.6214   4.453794    31.0421         91     0.3750  0.000e+00
      3.258    21.6539   3.966434    27.2612         92     0.3792  0.000e+00
      3.396    21.6771   3.064362    20.4810         93     0.3833  0.000e+00
      3.537    21.6875   2.789418    18.4646         94     0.3875  0.000e+00
      3.680    21.6885   3.193495    21.4286         95     0.3917  0.000e+00
      3.818    21.6859   4.416853    30.7085         96     0.3958  0.000e+00
      3.965    21.6376   4.498156    31.3757         97     0.4000  0.000e+00
      4.104    21.5804   4.498082    31.4167         98     0.4042  0.000e+00
      4.238    21.5367   4.498008    31.4480         99     0.4083  0.000e+00
      4.363    21.5013   4.497555    31.4702        100     0.4125  0.000e+00
      4.482    21.4733   4.496167    31.4798        101     0.4167  0.000e+00
      4.598    21.4539   4.494251    31.4789        102     0.4208  0.000e+00
      4.711    21.4402   4.493121    31.4801        103     0.4250  0.000e+00
      4.816    21.4316   4.492722    31.4832        104     0.4292  0.000e+00
      4.915    21.4268   4.492871    31.4879        105     0.4333  0.000e+00
      5.019    21.4232   4.492722    31.4893        106     0.4375  0.000e+00
      5.120    21.4228   4.491957    31.4836        107     0.4417  0.000e+00
      5.218    21.4252   4.491111    31.4751        108     0.4458  0.000e+00
      5.312    21.4260   4.490346    31.4686        109     0.4500  0.000e+00
      5.399    21.4251   4.489635    31.4637        110     0.4542  0.000e+00
      5.486    21.4230   4.489019    31.4603        111     0.4583  0.000e+00
      5.564    21.4202   4.488559    31.4587        112     0.4625  0.000e+00
      5.638    21.4173   4.488749    31.4623        113     0.4667  0.000e+00
      5.712    21.4145   4.490448    31.4776        114     0.4708  0.000e+00
      5.792    21.4112   4.491978    31.4920        115     0.4750  0.000e+00
      5.868    21.4044   4.493359    31.5078        116     0.4792  0.000e+00
      5.937    21.3913   4.494429    31.5257        117     0.4833  0.000e+00
      6.013    21.3756   4.496142    31.5507        118     0.4875  0.000e+00
      6.082    21.3659   4.497660    31.5697        119     0.4917  0.000e+00
      6.158    21.3647   4.498906    31.5803        120     0.4958  0.000e+00
      6.241    21.3638   4.499570    31.5862        121     0.5000  0.000e+00
      6.322    21.3680   4.499902    31.5857        122     0.5042  0.000e+00
      6.406    21.3814   4.499963    31.5763        123     0.5083  0.000e+00
      6.493    21.3966   4.499827    31.5640        124     0.5125  0.000e+00
      6.578    21.4117   4.499542    31.5507        125     0.5167  0.000e+00
      6.665    21.4239   4.499237    31.5393        126     0.5208  0.000e+00
      6.748    21.4339   4.499034    31.5303        127     0.5250  0.000e+00
      6.828    21.4409   4.498702    31.5226        128     0.5292  0.000e+00
      6.913    21.4459   4.498167    31.5147        129     0.5333  0.000e+00
      6.991    21.4481   4.497598    31.5087        130     0.5375  0.000e+00
      7.067    21.4467   4.497063    31.5055        131     0.5417  0.000e+00
      7.140    21.4435   4.496602    31.5042        132     0.5458  0.000e+00
      7.207    21.4389   4.496006    31.5028        133     0.5500  0.000e+00
      7.277    21.4338   4.495147    31.4998        134     0.5542  0.000e+00
      7.348    21.4283   4.494429    31.4982        135     0.5583  0.000e+00
      7.422    21.4228   4.494646    31.5039        136     0.5625  0.000e+00
      7.497    21.4178   4.495303    31.5127        137     0.5667  0.000e+00
      7.573    21.4114   4.496786    31.5290        138     0.5708  0.000e+00
      7.645    21.4018   4.498676    31.5509        139     0.5750  0.000e+00
      7.726    21.3990   4.499136    31.5565        140     0.5792  0.000e+00
      7.801    21.4050   4.499109    31.5518        141     0.5833  0.000e+00
      7.875    21.4141   4.498953    31.5439        142     0.5875  0.000e+00
      7.949    21.4245   4.498838    31.5354        143     0.5917  0.000e+00
      8.016    21.4342   4.498750    31.5275        144     0.5958  0.000e+00
      8.083    21.4428   4.498953    31.5228        145     0.6000  0.000e+00
      8.139    21.4511   4.499536    31.5212        146     0.6042  0.000e+00
      8.195    21.4585   4.500077    31.5201        147     0.6083  0.000e+00
      8.244    21.4620   4.500362    31.5197        148     0.6125  0.000e+00
      8.293    21.4604   4.500565    31.5224        149     0.6167  0.000e+00
      8.340    21.4625   4.500870    31.5233        150     0.6208  0.000e+00
      8.389    21.4686   4.501182    31.5213        151     0.6250  0.000e+00
      8.438    21.4744   4.501331    31.5182        152     0.6292  0.000e+00
      8.492    21.4805   4.501324    31.5136        153     0.6333  0.000e+00
      8.547    21.4865   4.501439    31.5101        154     0.6375  0.000e+00
      8.612    21.4901   4.501615    31.5088        155     0.6417  0.000e+00
      8.683    21.4927   4.501513    31.5061        156     0.6458  0.000e+00
      8.755    21.5000   4.501324    31.4993        157     0.6500  0.000e+00
      8.833    21.5048   4.501385    31.4962        158     0.6542  0.000e+00
      8.911    21.5077   4.501513    31.4950        159     0.6583  0.000e+00
      8.996    21.5107   4.501622    31.4937        160     0.6625  0.000e+00
      9.077    21.5140   4.501615    31.4912        161     0.6667  0.000e+00
      9.155    21.5161   4.501845    31.4915        162     0.6708  0.000e+00
      9.230    21.5190   4.502381    31.4935        163     0.6750  0.000e+00
      9.307    21.5211   4.502686    31.4943        164     0.6792  0.000e+00
      9.376    21.5236   4.502767    31.4931        165     0.6833  0.000e+00
      9.447    21.5297   4.502841    31.4892        166     0.6875  0.000e+00
      9.516    21.5349   4.503173    31.4880        167     0.6917  0.000e+00
      9.581    21.5383   4.503512    31.4881        168     0.6958  0.000e+00
      9.644    21.5420   4.503743    31.4872        169     0.7000  0.000e+00
      9.704    21.5451   4.503892    31.4861        170     0.7042  0.000e+00
      9.775    21.5479   4.504027    31.4851        171     0.7083  0.000e+00
      9.840    21.5519   4.504251    31.4838        172     0.7125  0.000e+00
      9.909    21.5553   4.504434    31.4828        173     0.7167  0.000e+00
      9.974    21.5582   4.504454    31.4808        174     0.7208  0.000e+00
     10.043    21.5604   4.504481    31.4794        175     0.7250  0.000e+00
     10.110    21.5625   4.504664    31.4793        176     0.7292  0.000e+00
     10.184    21.5655   4.504786    31.4780        177     0.7333  0.000e+00
     10.248    21.5680   4.505071    31.4784        178     0.7375  0.000e+00
     10.313    21.5706   4.505227    31.4777        179     0.7417  0.000e+00
     10.385    21.5726   4.505227    31.4762        180     0.7458  0.000e+00
     10.461    21.5736   4.505362    31.4765        181     0.7500  0.000e+00
     10.532    21.5742   4.505606    31.4779        182     0.7542  0.000e+00
     10.604    21.5732   4.505939    31.4812        183     0.7583  0.000e+00
     10.675    21.5725   4.506223    31.4840        184     0.7625  0.000e+00
     10.753    21.5731   4.506515    31.4857        185     0.7667  0.000e+00
     10.827    21.5755   4.506989    31.4877        186     0.7708  0.000e+00
     10.905    21.5776   4.507457    31.4898        187     0.7750  0.000e+00
     10.979    21.5795   4.507532    31.4890        188     0.7792  0.000e+00
     11.061    21.5816   4.507430    31.4866        189     0.7833  0.000e+00
     11.144    21.5843   4.507376    31.4842        190     0.7875  0.000e+00
     11.226    21.5873   4.507633    31.4840        191     0.7917  0.000e+00
     11.300    21.5901   4.507776    31.4831        192     0.7958  0.000e+00
     11.374    21.5920   4.507789    31.4817        193     0.8000  0.000e+00
     11.450    21.5926   4.507938    31.4824        194     0.8042  0.000e+00
     11.519    21.5930   4.508555    31.4869        195     0.8083  0.000e+00
     11.585    21.5935   4.509654    31.4951        196     0.8125  0.000e+00
     11.657    21.5941   4.510508    31.5013        197     0.8167  0.000e+00
     11.721    21.5915   4.511329    31.5096        198     0.8208  0.000e+00
     11.780    21.5904   4.512970    31.5232        199     0.8250  0.000e+00
     11.837    21.5939   4.514320    31.5312        200     0.8292  0.000e+00
     11.893    21.5998   4.515277    31.5343        201     0.8333  0.000e+00
     11.945    21.6061   4.515921    31.5347        202     0.8375  0.000e+00
     12.005    21.6120   4.515996    31.5310        203     0.8417  0.000e+00
     12.065    21.6188   4.516471    31.5297        204     0.8458  0.000e+00
     12.133    21.6229   4.518262    31.5406        205     0.8500  0.000e+00
     12.204    21.6240   4.519518    31.5496        206     0.8542  0.000e+00
     12.273    21.6264   4.520963    31.5591        207     0.8583  0.000e+00
     12.345    21.6303   4.523672    31.5774        208     0.8625  0.000e+00
     12.423    21.6323   4.525234    31.5881        209     0.8667  0.000e+00
     12.503    21.6357   4.526110    31.5924        210     0.8708  0.000e+00
     12.584    21.6428   4.527760    31.6001        211     0.8750  0.000e+00
     12.668    21.6484   4.529411    31.6088        212     0.8792  0.000e+00
     12.747    21.6542   4.530593    31.6137        213     0.8833  0.000e+00
     12.827    21.6600   4.531211    31.6143        214     0.8875  0.000e+00
     12.905    21.6653   4.532087    31.6172        215     0.8917  0.000e+00
