HB2407/sbe009.cnv
* Sea-Bird SBE 19plus V2 Data File:
* FileName = C:\cruise\data\sbe009.hex
* Software Version Seasave V 7.26.7.121
* Temperature SN = 7143
* Conductivity SN = 7143
* System UpLoad Time = Sep 09 2024 06:32:07
* NMEA Latitude = 38 39.21 N
* NMEA Longitude = 074 11.73 W
* NMEA UTC (Time) = Sep 09 2024  06:32:15
** Ship: Bigelow
** Cruise:  HB2407
** Program:  Fall Bottom Trawl
# nquan = 7
# nvalues = 1346                                  
# units = specified
# name 0 = depSM: Depth [salt water, m]
# name 1 = tv290C: Temperature [ITS-90, deg C]
# name 2 = c0S/m: Conductivity [S/m]
# name 3 = sal00: Salinity, Practical [PSU]
# name 4 = scan: Scan Count
# name 5 = timeM: Time, Elapsed [minutes]
# name 6 = flag:  0.000e+00
# span 0 =     -0.017,     41.602                 
# span 1 =     8.3987,    20.8893                 
# span 2 =   0.000002,   4.419195                 
# span 3 =     0.0093,    37.8238                 
# span 4 =         11,       1356                 
# span 5 =     0.0417,     5.6458                 
# span 6 = 0.0000e+00, 0.0000e+00                 
# interval = seconds: 0.25
# start_time = Sep 09 2024 06:32:15 [NMEA time, header]
# bad_flag = -9.990e-29
*END*
[from data line 206]
     12.278    20.7106   4.398959    31.2701        217     0.9000  0.000e+00
     12.385    20.7115   4.398570    31.2663        218     0.9042  0.000e+00
     12.507    20.7126   4.398141    31.2620        219     0.9083  0.000e+00
     12.622    20.7142   4.398886    31.2667        220     0.9125  0.000e+00
     12.746    20.7087   4.400328    31.2822        221     0.9167  0.000e+00
     12.865    20.6978   4.400054    31.2879        222     0.9208  0.000e+00
     12.992    20.6881   4.398108    31.2796        223     0.9250  0.000e+00
     13.113    20.6769   4.394881    31.2621        224     0.9292  0.000e+00
     13.242    20.6657   4.392728    31.2532        225     0.9333  0.000e+00
     13.365    20.6529   4.391528    31.2531        226     0.9375  0.000e+00
     13.483    20.6416   4.390992    31.2570        227     0.9417  0.000e+00
     13.606    20.6320   4.390617    31.2610        228     0.9458  0.000e+00
     13.722    20.6243   4.390215    31.2635        229     0.9500  0.000e+00
     13.836    20.6182   4.389792    31.2646        230     0.9542  0.000e+00
     13.939    20.6139   4.389591    31.2661        231     0.9583  0.000e+00
     14.046    20.6110   4.389967    31.2712        232     0.9625  0.000e+00
     14.144    20.6099   4.391046    31.2805        233     0.9667  0.000e+00
     14.236    20.6090   4.392227    31.2906        234     0.9708  0.000e+00
     14.325    20.6073   4.393715    31.3036        235     0.9750  0.000e+00
     14.414    20.6063   4.395553    31.3190        236     0.9792  0.000e+00
     14.499    20.6028   4.398002    31.3411        237     0.9833  0.000e+00
     14.584    20.5993   4.400210    31.3611        238     0.9875  0.000e+00
     14.676    20.6005   4.401921    31.3738        239     0.9917  0.000e+00
     14.770    20.6127   4.402760    31.3715        240     0.9958  0.000e+00
     14.868    20.6354   4.403411    31.3599        241     1.0000  0.000e+00
     14.975    20.6599   4.404586    31.3512        242     1.0042  0.000e+00
     15.100    20.6823   4.405727    31.3437        243     1.0083  0.000e+00
     15.227    20.7022   4.406667    31.3365        244     1.0125  0.000e+00
     15.366    20.7205   4.407076    31.3262        245     1.0167  0.000e+00
     15.513    20.7339   4.406613    31.3127        246     1.0208  0.000e+00
     15.669    20.7442   4.404410    31.2875        247     1.0250  0.000e+00
     15.825    20.7507   4.400759    31.2538        248     1.0292  0.000e+00
     15.982    20.7514   4.397665    31.2286        249     1.0333  0.000e+00
     16.143    20.7484   4.396156    31.2188        250     1.0375  0.000e+00
     16.299    20.7450   4.395203    31.2137        251     1.0417  0.000e+00
     16.458    20.7414   4.394908    31.2139        252     1.0458  0.000e+00
     16.601    20.7386   4.396424    31.2280        253     1.0500  0.000e+00
     16.750    20.7363   4.398317    31.2446        254     1.0542  0.000e+00
     16.889    20.7326   4.400330    31.2633        255     1.0583  0.000e+00
     17.025    20.7273   4.401592    31.2771        256     1.0625  0.000e+00
     17.161    20.7214   4.401995    31.2847        257     1.0667  0.000e+00
     17.293    20.7114   4.401042    31.2844        258     1.0708  0.000e+00
     17.427    20.7007   4.398485    31.2719        259     1.0750  0.000e+00
     17.558    20.6931   4.398962    31.2812        260     1.0792  0.000e+00
     17.692    20.6917   4.400579    31.2950        261     1.0833  0.000e+00
     17.825    20.6889   4.402036    31.3087        262     1.0875  0.000e+00
     17.965    20.6824   4.403043    31.3213        263     1.0917  0.000e+00
     18.097    20.6766   4.402922    31.3247        264     1.0958  0.000e+00
     18.235    20.6703   4.401425    31.3173        265     1.1000  0.000e+00
     18.372    20.6646   4.399821    31.3088        266     1.1042  0.000e+00
     18.512    20.6596   4.399036    31.3061        267     1.1083  0.000e+00
     18.651    20.6559   4.398547    31.3049        268     1.1125  0.000e+00
     18.785    20.6534   4.398661    31.3076        269     1.1167  0.000e+00
     18.927    20.6521   4.398366    31.3062        270     1.1208  0.000e+00
     19.061    20.6318   4.398185    31.3196        271     1.1250  0.000e+00
     19.202    20.5789   4.398219    31.3588        272     1.1292  0.000e+00
     19.341    20.5304   4.397019    31.3851        273     1.1333  0.000e+00
     19.481    20.4768   4.395309    31.4110        274     1.1375  0.000e+00
     19.617    20.4034   4.393855    31.4537        275     1.1417  0.000e+00
     19.756    20.3232   4.392729    31.5043        276     1.1458  0.000e+00
     19.896    20.2545   4.392040    31.5499        277     1.1500  0.000e+00
     20.026    20.2083   4.391738    31.5820        278     1.1542  0.000e+00
     20.156    20.1693   4.392296    31.6156        279     1.1583  0.000e+00
     20.287    20.1274   4.392410    31.6478        280     1.1625  0.000e+00
     20.417    20.0823   4.393028    31.6867        281     1.1667  0.000e+00
     20.544    20.0439   4.393874    31.7223        282     1.1708  0.000e+00
     20.674    20.0235   4.394894    31.7458        283     1.1750  0.000e+00
     20.803    20.0167   4.396437    31.7634        284     1.1792  0.000e+00
     20.941    20.0098   4.397913    31.7804        285     1.1833  0.000e+00
     21.069    20.0022   4.398799    31.7933        286     1.1875  0.000e+00
     21.207    20.0323   4.399026    31.7723        287     1.1917  0.000e+00
     21.339    20.0831   4.399046    31.7342        288     1.1958  0.000e+00
     21.475    20.1319   4.399025    31.6973        289     1.2000  0.000e+00
     21.607    20.1731   4.399340    31.6689        290     1.2042  0.000e+00
     21.734    20.2101   4.399843    31.6452        291     1.2083  0.000e+00
     21.859    20.2514   4.400352    31.6183        292     1.2125  0.000e+00
     21.986    20.2866   4.400808    31.5956        293     1.2167  0.000e+00
     22.112    20.3169   4.401284    31.5768        294     1.2208  0.000e+00
     22.241    20.3483   4.401452    31.5547        295     1.2250  0.000e+00
     22.368    20.3775   4.401364    31.5322        296     1.2292  0.000e+00
     22.504    20.4034   4.401183    31.5114        297     1.2333  0.000e+00
     22.645    20.4262   4.400478    31.4888        298     1.2375  0.000e+00
     22.791    20.4402   4.399142    31.4677        299     1.2417  0.000e+00
     22.938    20.4419   4.397827    31.4559        300     1.2458  0.000e+00
     23.092    20.4378   4.396458    31.4479        301     1.2500  0.000e+00
     23.244    20.4356   4.395231    31.4397        302     1.2542  0.000e+00
     23.400    20.4210   4.393400    31.4358        303     1.2583  0.000e+00
     23.559    20.1113   4.391627    31.6526        304     1.2625  0.000e+00
     23.715    19.3744   4.387910    32.1827        305     1.2667  0.000e+00
     23.873    18.6229   4.366439    32.5917        306     1.2708  0.000e+00
     24.030    17.9377   4.320513    32.7510        307     1.2750  0.000e+00
     24.186    17.3360   4.270401    32.8088        308     1.2792  0.000e+00
     24.338    16.5591   4.188434    32.7321        309     1.2833  0.000e+00
     24.498    15.6387   4.094721    32.6638        310     1.2875  0.000e+00
     24.646    14.7503   4.001622    32.5665        311     1.2917  0.000e+00
     24.794    13.9646   3.913321    32.4181        312     1.2958  0.000e+00
     24.947    13.3017   3.844258    32.3368        313     1.3000  0.000e+00
     25.091    12.8343   3.806351    32.3785        314     1.3042  0.000e+00
     25.233    12.4204   3.797941    32.6558        315     1.3083  0.000e+00
     25.374    12.0200   3.796172    32.9899        316     1.3125  0.000e+00
     25.515    11.6346   3.779762    33.1731        317     1.3167  0.000e+00
     25.646    11.3082   3.766596    33.3374        318     1.3208  0.000e+00
     25.778    10.9982   3.762705    33.5808        319     1.3250  0.000e+00
     25.912    10.7650   3.773283    33.9011        320     1.3292  0.000e+00
     26.039    10.6355   3.839350    34.6860        321     1.3333  0.000e+00
     26.173    10.6029   3.979463    36.1340        322     1.3375  0.000e+00
     26.303    10.6144   4.044247    36.7804        323     1.3417  0.000e+00
     26.430    10.5310   4.096790    37.4009        324     1.3458  0.000e+00
     26.562    10.6813   4.153455    37.8238        325     1.3500  0.000e+00
     26.696    11.0713   4.185111    37.7417        326     1.3542  0.000e+00
     26.834    11.4586   4.208465    37.5796        327     1.3583  0.000e+00
     26.975    12.0558   4.227044    37.1616        328     1.3625  0.000e+00
     27.118    12.6844   4.228223    36.5540        329     1.3667  0.000e+00
     27.265    13.2087   4.202883    35.8083        330     1.3708  0.000e+00
     27.410    13.5218   4.182075    35.3181        331     1.3750  0.000e+00
     27.558    13.6706   4.184150    35.2001        332     1.3792  0.000e+00
     27.709    13.7738   4.183314    35.0974        333     1.3833  0.000e+00
     27.848    13.8700   4.169464    34.8797        334     1.3875  0.000e+00
     27.989    13.8920   4.143328    34.6155        335     1.3917  0.000e+00
     28.123    13.8241   4.106862    34.3360        336     1.3958  0.000e+00
     28.261    13.6400   4.088375    34.3281        337     1.4000  0.000e+00
     28.402    13.3548   4.072302    34.4338        338     1.4042  0.000e+00
     28.547    13.0729   4.053771    34.5141        339     1.4083  0.000e+00
     28.696    12.8634   4.022619    34.4081        340     1.4125  0.000e+00
     28.842    12.6335   3.976516    34.1759        341     1.4167  0.000e+00
     28.985    12.3431   3.934591    34.0363        342     1.4208  0.000e+00
     29.134    12.0142   3.887001    33.8743        343     1.4250  0.000e+00
     29.284    11.5957   3.845481    33.8502        344     1.4292  0.000e+00
     29.431    11.2078   3.812399    33.8799        345     1.4333  0.000e+00
     29.576    10.9183   3.793453    33.9588        346     1.4375  0.000e+00
     29.724    10.6989   3.784535    34.0736        347     1.4417  0.000e+00
     29.869    10.5578   3.780823    34.1683        348     1.4458  0.000e+00
     30.014    10.4497   3.769907    34.1596        349     1.4500  0.000e+00
     30.155    10.3337   3.752893    34.0965        350     1.4542  0.000e+00
     30.293    10.2020   3.732605    34.0145        351     1.4583  0.000e+00
     30.434    10.0478   3.717544    34.0062        352     1.4625  0.000e+00
     30.581     9.9148   3.729888    34.2580        353     1.4667  0.000e+00
     30.729     9.8369   3.752987    34.5690        354     1.4708  0.000e+00
     30.878     9.8113   3.734504    34.4038        355     1.4750  0.000e+00
     31.026     9.7959   3.724844    34.3193        356     1.4792  0.000e+00
     31.182     9.7416   3.713467    34.2541        357     1.4833  0.000e+00
     31.329     9.6402   3.668872    33.8919        358     1.4875  0.000e+00
     31.478     9.5235   3.642577    33.7312        359     1.4917  0.000e+00
     31.630     9.4217   3.636377    33.7631        360     1.4958  0.000e+00
     31.780     9.3436   3.634231    33.8146        361     1.5000  0.000e+00
     31.932     9.2758   3.631726    33.8528        362     1.5042  0.000e+00
     32.079     9.2116   3.614602    33.7359        363     1.5083  0.000e+00
     32.227     9.1458   3.597714    33.6225        364     1.5125  0.000e+00
     32.374     9.0925   3.594131    33.6355        365     1.5167  0.000e+00
     32.517     9.0561   3.594305    33.6717        366     1.5208  0.000e+00
     32.667     9.0217   3.588385    33.6424        367     1.5250  0.000e+00
     32.821     8.9849   3.583381    33.6250        368     1.5292  0.000e+00
     32.973     8.9606   3.584412    33.6586        369     1.5333  0.000e+00
     33.124     8.9426   3.584696    33.6787        370     1.5375  0.000e+00
     33.276     8.9220   3.577980    33.6279        371     1.5417  0.000e+00
     33.437     8.8969   3.560453    33.4684        372     1.5458  0.000e+00
     33.589     8.8717   3.545884    33.3398        373     1.5500  0.000e+00
     33.749     8.8493   3.535877    33.2562        374     1.5542  0.000e+00
     33.904     8.8266   3.522568    33.1382        375     1.5583  0.000e+00
     34.055     8.8035   3.510979    33.0385        376     1.5625  0.000e+00
     34.207     8.7893   3.506324    33.0030        377     1.5667  0.000e+00
     34.357     8.7783   3.505321    33.0027        378     1.5708  0.000e+00
     34.491     8.7662   3.503047    32.9901        379     1.5750  0.000e+00
     34.625     8.7534   3.500945    32.9800        380     1.5792  0.000e+00
     34.759     8.7464   3.507413    33.0541        381     1.5833  0.000e+00
     34.888     8.7468   3.529347    33.2835        382     1.5875  0.000e+00
     35.013     8.7657   3.591073    33.9131        383     1.5917  0.000e+00
     35.139     8.8145   3.665409    34.6475        384     1.5958  0.000e+00
     35.263     8.8514   3.721894    35.2060        385     1.6000  0.000e+00
     35.391     8.8485   3.737641    35.3749        386     1.6042  0.000e+00
     35.518     8.8273   3.762691    35.6605        387     1.6083  0.000e+00
     35.641     8.8313   3.806948    36.1244        388     1.6125  0.000e+00
     35.773     9.0297   3.850042    36.3769        389     1.6167  0.000e+00
     35.900     9.3030   3.882659    36.4402        390     1.6208  0.000e+00
     36.038     9.4838   3.894109    36.3755        391     1.6250  0.000e+00
     36.174     9.6432   3.899276    36.2676        392     1.6292  0.000e+00
     36.315     9.8684   3.912700    36.1795        393     1.6333  0.000e+00
     36.460    10.1503   3.926245    36.0366        394     1.6375  0.000e+00
     36.616    10.4888   3.936502    35.8058        395     1.6417  0.000e+00
     36.766    10.7930   3.935678    35.4999        396     1.6458  0.000e+00
     36.927    10.9679   3.929814    35.2718        397     1.6500  0.000e+00
     37.094    11.0442   3.931299    35.2133        398     1.6542  0.000e+00
     37.262    11.0934   3.911828    34.9717        399     1.6583  0.000e+00
     37.432    11.1168   3.879553    34.6279        400     1.6625  0.000e+00
     37.602    11.1002   3.853910    34.3881        401     1.6667  0.000e+00
     37.775    11.0800   3.837712    34.2457        402     1.6708  0.000e+00
     37.949    11.0623   3.808976    33.9764        403     1.6750  0.000e+00
     38.119    10.9950   3.757087    33.5224        404     1.6792  0.000e+00
     38.287    10.8127   3.706288    33.1828        405     1.6833  0.000e+00
     38.448    10.5441   3.659279    32.9562        406     1.6875  0.000e+00
     38.606    10.2102   3.609617    32.7587        407     1.6917  0.000e+00
     38.755     9.9034   3.566567    32.5999        408     1.6958  0.000e+00
     38.905     9.6595   3.542308    32.5734        409     1.7000  0.000e+00
     39.051     9.4591   3.534449    32.6749        410     1.7042  0.000e+00
     39.200     9.3106   3.546237    32.9324        411     1.7083  0.000e+00
     39.343     9.2205   3.555321    33.1095        412     1.7125  0.000e+00
     39.488     9.1820   3.582394    33.4260        413     1.7167  0.000e+00
     39.629     9.1727   3.614623    33.7694        414     1.7208  0.000e+00
     39.776     9.1752   3.616251    33.7838        415     1.7250  0.000e+00
     39.921     9.1698   3.589749    33.5135        416     1.7292  0.000e+00
     40.059     9.1489   3.577184    33.4027        417     1.7333  0.000e+00
     40.205     9.1121   3.578615    33.4520        418     1.7375  0.000e+00
     40.348     9.0666   3.582044    33.5304        419     1.7417  0.000e+00
     40.490     9.0189   3.585752    33.6140        420     1.7458  0.000e+00
