HB2407/sbe008.cnv
* Sea-Bird SBE 19plus V2 Data File:
* FileName = C:\cruise\data\sbe008.hex
* Software Version Seasave V 7.26.7.121
* Temperature SN = 7143
* Conductivity SN = 7143
* System UpLoad Time = Sep 09 2024 04:34:36
* NMEA Latitude = 38 38.62 N
* NMEA Longitude = 073 57.35 W
* NMEA UTC (Time) = Sep 09 2024  04:34:45
** Ship: Bigelow
** Cruise:  HB2407
** Program:  Fall Bottom Trawl
# nquan = 7
# nvalues = 1390                                  
# units = specified
# name 0 = depSM: Depth [salt water, m]
# name 1 = tv290C: Temperature [ITS-90, deg C]
# name 2 = c0S/m: Conductivity [S/m]
# name 3 = sal00: Salinity, Practical [PSU]
# name 4 = scan: Scan Count
# name 5 = timeM: Time, Elapsed [minutes]
# name 6 = flag:  0.000e+00
# span 0 =     -0.013,     45.470                 
# span 1 =     7.7289,    20.6273                 
# span 2 =   0.000002,   4.465297                 
# span 3 =     0.0096,    33.5653                 
# span 4 =         11,       1400                 
# span 5 =     0.0417,     5.8292                 
# span 6 = 0.0000e+00, 0.0000e+00                 
# interval = seconds: 0.25
# start_time = Sep 09 2024 04:34:45 [NMEA time, header]
# bad_flag = -9.990e-29
*END*
[from data line 206]
     18.167    15.1153   4.121348    33.3448        217     0.9000  0.000e+00
     18.308    15.0627   4.121329    33.3894        218     0.9042  0.000e+00
     18.455    14.9845   4.087924    33.1537        219     0.9083  0.000e+00
     18.601    14.8148   4.022337    32.7027        220     0.9125  0.000e+00
     18.750    14.4902   3.965304    32.4560        221     0.9167  0.000e+00
     18.909    14.0519   3.925901    32.4629        222     0.9208  0.000e+00
     19.065    13.6806   3.887537    32.4216        223     0.9250  0.000e+00
     19.224    13.3109   3.839542    32.2872        224     0.9292  0.000e+00
     19.382    12.9261   3.802057    32.2618        225     0.9333  0.000e+00
     19.534    12.5988   3.773914    32.2746        226     0.9375  0.000e+00
     19.686    12.3102   3.755354    32.3455        227     0.9417  0.000e+00
     19.837    12.0434   3.734272    32.3736        228     0.9458  0.000e+00
     19.981    11.8001   3.714991    32.3985        229     0.9500  0.000e+00
     20.123    11.5496   3.705566    32.5258        230     0.9542  0.000e+00
     20.262    11.3158   3.699538    32.6730        231     0.9583  0.000e+00
     20.407    11.1285   3.684750    32.6934        232     0.9625  0.000e+00
     20.550    10.9672   3.678323    32.7735        233     0.9667  0.000e+00
     20.690    10.8223   3.677103    32.8912        234     0.9708  0.000e+00
     20.835    10.6704   3.669273    32.9498        235     0.9750  0.000e+00
     20.976    10.5340   3.662614    33.0064        236     0.9792  0.000e+00
     21.121    10.4060   3.654909    33.0451        237     0.9833  0.000e+00
     21.267    10.2967   3.654456    33.1401        238     0.9875  0.000e+00
     21.418    10.2145   3.652567    33.1962        239     0.9917  0.000e+00
     21.561    10.1396   3.652680    33.2660        240     0.9958  0.000e+00
     21.711    10.0822   3.644063    33.2313        241     1.0000  0.000e+00
     21.860    10.0340   3.630982    33.1427        242     1.0042  0.000e+00
     22.008     9.9664   3.622212    33.1155        243     1.0083  0.000e+00
     22.157     9.9043   3.620342    33.1534        244     1.0125  0.000e+00
     22.298     9.8397   3.617228    33.1810        245     1.0167  0.000e+00
     22.437     9.7574   3.613373    33.2175        246     1.0208  0.000e+00
     22.586     9.6866   3.612680    33.2758        247     1.0250  0.000e+00
     22.725     9.6273   3.608449    33.2873        248     1.0292  0.000e+00
     22.865     9.5976   3.600696    33.2352        249     1.0333  0.000e+00
     23.004     9.5582   3.596192    33.2254        250     1.0375  0.000e+00
     23.138     9.4835   3.595211    33.2845        251     1.0417  0.000e+00
     23.278     9.4003   3.595768    33.3676        252     1.0458  0.000e+00
     23.419     9.3326   3.598641    33.4606        253     1.0500  0.000e+00
     23.558     9.2671   3.599866    33.5346        254     1.0542  0.000e+00
     23.698     9.2043   3.597141    33.5653        255     1.0583  0.000e+00
     23.837     9.1637   3.590639    33.5360        256     1.0625  0.000e+00
     23.977     9.1439   3.580138    33.4455        257     1.0667  0.000e+00
     24.125     9.1089   3.571646    33.3900        258     1.0708  0.000e+00
     24.272     9.0621   3.569885    33.4155        259     1.0750  0.000e+00
     24.422     9.0196   3.571025    33.4673        260     1.0792  0.000e+00
     24.578     8.9882   3.572892    33.5162        261     1.0833  0.000e+00
     24.735     8.9482   3.560092    33.4204        262     1.0875  0.000e+00
     24.896     8.9000   3.545567    33.3139        263     1.0917  0.000e+00
     25.056     8.8352   3.516667    33.0725        264     1.0958  0.000e+00
     25.217     8.7588   3.492232    32.8881        265     1.1000  0.000e+00
     25.387     8.6782   3.476947    32.8028        266     1.1042  0.000e+00
     25.548     8.5995   3.462187    32.7209        267     1.1083  0.000e+00
     25.717     8.5272   3.444343    32.6003        268     1.1125  0.000e+00
     25.871     8.4479   3.432282    32.5467        269     1.1167  0.000e+00
     26.019     8.3645   3.426313    32.5607        270     1.1208  0.000e+00
     26.170     8.2918   3.425575    32.6202        271     1.1250  0.000e+00
     26.306     8.2330   3.424182    32.6601        272     1.1292  0.000e+00
     26.434     8.1877   3.423250    32.6923        273     1.1333  0.000e+00
     26.563     8.1546   3.420592    32.6949        274     1.1375  0.000e+00
     26.680     8.1283   3.423972    32.7552        275     1.1417  0.000e+00
     26.805     8.1054   3.425850    32.7966        276     1.1458  0.000e+00
     26.930     8.0858   3.428413    32.8421        277     1.1500  0.000e+00
     27.059     8.0725   3.434288    32.9170        278     1.1542  0.000e+00
     27.186     8.0658   3.441478    32.9999        279     1.1583  0.000e+00
     27.320     8.0646   3.450186    33.0936        280     1.1625  0.000e+00
     27.452     8.0664   3.457231    33.1669        281     1.1667  0.000e+00
     27.591     8.0663   3.460375    33.2004        282     1.1708  0.000e+00
     27.742     8.0669   3.456002    33.1533        283     1.1750  0.000e+00
     27.887     8.0664   3.451341    33.1039        284     1.1792  0.000e+00
     28.040     8.0626   3.446693    33.0579        285     1.1833  0.000e+00
     28.196     8.0563   3.441460    33.0081        286     1.1875  0.000e+00
     28.354     8.0544   3.436042    32.9522        287     1.1917  0.000e+00
     28.511     8.0579   3.429184    32.8757        288     1.1958  0.000e+00
     28.669     8.0595   3.424985    32.8295        289     1.2000  0.000e+00
     28.825     8.0578   3.420721    32.7856        290     1.2042  0.000e+00
     28.986     8.0594   3.417555    32.7504        291     1.2083  0.000e+00
     29.142     8.0505   3.411740    32.6968        292     1.2125  0.000e+00
     29.297     8.0392   3.408838    32.6764        293     1.2167  0.000e+00
     29.455     8.0293   3.402980    32.6232        294     1.2208  0.000e+00
     29.602     8.0179   3.391652    32.5132        295     1.2250  0.000e+00
     29.747     8.0065   3.387725    32.4820        296     1.2292  0.000e+00
     29.893     7.9968   3.383805    32.4492        297     1.2333  0.000e+00
     30.031     7.9866   3.382365    32.4433        298     1.2375  0.000e+00
     30.178     7.9767   3.382136    32.4499        299     1.2417  0.000e+00
     30.323     7.9646   3.380075    32.4392        300     1.2458  0.000e+00
     30.462     7.9520   3.377996    32.4287        301     1.2500  0.000e+00
     30.605     7.9395   3.376038    32.4193        302     1.2542  0.000e+00
     30.746     7.9295   3.374214    32.4091        303     1.2583  0.000e+00
     30.897     7.9212   3.375960    32.4353        304     1.2625  0.000e+00
     31.038     7.9129   3.377581    32.4603        305     1.2667  0.000e+00
     31.192     7.9036   3.376208    32.4541        306     1.2708  0.000e+00
     31.339     7.8957   3.374148    32.4395        307     1.2750  0.000e+00
     31.485     7.8882   3.371824    32.4216        308     1.2792  0.000e+00
     31.634     7.8816   3.370457    32.4130        309     1.2833  0.000e+00
     31.777     7.8782   3.371366    32.4259        310     1.2875  0.000e+00
     31.926     7.8776   3.370873    32.4211        311     1.2917  0.000e+00
     32.060     7.8763   3.371035    32.4240        312     1.2958  0.000e+00
     32.206     7.8739   3.373299    32.4503        313     1.3000  0.000e+00
     32.350     7.8714   3.372944    32.4487        314     1.3042  0.000e+00
     32.493     7.8686   3.371535    32.4362        315     1.3083  0.000e+00
     32.634     7.8656   3.370103    32.4237        316     1.3125  0.000e+00
     32.782     7.8619   3.368634    32.4113        317     1.3167  0.000e+00
     32.925     7.8602   3.369501    32.4222        318     1.3208  0.000e+00
     33.076     7.8593   3.370621    32.4348        319     1.3250  0.000e+00
     33.228     7.8585   3.371144    32.4411        320     1.3292  0.000e+00
     33.382     7.8574   3.368779    32.4168        321     1.3333  0.000e+00
     33.534     7.8562   3.364718    32.3745        322     1.3375  0.000e+00
     33.692     7.8549   3.363659    32.3643        323     1.3417  0.000e+00
     33.845     7.8543   3.363142    32.3593        324     1.3458  0.000e+00
     34.008     7.8545   3.360869    32.3348        325     1.3500  0.000e+00
     34.162     7.8557   3.358614    32.3096        326     1.3542  0.000e+00
     34.325     7.8569   3.355723    32.2775        327     1.3583  0.000e+00
     34.479     7.8590   3.354714    32.2647        328     1.3625  0.000e+00
     34.631     7.8605   3.353332    32.2485        329     1.3667  0.000e+00
     34.778     7.8598   3.351867    32.2335        330     1.3708  0.000e+00
     34.923     7.8574   3.350900    32.2253        331     1.3750  0.000e+00
     35.062     7.8544   3.351002    32.2290        332     1.3792  0.000e+00
     35.202     7.8535   3.352257    32.2433        333     1.3833  0.000e+00
     35.332     7.8512   3.351969    32.2423        334     1.3875  0.000e+00
     35.459     7.8479   3.352053    32.2461        335     1.3917  0.000e+00
     35.588     7.8454   3.353867    32.2678        336     1.3958  0.000e+00
     35.716     7.8444   3.355910    32.2904        337     1.4000  0.000e+00
     35.850     7.8442   3.358080    32.3137        338     1.4042  0.000e+00
     35.980     7.8436   3.358946    32.3235        339     1.4083  0.000e+00
     36.120     7.8418   3.357172    32.3060        340     1.4125  0.000e+00
     36.261     7.8394   3.355953    32.2952        341     1.4167  0.000e+00
     36.406     7.8373   3.355622    32.2935        342     1.4208  0.000e+00
     36.551     7.8370   3.354384    32.2805        343     1.4250  0.000e+00
     36.696     7.8380   3.353309    32.2681        344     1.4292  0.000e+00
     36.846     7.8408   3.354282    32.2758        345     1.4333  0.000e+00
     36.997     7.8446   3.355604    32.2863        346     1.4375  0.000e+00
     37.145     7.8470   3.354715    32.2746        347     1.4417  0.000e+00
     37.297     7.8478   3.351249    32.2368        348     1.4458  0.000e+00
     37.451     7.8487   3.349952    32.2221        349     1.4500  0.000e+00
     37.609     7.8527   3.349790    32.2166        350     1.4542  0.000e+00
     37.766     7.8592   3.349501    32.2074        351     1.4583  0.000e+00
     37.922     7.8659   3.348799    32.1937        352     1.4625  0.000e+00
     38.083     7.8713   3.348204    32.1823        353     1.4667  0.000e+00
     38.243     7.8762   3.348697    32.1830        354     1.4708  0.000e+00
     38.408     7.8816   3.350366    32.1956        355     1.4750  0.000e+00
     38.573     7.8843   3.349603    32.1850        356     1.4792  0.000e+00
     38.739     7.8856   3.347562    32.1619        357     1.4833  0.000e+00
     38.904     7.8879   3.346698    32.1506        358     1.4875  0.000e+00
     39.071     7.8908   3.347070    32.1518        359     1.4917  0.000e+00
     39.232     7.8938   3.347028    32.1485        360     1.4958  0.000e+00
     39.397     7.8946   3.347214    32.1496        361     1.5000  0.000e+00
     39.558     7.8942   3.346290    32.1401        362     1.5042  0.000e+00
     39.712     7.8938   3.345323    32.1301        363     1.5083  0.000e+00
     39.862     7.8940   3.345011    32.1265        364     1.5125  0.000e+00
     40.005     7.8949   3.344909    32.1245        365     1.5167  0.000e+00
     40.152     7.8960   3.344561    32.1198        366     1.5208  0.000e+00
     40.300     7.8957   3.344825    32.1228        367     1.5250  0.000e+00
     40.438     7.8943   3.345221    32.1283        368     1.5292  0.000e+00
     40.579     7.8920   3.344909    32.1269        369     1.5333  0.000e+00
     40.710     7.8913   3.345120    32.1298        370     1.5375  0.000e+00
     40.842     7.8909   3.345096    32.1298        371     1.5417  0.000e+00
     40.974     7.8904   3.345570    32.1353        372     1.5458  0.000e+00
     41.103     7.8902   3.346368    32.1439        373     1.5500  0.000e+00
     41.230     7.8901   3.347299    32.1539        374     1.5542  0.000e+00
     41.360     7.8896   3.348163    32.1634        375     1.5583  0.000e+00
     41.489     7.8885   3.348842    32.1716        376     1.5625  0.000e+00
     41.628     7.8874   3.348530    32.1692        377     1.5667  0.000e+00
     41.768     7.8862   3.347773    32.1623        378     1.5708  0.000e+00
     41.913     7.8854   3.347257    32.1574        379     1.5750  0.000e+00
     42.065     7.8850   3.346080    32.1452        380     1.5792  0.000e+00
     42.222     7.8848   3.344622    32.1298        381     1.5833  0.000e+00
     42.382     7.8858   3.344682    32.1294        382     1.5875  0.000e+00
     42.550     7.8880   3.343638    32.1161        383     1.5917  0.000e+00
     42.715     7.8903   3.343884    32.1166        384     1.5958  0.000e+00
     42.887     7.8915   3.344028    32.1170        385     1.6000  0.000e+00
     43.063     7.8918   3.344646    32.1232        386     1.6042  0.000e+00
     43.237     7.8907   3.344868    32.1265        387     1.6083  0.000e+00
     43.409     7.8894   3.345511    32.1345        388     1.6125  0.000e+00
     43.582     7.8873   3.344130    32.1216        389     1.6167  0.000e+00
     43.749     7.8851   3.341934    32.1002        390     1.6208  0.000e+00
     43.914     7.8840   3.340879    32.0898        391     1.6250  0.000e+00
     44.069     7.8849   3.339961    32.0792        392     1.6292  0.000e+00
     44.221     7.8876   3.339655    32.0734        393     1.6333  0.000e+00
     44.372     7.8899   3.339265    32.0670        394     1.6375  0.000e+00
     44.520     7.8895   3.338630    32.0605        395     1.6417  0.000e+00
     44.669     7.8866   3.338012    32.0566        396     1.6458  0.000e+00
     44.821     7.8838   3.338096    32.0600        397     1.6500  0.000e+00
     44.973     7.8820   3.338012    32.0606        398     1.6542  0.000e+00
     45.122     7.8798   3.337640    32.0587        399     1.6583  0.000e+00
     45.274     7.8773   3.336963    32.0536        400     1.6625  0.000e+00
     45.397     7.8747   3.332911    32.0128        401     1.6667  0.000e+00
     45.463     7.8728   3.334074    32.0269        402     1.6708  0.000e+00
     45.470     7.8699   3.332006    32.0075        403     1.6750  0.000e+00
     45.424     7.8669   3.331065    32.0003        404     1.6792  0.000e+00
     45.368     7.8646   3.332401    32.0166        405     1.6833  0.000e+00
     45.345     7.8615   3.330149    31.9955        406     1.6875  0.000e+00
     45.311     7.8579   3.328184    31.9779        407     1.6917  0.000e+00
     45.267     7.8546   3.327100    31.9694        408     1.6958  0.000e+00
     45.205     7.8502   3.325896    31.9606        409     1.7000  0.000e+00
     45.124     7.8449   3.325693    31.9633        410     1.7042  0.000e+00
     45.041     7.8391   3.323855    31.9491        411     1.7083  0.000e+00
     44.959     7.8338   3.323465    31.9498        412     1.7125  0.000e+00
     44.883     7.8303   3.323100    31.9492        413     1.7167  0.000e+00
     44.803     7.8282   3.322627    31.9461        414     1.7208  0.000e+00
     44.718     7.8263   3.322161    31.9429        415     1.7250  0.000e+00
     44.628     7.8249   3.322161    31.9442        416     1.7292  0.000e+00
     44.537     7.8240   3.321897    31.9422        417     1.7333  0.000e+00
     44.456     7.8232   3.321730    31.9412        418     1.7375  0.000e+00
     44.372     7.8222   3.321466    31.9394        419     1.7417  0.000e+00
     44.284     7.8214   3.321484    31.9404        420     1.7458  0.000e+00
