HB2407/sbe003.cnv
* Sea-Bird SBE 19plus V2 Data File:
* FileName = C:\cruise\data\sbe003.hex
* Software Version Seasave V 7.26.7.121
* Temperature SN = 7143
* Conductivity SN = 7143
* System UpLoad Time = Sep 08 2024 08:25:39
* NMEA Latitude = 38 38.59 N
* NMEA Longitude = 073 13.41 W
* NMEA UTC (Time) = Sep 08 2024  08:25:46
** Ship: Bigelow
** Cruise:  HB2407
** Program:  Fall Bottom Trawl
# nquan = 7
# nvalues = 2903                                  
# units = specified
# name 0 = depSM: Depth [salt water, m]
# name 1 = tv290C: Temperature [ITS-90, deg C]
# name 2 = c0S/m: Conductivity [S/m]
# name 3 = sal00: Salinity, Practical [PSU]
# name 4 = scan: Scan Count
# name 5 = timeM: Time, Elapsed [minutes]
# name 6 = flag:  0.000e+00
# span 0 =     -0.109,    111.676                 
# span 1 =    12.0303,    21.7452                 
# span 2 =   0.000002,   4.731839                 
# span 3 =     0.0097,    37.0077                 
# span 4 =         11,       2913                 
# span 5 =     0.0417,    12.1333                 
# span 6 = 0.0000e+00, 0.0000e+00                 
# interval = seconds: 0.25
# start_time = Sep 08 2024 08:25:46 [NMEA time, header]
# bad_flag = -9.990e-29
*END*
[from data line 2052]
     36.798    12.4342   3.957840    34.1743       2063     8.5917  0.000e+00
     36.688    12.4368   3.958148    34.1750       2064     8.5958  0.000e+00
     36.561    12.4399   3.958264    34.1733       2065     8.6000  0.000e+00
     36.428    12.4422   3.958103    34.1697       2066     8.6042  0.000e+00
     36.288    12.4428   3.957923    34.1675       2067     8.6083  0.000e+00
     36.129    12.4425   3.957743    34.1661       2068     8.6125  0.000e+00
     35.995    12.4414   3.957692    34.1667       2069     8.6167  0.000e+00
     35.863    12.4403   3.957550    34.1664       2070     8.6208  0.000e+00
     35.745    12.4392   3.957557    34.1674       2071     8.6250  0.000e+00
     35.622    12.4384   3.957480    34.1675       2072     8.6292  0.000e+00
     35.512    12.4376   3.957647    34.1699       2073     8.6333  0.000e+00
     35.421    12.4378   3.957859    34.1718       2074     8.6375  0.000e+00
     35.327    12.4384   3.958218    34.1748       2075     8.6417  0.000e+00
     35.238    12.4398   3.958353    34.1748       2076     8.6458  0.000e+00
     35.166    12.4408   3.958314    34.1735       2077     8.6500  0.000e+00
     35.105    12.4416   3.958379    34.1735       2078     8.6542  0.000e+00
     35.045    12.4420   3.958199    34.1714       2079     8.6583  0.000e+00
     34.998    12.4415   3.958128    34.1712       2080     8.6625  0.000e+00
     34.945    12.4408   3.958051    34.1711       2081     8.6667  0.000e+00
     34.906    12.4395   3.957852    34.1704       2082     8.6708  0.000e+00
     34.868    12.4375   3.957788    34.1716       2083     8.6750  0.000e+00
     34.839    12.4360   3.957781    34.1729       2084     8.6792  0.000e+00
     34.804    12.4351   3.957768    34.1737       2085     8.6833  0.000e+00
     34.774    12.4344   3.957788    34.1745       2086     8.6875  0.000e+00
     34.743    12.4341   3.957833    34.1752       2087     8.6917  0.000e+00
     34.712    12.4343   3.957935    34.1760       2088     8.6958  0.000e+00
     34.671    12.4351   3.957987    34.1758       2089     8.7000  0.000e+00
     34.616    12.4354   3.957980    34.1755       2090     8.7042  0.000e+00
     34.560    12.4356   3.958012    34.1757       2091     8.7083  0.000e+00
     34.491    12.4358   3.958147    34.1768       2092     8.7125  0.000e+00
     34.397    12.4367   3.958764    34.1820       2093     8.7167  0.000e+00
     34.294    12.4395   3.958796    34.1798       2094     8.7208  0.000e+00
     34.182    12.4417   3.958584    34.1758       2095     8.7250  0.000e+00
     34.055    12.4418   3.958218    34.1722       2096     8.7292  0.000e+00
     33.918    12.4406   3.957954    34.1708       2097     8.7333  0.000e+00
     33.778    12.4386   3.958147    34.1746       2098     8.7375  0.000e+00
     33.643    12.4377   3.958295    34.1769       2099     8.7417  0.000e+00
     33.501    12.4379   3.958352    34.1773       2100     8.7458  0.000e+00
     33.373    12.4381   3.958461    34.1782       2101     8.7500  0.000e+00
     33.255    12.4389   3.958654    34.1793       2102     8.7542  0.000e+00
     33.157    12.4401   3.958744    34.1792       2103     8.7583  0.000e+00
     33.070    12.4414   3.958834    34.1789       2104     8.7625  0.000e+00
     32.992    12.4429   3.958840    34.1776       2105     8.7667  0.000e+00
     32.933    12.4440   3.958879    34.1770       2106     8.7708  0.000e+00
     32.864    12.4449   3.958936    34.1768       2107     8.7750  0.000e+00
     32.812    12.4462   3.959296    34.1791       2108     8.7792  0.000e+00
     32.757    12.4491   3.959521    34.1786       2109     8.7833  0.000e+00
     32.698    12.4522   3.959752    34.1781       2110     8.7875  0.000e+00
     32.638    12.4555   3.960157    34.1790       2111     8.7917  0.000e+00
     32.585    12.4593   3.960516    34.1790       2112     8.7958  0.000e+00
     32.522    12.4639   3.960889    34.1785       2113     8.8000  0.000e+00
     32.462    12.4687   3.961281    34.1779       2114     8.8042  0.000e+00
     32.394    12.4747   3.961557    34.1751       2115     8.8083  0.000e+00
     32.330    12.4808   3.961666    34.1707       2116     8.8125  0.000e+00
     32.274    12.4853   3.961872    34.1685       2117     8.8167  0.000e+00
     32.222    12.4893   3.962148    34.1676       2118     8.8208  0.000e+00
     32.166    12.4935   3.962398    34.1662       2119     8.8250  0.000e+00
     32.122    12.4970   3.962527    34.1642       2120     8.8292  0.000e+00
     32.079    12.4999   3.962604    34.1624       2121     8.8333  0.000e+00
     32.041    12.5023   3.962700    34.1611       2122     8.8375  0.000e+00
     31.992    12.5042   3.962816    34.1606       2123     8.8417  0.000e+00
     31.940    12.5059   3.962880    34.1597       2124     8.8458  0.000e+00
     31.887    12.5073   3.962963    34.1592       2125     8.8500  0.000e+00
     31.811    12.5085   3.963086    34.1593       2126     8.8542  0.000e+00
     31.750    12.5095   3.963246    34.1600       2127     8.8583  0.000e+00
     31.655    12.5110   3.963381    34.1599       2128     8.8625  0.000e+00
     31.578    12.5128   3.963632    34.1607       2129     8.8667  0.000e+00
     31.471    12.5150   3.964159    34.1638       2130     8.8708  0.000e+00
     31.355    12.5194   3.965097    34.1689       2131     8.8750  0.000e+00
     31.239    12.5268   3.965489    34.1660       2132     8.8792  0.000e+00
     31.114    12.5343   3.965669    34.1610       2133     8.8833  0.000e+00
     30.995    12.5406   3.965990    34.1584       2134     8.8875  0.000e+00
     30.875    12.5459   3.966221    34.1558       2135     8.8917  0.000e+00
     30.758    12.5503   3.966086    34.1506       2136     8.8958  0.000e+00
     30.640    12.5543   3.966002    34.1462       2137     8.9000  0.000e+00
     30.537    12.5565   3.965668    34.1410       2138     8.9042  0.000e+00
     30.434    12.5574   3.965379    34.1375       2139     8.9083  0.000e+00
     30.343    12.5574   3.965186    34.1356       2140     8.9125  0.000e+00
     30.271    12.5572   3.964961    34.1338       2141     8.9167  0.000e+00
     30.195    12.5568   3.964588    34.1305       2142     8.9208  0.000e+00
     30.135    12.5563   3.964505    34.1302       2143     8.9250  0.000e+00
     30.088    12.5557   3.964376    34.1296       2144     8.9292  0.000e+00
     30.041    12.5553   3.964067    34.1270       2145     8.9333  0.000e+00
     30.011    12.5548   3.963823    34.1251       2146     8.9375  0.000e+00
     29.987    12.5539   3.963656    34.1243       2147     8.9417  0.000e+00
     29.955    12.5531   3.963560    34.1241       2148     8.9458  0.000e+00
     29.926    12.5522   3.963476    34.1241       2149     8.9500  0.000e+00
     29.891    12.5517   3.963412    34.1240       2150     8.9542  0.000e+00
     29.857    12.5512   3.963335    34.1237       2151     8.9583  0.000e+00
     29.803    12.5511   3.963245    34.1230       2152     8.9625  0.000e+00
     29.757    12.5511   3.963219    34.1228       2153     8.9667  0.000e+00
     29.696    12.5511   3.963007    34.1208       2154     8.9708  0.000e+00
     29.638    12.5502   3.961940    34.1113       2155     8.9750  0.000e+00
     29.560    12.5476   3.960803    34.1028       2156     8.9792  0.000e+00
     29.493    12.5430   3.959512    34.0946       2157     8.9833  0.000e+00
     29.419    12.5360   3.958215    34.0886       2158     8.9875  0.000e+00
     29.358    12.5276   3.957116    34.0856       2159     8.9917  0.000e+00
     29.298    12.5196   3.957007    34.0919       2160     8.9958  0.000e+00
     29.240    12.5143   3.957162    34.0982       2161     9.0000  0.000e+00
     29.189    12.5117   3.957007    34.0991       2162     9.0042  0.000e+00
     29.142    12.5102   3.956898    34.0994       2163     9.0083  0.000e+00
     29.086    12.5093   3.956956    34.1008       2164     9.0125  0.000e+00
     29.037    12.5095   3.957187    34.1028       2165     9.0167  0.000e+00
     28.990    12.5110   3.957463    34.1042       2166     9.0208  0.000e+00
     28.937    12.5134   3.957739    34.1047       2167     9.0250  0.000e+00
     28.880    12.5164   3.957977    34.1042       2168     9.0292  0.000e+00
     28.822    12.5200   3.958606    34.1071       2169     9.0333  0.000e+00
     28.762    12.5261   3.959942    34.1144       2170     9.0375  0.000e+00
     28.701    12.5380   3.962422    34.1275       2171     9.0417  0.000e+00
     28.641    12.5571   3.964755    34.1326       2172     9.0458  0.000e+00
     28.576    12.5808   3.966702    34.1297       2173     9.0500  0.000e+00
     28.500    12.6047   3.968405    34.1244       2174     9.0542  0.000e+00
     28.422    12.6277   3.970347    34.1223       2175     9.0583  0.000e+00
     28.346    12.6514   3.972462    34.1211       2176     9.0625  0.000e+00
     28.266    12.6750   3.974585    34.1201       2177     9.0667  0.000e+00
     28.196    12.6988   3.976238    34.1144       2178     9.0708  0.000e+00
     28.104    12.7215   3.977711    34.1080       2179     9.0750  0.000e+00
     28.017    12.7416   3.979533    34.1072       2180     9.0792  0.000e+00
     27.921    12.7621   3.981386    34.1064       2181     9.0833  0.000e+00
     27.823    12.7828   3.983826    34.1111       2182     9.0875  0.000e+00
     27.727    12.8060   3.986293    34.1138       2183     9.0917  0.000e+00
     27.622    12.8323   3.988289    34.1091       2184     9.0958  0.000e+00
     27.530    12.8580   3.990029    34.1024       2185     9.1000  0.000e+00
     27.436    12.8815   3.991627    34.0965       2186     9.1042  0.000e+00
     27.331    12.9033   3.994160    34.1011       2187     9.1083  0.000e+00
     27.240    12.9272   3.997647    34.1128       2188     9.1125  0.000e+00
     27.144    12.9559   4.001420    34.1229       2189     9.1167  0.000e+00
     27.061    12.9898   4.006189    34.1376       2190     9.1208  0.000e+00
     26.985    13.0305   4.011095    34.1476       2191     9.1250  0.000e+00
     26.907    13.0770   4.016055    34.1529       2192     9.1292  0.000e+00
     26.849    13.1240   4.019130    34.1397       2193     9.1333  0.000e+00
     26.795    13.1663   4.020358    34.1133       2194     9.1375  0.000e+00
     26.755    13.1984   4.020661    34.0873       2195     9.1417  0.000e+00
     26.726    13.2210   4.021126    34.0715       2196     9.1458  0.000e+00
     26.701    13.2369   4.021896    34.0645       2197     9.1500  0.000e+00
     26.696    13.2520   4.023518    34.0663       2198     9.1542  0.000e+00
     26.690    13.2704   4.025717    34.0706       2199     9.1583  0.000e+00
     26.696    13.2913   4.028634    34.0794       2200     9.1625  0.000e+00
     26.712    13.3135   4.031390    34.0855       2201     9.1667  0.000e+00
     26.729    13.3361   4.033486    34.0850       2202     9.1708  0.000e+00
     26.749    13.3587   4.034658    34.0759       2203     9.1750  0.000e+00
     26.751    13.3768   4.035428    34.0669       2204     9.1792  0.000e+00
     26.751    13.3895   4.035713    34.0582       2205     9.1833  0.000e+00
     26.736    13.3993   4.036386    34.0558       2206     9.1875  0.000e+00
     26.720    13.4095   4.038140    34.0632       2207     9.1917  0.000e+00
     26.675    13.4254   4.041845    34.0839       2208     9.1958  0.000e+00
     26.633    13.4509   4.046030    34.1005       2209     9.2000  0.000e+00
     26.573    13.4837   4.048882    34.0980       2210     9.2042  0.000e+00
     26.507    13.5162   4.051909    34.0974       2211     9.2083  0.000e+00
     26.403    13.5485   4.056073    34.1077       2212     9.2125  0.000e+00
     26.306    13.5853   4.060076    34.1125       2213     9.2167  0.000e+00
     26.203    13.6261   4.067055    34.1415       2214     9.2208  0.000e+00
     26.099    13.6781   4.072206    34.1434       2215     9.2250  0.000e+00
     25.989    13.7345   4.074636    34.1158       2216     9.2292  0.000e+00
     25.880    13.7829   4.076839    34.0934       2217     9.2333  0.000e+00
     25.768    13.8223   4.080961    34.0969       2218     9.2375  0.000e+00
     25.663    13.8629   4.084382    34.0926       2219     9.2417  0.000e+00
     25.569    13.9032   4.088397    34.0943       2220     9.2458  0.000e+00
     25.468    13.9431   4.090675    34.0801       2221     9.2500  0.000e+00
     25.381    13.9792   4.092315    34.0634       2222     9.2542  0.000e+00
     25.281    14.0086   4.093786    34.0510       2223     9.2583  0.000e+00
     25.196    14.0317   4.094821    34.0403       2224     9.2625  0.000e+00
     25.111    14.0504   4.095739    34.0322       2225     9.2667  0.000e+00
     25.039    14.0667   4.096241    34.0225       2226     9.2708  0.000e+00
     24.975    14.0798   4.097237    34.0202       2227     9.2750  0.000e+00
     24.919    14.0908   4.097432    34.0124       2228     9.2792  0.000e+00
     24.863    14.0999   4.097862    34.0083       2229     9.2833  0.000e+00
     24.816    14.1073   4.098286    34.0057       2230     9.2875  0.000e+00
     24.784    14.1142   4.098787    34.0043       2231     9.2917  0.000e+00
     24.751    14.1216   4.099576    34.0051       2232     9.2958  0.000e+00
     24.717    14.1288   4.100286    34.0053       2233     9.3000  0.000e+00
     24.689    14.1356   4.100722    34.0034       2234     9.3042  0.000e+00
     24.659    14.1416   4.101433    34.0046       2235     9.3083  0.000e+00
     24.621    14.1473   4.101889    34.0039       2236     9.3125  0.000e+00
     24.581    14.1526   4.102677    34.0065       2237     9.3167  0.000e+00
     24.538    14.1579   4.103283    34.0075       2238     9.3208  0.000e+00
     24.505    14.1629   4.103890    34.0086       2239     9.3250  0.000e+00
     24.456    14.1678   4.104561    34.0106       2240     9.3292  0.000e+00
     24.418    14.1732   4.105233    34.0120       2241     9.3333  0.000e+00
     24.367    14.1791   4.105943    34.0134       2242     9.3375  0.000e+00
     24.315    14.1853   4.106536    34.0134       2243     9.3417  0.000e+00
     24.261    14.1913   4.107260    34.0149       2244     9.3458  0.000e+00
     24.208    14.1975   4.108121    34.0174       2245     9.3500  0.000e+00
     24.143    14.2058   4.109790    34.0256       2246     9.3542  0.000e+00
     24.076    14.2170   4.111441    34.0309       2247     9.3583  0.000e+00
     24.008    14.2317   4.114077    34.0423       2248     9.3625  0.000e+00
     23.946    14.2512   4.116661    34.0490       2249     9.3667  0.000e+00
     23.883    14.2756   4.119180    34.0508       2250     9.3708  0.000e+00
     23.827    14.3016   4.121459    34.0489       2251     9.3750  0.000e+00
     23.765    14.3281   4.122850    34.0384       2252     9.3792  0.000e+00
     23.716    14.3518   4.123548    34.0241       2253     9.3833  0.000e+00
     23.667    14.3706   4.124221    34.0137       2254     9.3875  0.000e+00
     23.624    14.3862   4.125207    34.0091       2255     9.3917  0.000e+00
     23.590    14.4014   4.126526    34.0079       2256     9.3958  0.000e+00
     23.552    14.4157   4.128016    34.0090       2257     9.4000  0.000e+00
     23.524    14.4298   4.129650    34.0117       2258     9.4042  0.000e+00
     23.490    14.4458   4.131264    34.0125       2259     9.4083  0.000e+00
     23.466    14.4640   4.133814    34.0200       2260     9.4125  0.000e+00
     23.430    14.4821   4.134945    34.0145       2261     9.4167  0.000e+00
     23.390    14.4982   4.135840    34.0086       2262     9.4208  0.000e+00
     23.351    14.5126   4.138031    34.0161       2263     9.4250  0.000e+00
     23.302    14.5322   4.140517    34.0217       2264     9.4292  0.000e+00
     23.247    14.5552   4.142591    34.0206       2265     9.4333  0.000e+00
     23.177    14.5768   4.142853    34.0041       2266     9.4375  0.000e+00
