HB2407/sbe033.cnv
* Sea-Bird SBE 19plus V2 Data File:
* FileName = C:\cruise\data\sbe033.hex
* Software Version Seasave V 7.26.7.121
* Temperature SN = 7143
* Conductivity SN = 7143
* System UpLoad Time = Sep 20 2024 21:58:01
* NMEA Latitude = 35 37.83 N
* NMEA Longitude = 074 48.59 W
* NMEA UTC (Time) = Sep 20 2024  21:58:23
** Ship: Bigelow
** Cruise:  HB2407
** Program:  Fall Bottom Trawl
# nquan = 7
# nvalues = 3548                                  
# units = specified
# name 0 = depSM: Depth [salt water, m]
# name 1 = tv290C: Temperature [ITS-90, deg C]
# name 2 = c0S/m: Conductivity [S/m]
# name 3 = sal00: Salinity, Practical [PSU]
# name 4 = scan: Scan Count
# name 5 = timeM: Time, Elapsed [minutes]
# name 6 = flag:  0.000e+00
# span 0 =     -0.057,    154.271                 
# span 1 =    10.6753,    26.1571                 
# span 2 =   0.000061,   5.460360                 
# span 3 =     0.0114,    35.9511                 
# span 4 =         11,       3558                 
# span 5 =     0.0417,    14.8208                 
# span 6 = 0.0000e+00, 0.0000e+00                 
# interval = seconds: 0.25
# start_time = Sep 20 2024 21:58:23 [NMEA time, header]
# bad_flag = -9.990e-29
*END*
[from data line 2462]
     62.495    17.6516   4.389889    33.5602       2473    10.3000  0.000e+00
     62.492    17.6967   4.390773    33.5307       2474    10.3042  0.000e+00
     62.508    17.7247   4.390377    33.5042       2475    10.3083  0.000e+00
     62.550    17.7385   4.389036    33.4814       2476    10.3125  0.000e+00
     62.612    17.7424   4.387970    33.4691       2477    10.3167  0.000e+00
     62.680    17.7393   4.386656    33.4603       2478    10.3208  0.000e+00
     62.755    17.7348   4.386415    33.4620       2479    10.3250  0.000e+00
     62.825    17.7303   4.385544    33.4582       2480    10.3292  0.000e+00
     62.873    17.7236   4.382710    33.4395       2481    10.3333  0.000e+00
     62.909    17.7056   4.373696    33.3774       2482    10.3375  0.000e+00
     62.922    17.6576   4.357823    33.2812       2483    10.3417  0.000e+00
     62.916    17.5838   4.350795    33.2815       2484    10.3458  0.000e+00
     62.869    17.5201   4.363247    33.4405       2485    10.3500  0.000e+00
     62.795    17.5211   4.379792    33.5815       2486    10.3542  0.000e+00
     62.685    17.5719   4.387182    33.6029       2487    10.3583  0.000e+00
     62.552    17.6298   4.387241    33.5556       2488    10.3625  0.000e+00
     62.406    17.6715   4.391337    33.5563       2489    10.3667  0.000e+00
     62.255    17.7059   4.393254    33.5443       2490    10.3708  0.000e+00
     62.101    17.7334   4.394843    33.5353       2491    10.3750  0.000e+00
     61.947    17.7533   4.395494    33.5245       2492    10.3792  0.000e+00
     61.803    17.7697   4.412156    33.6532       2493    10.3833  0.000e+00
     61.669    17.8429   4.468555    34.0738       2494    10.3875  0.000e+00
     61.553    18.0517   4.498748    34.1566       2495    10.3917  0.000e+00
     61.446    18.2981   4.519615    34.1281       2496    10.3958  0.000e+00
     61.352    18.5155   4.532203    34.0541       2497    10.4000  0.000e+00
     61.276    18.6911   4.545418    34.0201       2498    10.4042  0.000e+00
     61.213    18.8315   4.556565    33.9979       2499    10.4083  0.000e+00
     61.162    18.9555   4.579110    34.0841       2500    10.4125  0.000e+00
     61.115    19.1002   4.600073    34.1397       2501    10.4167  0.000e+00
     61.070    19.2598   4.634670    34.2956       2502    10.4208  0.000e+00
     61.030    19.4583   4.665738    34.3892       2503    10.4250  0.000e+00
     60.988    19.6727   4.681285    34.3412       2504    10.4292  0.000e+00
     60.945    19.8468   4.683859    34.2200       2505    10.4333  0.000e+00
     60.898    19.9600   4.685015    34.1373       2506    10.4375  0.000e+00
     60.849    20.0283   4.686841    34.0969       2507    10.4417  0.000e+00
     60.800    20.0686   4.684421    34.0446       2508    10.4458  0.000e+00
     60.746    20.0849   4.685709    34.0419       2509    10.4500  0.000e+00
     60.688    20.0961   4.688997    34.0596       2510    10.4542  0.000e+00
     60.632    20.1082   4.688052    34.0422       2511    10.4583  0.000e+00
     60.585    20.1110   4.683400    34.0021       2512    10.4625  0.000e+00
     60.532    20.1010   4.681678    33.9961       2513    10.4667  0.000e+00
     60.491    20.0891   4.680955    33.9999       2514    10.4708  0.000e+00
     60.452    20.0780   4.680714    34.0069       2515    10.4750  0.000e+00
     60.416    20.0739   4.684634    34.0422       2516    10.4792  0.000e+00
     60.384    20.0810   4.687205    34.0574       2517    10.4833  0.000e+00
     60.355    20.0894   4.682863    34.0153       2518    10.4875  0.000e+00
     60.322    20.0846   4.681086    34.0046       2519    10.4917  0.000e+00
     60.295    20.0782   4.688590    34.0710       2520    10.4958  0.000e+00
     60.252    20.1107   4.731315    34.3927       2521    10.5000  0.000e+00
     60.209    20.2705   4.792932    34.7637       2522    10.5042  0.000e+00
     60.156    20.5458   4.841636    34.9323       2523    10.5083  0.000e+00
     60.091    20.8774   4.908412    35.1980       2524    10.5125  0.000e+00
     60.019    21.2605   4.936819    35.1105       2525    10.5167  0.000e+00
     59.935    21.5789   4.944089    34.9087       2526    10.5208  0.000e+00
     59.852    21.7917   4.946842    34.7586       2527    10.5250  0.000e+00
     59.769    21.9228   4.951856    34.6928       2528    10.5292  0.000e+00
     59.678    22.0087   4.957953    34.6718       2529    10.5333  0.000e+00
     59.586    22.0696   4.960105    34.6401       2530    10.5375  0.000e+00
     59.490    22.1083   4.958721    34.5983       2531    10.5417  0.000e+00
     59.394    22.1266   4.957922    34.5775       2532    10.5458  0.000e+00
     59.303    22.1350   4.964179    34.6198       2533    10.5500  0.000e+00
     59.197    22.1538   4.972340    34.6688       2534    10.5542  0.000e+00
     59.097    22.1906   4.985820    34.7449       2535    10.5583  0.000e+00
     58.985    22.2511   5.002334    34.8258       2536    10.5625  0.000e+00
     58.880    22.3337   5.011719    34.8329       2537    10.5667  0.000e+00
     58.769    22.4139   5.016910    34.8093       2538    10.5708  0.000e+00
     58.666    22.4776   5.015902    34.7506       2539    10.5750  0.000e+00
     58.557    22.5190   5.003477    34.6211       2540    10.5792  0.000e+00
     58.445    22.5351   4.998722    34.5715       2541    10.5833  0.000e+00
     58.342    22.5561   5.014666    34.6787       2542    10.5875  0.000e+00
     58.244    22.6343   5.057515    34.9492       2543    10.5917  0.000e+00
     58.157    22.8253   5.115565    35.2462       2544    10.5958  0.000e+00
     58.078    23.1450   5.180228    35.4883       2545    10.6000  0.000e+00
     58.020    23.5494   5.227358    35.5246       2546    10.6042  0.000e+00
     57.973    23.9587   5.261765    35.4593       2547    10.6083  0.000e+00
     57.944    24.3234   5.283951    35.3376       2548    10.6125  0.000e+00
     57.931    24.6086   5.295737    35.2017       2549    10.6167  0.000e+00
     57.931    24.8102   5.301335    35.0860       2550    10.6208  0.000e+00
     57.948    24.9387   5.300453    34.9796       2551    10.6250  0.000e+00
     57.982    25.0124   5.297655    34.9018       2552    10.6292  0.000e+00
     58.020    25.0393   5.288148    34.8106       2553    10.6333  0.000e+00
     58.051    25.0150   5.273342    34.7197       2554    10.6375  0.000e+00
     58.086    24.9418   5.253103    34.6258       2555    10.6417  0.000e+00
     58.117    24.8191   5.223668    34.5014       2556    10.6458  0.000e+00
     58.135    24.6552   5.197027    34.4288       2557    10.6500  0.000e+00
     58.129    24.4663   5.176458    34.4201       2558    10.6542  0.000e+00
     58.097    24.2858   5.180820    34.5918       2559    10.6583  0.000e+00
     58.042    24.1947   5.214043    34.9124       2560    10.6625  0.000e+00
     57.965    24.2454   5.255410    35.1842       2561    10.6667  0.000e+00
     57.872    24.4105   5.294048    35.3448       2562    10.6708  0.000e+00
     57.766    24.6358   5.327206    35.4158       2563    10.6750  0.000e+00
     57.655    24.8753   5.353570    35.4242       2564    10.6792  0.000e+00
     57.521    25.0990   5.373235    35.3950       2565    10.6833  0.000e+00
     57.396    25.2927   5.410296    35.5179       2566    10.6875  0.000e+00
     57.269    25.5076   5.444717    35.6037       2567    10.6917  0.000e+00
     57.143    25.7391   5.454303    35.4934       2568    10.6958  0.000e+00
     57.020    25.9179   5.458833    35.3879       2569    10.7000  0.000e+00
     56.907    26.0329   5.460060    35.3081       2570    10.7042  0.000e+00
     56.797    26.1022   5.460272    35.2564       2571    10.7083  0.000e+00
     56.703    26.1410   5.460360    35.2273       2572    10.7125  0.000e+00
     56.609    26.1571   5.423924    34.9505       2573    10.7167  0.000e+00
     56.529    26.0757   5.362842    34.5691       2574    10.7208  0.000e+00
     56.449    25.8958   5.342799    34.5592       2575    10.7250  0.000e+00
     56.386    25.7247   5.335870    34.6383       2576    10.7292  0.000e+00
     56.323    25.6025   5.331129    34.6965       2577    10.7333  0.000e+00
     56.266    25.5207   5.330424    34.7537       2578    10.7375  0.000e+00
     56.219    25.4760   5.335357    34.8241       2579    10.7417  0.000e+00
     56.179    25.4636   5.337099    34.8463       2580    10.7458  0.000e+00
     56.142    25.4532   5.319955    34.7284       2581    10.7500  0.000e+00
     56.109    25.4247   5.330046    34.8243       2582    10.7542  0.000e+00
     56.071    25.4198   5.328677    34.8181       2583    10.7583  0.000e+00
     56.029    25.3984   5.293420    34.5753       2584    10.7625  0.000e+00
     55.986    25.3166   5.276657    34.5143       2585    10.7667  0.000e+00
     55.937    25.2222   5.264771    34.4986       2586    10.7708  0.000e+00
     55.879    25.1383   5.260520    34.5311       2587    10.7750  0.000e+00
     55.825    25.0762   5.259268    34.5694       2588    10.7792  0.000e+00
     55.763    25.0366   5.257611    34.5874       2589    10.7833  0.000e+00
     55.702    25.0102   5.255663    34.5932       2590    10.7875  0.000e+00
     55.640    24.9906   5.255244    34.6051       2591    10.7917  0.000e+00
     55.586    24.9776   5.254549    34.6100       2592    10.7958  0.000e+00
     55.524    24.9685   5.254144    34.6139       2593    10.8000  0.000e+00
     55.470    24.9626   5.253608    34.6145       2594    10.8042  0.000e+00
     55.421    24.9583   5.253210    34.6149       2595    10.8083  0.000e+00
     55.374    24.9546   5.252711    34.6140       2596    10.8125  0.000e+00
     55.329    24.9505   5.251285    34.6066       2597    10.8167  0.000e+00
     55.280    24.9441   5.250410    34.6050       2598    10.8208  0.000e+00
     55.227    24.9384   5.250569    34.6106       2599    10.8250  0.000e+00
     55.170    24.9361   5.251835    34.6218       2600    10.8292  0.000e+00
     55.123    24.9385   5.252863    34.6276       2601    10.8333  0.000e+00
     55.070    24.9409   5.250721    34.6099       2602    10.8375  0.000e+00
     55.014    24.9367   5.249179    34.6016       2603    10.8417  0.000e+00
     54.954    24.9308   5.249020    34.6050       2604    10.8458  0.000e+00
     54.891    24.9234   5.242098    34.5594       2605    10.8500  0.000e+00
     54.828    24.9056   5.237456    34.5386       2606    10.8542  0.000e+00
     54.759    24.8828   5.233048    34.5234       2607    10.8583  0.000e+00
     54.683    24.8573   5.225232    34.4849       2608    10.8625  0.000e+00
     54.605    24.8217   5.205167    34.3632       2609    10.8667  0.000e+00
     54.529    24.7567   5.182487    34.2444       2610    10.8708  0.000e+00
     54.448    24.6648   5.164864    34.1832       2611    10.8750  0.000e+00
     54.364    24.5690   5.149047    34.1384       2612    10.8792  0.000e+00
     54.283    24.4679   5.125221    34.0375       2613    10.8833  0.000e+00
     54.200    24.3631   5.112432    34.0215       2614    10.8875  0.000e+00
     54.113    24.2711   5.102659    34.0184       2615    10.8917  0.000e+00
     54.030    24.1922   5.092886    34.0051       2616    10.8958  0.000e+00
     53.948    24.1211   5.081851    33.9764       2617    10.9000  0.000e+00
     53.858    24.0538   5.076003    33.9838       2618    10.9042  0.000e+00
     53.767    23.9970   5.067121    33.9602       2619    10.9083  0.000e+00
     53.677    23.9447   5.062512    33.9654       2620    10.9125  0.000e+00
     53.577    23.9008   5.052352    33.9223       2621    10.9167  0.000e+00
     53.470    23.8354   4.988813    33.4930       2622    10.9208  0.000e+00
     53.369    23.6445   4.905083    33.0046       2623    10.9250  0.000e+00
     53.267    23.3381   4.854154    32.8472       2624    10.9292  0.000e+00
     53.153    23.0272   4.829958    32.8948       2625    10.9333  0.000e+00
     53.059    22.7783   4.819320    33.0002       2626    10.9375  0.000e+00
     52.960    22.6040   4.814456    33.0943       2627    10.9417  0.000e+00
     52.882    22.4928   4.812986    33.1673       2628    10.9458  0.000e+00
     52.800    22.4278   4.810576    33.1982       2629    10.9500  0.000e+00
     52.746    22.3867   4.801680    33.1606       2630    10.9542  0.000e+00
     52.699    22.3473   4.780267    33.0248       2631    10.9583  0.000e+00
     52.667    22.2844   4.758902    32.9069       2632    10.9625  0.000e+00
     52.643    22.2103   4.750055    32.8944       2633    10.9667  0.000e+00
     52.627    22.1459   4.744477    32.8998       2634    10.9708  0.000e+00
     52.614    22.0969   4.740571    32.9066       2635    10.9750  0.000e+00
     52.606    22.0595   4.738307    32.9173       2636    10.9792  0.000e+00
     52.596    22.0316   4.736376    32.9235       2637    10.9833  0.000e+00
     52.584    22.0099   4.733047    32.9140       2638    10.9875  0.000e+00
     52.571    21.9892   4.729975    32.9058       2639    10.9917  0.000e+00
     52.548    21.9716   4.730044    32.9197       2640    10.9958  0.000e+00
     52.528    21.9607   4.728453    32.9156       2641    11.0000  0.000e+00
     52.495    21.9515   4.728093    32.9198       2642    11.0042  0.000e+00
     52.459    21.9439   4.724531    32.8978       2643    11.0083  0.000e+00
     52.414    21.9296   4.716740    32.8479       2644    11.0125  0.000e+00
     52.363    21.8969   4.701450    32.7534       2645    11.0167  0.000e+00
     52.311    21.8446   4.696269    32.7525       2646    11.0208  0.000e+00
     52.249    21.7917   4.679417    32.6609       2647    11.0250  0.000e+00
     52.179    21.7195   4.657248    32.5421       2648    11.0292  0.000e+00
     52.104    21.6221   4.639358    32.4754       2649    11.0333  0.000e+00
     52.025    21.5145   4.623053    32.4285       2650    11.0375  0.000e+00
     51.938    21.4093   4.613253    32.4308       2651    11.0417  0.000e+00
     51.845    21.3182   4.602956    32.4185       2652    11.0458  0.000e+00
     51.751    21.2380   4.589593    32.3737       2653    11.0500  0.000e+00
     51.659    21.1580   4.582601    32.3789       2654    11.0542  0.000e+00
     51.563    21.0901   4.580247    32.4117       2655    11.0583  0.000e+00
     51.467    21.0432   4.579122    32.4384       2656    11.0625  0.000e+00
     51.384    21.0128   4.578317    32.4550       2657    11.0667  0.000e+00
     51.302    20.9958   4.582078    32.4979       2658    11.0708  0.000e+00
     51.227    20.9988   4.589255    32.5526       2659    11.0750  0.000e+00
     51.154    21.0255   4.599513    32.6137       2660    11.0792  0.000e+00
     51.091    21.0785   4.611519    32.6684       2661    11.0833  0.000e+00
     51.027    21.1481   4.617591    32.6635       2662    11.0875  0.000e+00
     50.979    21.2137   4.623852    32.6630       2663    11.0917  0.000e+00
     50.921    21.2748   4.632406    32.6841       2664    11.0958  0.000e+00
     50.868    21.3385   4.642498    32.7153       2665    11.1000  0.000e+00
     50.809    21.4102   4.651652    32.7329       2666    11.1042  0.000e+00
     50.749    21.4795   4.659121    32.7390       2667    11.1083  0.000e+00
     50.682    21.5422   4.665378    32.7405       2668    11.1125  0.000e+00
     50.606    21.5995   4.671990    32.7489       2669    11.1167  0.000e+00
     50.526    21.6515   4.676416    32.7441       2670    11.1208  0.000e+00
     50.441    21.6957   4.680940    32.7461       2671    11.1250  0.000e+00
     50.349    21.7364   4.685039    32.7473       2672    11.1292  0.000e+00
     50.271    21.7730   4.687726    32.7406       2673    11.1333  0.000e+00
     50.190    21.8027   4.689987    32.7358       2674    11.1375  0.000e+00
     50.108    21.8269   4.691441    32.7290       2675    11.1417  0.000e+00
     50.039    21.8446   4.692006    32.7200       2676    11.1458  0.000e+00
