HB2407/sbe097.cnv
* Sea-Bird SBE 19plus V2 Data File:
* FileName = C:\cruise\data\sbe097.hex
* Software Version Seasave V 7.26.7.121
* Temperature SN = 7037
* Conductivity SN = 7037
* System UpLoad Time = Oct 17 2024 13:56:06
* NMEA Latitude = 41 51.92 N
* NMEA Longitude = 067 48.27 W
* NMEA UTC (Time) = Oct 17 2024  13:55:00
** Ship: Bigelow
** Cruise:  HB2407
** Program:  Spring Bottom Trawl
# nquan = 8
# nvalues = 1631                                  
# units = specified
# name 0 = depSM: Depth [salt water, m]
# name 1 = tv290C: Temperature [ITS-90, deg C]
# name 2 = c0S/m: Conductivity [S/m]
# name 3 = sal00: Salinity, Practical [PSU]
# name 4 = scan: Scan Count
# name 5 = timeM: Time, Elapsed [minutes]
# name 6 = sbeox0V: Oxygen raw, SBE 43 [V]
# name 7 = flag:  0.000e+00
# span 0 =      0.067,     35.091                 
# span 1 =    12.0429,    14.7062                 
# span 2 =   0.000025,   3.923756                 
# span 3 =     0.0062,    32.6376                 
# span 4 =         11,       1641                 
# span 5 =     0.0417,     6.8333                 
# span 6 =     2.0907,     2.5840                 
# span 7 = 0.0000e+00, 0.0000e+00                 
# interval = seconds: 0.25
# start_time = Oct 17 2024 13:55:00 [NMEA time, header]
# bad_flag = -9.990e-29
*END*
      0.130    12.0931   0.000036     0.0062         11     0.0417     2.5406  0.000e+00
      0.128    12.0904   0.000042     0.0062         12     0.0458     2.5405  0.000e+00
      0.127    12.0849   0.000042     0.0062         13     0.0500     2.5406  0.000e+00
      0.127    12.0774   0.000036     0.0062         14     0.0542     2.5409  0.000e+00
      0.123    12.0705   0.000042     0.0062         15     0.0583     2.5409  0.000e+00
      0.125    12.0659   0.000042     0.0062         16     0.0625     2.5411  0.000e+00
      0.130    12.0634   0.000042     0.0062         17     0.0667     2.5414  0.000e+00
      0.129    12.0625   0.000036     0.0062         18     0.0708     2.5408  0.000e+00
      0.125    12.0614   0.000031     0.0062         19     0.0750     2.5403  0.000e+00
      0.125    12.0588   0.000036     0.0062         20     0.0792     2.5419  0.000e+00
      0.123    12.0561   0.000042     0.0062         21     0.0833     2.5413  0.000e+00
      0.125    12.0551   0.000036     0.0062         22     0.0875     2.5411  0.000e+00
      0.127    12.0568   0.000036     0.0062         23     0.0917     2.5412  0.000e+00
      0.127    12.0568   0.000036     0.0062         24     0.0958     2.5416  0.000e+00
      0.130    12.0530   0.000036     0.0062         25     0.1000     2.5417  0.000e+00
      0.127    12.0469   0.000036     0.0062         26     0.1042     2.5418  0.000e+00
      0.127    12.0429   0.000036     0.0062         27     0.1083     2.5405  0.000e+00
      0.127    12.0448   0.000036     0.0062         28     0.1125     2.5415  0.000e+00
      0.129    12.0497   0.000036     0.0062         29     0.1167     2.5410  0.000e+00
      0.129    12.0552   0.000042     0.0062         30     0.1208     2.5406  0.000e+00
      0.125    12.0594   0.000033     0.0062         31     0.1250     2.5412  0.000e+00
      0.125    12.0627   0.000036     0.0062         32     0.1292     2.5418  0.000e+00
      0.127    12.0656   0.000036     0.0062         33     0.1333     2.5410  0.000e+00
      0.125    12.0679   0.000036     0.0062         34     0.1375     2.5411  0.000e+00
      0.131    12.0705   0.000042     0.0062         35     0.1417     2.5421  0.000e+00
      0.129    12.0748   0.000042     0.0062         36     0.1458     2.5416  0.000e+00
      0.127    12.0807   0.000036     0.0062         37     0.1500     2.5412  0.000e+00
      0.125    12.0878   0.000036     0.0062         38     0.1542     2.5414  0.000e+00
      0.125    12.0947   0.000042     0.0063         39     0.1583     2.5414  0.000e+00
      0.123    12.1018   0.000042     0.0063         40     0.1625     2.5418  0.000e+00
      0.127    12.1083   0.000042     0.0063         41     0.1667     2.5413  0.000e+00
      0.125    12.1153   0.000036     0.0063         42     0.1708     2.5423  0.000e+00
      0.127    12.1229   0.000036     0.0063         43     0.1750     2.5423  0.000e+00
      0.127    12.1310   0.000036     0.0063         44     0.1792     2.5425  0.000e+00
      0.125    12.1391   0.000036     0.0063         45     0.1833     2.5401  0.000e+00
      0.127    12.1455   0.000036     0.0063         46     0.1875     2.5417  0.000e+00
      0.127    12.1499   0.000036     0.0063         47     0.1917     2.5421  0.000e+00
      0.127    12.1536   0.000042     0.0063         48     0.1958     2.5413  0.000e+00
      0.125    12.1586   0.000036     0.0063         49     0.2000     2.5420  0.000e+00
      0.127    12.1645   0.000036     0.0063         50     0.2042     2.5418  0.000e+00
      0.129    12.1704   0.000036     0.0063         51     0.2083     2.5424  0.000e+00
      0.129    12.1756   0.000042     0.0063         52     0.2125     2.5415  0.000e+00
      0.127    12.1806   0.000042     0.0063         53     0.2167     2.5425  0.000e+00
      0.131    12.1866   0.000042     0.0063         54     0.2208     2.5417  0.000e+00
      0.131    12.1955   0.000036     0.0063         55     0.2250     2.5421  0.000e+00
      0.129    12.2056   0.000036     0.0063         56     0.2292     2.5623  0.000e+00
      0.190    12.2161   0.000025     0.0063         57     0.2333     2.5792  0.000e+00
      0.380    12.2274   2.021288    16.3974         58     0.2375     2.5840  0.000e+00
      0.574    12.3000   1.830775    14.6917         59     0.2417     2.5752  0.000e+00
      0.733    12.5981   2.017160    16.2008         60     0.2458     2.5579  0.000e+00
      0.845    12.9105   3.344536    27.9996         61     0.2500     2.5351  0.000e+00
      0.895    13.1962   3.864077    32.6227         62     0.2542     2.5097  0.000e+00
      0.901    13.4942   3.892909    32.6376         63     0.2583     2.4846  0.000e+00
      0.854    13.7661   3.887718    32.3582         64     0.2625     2.4584  0.000e+00
      0.791    13.9917   3.900602    32.2875         65     0.2667     2.4311  0.000e+00
      0.709    14.1686   3.883133    31.9792         66     0.2708     2.4088  0.000e+00
      0.566    14.3031   3.903708    32.0563         67     0.2750     2.3914  0.000e+00
      0.375    14.4027   3.906680    32.0010         68     0.2792     2.3774  0.000e+00
      0.227    14.4753   3.902163    31.9001         69     0.2833     2.3695  0.000e+00
      0.171    14.5236   3.891977    31.7677         70     0.2875     2.3616  0.000e+00
      0.149    14.5530   3.237119    25.8759         71     0.2917     2.3559  0.000e+00
      0.125    14.5700   3.794658    30.8480         72     0.2958     2.3505  0.000e+00
      0.145    14.5797   3.004658    23.8162         73     0.3000     2.3411  0.000e+00
      0.228    14.5833   1.776684    13.3981         74     0.3042     2.3294  0.000e+00
      0.424    14.5609   3.876418    31.5958         75     0.3083     2.3150  0.000e+00
      0.702    14.4871   3.212062    25.6980         76     0.3125     2.3014  0.000e+00
      0.970    14.4150   3.767823    30.7276         77     0.3167     2.2888  0.000e+00
      1.183    14.3505   3.872105    31.7282         78     0.3208     2.2794  0.000e+00
      1.386    14.2894   3.823101    31.3309         79     0.3250     2.2745  0.000e+00
      1.559    14.2295   3.866110    31.7727         80     0.3292     2.2699  0.000e+00
      1.698    14.1727   3.864723    31.8067         81     0.3333     2.2670  0.000e+00
      1.734    14.1270   3.864222    31.8398         82     0.3375     2.2644  0.000e+00
      1.671    14.1062   3.885124    32.0490         83     0.3417     2.2614  0.000e+00
      1.570    14.1595   3.897149    32.1151         84     0.3458     2.2547  0.000e+00
      1.456    14.2671   3.909813    32.1417         85     0.3500     2.2473  0.000e+00
      1.362    14.3745   3.910743    32.0610         86     0.3542     2.2384  0.000e+00
      1.282    14.4610   3.911301    31.9946         87     0.3583     2.2365  0.000e+00
      1.243    14.5252   3.910699    31.9363         88     0.3625     2.2399  0.000e+00
      1.252    14.5706   3.910073    31.8932         89     0.3667     2.2472  0.000e+00
      1.279    14.6020   3.909310    31.8605         90     0.3708     2.2548  0.000e+00
      1.320    14.6225   3.907351    31.8259         91     0.3750     2.2618  0.000e+00
      1.371    14.6348   3.897881    31.7299         92     0.3792     2.2657  0.000e+00
      1.436    14.6427   3.889931    31.6514         93     0.3833     2.2671  0.000e+00
      1.535    14.6323   3.896272    31.7173         94     0.3875     2.2661  0.000e+00
      1.642    14.5922   3.896297    31.7503         95     0.3917     2.2638  0.000e+00
      1.774    14.5546   3.895487    31.7736         96     0.3958     2.2580  0.000e+00
      1.933    14.5230   3.890389    31.7531         97     0.4000     2.2512  0.000e+00
      2.098    14.4940   3.880038    31.6826         98     0.4042     2.2418  0.000e+00
      2.231    14.4632   3.874528    31.6577         99     0.4083     2.2333  0.000e+00
      2.329    14.4106   3.871973    31.6774        100     0.4125     2.2271  0.000e+00
      2.412    14.3501   3.870286    31.7115        101     0.4167     2.2221  0.000e+00
      2.488    14.2956   3.868940    31.7438        102     0.4208     2.2187  0.000e+00
      2.553    14.2519   3.872352    31.8110        103     0.4250     2.2158  0.000e+00
      2.575    14.2265   3.880083    31.9027        104     0.4292     2.2105  0.000e+00
      2.557    14.2357   3.895450    32.0358        105     0.4333     2.2059  0.000e+00
      2.528    14.2906   3.907121    32.0971        106     0.4375     2.1983  0.000e+00
      2.494    14.3683   3.910377    32.0624        107     0.4417     2.1923  0.000e+00
      2.497    14.4428   3.910863    32.0052        108     0.4458     2.1873  0.000e+00
      2.530    14.5032   3.909822    31.9459        109     0.4500     2.1874  0.000e+00
      2.604    14.5461   3.905111    31.8677        110     0.4542     2.1888  0.000e+00
      2.692    14.5761   3.895835    31.7588        111     0.4583     2.1925  0.000e+00
      2.808    14.5972   3.896273    31.7455        112     0.4625     2.1947  0.000e+00
      2.929    14.5948   3.897041    31.7544        113     0.4667     2.1942  0.000e+00
      3.047    14.5708   3.893286    31.7399        114     0.4708     2.1918  0.000e+00
      3.153    14.5473   3.886743    31.6997        115     0.4750     2.1880  0.000e+00
      3.253    14.5256   3.881841    31.6728        116     0.4792     2.1838  0.000e+00
      3.347    14.4920   3.880170    31.6850        117     0.4833     2.1771  0.000e+00
      3.428    14.4421   3.879691    31.7215        118     0.4875     2.1708  0.000e+00
      3.492    14.4034   3.883838    31.7910        119     0.4917     2.1620  0.000e+00
      3.539    14.3828   3.889719    31.8615        120     0.4958     2.1509  0.000e+00
      3.573    14.3855   3.900118    31.9541        121     0.5000     2.1389  0.000e+00
      3.591    14.4207   3.909824    32.0136        122     0.5042     2.1279  0.000e+00
      3.624    14.4738   3.913219    32.0006        123     0.5083     2.1168  0.000e+00
      3.667    14.5242   3.914697    31.9725        124     0.5125     2.1124  0.000e+00
      3.703    14.5648   3.915526    31.9466        125     0.5167     2.1168  0.000e+00
      3.748    14.5960   3.915688    31.9224        126     0.5208     2.1273  0.000e+00
      3.810    14.6178   3.915989    31.9072        127     0.5250     2.1409  0.000e+00
      3.871    14.6342   3.915922    31.8931        128     0.5292     2.1571  0.000e+00
      3.936    14.6474   3.915183    31.8755        129     0.5333     2.1725  0.000e+00
      4.007    14.6572   3.914209    31.8586        130     0.5375     2.1849  0.000e+00
      4.081    14.6644   3.913607    31.8472        131     0.5417     2.1957  0.000e+00
      4.153    14.6698   3.913259    31.8396        132     0.5458     2.2016  0.000e+00
      4.226    14.6732   3.912201    31.8273        133     0.5500     2.2067  0.000e+00
      4.294    14.6747   3.911876    31.8230        134     0.5542     2.2070  0.000e+00
      4.367    14.6758   3.912297    31.8260        135     0.5583     2.2065  0.000e+00
      4.439    14.6755   3.913120    31.8336        136     0.5625     2.2049  0.000e+00
      4.517    14.6749   3.914323    31.8449        137     0.5667     2.2034  0.000e+00
      4.592    14.6745   3.914900    31.8505        138     0.5708     2.2018  0.000e+00
      4.656    14.6751   3.916061    31.8605        139     0.5750     2.1995  0.000e+00
      4.708    14.6774   3.916500    31.8626        140     0.5792     2.1965  0.000e+00
      4.759    14.6800   3.916361    31.8592        141     0.5833     2.1923  0.000e+00
      4.811    14.6824   3.915622    31.8505        142     0.5875     2.1897  0.000e+00
      4.871    14.6838   3.915664    31.8497        143     0.5917     2.1879  0.000e+00
      4.938    14.6833   3.915826    31.8515        144     0.5958     2.1890  0.000e+00
      5.024    14.6807   3.914900    31.8452        145     0.6000     2.1936  0.000e+00
      5.120    14.6775   3.913379    31.8340        146     0.6042     2.1968  0.000e+00
      5.225    14.6750   3.909959    31.8051        147     0.6083     2.2003  0.000e+00
      5.328    14.6723   3.905135    31.7635        148     0.6125     2.2023  0.000e+00
      5.426    14.6706   3.905183    31.7653        149     0.6167     2.1999  0.000e+00
      5.520    14.6605   3.905760    31.7787        150     0.6208     2.1980  0.000e+00
      5.612    14.6394   3.905045    31.7895        151     0.6250     2.1942  0.000e+00
      5.702    14.6197   3.903616    31.7927        152     0.6292     2.1868  0.000e+00
      5.775    14.6057   3.904811    31.8149        153     0.6333     2.1821  0.000e+00
      5.831    14.5958   3.907629    31.8486        154     0.6375     2.1761  0.000e+00
      5.878    14.5952   3.914721    31.9134        155     0.6417     2.1697  0.000e+00
      5.918    14.6076   3.918443    31.9371        156     0.6458     2.1652  0.000e+00
      5.943    14.6255   3.919809    31.9347        157     0.6500     2.1614  0.000e+00
      5.945    14.6429   3.920410    31.9259        158     0.6542     2.1594  0.000e+00
      5.943    14.6573   3.919856    31.9091        159     0.6583     2.1611  0.000e+00
      5.961    14.6680   3.919808    31.8998        160     0.6625     2.1690  0.000e+00
      5.990    14.6753   3.919183    31.8881        161     0.6667     2.1794  0.000e+00
      6.041    14.6797   3.918370    31.8771        162     0.6708     2.1923  0.000e+00
      6.115    14.6820   3.916241    31.8559        163     0.6750     2.2034  0.000e+00
      6.207    14.6827   3.913217    31.8280        164     0.6792     2.2111  0.000e+00
      6.317    14.6832   3.913007    31.8256        165     0.6833     2.2130  0.000e+00
      6.442    14.6816   3.912784    31.8248        166     0.6875     2.2144  0.000e+00
      6.550    14.6722   3.912430    31.8293        167     0.6917     2.2098  0.000e+00
      6.679    14.6597   3.911805    31.8338        168     0.6958     2.2041  0.000e+00
      6.802    14.6502   3.911390    31.8377        169     0.7000     2.1971  0.000e+00
      6.925    14.6436   3.910675    31.8366        170     0.7042     2.1889  0.000e+00
      7.047    14.6392   3.909864    31.8328        171     0.7083     2.1793  0.000e+00
      7.154    14.6337   3.909564    31.8346        172     0.7125     2.1707  0.000e+00
      7.243    14.6226   3.908711    31.8359        173     0.7167     2.1593  0.000e+00
      7.320    14.6106   3.906938    31.8296        174     0.7208     2.1466  0.000e+00
      7.366    14.6019   3.908068    31.8469        175     0.7250     2.1325  0.000e+00
      7.393    14.5970   3.913032    31.8961        176     0.7292     2.1189  0.000e+00
      7.416    14.6022   3.917307    31.9306        177     0.7333     2.1042  0.000e+00
      7.425    14.6153   3.917933    31.9255        178     0.7375     2.0963  0.000e+00
      7.445    14.6297   3.918167    31.9158        179     0.7417     2.0928  0.000e+00
      7.474    14.6427   3.918329    31.9066        180     0.7458     2.0957  0.000e+00
      7.508    14.6525   3.918395    31.8991        181     0.7500     2.1069  0.000e+00
      7.550    14.6595   3.917818    31.8881        182     0.7542     2.1221  0.000e+00
      7.606    14.6642   3.916801    31.8750        183     0.7583     2.1395  0.000e+00
      7.686    14.6668   3.913699    31.8447        184     0.7625     2.1564  0.000e+00
      7.778    14.6681   3.912617    31.8338        185     0.7667     2.1717  0.000e+00
      7.877    14.6690   3.912455    31.8316        186     0.7708     2.1822  0.000e+00
      8.000    14.6664   3.912797    31.8367        187     0.7750     2.1888  0.000e+00
      8.123    14.6589   3.912894    31.8437        188     0.7792     2.1886  0.000e+00
      8.259    14.6472   3.911992    31.8451        189     0.7833     2.1843  0.000e+00
