HB2407/sbe077.cnv
* Sea-Bird SBE 19plus V2 Data File:
* FileName = C:\cruise\data\sbe077.hex
* Software Version Seasave V 7.26.7.121
* Temperature SN = 7143
* Conductivity SN = 7143
* System UpLoad Time = Oct 11 2024 23:33:13
* NMEA Latitude = 41 16.70 N
* NMEA Longitude = 066 50.81 W
* NMEA UTC (Time) = Oct 11 2024  23:33:00
** Ship: Bigelow
** Cruise:  HB2407
** Program:  Fall Bottom Trawl
# nquan = 7
# nvalues = 1676                                  
# units = specified
# name 0 = depSM: Depth [salt water, m]
# name 1 = tv290C: Temperature [ITS-90, deg C]
# name 2 = c0S/m: Conductivity [S/m]
# name 3 = sal00: Salinity, Practical [PSU]
# name 4 = scan: Scan Count
# name 5 = timeM: Time, Elapsed [minutes]
# name 6 = flag:  0.000e+00
# span 0 =     -0.154,     66.358                 
# span 1 =    11.2018,    16.0659                 
# span 2 =  -0.000003,   4.043673                 
# span 3 =     0.0000,    32.6141                 
# span 4 =         11,       1686                 
# span 5 =     0.0417,     7.0208                 
# span 6 = 0.0000e+00, 0.0000e+00                 
# interval = seconds: 0.25
# start_time = Oct 11 2024 23:33:00 [NMEA time, header]
# bad_flag = -9.990e-29
*END*
[from data line 616]
     64.435    11.2565   3.654895    32.2680        627     2.6083  0.000e+00
     64.319    11.2577   3.654808    32.2661        628     2.6125  0.000e+00
     64.206    11.2586   3.654721    32.2645        629     2.6167  0.000e+00
     64.116    11.2585   3.654441    32.2619        630     2.6208  0.000e+00
     64.038    11.2576   3.655510    32.2732        631     2.6250  0.000e+00
     63.971    11.2597   3.655896    32.2751        632     2.6292  0.000e+00
     63.920    11.2655   3.655479    32.2660        633     2.6333  0.000e+00
     63.877    11.2678   3.656288    32.2720        634     2.6375  0.000e+00
     63.837    11.2715   3.658551    32.2909        635     2.6417  0.000e+00
     63.803    11.2843   3.659876    32.2928        636     2.6458  0.000e+00
     63.773    11.3005   3.658962    32.2696        637     2.6500  0.000e+00
     63.735    11.3087   3.658825    32.2611        638     2.6542  0.000e+00
     63.699    11.3100   3.657506    32.2471        639     2.6583  0.000e+00
     63.650    11.3048   3.655914    32.2360        640     2.6625  0.000e+00
     63.603    11.2931   3.657612    32.2630        641     2.6667  0.000e+00
     63.540    11.2906   3.654391    32.2335        642     2.6708  0.000e+00
     63.473    11.2793   3.653004    32.2298        643     2.6750  0.000e+00
     63.402    11.2624   3.657394    32.2877        644     2.6792  0.000e+00
     63.328    11.2674   3.658321    32.2925        645     2.6833  0.000e+00
     63.252    11.2821   3.658526    32.2817        646     2.6875  0.000e+00
     63.181    11.2937   3.658526    32.2716        647     2.6917  0.000e+00
     63.121    11.3003   3.659335    32.2737        648     2.6958  0.000e+00
     63.065    11.3070   3.660697    32.2812        649     2.7000  0.000e+00
     63.029    11.3177   3.660379    32.2688        650     2.7042  0.000e+00
     63.004    11.3243   3.660180    32.2611        651     2.7083  0.000e+00
     62.998    11.3267   3.660442    32.2616        652     2.7125  0.000e+00
     63.005    11.3282   3.660628    32.2621        653     2.7167  0.000e+00
     63.023    11.3309   3.661138    32.2647        654     2.7208  0.000e+00
     63.043    11.3340   3.660354    32.2543        655     2.7250  0.000e+00
     63.061    11.3344   3.659639    32.2470        656     2.7292  0.000e+00
     63.078    11.3293   3.659073    32.2458        657     2.7333  0.000e+00
     63.089    11.3231   3.659291    32.2534        658     2.7375  0.000e+00
     63.083    11.3196   3.659876    32.2621        659     2.7417  0.000e+00
     63.069    11.3198   3.658656    32.2500        660     2.7458  0.000e+00
     63.033    11.3166   3.658320    32.2496        661     2.7500  0.000e+00
     62.980    11.3113   3.658177    32.2528        662     2.7542  0.000e+00
     62.913    11.3070   3.658377    32.2585        663     2.7583  0.000e+00
     62.830    11.3055   3.659602    32.2720        664     2.7625  0.000e+00
     62.739    11.3099   3.658569    32.2580        665     2.7667  0.000e+00
     62.632    11.3114   3.660267    32.2734        666     2.7708  0.000e+00
     62.509    11.3159   3.661705    32.2836        667     2.7750  0.000e+00
     62.379    11.3281   3.659483    32.2512        668     2.7792  0.000e+00
     62.228    11.3291   3.661922    32.2743        669     2.7833  0.000e+00
     62.065    11.3351   3.662295    32.2728        670     2.7875  0.000e+00
     61.899    11.3441   3.662165    32.2637        671     2.7917  0.000e+00
     61.727    11.3488   3.662687    32.2648        672     2.7958  0.000e+00
     61.558    11.3536   3.662712    32.2609        673     2.8000  0.000e+00
     61.388    11.3573   3.663104    32.2616        674     2.8042  0.000e+00
     61.234    11.3603   3.662401    32.2521        675     2.8083  0.000e+00
     61.098    11.3611   3.663738    32.2647        676     2.8125  0.000e+00
     60.984    11.3646   3.664255    32.2667        677     2.8167  0.000e+00
     60.905    11.3709   3.664759    32.2661        678     2.8208  0.000e+00
     60.854    11.3774   3.664952    32.2623        679     2.8250  0.000e+00
     60.847    11.3827   3.665002    32.2582        680     2.8292  0.000e+00
     60.876    11.3861   3.665064    32.2558        681     2.8333  0.000e+00
     60.933    11.3882   3.665039    32.2538        682     2.8375  0.000e+00
     61.010    11.3895   3.665064    32.2529        683     2.8417  0.000e+00
     61.109    11.3900   3.665045    32.2522        684     2.8458  0.000e+00
     61.209    11.3901   3.665064    32.2522        685     2.8500  0.000e+00
     61.308    11.3904   3.664996    32.2512        686     2.8542  0.000e+00
     61.394    11.3902   3.664908    32.2505        687     2.8583  0.000e+00
     61.466    11.3894   3.665045    32.2525        688     2.8625  0.000e+00
     61.504    11.3894   3.665151    32.2536        689     2.8667  0.000e+00
     61.520    11.3901   3.665126    32.2527        690     2.8708  0.000e+00
     61.509    11.3905   3.664647    32.2477        691     2.8750  0.000e+00
     61.457    11.3889   3.664473    32.2474        692     2.8792  0.000e+00
     61.365    11.3861   3.664865    32.2537        693     2.8833  0.000e+00
     61.244    11.3860   3.664473    32.2500        694     2.8875  0.000e+00
     61.095    11.3854   3.664516    32.2510        695     2.8917  0.000e+00
     60.928    11.3842   3.664497    32.2519        696     2.8958  0.000e+00
     60.749    11.3838   3.665257    32.2598        697     2.9000  0.000e+00
     60.561    11.3863   3.665325    32.2584        698     2.9042  0.000e+00
     60.383    11.3897   3.665437    32.2565        699     2.9083  0.000e+00
     60.213    11.3923   3.665524    32.2552        700     2.9125  0.000e+00
     60.056    11.3941   3.665568    32.2542        701     2.9167  0.000e+00
     59.920    11.3955   3.665412    32.2514        702     2.9208  0.000e+00
     59.806    11.3960   3.665499    32.2519        703     2.9250  0.000e+00
     59.712    11.3960   3.665592    32.2529        704     2.9292  0.000e+00
     59.645    11.3963   3.665698    32.2536        705     2.9333  0.000e+00
     59.605    11.3975   3.665630    32.2520        706     2.9375  0.000e+00
     59.574    11.3978   3.665611    32.2515        707     2.9417  0.000e+00
     59.559    11.3978   3.665250    32.2480        708     2.9458  0.000e+00
     59.558    11.3965   3.665126    32.2480        709     2.9500  0.000e+00
     59.563    11.3946   3.665194    32.2502        710     2.9542  0.000e+00
     59.581    11.3938   3.664933    32.2484        711     2.9583  0.000e+00
     59.610    11.3921   3.664360    32.2443        712     2.9625  0.000e+00
     59.641    11.3885   3.663557    32.2396        713     2.9667  0.000e+00
     59.666    11.3823   3.663277    32.2422        714     2.9708  0.000e+00
     59.679    11.3761   3.663190    32.2467        715     2.9750  0.000e+00
     59.681    11.3719   3.663215    32.2507        716     2.9792  0.000e+00
     59.657    11.3697   3.663190    32.2524        717     2.9833  0.000e+00
     59.606    11.3684   3.663165    32.2533        718     2.9875  0.000e+00
     59.523    11.3675   3.663277    32.2552        719     2.9917  0.000e+00
     59.418    11.3676   3.663464    32.2570        720     2.9958  0.000e+00
     59.281    11.3686   3.663949    32.2609        721     3.0000  0.000e+00
     59.127    11.3715   3.664236    32.2613        722     3.0042  0.000e+00
     58.953    11.3753   3.664217    32.2578        723     3.0083  0.000e+00
     58.762    11.3780   3.665038    32.2635        724     3.0125  0.000e+00
     58.567    11.3826   3.664715    32.2565        725     3.0167  0.000e+00
     58.368    11.3855   3.664733    32.2542        726     3.0208  0.000e+00
     58.174    11.3866   3.665044    32.2563        727     3.0250  0.000e+00
     57.993    11.3884   3.665654    32.2609        728     3.0292  0.000e+00
     57.828    11.3916   3.666046    32.2620        729     3.0333  0.000e+00
     57.689    11.3982   3.666046    32.2563        730     3.0375  0.000e+00
     57.557    11.4012   3.667796    32.2708        731     3.0417  0.000e+00
     57.455    11.4093   3.667789    32.2637        732     3.0458  0.000e+00
     57.383    11.4178   3.668094    32.2593        733     3.0500  0.000e+00
     57.327    11.4232   3.668729    32.2609        734     3.0542  0.000e+00
     57.294    11.4294   3.668573    32.2539        735     3.0583  0.000e+00
     57.260    11.4333   3.667907    32.2440        736     3.0625  0.000e+00
     57.247    11.4328   3.666612    32.2318        737     3.0667  0.000e+00
     57.234    11.4253   3.666500    32.2373        738     3.0708  0.000e+00
     57.218    11.4187   3.667266    32.2505        739     3.0750  0.000e+00
     57.200    11.4176   3.668530    32.2638        740     3.0792  0.000e+00
     57.184    11.4230   3.668841    32.2622        741     3.0833  0.000e+00
     57.153    11.4305   3.668773    32.2550        742     3.0875  0.000e+00
     57.115    11.4348   3.667901    32.2427        743     3.0917  0.000e+00
     57.064    11.4345   3.668710    32.2509        744     3.0958  0.000e+00
     56.990    11.4346   3.668729    32.2510        745     3.1000  0.000e+00
     56.907    11.4364   3.668990    32.2520        746     3.1042  0.000e+00
     56.810    11.4386   3.668947    32.2497        747     3.1083  0.000e+00
     56.694    11.4402   3.668984    32.2488        748     3.1125  0.000e+00
     56.571    11.4410   3.669077    32.2490        749     3.1167  0.000e+00
     56.428    11.4423   3.669190    32.2491        750     3.1208  0.000e+00
     56.262    11.4431   3.669277    32.2493        751     3.1250  0.000e+00
     56.086    11.4443   3.669326    32.2488        752     3.1292  0.000e+00
     55.900    11.4453   3.669208    32.2469        753     3.1333  0.000e+00
     55.699    11.4454   3.669102    32.2458        754     3.1375  0.000e+00
     55.492    11.4449   3.669295    32.2482        755     3.1417  0.000e+00
     55.289    11.4454   3.669469    32.2496        756     3.1458  0.000e+00
     55.087    11.4467   3.669712    32.2509        757     3.1500  0.000e+00
     54.886    11.4486   3.669600    32.2482        758     3.1542  0.000e+00
     54.703    11.4498   3.669756    32.2488        759     3.1583  0.000e+00
     54.536    11.4508   3.669830    32.2487        760     3.1625  0.000e+00
     54.398    11.4519   3.669948    32.2490        761     3.1667  0.000e+00
     54.284    11.4535   3.669886    32.2470        762     3.1708  0.000e+00
     54.201    11.4543   3.669930    32.2468        763     3.1750  0.000e+00
     54.143    11.4544   3.669774    32.2452        764     3.1792  0.000e+00
     54.107    11.4541   3.669786    32.2455        765     3.1833  0.000e+00
     54.087    11.4537   3.669774    32.2458        766     3.1875  0.000e+00
     54.079    11.4533   3.669905    32.2474        767     3.1917  0.000e+00
     54.089    11.4538   3.670173    32.2496        768     3.1958  0.000e+00
     54.096    11.4555   3.670085    32.2473        769     3.2000  0.000e+00
     54.098    11.4565   3.670104    32.2466        770     3.2042  0.000e+00
     54.087    11.4568   3.669905    32.2444        771     3.2083  0.000e+00
     54.074    11.4563   3.669948    32.2453        772     3.2125  0.000e+00
     54.043    11.4560   3.670060    32.2466        773     3.2167  0.000e+00
     53.996    11.4560   3.669992    32.2460        774     3.2208  0.000e+00
     53.931    11.4562   3.669886    32.2448        775     3.2250  0.000e+00
     53.840    11.4556   3.669730    32.2438        776     3.2292  0.000e+00
     53.737    11.4546   3.669786    32.2453        777     3.2333  0.000e+00
     53.625    11.4540   3.669905    32.2470        778     3.2375  0.000e+00
     53.497    11.4543   3.670496    32.2526        779     3.2417  0.000e+00
     53.368    11.4569   3.670453    32.2500        780     3.2458  0.000e+00
     53.241    11.4592   3.670521    32.2487        781     3.2500  0.000e+00
     53.107    11.4610   3.670540    32.2473        782     3.2542  0.000e+00
     52.969    11.4620   3.670932    32.2504        783     3.2583  0.000e+00
     52.832    11.4640   3.670608    32.2455        784     3.2625  0.000e+00
     52.702    11.4649   3.670820    32.2468        785     3.2667  0.000e+00
     52.566    11.4654   3.670757    32.2459        786     3.2708  0.000e+00
     52.432    11.4657   3.670670    32.2448        787     3.2750  0.000e+00
     52.296    11.4656   3.670782    32.2460        788     3.2792  0.000e+00
     52.173    11.4659   3.670714    32.2451        789     3.2833  0.000e+00
     52.050    11.4661   3.670614    32.2441        790     3.2875  0.000e+00
     51.932    11.4654   3.670782    32.2464        791     3.2917  0.000e+00
     51.821    11.4658   3.670913    32.2473        792     3.2958  0.000e+00
     51.713    11.4668   3.670757    32.2450        793     3.3000  0.000e+00
     51.620    11.4670   3.670701    32.2443        794     3.3042  0.000e+00
     51.523    11.4666   3.671131    32.2489        795     3.3083  0.000e+00
     51.423    11.4677   3.671872    32.2552        796     3.3125  0.000e+00
     51.325    11.4722   3.671766    32.2503        797     3.3167  0.000e+00
     51.219    11.4760   3.671417    32.2436        798     3.3208  0.000e+00
     51.115    11.4760   3.671236    32.2419        799     3.3250  0.000e+00
     50.999    11.4751   3.671062    32.2411        800     3.3292  0.000e+00
     50.887    11.4733   3.670931    32.2414        801     3.3333  0.000e+00
     50.771    11.4715   3.671504    32.2486        802     3.3375  0.000e+00
     50.655    11.4720   3.672133    32.2543        803     3.3417  0.000e+00
     50.541    11.4764   3.672220    32.2514        804     3.3458  0.000e+00
     50.427    11.4806   3.672420    32.2497        805     3.3500  0.000e+00
     50.320    11.4835   3.672594    32.2490        806     3.3542  0.000e+00
     50.219    11.4863   3.673597    32.2563        807     3.3583  0.000e+00
     50.121    11.4914   3.673335    32.2494        808     3.3625  0.000e+00
     50.036    11.4955   3.673142    32.2440        809     3.3667  0.000e+00
     49.947    11.4964   3.673447    32.2462        810     3.3708  0.000e+00
     49.866    11.4977   3.673254    32.2432        811     3.3750  0.000e+00
     49.799    11.4981   3.673185    32.2422        812     3.3792  0.000e+00
     49.742    11.4981   3.673360    32.2440        813     3.3833  0.000e+00
     49.695    11.4983   3.673073    32.2410        814     3.3875  0.000e+00
     49.663    11.4979   3.673273    32.2434        815     3.3917  0.000e+00
     49.632    11.4977   3.673117    32.2420        816     3.3958  0.000e+00
     49.601    11.4974   3.673098    32.2421        817     3.4000  0.000e+00
     49.572    11.4967   3.673248    32.2442        818     3.4042  0.000e+00
     49.516    11.4972   3.673335    32.2446        819     3.4083  0.000e+00
     49.447    11.4979   3.673067    32.2414        820     3.4125  0.000e+00
     49.357    11.4973   3.672967    32.2410        821     3.4167  0.000e+00
     49.241    11.4964   3.673272    32.2448        822     3.4208  0.000e+00
     49.112    11.4964   3.673360    32.2457        823     3.4250  0.000e+00
     48.975    11.4978   3.673366    32.2446        824     3.4292  0.000e+00
     48.816    11.4987   3.673602    32.2462        825     3.4333  0.000e+00
     48.656    11.5001   3.673796    32.2469        826     3.4375  0.000e+00
     48.504    11.5024   3.673995    32.2470        827     3.4417  0.000e+00
     48.357    11.5045   3.673895    32.2442        828     3.4458  0.000e+00
     48.232    11.5056   3.673577    32.2402        829     3.4500  0.000e+00
     48.122    11.5051   3.673577    32.2407        830     3.4542  0.000e+00
