HB2407/sbe074.cnv
* Sea-Bird SBE 19plus V2 Data File:
* FileName = C:\cruise\data\sbe074.hex
* Software Version Seasave V 7.26.7.121
* Temperature SN = 7143
* Conductivity SN = 7143
* System UpLoad Time = Oct 11 2024 01:11:11
* NMEA Latitude = 40 42.64 N
* NMEA Longitude = 066 52.11 W
* NMEA UTC (Time) = Oct 11 2024  01:10:57
** Ship: Bigelow
** Cruise:  HB2407
** Program:  Fall Bottom Trawl
# nquan = 7
# nvalues = 4278                                  
# units = specified
# name 0 = depSM: Depth [salt water, m]
# name 1 = tv290C: Temperature [ITS-90, deg C]
# name 2 = c0S/m: Conductivity [S/m]
# name 3 = sal00: Salinity, Practical [PSU]
# name 4 = scan: Scan Count
# name 5 = timeM: Time, Elapsed [minutes]
# name 6 = flag:  0.000e+00
# span 0 =     -0.120,    181.600                 
# span 1 =     6.3775,    17.8778                 
# span 2 =  -0.000003,   4.253339                 
# span 3 =     0.0000,    34.5304                 
# span 4 =         11,       4288                 
# span 5 =     0.0417,    17.8625                 
# span 6 = 0.0000e+00, 0.0000e+00                 
# interval = seconds: 0.25
# start_time = Oct 11 2024 01:10:57 [NMEA time, header]
# bad_flag = -9.990e-29
*END*
[from data line 3283]
     51.586     6.7628   3.306077    32.7600       3294    13.7208  0.000e+00
     51.523     6.7629   3.306107    32.7603       3295    13.7250  0.000e+00
     51.474     6.7628   3.305659    32.7555       3296    13.7292  0.000e+00
     51.427     6.7619   3.304787    32.7468       3297    13.7333  0.000e+00
     51.380     6.7586   3.305133    32.7537       3298    13.7375  0.000e+00
     51.335     6.7563   3.305659    32.7617       3299    13.7417  0.000e+00
     51.285     6.7564   3.305432    32.7591       3300    13.7458  0.000e+00
     51.243     6.7569   3.304494    32.7484       3301    13.7500  0.000e+00
     51.201     6.7549   3.304399    32.7493       3302    13.7542  0.000e+00
     51.158     6.7521   3.303730    32.7447       3303    13.7583  0.000e+00
     51.120     6.7481   3.303670    32.7478       3304    13.7625  0.000e+00
     51.080     6.7456   3.304363    32.7578       3305    13.7667  0.000e+00
     51.048     6.7457   3.304787    32.7624       3306    13.7708  0.000e+00
     51.016     6.7479   3.304643    32.7587       3307    13.7750  0.000e+00
     50.985     6.7492   3.304387    32.7547       3308    13.7792  0.000e+00
     50.958     6.7495   3.304643    32.7573       3309    13.7833  0.000e+00
     50.929     6.7498   3.304667    32.7573       3310    13.7875  0.000e+00
     50.903     6.7504   3.303897    32.7482       3311    13.7917  0.000e+00
     50.891     6.7488   3.303974    32.7506       3312    13.7958  0.000e+00
     50.885     6.7469   3.304279    32.7558       3313    13.8000  0.000e+00
     50.883     6.7468   3.304196    32.7549       3314    13.8042  0.000e+00
     50.891     6.7471   3.304058    32.7532       3315    13.8083  0.000e+00
     50.903     6.7466   3.303347    32.7457       3316    13.8125  0.000e+00
     50.920     6.7449   3.303694    32.7512       3317    13.8167  0.000e+00
     50.934     6.7432   3.304321    32.7597       3318    13.8208  0.000e+00
     50.947     6.7446   3.304339    32.7586       3319    13.8250  0.000e+00
     50.962     6.7464   3.304279    32.7562       3320    13.8292  0.000e+00
     50.980     6.7472   3.304387    32.7566       3321    13.8333  0.000e+00
     50.989     6.7477   3.304626    32.7587       3322    13.8375  0.000e+00
     50.993     6.7488   3.304482    32.7561       3323    13.8417  0.000e+00
     50.998     6.7494   3.303855    32.7486       3324    13.8458  0.000e+00
     50.993     6.7479   3.304363    32.7557       3325    13.8500  0.000e+00
     50.991     6.7472   3.304160    32.7541       3326    13.8542  0.000e+00
     50.982     6.7475   3.303556    32.7472       3327    13.8583  0.000e+00
     50.968     6.7458   3.303915    32.7528       3328    13.8625  0.000e+00
     50.937     6.7448   3.304440    32.7595       3329    13.8667  0.000e+00
     50.899     6.7460   3.304542    32.7595       3330    13.8708  0.000e+00
     50.851     6.7475   3.303975    32.7519       3331    13.8750  0.000e+00
     50.789     6.7474   3.304178    32.7542       3332    13.8792  0.000e+00
     50.708     6.7470   3.303915    32.7517       3333    13.8833  0.000e+00
     50.624     6.7465   3.303831    32.7514       3334    13.8875  0.000e+00
     50.534     6.7459   3.304118    32.7551       3335    13.8917  0.000e+00
     50.438     6.7459   3.303264    32.7458       3336    13.8958  0.000e+00
     50.344     6.7442   3.302899    32.7434       3337    13.9000  0.000e+00
     50.257     6.7411   3.303061    32.7482       3338    13.9042  0.000e+00
     50.185     6.7391   3.302899    32.7484       3339    13.9083  0.000e+00
     50.120     6.7378   3.301042    32.7292       3340    13.9125  0.000e+00
     50.069     6.7323   3.301729    32.7421       3341    13.9167  0.000e+00
     50.031     6.7285   3.301687    32.7453       3342    13.9208  0.000e+00
     50.011     6.7263   3.302434    32.7556       3343    13.9250  0.000e+00
     50.010     6.7280   3.303085    32.7611       3344    13.9292  0.000e+00
     50.024     6.7316   3.303288    32.7599       3345    13.9333  0.000e+00
     50.057     6.7353   3.303341    32.7569       3346    13.9375  0.000e+00
     50.104     6.7376   3.302577    32.7463       3347    13.9417  0.000e+00
     50.158     6.7369   3.302356    32.7445       3348    13.9458  0.000e+00
     50.209     6.7346   3.302720    32.7506       3349    13.9500  0.000e+00
     50.255     6.7344   3.302637    32.7500       3350    13.9542  0.000e+00
     50.293     6.7345   3.303085    32.7548       3351    13.9583  0.000e+00
     50.320     6.7357   3.303264    32.7556       3352    13.9625  0.000e+00
     50.340     6.7375   3.303341    32.7547       3353    13.9667  0.000e+00
     50.331     6.7387   3.303126    32.7512       3354    13.9708  0.000e+00
     50.302     6.7391   3.303043    32.7499       3355    13.9750  0.000e+00
     50.253     6.7387   3.302517    32.7445       3356    13.9792  0.000e+00
     50.197     6.7371   3.302798    32.7492       3357    13.9833  0.000e+00
     50.135     6.7356   3.303061    32.7535       3358    13.9875  0.000e+00
     50.061     6.7366   3.302619    32.7477       3359    13.9917  0.000e+00
     50.001     6.7362   3.301890    32.7401       3360    13.9958  0.000e+00
     49.939     6.7333   3.300630    32.7291       3361    14.0000  0.000e+00
     49.894     6.7267   3.300672    32.7359       3362    14.0042  0.000e+00
     49.862     6.7217   3.300732    32.7414       3363    14.0083  0.000e+00
     49.848     6.7192   3.300696    32.7433       3364    14.0125  0.000e+00
     49.846     6.7180   3.300595    32.7433       3365    14.0167  0.000e+00
     49.877     6.7171   3.301383    32.7529       3366    14.0208  0.000e+00
     49.929     6.7185   3.302231    32.7608       3367    14.0250  0.000e+00
     49.991     6.7233   3.302679    32.7611       3368    14.0292  0.000e+00
     50.060     6.7279   3.302679    32.7567       3369    14.0333  0.000e+00
     50.121     6.7313   3.302720    32.7539       3370    14.0375  0.000e+00
     50.183     6.7334   3.303085    32.7559       3371    14.0417  0.000e+00
     50.229     6.7354   3.303162    32.7548       3372    14.0458  0.000e+00
     50.256     6.7372   3.303126    32.7526       3373    14.0500  0.000e+00
     50.278     6.7382   3.303306    32.7536       3374    14.0542  0.000e+00
     50.272     6.7392   3.303329    32.7530       3375    14.0583  0.000e+00
     50.250     6.7399   3.303043    32.7492       3376    14.0625  0.000e+00
     50.200     6.7394   3.303162    32.7510       3377    14.0667  0.000e+00
     50.147     6.7394   3.303192    32.7514       3378    14.0708  0.000e+00
     50.071     6.7395   3.303186    32.7512       3379    14.0750  0.000e+00
     49.984     6.7395   3.302660    32.7454       3380    14.0792  0.000e+00
     49.898     6.7384   3.301687    32.7359       3381    14.0833  0.000e+00
     49.804     6.7340   3.301442    32.7374       3382    14.0875  0.000e+00
     49.715     6.7295   3.301401    32.7413       3383    14.0917  0.000e+00
     49.623     6.7269   3.301383    32.7436       3384    14.0958  0.000e+00
     49.546     6.7255   3.301341    32.7445       3385    14.1000  0.000e+00
     49.478     6.7247   3.301281    32.7447       3386    14.1042  0.000e+00
     49.418     6.7241   3.301180    32.7442       3387    14.1083  0.000e+00
     49.380     6.7242   3.300350    32.7349       3388    14.1125  0.000e+00
     49.357     6.7218   3.300529    32.7392       3389    14.1167  0.000e+00
     49.337     6.7204   3.300380    32.7390       3390    14.1208  0.000e+00
     49.328     6.7192   3.300207    32.7382       3391    14.1250  0.000e+00
     49.324     6.7181   3.300230    32.7395       3392    14.1292  0.000e+00
     49.328     6.7171   3.300063    32.7386       3393    14.1333  0.000e+00
     49.334     6.7167   3.299986    32.7381       3394    14.1375  0.000e+00
     49.346     6.7158   3.300147    32.7407       3395    14.1417  0.000e+00
     49.348     6.7155   3.299908    32.7384       3396    14.1458  0.000e+00
     49.354     6.7150   3.299944    32.7393       3397    14.1500  0.000e+00
     49.352     6.7146   3.299884    32.7390       3398    14.1542  0.000e+00
     49.345     6.7141   3.299580    32.7361       3399    14.1583  0.000e+00
     49.327     6.7132   3.299437    32.7355       3400    14.1625  0.000e+00
     49.296     6.7117   3.299335    32.7358       3401    14.1667  0.000e+00
     49.262     6.7103   3.298589    32.7290       3402    14.1708  0.000e+00
     49.229     6.7077   3.297980    32.7248       3403    14.1750  0.000e+00
     49.188     6.7033   3.297312    32.7216       3404    14.1792  0.000e+00
     49.149     6.6981   3.296262    32.7150       3405    14.1833  0.000e+00
     49.115     6.6922   3.294931    32.7061       3406    14.1875  0.000e+00
     49.079     6.6835   3.294931    32.7143       3407    14.1917  0.000e+00
     49.054     6.6774   3.294418    32.7145       3408    14.1958  0.000e+00
     49.028     6.6724   3.295558    32.7319       3409    14.2000  0.000e+00
     49.007     6.6718   3.294060    32.7160       3410    14.2042  0.000e+00
     48.992     6.6695   3.294788    32.7262       3411    14.2083  0.000e+00
     48.983     6.6676   3.293858    32.7178       3412    14.2125  0.000e+00
     48.983     6.6654   3.294019    32.7217       3413    14.2167  0.000e+00
     48.975     6.6628   3.294293    32.7272       3414    14.2208  0.000e+00
     48.979     6.6635   3.293959    32.7228       3415    14.2250  0.000e+00
     48.978     6.6625   3.293619    32.7201       3416    14.2292  0.000e+00
     48.978     6.6608   3.293214    32.7172       3417    14.2333  0.000e+00
     48.983     6.6582   3.293214    32.7197       3418    14.2375  0.000e+00
     48.983     6.6556   3.291424    32.7024       3419    14.2417  0.000e+00
     48.983     6.6503   3.292510    32.7194       3420    14.2458  0.000e+00
     48.976     6.6480   3.292629    32.7230       3421    14.2500  0.000e+00
     48.969     6.6480   3.292587    32.7225       3422    14.2542  0.000e+00
     48.951     6.6482   3.291359    32.7088       3423    14.2583  0.000e+00
     48.929     6.6460   3.291234    32.7096       3424    14.2625  0.000e+00
     48.900     6.6411   3.288109    32.6798       3425    14.2667  0.000e+00
     48.871     6.6310   3.285350    32.6590       3426    14.2708  0.000e+00
     48.837     6.6140   3.282514    32.6440       3427    14.2750  0.000e+00
     48.806     6.5933   3.280942    32.6464       3428    14.2792  0.000e+00
     48.768     6.5741   3.280209    32.6567       3429    14.2833  0.000e+00
     48.732     6.5593   3.279019    32.6578       3430    14.2875  0.000e+00
     48.696     6.5475   3.278149    32.6594       3431    14.2917  0.000e+00
     48.652     6.5373   3.276625    32.6524       3432    14.2958  0.000e+00
     48.616     6.5264   3.274798    32.6426       3433    14.3000  0.000e+00
     48.578     6.5139   3.272186    32.6257       3434    14.3042  0.000e+00
     48.536     6.4980   3.270413    32.6213       3435    14.3083  0.000e+00
     48.495     6.4803   3.268629    32.6185       3436    14.3125  0.000e+00
     48.453     6.4644   3.266590    32.6112       3437    14.3167  0.000e+00
     48.402     6.4487   3.264854    32.6070       3438    14.3208  0.000e+00
     48.337     6.4345   3.264289    32.6144       3439    14.3250  0.000e+00
     48.272     6.4230   3.264230    32.6247       3440    14.3292  0.000e+00
     48.193     6.4162   3.263511    32.6233       3441    14.3333  0.000e+00
     48.098     6.4106   3.261027    32.6012       3442    14.3375  0.000e+00
     47.988     6.4011   3.260932    32.6093       3443    14.3417  0.000e+00
     47.871     6.3939   3.261175    32.6189       3444    14.3458  0.000e+00
     47.749     6.3916   3.259595    32.6036       3445    14.3500  0.000e+00
     47.626     6.3894   3.258781    32.5968       3446    14.3542  0.000e+00
     47.512     6.3850   3.258282    32.5956       3447    14.3583  0.000e+00
     47.402     6.3805   3.258164    32.5986       3448    14.3625  0.000e+00
     47.308     6.3776   3.258235    32.6021       3449    14.3667  0.000e+00
     47.233     6.3775   3.259696    32.6185       3450    14.3708  0.000e+00
     47.181     6.3841   3.261692    32.6343       3451    14.3750  0.000e+00
     47.150     6.3986   3.262191    32.6260       3452    14.3792  0.000e+00
     47.139     6.4122   3.262352    32.6148       3453    14.3833  0.000e+00
     47.150     6.4216   3.262411    32.6064       3454    14.3875  0.000e+00
     47.183     6.4273   3.262393    32.6007       3455    14.3917  0.000e+00
     47.239     6.4301   3.262149    32.5954       3456    14.3958  0.000e+00
     47.293     6.4304   3.261318    32.5858       3457    14.4000  0.000e+00
     47.359     6.4266   3.259678    32.5713       3458    14.4042  0.000e+00
     47.413     6.4170   3.258537    32.5678       3459    14.4083  0.000e+00
     47.465     6.4040   3.258425    32.5790       3460    14.4125  0.000e+00
     47.515     6.3930   3.258282    32.5879       3461    14.4167  0.000e+00
     47.546     6.3855   3.258662    32.5992       3462    14.4208  0.000e+00
     47.562     6.3820   3.258859    32.6048       3463    14.4250  0.000e+00
     47.562     6.3807   3.258965    32.6072       3464    14.4292  0.000e+00
     47.553     6.3808   3.258977    32.6072       3465    14.4333  0.000e+00
     47.526     6.3807   3.258942    32.6069       3466    14.4375  0.000e+00
     47.477     6.3809   3.258859    32.6059       3467    14.4417  0.000e+00
     47.418     6.3809   3.259007    32.6075       3468    14.4458  0.000e+00
     47.345     6.3813   3.258942    32.6064       3469    14.4500  0.000e+00
     47.262     6.3822   3.259637    32.6133       3470    14.4542  0.000e+00
     47.176     6.3868   3.262090    32.6362       3471    14.4583  0.000e+00
     47.083     6.4019   3.262494    32.6263       3472    14.4625  0.000e+00
     46.992     6.4169   3.262554    32.6126       3473    14.4667  0.000e+00
     46.903     6.4266   3.262649    32.6044       3474    14.4708  0.000e+00
     46.818     6.4323   3.262856    32.6013       3475    14.4750  0.000e+00
     46.741     6.4366   3.263249    32.6016       3476    14.4792  0.000e+00
     46.666     6.4419   3.263552    32.5999       3477    14.4833  0.000e+00
     46.607     6.4486   3.263991    32.5984       3478    14.4875  0.000e+00
     46.552     6.4563   3.264223    32.5936       3479    14.4917  0.000e+00
     46.509     6.4641   3.264431    32.5885       3480    14.4958  0.000e+00
     46.476     6.4701   3.264508    32.5837       3481    14.5000  0.000e+00
     46.444     6.4740   3.264490    32.5798       3482    14.5042  0.000e+00
     46.417     6.4765   3.264681    32.5795       3483    14.5083  0.000e+00
     46.391     6.4784   3.265186    32.5833       3484    14.5125  0.000e+00
     46.357     6.4814   3.265649    32.5856       3485    14.5167  0.000e+00
     46.336     6.4858   3.265566    32.5804       3486    14.5208  0.000e+00
     46.305     6.4889   3.265822    32.5803       3487    14.5250  0.000e+00
     46.274     6.4916   3.266226    32.5823       3488    14.5292  0.000e+00
     46.238     6.4948   3.266030    32.5771       3489    14.5333  0.000e+00
     46.194     6.4968   3.266886    32.5847       3490    14.5375  0.000e+00
     46.149     6.5014   3.268117    32.5938       3491    14.5417  0.000e+00
     46.095     6.5120   3.269371    32.5976       3492    14.5458  0.000e+00
     46.037     6.5258   3.270329    32.5951       3493    14.5500  0.000e+00
     45.976     6.5396   3.271530    32.5952       3494    14.5542  0.000e+00
     45.901     6.5536   3.273345    32.6020       3495    14.5583  0.000e+00
     45.823     6.5698   3.275922    32.6149       3496    14.5625  0.000e+00
     45.735     6.5916   3.278273    32.6201       3497    14.5667  0.000e+00
