HB2407/sbe038.cnv
* Sea-Bird SBE 19plus V2 Data File:
* FileName = C:\cruise\data\sbe038.hex
* Software Version Seasave V 7.26.7.121
* Temperature SN = 7143
* Conductivity SN = 7143
* System UpLoad Time = Sep 23 2024 16:47:37
* NMEA Latitude = 40 24.77 N
* NMEA Longitude = 073 21.93 W
* NMEA UTC (Time) = Sep 23 2024  16:47:02
** Ship: Bigelow
** Cruise:  HB2407
** Program:  Fall Bottom Trawl
# nquan = 7
# nvalues = 1251                                  
# units = specified
# name 0 = depSM: Depth [salt water, m]
# name 1 = tv290C: Temperature [ITS-90, deg C]
# name 2 = c0S/m: Conductivity [S/m]
# name 3 = sal00: Salinity, Practical [PSU]
# name 4 = scan: Scan Count
# name 5 = timeM: Time, Elapsed [minutes]
# name 6 = flag:  0.000e+00
# span 0 =     -0.039,     24.111                 
# span 1 =    19.2206,    20.6264                 
# span 2 =   0.000016,   4.443259                 
# span 3 =     0.0100,    31.7071                 
# span 4 =         11,       1261                 
# span 5 =     0.0417,     5.2500                 
# span 6 = 0.0000e+00, 0.0000e+00                 
# interval = seconds: 0.25
# start_time = Sep 23 2024 16:47:02 [NMEA time, header]
# bad_flag = -9.990e-29
*END*
[from data line 821]
      8.635    20.2488   4.378511    31.4493        832     3.4625  0.000e+00
      8.646    20.2486   4.378458    31.4490        833     3.4667  0.000e+00
      8.652    20.2482   4.378283    31.4479        834     3.4708  0.000e+00
      8.637    20.2473   4.378136    31.4474        835     3.4750  0.000e+00
      8.619    20.2463   4.378150    31.4482        836     3.4792  0.000e+00
      8.584    20.2451   4.378183    31.4494        837     3.4833  0.000e+00
      8.554    20.2451   4.378129    31.4491        838     3.4875  0.000e+00
      8.517    20.2449   4.378103    31.4490        839     3.4917  0.000e+00
      8.483    20.2446   4.378036    31.4487        840     3.4958  0.000e+00
      8.430    20.2440   4.378103    31.4497        841     3.5000  0.000e+00
      8.369    20.2440   4.378136    31.4499        842     3.5042  0.000e+00
      8.302    20.2443   4.378076    31.4493        843     3.5083  0.000e+00
      8.222    20.2440   4.377935    31.4484        844     3.5125  0.000e+00
      8.133    20.2434   4.377272    31.4435        845     3.5167  0.000e+00
      8.037    20.2408   4.377272    31.4455        846     3.5208  0.000e+00
      7.938    20.2389   4.377272    31.4470        847     3.5250  0.000e+00
      7.838    20.2378   4.377245    31.4476        848     3.5292  0.000e+00
      7.731    20.2373   4.377346    31.4488        849     3.5333  0.000e+00
      7.624    20.2373   4.377379    31.4491        850     3.5375  0.000e+00
      7.528    20.2376   4.377640    31.4510        851     3.5417  0.000e+00
      7.443    20.2386   4.377921    31.4525        852     3.5458  0.000e+00
      7.384    20.2406   4.378102    31.4526        853     3.5500  0.000e+00
      7.338    20.2427   4.378209    31.4519        854     3.5542  0.000e+00
      7.313    20.2440   4.378229    31.4511        855     3.5583  0.000e+00
      7.309    20.2453   4.378236    31.4501        856     3.5625  0.000e+00
      7.326    20.2461   4.378256    31.4497        857     3.5667  0.000e+00
      7.358    20.2466   4.378283    31.4495        858     3.5708  0.000e+00
      7.402    20.2473   4.378283    31.4490        859     3.5750  0.000e+00
      7.462    20.2470   4.378229    31.4488        860     3.5792  0.000e+00
      7.516    20.2467   4.378136    31.4482        861     3.5833  0.000e+00
      7.556    20.2460   4.377921    31.4470        862     3.5875  0.000e+00
      7.598    20.2446   4.377687    31.4462        863     3.5917  0.000e+00
      7.630    20.2429   4.377453    31.4455        864     3.5958  0.000e+00
      7.648    20.2408   4.377272    31.4456        865     3.6000  0.000e+00
      7.650    20.2390   4.377172    31.4462        866     3.6042  0.000e+00
      7.638    20.2377   4.376971    31.4455        867     3.6083  0.000e+00
      7.612    20.2362   4.377172    31.4483        868     3.6125  0.000e+00
      7.569    20.2359   4.377480    31.4510        869     3.6167  0.000e+00
      7.522    20.2367   4.377593    31.4513        870     3.6208  0.000e+00
      7.466    20.2384   4.377814    31.4519        871     3.6250  0.000e+00
      7.417    20.2407   4.378209    31.4533        872     3.6292  0.000e+00
      7.381    20.2429   4.378330    31.4527        873     3.6333  0.000e+00
      7.353    20.2447   4.378035    31.4490        874     3.6375  0.000e+00
      7.324    20.2449   4.377941    31.4481        875     3.6417  0.000e+00
      7.303    20.2454   4.378330    31.4508        876     3.6458  0.000e+00
      7.286    20.2467   4.378283    31.4495        877     3.6500  0.000e+00
      7.263    20.2470   4.378048    31.4474        878     3.6542  0.000e+00
      7.234    20.2459   4.377915    31.4472        879     3.6583  0.000e+00
      7.205    20.2450   4.377841    31.4473        880     3.6625  0.000e+00
      7.165    20.2440   4.377888    31.4483        881     3.6667  0.000e+00
      7.112    20.2438   4.377894    31.4486        882     3.6708  0.000e+00
      7.064    20.2434   4.377740    31.4477        883     3.6750  0.000e+00
      7.007    20.2431   4.377519    31.4461        884     3.6792  0.000e+00
      6.953    20.2418   4.377399    31.4461        885     3.6833  0.000e+00
      6.899    20.2403   4.377292    31.4464        886     3.6875  0.000e+00
      6.844    20.2394   4.377560    31.4493        887     3.6917  0.000e+00
      6.786    20.2395   4.377566    31.4493        888     3.6958  0.000e+00
      6.730    20.2396   4.377560    31.4491        889     3.7000  0.000e+00
      6.679    20.2400   4.377660    31.4497        890     3.7042  0.000e+00
      6.629    20.2407   4.377888    31.4510        891     3.7083  0.000e+00
      6.583    20.2417   4.377941    31.4507        892     3.7125  0.000e+00
      6.542    20.2430   4.378236    31.4521        893     3.7167  0.000e+00
      6.507    20.2453   4.378463    31.4522        894     3.7208  0.000e+00
      6.473    20.2472   4.378651    31.4524        895     3.7250  0.000e+00
      6.442    20.2490   4.378771    31.4520        896     3.7292  0.000e+00
      6.428    20.2510   4.378825    31.4509        897     3.7333  0.000e+00
      6.431    20.2520   4.378805    31.4500        898     3.7375  0.000e+00
      6.444    20.2529   4.378745    31.4488        899     3.7417  0.000e+00
      6.466    20.2530   4.378778    31.4490        900     3.7458  0.000e+00
      6.498    20.2534   4.378771    31.4487        901     3.7500  0.000e+00
      6.524    20.2535   4.378778    31.4487        902     3.7542  0.000e+00
      6.545    20.2536   4.378718    31.4481        903     3.7583  0.000e+00
      6.573    20.2531   4.378651    31.4479        904     3.7625  0.000e+00
      6.594    20.2527   4.378591    31.4477        905     3.7667  0.000e+00
      6.602    20.2519   4.378537    31.4479        906     3.7708  0.000e+00
      6.583    20.2518   4.378604    31.4485        907     3.7750  0.000e+00
      6.545    20.2517   4.378591    31.4484        908     3.7792  0.000e+00
      6.489    20.2512   4.378557    31.4486        909     3.7833  0.000e+00
      6.422    20.2510   4.378463    31.4480        910     3.7875  0.000e+00
      6.355    20.2504   4.378236    31.4467        911     3.7917  0.000e+00
      6.297    20.2493   4.378149    31.4468        912     3.7958  0.000e+00
      6.263    20.2478   4.377968    31.4465        913     3.8000  0.000e+00
      6.232    20.2462   4.377861    31.4468        914     3.8042  0.000e+00
      6.218    20.2451   4.377894    31.4479        915     3.8083  0.000e+00
      6.214    20.2445   4.377914    31.4485        916     3.8125  0.000e+00
      6.219    20.2440   4.377921    31.4489        917     3.8167  0.000e+00
      6.221    20.2438   4.377934    31.4492        918     3.8208  0.000e+00
      6.223    20.2439   4.377867    31.4486        919     3.8250  0.000e+00
      6.221    20.2432   4.377740    31.4481        920     3.8292  0.000e+00
      6.212    20.2429   4.377814    31.4489        921     3.8333  0.000e+00
      6.182    20.2428   4.377713    31.4482        922     3.8375  0.000e+00
      6.131    20.2421   4.377539    31.4473        923     3.8417  0.000e+00
      6.060    20.2416   4.377479    31.4472        924     3.8458  0.000e+00
      5.972    20.2407   4.377492    31.4481        925     3.8500  0.000e+00
      5.870    20.2404   4.377633    31.4494        926     3.8542  0.000e+00
      5.778    20.2402   4.377579    31.4492        927     3.8583  0.000e+00
      5.695    20.2407   4.377566    31.4487        928     3.8625  0.000e+00
      5.622    20.2407   4.377325    31.4468        929     3.8667  0.000e+00
      5.562    20.2400   4.377465    31.4485        930     3.8708  0.000e+00
      5.523    20.2402   4.377787    31.4509        931     3.8750  0.000e+00
      5.490    20.2416   4.377840    31.4503        932     3.8792  0.000e+00
      5.474    20.2428   4.377713    31.4484        933     3.8833  0.000e+00
      5.474    20.2428   4.377539    31.4470        934     3.8875  0.000e+00
      5.477    20.2422   4.377559    31.4476        935     3.8917  0.000e+00
      5.492    20.2418   4.377579    31.4481        936     3.8958  0.000e+00
      5.508    20.2420   4.377566    31.4478        937     3.9000  0.000e+00
      5.530    20.2420   4.377633    31.4483        938     3.9042  0.000e+00
      5.551    20.2421   4.377713    31.4489        939     3.9083  0.000e+00
      5.557    20.2429   4.377840    31.4494        940     3.9125  0.000e+00
      5.564    20.2439   4.377740    31.4478        941     3.9167  0.000e+00
      5.562    20.2444   4.377787    31.4478        942     3.9208  0.000e+00
      5.559    20.2447   4.377894    31.4484        943     3.9250  0.000e+00
      5.553    20.2458   4.377860    31.4473        944     3.9292  0.000e+00
      5.546    20.2460   4.377813    31.4468        945     3.9333  0.000e+00
      5.535    20.2463   4.377760    31.4461        946     3.9375  0.000e+00
      5.521    20.2461   4.377813    31.4468        947     3.9417  0.000e+00
      5.512    20.2460   4.377840    31.4471        948     3.9458  0.000e+00
      5.503    20.2461   4.377840    31.4470        949     3.9500  0.000e+00
      5.497    20.2459   4.377813    31.4469        950     3.9542  0.000e+00
      5.492    20.2453   4.377760    31.4469        951     3.9583  0.000e+00
      5.485    20.2451   4.377713    31.4467        952     3.9625  0.000e+00
      5.472    20.2444   4.377666    31.4468        953     3.9667  0.000e+00
      5.458    20.2438   4.377606    31.4468        954     3.9708  0.000e+00
      5.425    20.2427   4.377592    31.4475        955     3.9750  0.000e+00
      5.378    20.2420   4.377606    31.4481        956     3.9792  0.000e+00
      5.325    20.2422   4.377606    31.4480        957     3.9833  0.000e+00
      5.258    20.2424   4.377492    31.4470        958     3.9875  0.000e+00
      5.180    20.2422   4.377478    31.4471        959     3.9917  0.000e+00
      5.093    20.2416   4.377519    31.4479        960     3.9958  0.000e+00
      5.001    20.2410   4.377425    31.4476        961     4.0000  0.000e+00
      4.898    20.2407   4.377291    31.4468        962     4.0042  0.000e+00
      4.800    20.2401   4.377351    31.4477        963     4.0083  0.000e+00
      4.715    20.2397   4.377559    31.4497        964     4.0125  0.000e+00
      4.666    20.2398   4.377391    31.4483        965     4.0167  0.000e+00
      4.634    20.2399   4.377532    31.4494        966     4.0208  0.000e+00
      4.617    20.2407   4.377612    31.4495        967     4.0250  0.000e+00
      4.628    20.2416   4.377632    31.4489        968     4.0292  0.000e+00
      4.668    20.2426   4.377666    31.4485        969     4.0333  0.000e+00
      4.724    20.2435   4.377739    31.4483        970     4.0375  0.000e+00
      4.797    20.2444   4.377786    31.4480        971     4.0417  0.000e+00
      4.875    20.2447   4.377739    31.4474        972     4.0458  0.000e+00
      4.954    20.2446   4.377686    31.4470        973     4.0500  0.000e+00
      5.038    20.2442   4.377639    31.4469        974     4.0542  0.000e+00
      5.108    20.2445   4.377713    31.4473        975     4.0583  0.000e+00
      5.154    20.2443   4.377786    31.4480        976     4.0625  0.000e+00
      5.170    20.2441   4.377659    31.4471        977     4.0667  0.000e+00
      5.163    20.2432   4.377565    31.4470        978     4.0708  0.000e+00
      5.135    20.2426   4.377606    31.4478        979     4.0750  0.000e+00
      5.092    20.2423   4.377559    31.4477        980     4.0792  0.000e+00
      5.032    20.2421   4.377612    31.4482        981     4.0833  0.000e+00
      4.949    20.2422   4.377559    31.4478        982     4.0875  0.000e+00
      4.867    20.2419   4.377686    31.4490        983     4.0917  0.000e+00
      4.777    20.2422   4.377559    31.4478        984     4.0958  0.000e+00
      4.684    20.2421   4.377518    31.4476        985     4.1000  0.000e+00
      4.578    20.2421   4.377505    31.4475        986     4.1042  0.000e+00
      4.491    20.2424   4.377478    31.4471        987     4.1083  0.000e+00
      4.413    20.2424   4.377364    31.4463        988     4.1125  0.000e+00
      4.351    20.2415   4.377244    31.4460        989     4.1167  0.000e+00
      4.304    20.2412   4.377143    31.4454        990     4.1208  0.000e+00
      4.262    20.2407   4.377351    31.4475        991     4.1250  0.000e+00
      4.235    20.2411   4.377465    31.4481        992     4.1292  0.000e+00
      4.206    20.2413   4.377424    31.4476        993     4.1333  0.000e+00
      4.194    20.2412   4.377398    31.4475        994     4.1375  0.000e+00
      4.188    20.2418   4.377465    31.4475        995     4.1417  0.000e+00
      4.203    20.2418   4.377398    31.4471        996     4.1458  0.000e+00
      4.226    20.2413   4.377317    31.4468        997     4.1500  0.000e+00
      4.266    20.2409   4.377324    31.4471        998     4.1542  0.000e+00
      4.317    20.2408   4.377317    31.4471        999     4.1583  0.000e+00
      4.351    20.2408   4.377398    31.4477       1000     4.1625  0.000e+00
      4.375    20.2409   4.377378    31.4475       1001     4.1667  0.000e+00
      4.393    20.2405   4.377364    31.4477       1002     4.1708  0.000e+00
      4.402    20.2413   4.377867    31.4511       1003     4.1750  0.000e+00
      4.409    20.2438   4.378161    31.4516       1004     4.1792  0.000e+00
      4.422    20.2462   4.378201    31.4502       1005     4.1833  0.000e+00
      4.445    20.2477   4.378208    31.4491       1006     4.1875  0.000e+00
      4.472    20.2493   4.378489    31.4501       1007     4.1917  0.000e+00
      4.493    20.2513   4.378643    31.4499       1008     4.1958  0.000e+00
      4.514    20.2528   4.378650    31.4488       1009     4.2000  0.000e+00
      4.518    20.2535   4.378489    31.4470       1010     4.2042  0.000e+00
      4.501    20.2532   4.378355    31.4461       1011     4.2083  0.000e+00
      4.467    20.2526   4.378329    31.4464       1012     4.2125  0.000e+00
      4.400    20.2516   4.378061    31.4450       1013     4.2167  0.000e+00
      4.320    20.2504   4.378228    31.4473       1014     4.2208  0.000e+00
      4.214    20.2501   4.378034    31.4460       1015     4.2250  0.000e+00
      4.098    20.2494   4.378174    31.4477       1016     4.2292  0.000e+00
      4.000    20.2492   4.378148    31.4476       1017     4.2333  0.000e+00
      3.917    20.2487   4.377592    31.4435       1018     4.2375  0.000e+00
      3.860    20.2463   4.377377    31.4436       1019     4.2417  0.000e+00
      3.835    20.2437   4.377270    31.4447       1020     4.2458  0.000e+00
      3.869    20.2414   4.377197    31.4458       1021     4.2500  0.000e+00
      3.917    20.2399   4.377123    31.4463       1022     4.2542  0.000e+00
      3.964    20.2389   4.377090    31.4468       1023     4.2583  0.000e+00
      3.994    20.2385   4.377090    31.4470       1024     4.2625  0.000e+00
      4.018    20.2377   4.377023    31.4471       1025     4.2667  0.000e+00
      4.007    20.2371   4.376882    31.4465       1026     4.2708  0.000e+00
      3.980    20.2363   4.376721    31.4458       1027     4.2750  0.000e+00
      3.916    20.2354   4.376654    31.4459       1028     4.2792  0.000e+00
      3.808    20.2345   4.376949    31.4490       1029     4.2833  0.000e+00
      3.669    20.2349   4.377659    31.4544       1030     4.2875  0.000e+00
      3.498    20.2381   4.377893    31.4540       1031     4.2917  0.000e+00
      3.328    20.2418   4.377859    31.4511       1032     4.2958  0.000e+00
      3.192    20.2431   4.377759    31.4493       1033     4.3000  0.000e+00
      3.114    20.2436   4.377685    31.4484       1034     4.3042  0.000e+00
      3.093    20.2441   4.377739    31.4484       1035     4.3083  0.000e+00
