HB2407/sbe069.cnv
* Sea-Bird SBE 19plus V2 Data File:
* FileName = C:\cruise\data\sbe069.hex
* Software Version Seasave V 7.26.7.121
* Temperature SN = 7143
* Conductivity SN = 7143
* System UpLoad Time = Oct 09 2024 12:24:46
* NMEA Latitude = 40 29.05 N
* NMEA Longitude = 068 57.90 W
* NMEA UTC (Time) = Oct 09 2024  12:24:30
** Ship: Bigelow
** Cruise:  HB2407
** Program:  Fall Bottom Trawl
# nquan = 7
# nvalues = 1506                                  
# units = specified
# name 0 = depSM: Depth [salt water, m]
# name 1 = tv290C: Temperature [ITS-90, deg C]
# name 2 = c0S/m: Conductivity [S/m]
# name 3 = sal00: Salinity, Practical [PSU]
# name 4 = scan: Scan Count
# name 5 = timeM: Time, Elapsed [minutes]
# name 6 = flag:  0.000e+00
# span 0 =     -0.094,     69.625                 
# span 1 =    11.7063,    16.4163                 
# span 2 =   0.000022,   4.119603                 
# span 3 =     0.0084,    32.3934                 
# span 4 =         11,       1516                 
# span 5 =     0.0417,     6.3125                 
# span 6 = 0.0000e+00, 0.0000e+00                 
# interval = seconds: 0.25
# start_time = Oct 09 2024 12:24:30 [NMEA time, header]
# bad_flag = -9.990e-29
*END*
[from data line 411]
     53.915    11.8243   3.708095    32.2964        422     1.7542  0.000e+00
     54.038    11.8237   3.708008    32.2961        423     1.7583  0.000e+00
     54.157    11.8230   3.707851    32.2951        424     1.7625  0.000e+00
     54.266    11.8220   3.707870    32.2961        425     1.7667  0.000e+00
     54.386    11.8212   3.707939    32.2975        426     1.7708  0.000e+00
     54.514    11.8212   3.707808    32.2961        427     1.7750  0.000e+00
     54.655    11.8208   3.707808    32.2964        428     1.7792  0.000e+00
     54.808    11.8205   3.708158    32.3000        429     1.7833  0.000e+00
     54.967    11.8213   3.707983    32.2975        430     1.7875  0.000e+00
     55.137    11.8220   3.707852    32.2956        431     1.7917  0.000e+00
     55.318    11.8216   3.707827    32.2956        432     1.7958  0.000e+00
     55.514    11.8209   3.707983    32.2977        433     1.8000  0.000e+00
     55.708    11.8212   3.707983    32.2973        434     1.8042  0.000e+00
     55.916    11.8217   3.707871    32.2957        435     1.8083  0.000e+00
     56.126    11.8215   3.707696    32.2941        436     1.8125  0.000e+00
     56.335    11.8205   3.707740    32.2953        437     1.8167  0.000e+00
     56.539    11.8199   3.707784    32.2962        438     1.8208  0.000e+00
     56.731    11.8198   3.707765    32.2960        439     1.8250  0.000e+00
     56.912    11.8197   3.707784    32.2962        440     1.8292  0.000e+00
     57.077    11.8201   3.707871    32.2966        441     1.8333  0.000e+00
     57.238    11.8202   3.707871    32.2965        442     1.8375  0.000e+00
     57.389    11.8205   3.707896    32.2963        443     1.8417  0.000e+00
     57.539    11.8210   3.707896    32.2959        444     1.8458  0.000e+00
     57.689    11.8210   3.707828    32.2952        445     1.8500  0.000e+00
     57.838    11.8210   3.707721    32.2940        446     1.8542  0.000e+00
     58.003    11.8205   3.707697    32.2942        447     1.8583  0.000e+00
     58.178    11.8197   3.707809    32.2959        448     1.8625  0.000e+00
     58.363    11.8199   3.707872    32.2962        449     1.8667  0.000e+00
     58.566    11.8202   3.707809    32.2953        450     1.8708  0.000e+00
     58.783    11.8204   3.707872    32.2956        451     1.8750  0.000e+00
     59.006    11.8205   3.707597    32.2928        452     1.8792  0.000e+00
     59.243    11.8198   3.707566    32.2930        453     1.8833  0.000e+00
     59.491    11.8185   3.707322    32.2916        454     1.8875  0.000e+00
     59.743    11.8168   3.707009    32.2900        455     1.8917  0.000e+00
     59.991    11.8139   3.706816    32.2905        456     1.8958  0.000e+00
     60.232    11.8110   3.706390    32.2889        457     1.9000  0.000e+00
     60.467    11.8072   3.706203    32.2902        458     1.9042  0.000e+00
     60.686    11.8036   3.706241    32.2936        459     1.9083  0.000e+00
     60.882    11.8010   3.705909    32.2926        460     1.9125  0.000e+00
     61.067    11.7985   3.705772    32.2934        461     1.9167  0.000e+00
     61.239    11.7961   3.705684    32.2945        462     1.9208  0.000e+00
     61.400    11.7941   3.705553    32.2949        463     1.9250  0.000e+00
     61.543    11.7923   3.705441    32.2953        464     1.9292  0.000e+00
     61.675    11.7908   3.705416    32.2964        465     1.9333  0.000e+00
     61.807    11.7895   3.705397    32.2972        466     1.9375  0.000e+00
     61.938    11.7888   3.705397    32.2978        467     1.9417  0.000e+00
     62.077    11.7884   3.705485    32.2989        468     1.9458  0.000e+00
     62.224    11.7886   3.705579    32.2996        469     1.9500  0.000e+00
     62.372    11.7893   3.705597    32.2992        470     1.9542  0.000e+00
     62.528    11.7897   3.705641    32.2991        471     1.9583  0.000e+00
     62.682    11.7905   3.705648    32.2984        472     1.9625  0.000e+00
     62.841    11.7908   3.705554    32.2972        473     1.9667  0.000e+00
     63.003    11.7906   3.705754    32.2992        474     1.9708  0.000e+00
     63.164    11.7913   3.705885    32.2998        475     1.9750  0.000e+00
     63.327    11.7922   3.705598    32.2962        476     1.9792  0.000e+00
     63.486    11.7918   3.705598    32.2965        477     1.9833  0.000e+00
     63.638    11.7915   3.705485    32.2956        478     1.9875  0.000e+00
     63.792    11.7906   3.705092    32.2925        479     1.9917  0.000e+00
     63.948    11.7885   3.704585    32.2893        480     1.9958  0.000e+00
     64.102    11.7845   3.704273    32.2897        481     2.0000  0.000e+00
     64.256    11.7800   3.703985    32.2908        482     2.0042  0.000e+00
     64.413    11.7758   3.703898    32.2935        483     2.0083  0.000e+00
     64.571    11.7724   3.703279    32.2904        484     2.0125  0.000e+00
     64.745    11.7677   3.703373    32.2953        485     2.0167  0.000e+00
     64.921    11.7645   3.703167    32.2960        486     2.0208  0.000e+00
     65.104    11.7620   3.703304    32.2995        487     2.0250  0.000e+00
     65.294    11.7606   3.703254    32.3001        488     2.0292  0.000e+00
     65.491    11.7596   3.702817    32.2966        489     2.0333  0.000e+00
     65.692    11.7575   3.702686    32.2971        490     2.0375  0.000e+00
     65.904    11.7549   3.702630    32.2987        491     2.0417  0.000e+00
     66.119    11.7530   3.702399    32.2981        492     2.0458  0.000e+00
     66.340    11.7510   3.702355    32.2992        493     2.0500  0.000e+00
     66.561    11.7491   3.702330    32.3006        494     2.0542  0.000e+00
     66.786    11.7481   3.702261    32.3007        495     2.0583  0.000e+00
     67.005    11.7469   3.702199    32.3010        496     2.0625  0.000e+00
     67.226    11.7462   3.702218    32.3018        497     2.0667  0.000e+00
     67.438    11.7457   3.702312    32.3030        498     2.0708  0.000e+00
     67.644    11.7456   3.702312    32.3030        499     2.0750  0.000e+00
     67.832    11.7460   3.702087    32.3004        500     2.0792  0.000e+00
     68.019    11.7450   3.701887    32.2993        501     2.0833  0.000e+00
     68.186    11.7435   3.701756    32.2992        502     2.0875  0.000e+00
     68.336    11.7418   3.701731    32.3004        503     2.0917  0.000e+00
     68.483    11.7402   3.701712    32.3015        504     2.0958  0.000e+00
     68.626    11.7397   3.701781    32.3026        505     2.1000  0.000e+00
     68.760    11.7393   3.701781    32.3029        506     2.1042  0.000e+00
     68.897    11.7393   3.701800    32.3030        507     2.1083  0.000e+00
     69.038    11.7393   3.701669    32.3017        508     2.1125  0.000e+00
     69.183    11.7389   3.701669    32.3020        509     2.1167  0.000e+00
     69.341    11.7385   3.701450    32.3001        510     2.1208  0.000e+00
     69.417    11.7371   3.700850    32.2955        511     2.1250  0.000e+00
     69.460    11.7340   3.700963    32.2993        512     2.1292  0.000e+00
     69.451    11.7314   3.701450    32.3063        513     2.1333  0.000e+00
     69.428    11.7319   3.700656    32.2981        514     2.1375  0.000e+00
     69.441    11.7307   3.700325    32.2959        515     2.1417  0.000e+00
     69.491    11.7271   3.699782    32.2937        516     2.1458  0.000e+00
     69.538    11.7219   3.699857    32.2990        517     2.1500  0.000e+00
     69.575    11.7184   3.699950    32.3029        518     2.1542  0.000e+00
     69.586    11.7170   3.700057    32.3052        519     2.1583  0.000e+00
     69.600    11.7169   3.699907    32.3038        520     2.1625  0.000e+00
     69.620    11.7163   3.699463    32.3000        521     2.1667  0.000e+00
     69.625    11.7143   3.700013    32.3071        522     2.1708  0.000e+00
     69.613    11.7143   3.700413    32.3110        523     2.1750  0.000e+00
     69.596    11.7173   3.700719    32.3114        524     2.1792  0.000e+00
     69.567    11.7211   3.700807    32.3089        525     2.1833  0.000e+00
     69.539    11.7241   3.700257    32.3010        526     2.1875  0.000e+00
     69.508    11.7240   3.700125    32.2998        527     2.1917  0.000e+00
     69.470    11.7222   3.699226    32.2926        528     2.1958  0.000e+00
     69.428    11.7175   3.699419    32.2986        529     2.2000  0.000e+00
     69.374    11.7137   3.699419    32.3019        530     2.2042  0.000e+00
     69.330    11.7117   3.698976    32.2994        531     2.2083  0.000e+00
     69.281    11.7088   3.698913    32.3013        532     2.2125  0.000e+00
     69.234    11.7065   3.699307    32.3072        533     2.2167  0.000e+00
     69.189    11.7063   3.699482    32.3091        534     2.2208  0.000e+00
     69.136    11.7087   3.699969    32.3117        535     2.2250  0.000e+00
     69.077    11.7118   3.700413    32.3134        536     2.2292  0.000e+00
     69.010    11.7168   3.700763    32.3124        537     2.2333  0.000e+00
     68.939    11.7212   3.701006    32.3110        538     2.2375  0.000e+00
     68.856    11.7259   3.701362    32.3104        539     2.2417  0.000e+00
     68.763    11.7305   3.701056    32.3035        540     2.2458  0.000e+00
     68.659    11.7326   3.701512    32.3061        541     2.2500  0.000e+00
     68.546    11.7346   3.701512    32.3044        542     2.2542  0.000e+00
     68.427    11.7368   3.701668    32.3041        543     2.2583  0.000e+00
     68.298    11.7386   3.701581    32.3017        544     2.2625  0.000e+00
     68.164    11.7393   3.701093    32.2965        545     2.2667  0.000e+00
     68.033    11.7377   3.700387    32.2910        546     2.2708  0.000e+00
     67.908    11.7332   3.700412    32.2952        547     2.2750  0.000e+00
     67.787    11.7294   3.700281    32.2973        548     2.2792  0.000e+00
     67.689    11.7264   3.700212    32.2993        549     2.2833  0.000e+00
     67.601    11.7248   3.700762    32.3061        550     2.2875  0.000e+00
     67.541    11.7256   3.701406    32.3116        551     2.2917  0.000e+00
     67.503    11.7299   3.701474    32.3086        552     2.2958  0.000e+00
     67.476    11.7343   3.701362    32.3037        553     2.3000  0.000e+00
     67.451    11.7361   3.701274    32.3013        554     2.3042  0.000e+00
     67.439    11.7367   3.701337    32.3014        555     2.3083  0.000e+00
     67.429    11.7367   3.701493    32.3029        556     2.3125  0.000e+00
     67.414    11.7376   3.701493    32.3021        557     2.3167  0.000e+00
     67.393    11.7386   3.701474    32.3011        558     2.3208  0.000e+00
     67.373    11.7388   3.701380    32.3000        559     2.3250  0.000e+00
     67.342    11.7388   3.701118    32.2975        560     2.3292  0.000e+00
     67.302    11.7375   3.701249    32.2999        561     2.3333  0.000e+00
     67.251    11.7369   3.701362    32.3015        562     2.3375  0.000e+00
     67.190    11.7371   3.700918    32.2971        563     2.3417  0.000e+00
     67.123    11.7355   3.700730    32.2967        564     2.3458  0.000e+00
     67.047    11.7333   3.700456    32.2959        565     2.3500  0.000e+00
     66.980    11.7303   3.700830    32.3022        566     2.3542  0.000e+00
     66.909    11.7299   3.701137    32.3055        567     2.3583  0.000e+00
     66.844    11.7321   3.701205    32.3043        568     2.3625  0.000e+00
     66.786    11.7338   3.700987    32.3008        569     2.3667  0.000e+00
     66.732    11.7341   3.700130    32.2922        570     2.3708  0.000e+00
     66.688    11.7301   3.699837    32.2928        571     2.3750  0.000e+00
     66.638    11.7253   3.699924    32.2979        572     2.3792  0.000e+00
     66.589    11.7227   3.700518    32.3059        573     2.3833  0.000e+00
     66.527    11.7237   3.700805    32.3079        574     2.3875  0.000e+00
     66.460    11.7265   3.700918    32.3066        575     2.3917  0.000e+00
     66.395    11.7295   3.700874    32.3036        576     2.3958  0.000e+00
     66.317    11.7313   3.701493    32.3080        577     2.4000  0.000e+00
     66.232    11.7347   3.701780    32.3079        578     2.4042  0.000e+00
     66.141    11.7384   3.701555    32.3026        579     2.4083  0.000e+00
     66.047    11.7407   3.701492    32.3000        580     2.4125  0.000e+00
     65.949    11.7409   3.701842    32.3032        581     2.4167  0.000e+00
     65.855    11.7423   3.701336    32.2971        582     2.4208  0.000e+00
     65.763    11.7423   3.700874    32.2927        583     2.4250  0.000e+00
     65.676    11.7389   3.700830    32.2953        584     2.4292  0.000e+00
     65.596    11.7356   3.700386    32.2938        585     2.4333  0.000e+00
     65.520    11.7323   3.700542    32.2982        586     2.4375  0.000e+00
     65.453    11.7301   3.700786    32.3026        587     2.4417  0.000e+00
     65.386    11.7307   3.701049    32.3046        588     2.4458  0.000e+00
     65.320    11.7321   3.701199    32.3049        589     2.4500  0.000e+00
     65.257    11.7343   3.701224    32.3032        590     2.4542  0.000e+00
     65.188    11.7363   3.701205    32.3014        591     2.4583  0.000e+00
     65.121    11.7370   3.701180    32.3005        592     2.4625  0.000e+00
     65.038    11.7374   3.700786    32.2964        593     2.4667  0.000e+00
     64.949    11.7358   3.700342    32.2935        594     2.4708  0.000e+00
     64.848    11.7325   3.700548    32.2984        595     2.4750  0.000e+00
     64.741    11.7308   3.700611    32.3006        596     2.4792  0.000e+00
     64.623    11.7301   3.700673    32.3019        597     2.4833  0.000e+00
     64.506    11.7302   3.700630    32.3014        598     2.4875  0.000e+00
     64.381    11.7303   3.700698    32.3020        599     2.4917  0.000e+00
     64.259    11.7309   3.700892    32.3034        600     2.4958  0.000e+00
     64.145    11.7322   3.700986    32.3032        601     2.5000  0.000e+00
     64.035    11.7338   3.701273    32.3047        602     2.5042  0.000e+00
     63.940    11.7358   3.701029    32.3006        603     2.5083  0.000e+00
     63.854    11.7367   3.700829    32.2979        604     2.5125  0.000e+00
     63.779    11.7358   3.701404    32.3043        605     2.5167  0.000e+00
     63.721    11.7372   3.701623    32.3053        606     2.5208  0.000e+00
     63.669    11.7402   3.701404    32.3006        607     2.5250  0.000e+00
     63.631    11.7411   3.701404    32.2998        608     2.5292  0.000e+00
     63.591    11.7414   3.701360    32.2991        609     2.5333  0.000e+00
     63.571    11.7411   3.701223    32.2980        610     2.5375  0.000e+00
     63.547    11.7404   3.701360    32.3000        611     2.5417  0.000e+00
     63.535    11.7405   3.701204    32.2984        612     2.5458  0.000e+00
     63.520    11.7400   3.701217    32.2990        613     2.5500  0.000e+00
     63.497    11.7396   3.701248    32.2997        614     2.5542  0.000e+00
     63.475    11.7394   3.701135    32.2987        615     2.5583  0.000e+00
     63.444    11.7390   3.701248    32.3002        616     2.5625  0.000e+00
     63.406    11.7391   3.701317    32.3007        617     2.5667  0.000e+00
     63.364    11.7396   3.701117    32.2984        618     2.5708  0.000e+00
     63.328    11.7391   3.701010    32.2978        619     2.5750  0.000e+00
     63.283    11.7380   3.700985    32.2985        620     2.5792  0.000e+00
     63.239    11.7373   3.700848    32.2979        621     2.5833  0.000e+00
     63.187    11.7363   3.701029    32.3005        622     2.5875  0.000e+00
     63.140    11.7362   3.701004    32.3004        623     2.5917  0.000e+00
     63.085    11.7363   3.701291    32.3031        624     2.5958  0.000e+00
     63.024    11.7378   3.702129    32.3100        625     2.6000  0.000e+00
