HB2407/sbe057.cnv
* Sea-Bird SBE 19plus V2 Data File:
* FileName = C:\cruise\data\sbe057.hex
* Software Version Seasave V 7.26.7.121
* Temperature SN = 7143
* Conductivity SN = 7143
* System UpLoad Time = Oct 05 2024 15:59:29
* NMEA Latitude = 40 12.69 N
* NMEA Longitude = 072 29.94 W
* NMEA UTC (Time) = Oct 05 2024  15:59:08
** Ship: Bigelow
** Cruise:  HB2407
** Program:  Fall Bottom Trawl
# nquan = 7
# nvalues = 1226                                  
# units = specified
# name 0 = depSM: Depth [salt water, m]
# name 1 = tv290C: Temperature [ITS-90, deg C]
# name 2 = c0S/m: Conductivity [S/m]
# name 3 = sal00: Salinity, Practical [PSU]
# name 4 = scan: Scan Count
# name 5 = timeM: Time, Elapsed [minutes]
# name 6 = flag:  0.000e+00
# span 0 =      0.089,     58.318                 
# span 1 =    13.4493,    20.2529                 
# span 2 =   0.311749,   4.701438                 
# span 3 =     1.8650,    34.1173                 
# span 4 =         11,       1236                 
# span 5 =     0.0417,     5.1458                 
# span 6 = 0.0000e+00, 0.0000e+00                 
# interval = seconds: 0.25
# start_time = Oct 05 2024 15:59:08 [NMEA time, header]
# bad_flag = -9.990e-29
*END*
[from data line 411]
     58.081    13.4680   3.899070    32.6946        422     1.7542  0.000e+00
     58.056    13.4671   3.899114    32.6958        423     1.7583  0.000e+00
     58.029    13.4666   3.899172    32.6967        424     1.7625  0.000e+00
     58.009    13.4665   3.899165    32.6968        425     1.7667  0.000e+00
     57.985    13.4666   3.899325    32.6982        426     1.7708  0.000e+00
     57.974    13.4673   3.899395    32.6983        427     1.7750  0.000e+00
     57.969    13.4682   3.899555    32.6990        428     1.7792  0.000e+00
     57.962    13.4693   3.899631    32.6988        429     1.7833  0.000e+00
     57.962    13.4704   3.899657    32.6980        430     1.7875  0.000e+00
     57.960    13.4713   3.899689    32.6976        431     1.7917  0.000e+00
     57.965    13.4722   3.899752    32.6974        432     1.7958  0.000e+00
     57.969    13.4724   3.899701    32.6968        433     1.8000  0.000e+00
     57.973    13.4729   3.899848    32.6977        434     1.8042  0.000e+00
     57.978    13.4734   3.899893    32.6977        435     1.8083  0.000e+00
     57.987    13.4743   3.899938    32.6974        436     1.8125  0.000e+00
     57.985    13.4749   3.899867    32.6961        437     1.8167  0.000e+00
     57.989    13.4752   3.899823    32.6955        438     1.8208  0.000e+00
     57.984    13.4752   3.899823    32.6955        439     1.8250  0.000e+00
     57.978    13.4748   3.899778    32.6954        440     1.8292  0.000e+00
     57.966    13.4745   3.899682    32.6948        441     1.8333  0.000e+00
     57.949    13.4741   3.899682    32.6951        442     1.8375  0.000e+00
     57.929    13.4739   3.899580    32.6943        443     1.8417  0.000e+00
     57.902    13.4734   3.899542    32.6944        444     1.8458  0.000e+00
     57.879    13.4729   3.899395    32.6935        445     1.8500  0.000e+00
     57.853    13.4724   3.899420    32.6942        446     1.8542  0.000e+00
     57.826    13.4717   3.899561    32.6961        447     1.8583  0.000e+00
     57.799    13.4715   3.899631    32.6969        448     1.8625  0.000e+00
     57.783    13.4722   3.899631    32.6964        449     1.8667  0.000e+00
     57.721    13.4727   3.899644    32.6961        450     1.8708  0.000e+00
     57.616    13.4729   3.899893    32.6983        451     1.8750  0.000e+00
     57.467    13.4736   3.900359    32.7021        452     1.8792  0.000e+00
     57.265    13.4759   3.900697    32.7034        453     1.8833  0.000e+00
     57.060    13.4788   3.901208    32.7057        454     1.8875  0.000e+00
     56.879    13.4823   3.901865    32.7089        455     1.8917  0.000e+00
     56.712    13.4869   3.903461    32.7200        456     1.8958  0.000e+00
     56.558    13.4951   3.905607    32.7330        457     1.9000  0.000e+00
     56.399    13.5075   3.908290    32.7476        458     1.9042  0.000e+00
     56.238    13.5242   3.912930    32.7766        459     1.9083  0.000e+00
     56.075    13.5505   3.917731    32.7989        460     1.9125  0.000e+00
     55.921    13.5850   3.923745    32.8255        461     1.9167  0.000e+00
     55.758    13.6290   3.931023    32.8556        462     1.9208  0.000e+00
     55.578    13.6822   3.935628    32.8529        463     1.9250  0.000e+00
     55.386    13.7354   3.940460    32.8523        464     1.9292  0.000e+00
     55.173    13.7844   3.944621    32.8490        465     1.9333  0.000e+00
     54.963    13.8302   3.945717    32.8201        466     1.9375  0.000e+00
     54.767    13.8652   3.946826    32.8006        467     1.9417  0.000e+00
     54.546    13.8896   3.949630    32.8057        468     1.9458  0.000e+00
     54.320    13.9102   3.950996    32.8009        469     1.9500  0.000e+00
     54.093    13.9300   3.951824    32.7918        470     1.9542  0.000e+00
     53.872    13.9444   3.948782    32.7514        471     1.9583  0.000e+00
     53.644    13.9470   3.944048    32.7055        472     1.9625  0.000e+00
     53.420    13.9345   3.942502    32.7020        473     1.9667  0.000e+00
     53.181    13.9176   3.940496    32.6979        474     1.9708  0.000e+00
     52.954    13.9017   3.941188    32.7179        475     1.9750  0.000e+00
     52.737    13.8910   3.938207    32.6995        476     1.9792  0.000e+00
     52.523    13.8795   3.936503    32.6936        477     1.9833  0.000e+00
     52.324    13.8654   3.936573    32.7064        478     1.9875  0.000e+00
     52.129    13.8553   3.936618    32.7154        479     1.9917  0.000e+00
     51.948    13.8498   3.936311    32.7173        480     1.9958  0.000e+00
     51.772    13.8464   3.935734    32.7150        481     2.0000  0.000e+00
     51.614    13.8430   3.935740    32.7180        482     2.0042  0.000e+00
     51.468    13.8396   3.932832    32.6940        483     2.0083  0.000e+00
     51.330    13.8313   3.917304    32.5573        484     2.0125  0.000e+00
     51.203    13.7918   3.906023    32.4863        485     2.0167  0.000e+00
     51.091    13.7224   3.904983    32.5355        486     2.0208  0.000e+00
     50.984    13.6690   3.904709    32.5784        487     2.0250  0.000e+00
     50.883    13.6368   3.902193    32.5824        488     2.0292  0.000e+00
     50.778    13.6139   3.902308    32.6031        489     2.0333  0.000e+00
     50.669    13.5984   3.902053    32.6140        490     2.0375  0.000e+00
     50.560    13.5888   3.898644    32.5904        491     2.0417  0.000e+00
     50.450    13.5770   3.894011    32.5573        492     2.0458  0.000e+00
     50.318    13.5569   3.893641    32.5710        493     2.0500  0.000e+00
     50.164    13.5401   3.892729    32.5770        494     2.0542  0.000e+00
     49.993    13.5284   3.891881    32.5791        495     2.0583  0.000e+00
     49.809    13.5200   3.890950    32.5777        496     2.0625  0.000e+00
     49.618    13.5129   3.888367    32.5597        497     2.0667  0.000e+00
     49.425    13.5009   3.879783    32.4898        498     2.0708  0.000e+00
     49.216    13.4736   3.879420    32.5098        499     2.0750  0.000e+00
     49.005    13.4493   3.902642    32.7476        500     2.0792  0.000e+00
     48.795    13.4939   3.944885    33.1045        501     2.0833  0.000e+00
     48.586    13.6702   3.999123    33.4579        502     2.0875  0.000e+00
     48.387    13.9754   4.030166    33.4805        503     2.0917  0.000e+00
     48.199    14.2983   4.033437    33.2313        504     2.0958  0.000e+00
     48.003    14.5392   4.043102    33.1136        505     2.1000  0.000e+00
     47.829    14.7013   4.066757    33.1910        506     2.1042  0.000e+00
     47.663    14.8616   4.108480    33.4335        507     2.1083  0.000e+00
     47.512    15.0872   4.144623    33.5677        508     2.1125  0.000e+00
     47.360    15.3510   4.172175    33.5901        509     2.1167  0.000e+00
     47.223    15.6201   4.200304    33.6126        510     2.1208  0.000e+00
     47.076    15.8725   4.230267    33.6650        511     2.1250  0.000e+00
     46.946    16.1212   4.250564    33.6339        512     2.1292  0.000e+00
     46.821    16.3551   4.286336    33.7515        513     2.1333  0.000e+00
     46.697    16.5960   4.310942    33.7641        514     2.1375  0.000e+00
     46.564    16.8301   4.339477    33.8160        515     2.1417  0.000e+00
     46.433    17.0631   4.366645    33.8563        516     2.1458  0.000e+00
     46.297    17.2962   4.390738    33.8691        517     2.1500  0.000e+00
     46.169    17.5234   4.414942    33.8875        518     2.1542  0.000e+00
     46.029    17.7414   4.435550    33.8823        519     2.1583  0.000e+00
     45.886    17.9420   4.446024    33.8051        520     2.1625  0.000e+00
     45.734    18.1010   4.448468    33.6947        521     2.1667  0.000e+00
     45.580    18.2067   4.452877    33.6451        522     2.1708  0.000e+00
     45.416    18.2771   4.475975    33.7825        523     2.1750  0.000e+00
     45.247    18.3677   4.492087    33.8440        524     2.1792  0.000e+00
     45.070    18.4872   4.501187    33.8224        525     2.1833  0.000e+00
     44.883    18.5958   4.507434    33.7857        526     2.1875  0.000e+00
     44.688    18.6809   4.510728    33.7438        527     2.1917  0.000e+00
     44.501    18.7435   4.537106    33.9134        528     2.1958  0.000e+00
     44.300    18.8362   4.556252    33.9975        529     2.2000  0.000e+00
     44.104    18.9673   4.569156    33.9975        530     2.2042  0.000e+00
     43.903    19.0900   4.584643    34.0259        531     2.2083  0.000e+00
     43.713    19.2090   4.607382    34.1173        532     2.2125  0.000e+00
     43.516    19.3402   4.619752    34.1123        533     2.2167  0.000e+00
     43.337    19.4723   4.622024    34.0232        534     2.2208  0.000e+00
     43.154    19.5654   4.629487    34.0090        535     2.2250  0.000e+00
     42.974    19.6341   4.641670    34.0534        536     2.2292  0.000e+00
     42.788    19.7060   4.652553    34.0844        537     2.2333  0.000e+00
     42.610    19.7883   4.663874    34.1103        538     2.2375  0.000e+00
     42.435    19.8697   4.667030    34.0702        539     2.2417  0.000e+00
     42.255    19.9355   4.668474    34.0286        540     2.2458  0.000e+00
     42.085    19.9784   4.668556    33.9947        541     2.2500  0.000e+00
     41.913    20.0028   4.668824    33.9772        542     2.2542  0.000e+00
     41.743    20.0160   4.668796    33.9664        543     2.2583  0.000e+00
     41.577    20.0230   4.669092    33.9632        544     2.2625  0.000e+00
     41.408    20.0266   4.669112    33.9605        545     2.2667  0.000e+00
     41.247    20.0285   4.669408    33.9614        546     2.2708  0.000e+00
     41.088    20.0300   4.669064    33.9575        547     2.2750  0.000e+00
     40.925    20.0302   4.669091    33.9577        548     2.2792  0.000e+00
     40.769    20.0296   4.669387    33.9606        549     2.2833  0.000e+00
     40.615    20.0301   4.669490    33.9611        550     2.2875  0.000e+00
     40.457    20.0307   4.669731    33.9626        551     2.2917  0.000e+00
     40.296    20.0313   4.669600    33.9611        552     2.2958  0.000e+00
     40.141    20.0312   4.669573    33.9610        553     2.3000  0.000e+00
     39.979    20.0309   4.669648    33.9619        554     2.3042  0.000e+00
     39.826    20.0305   4.670109    33.9660        555     2.3083  0.000e+00
     39.664    20.0313   4.670398    33.9679        556     2.3125  0.000e+00
     39.507    20.0328   4.670570    33.9681        557     2.3167  0.000e+00
     39.344    20.0339   4.670377    33.9657        558     2.3208  0.000e+00
     39.183    20.0345   4.670666    33.9676        559     2.3250  0.000e+00
     39.032    20.0347   4.670267    33.9642        560     2.3292  0.000e+00
     38.996    20.0354   4.670322    33.9641        561     2.3333  0.000e+00
     39.012    20.0343   4.670508    33.9666        562     2.3375  0.000e+00
     39.045    20.0341   4.670322    33.9652        563     2.3417  0.000e+00
     39.049    20.0333   4.670398    33.9665        564     2.3458  0.000e+00
     39.040    20.0323   4.670536    33.9683        565     2.3500  0.000e+00
     39.014    20.0319   4.670425    33.9678        566     2.3542  0.000e+00
     39.018    20.0319   4.670425    33.9678        567     2.3583  0.000e+00
     39.034    20.0317   4.670570    33.9691        568     2.3625  0.000e+00
     39.047    20.0315   4.670618    33.9697        569     2.3667  0.000e+00
     39.047    20.0316   4.670322    33.9672        570     2.3708  0.000e+00
     39.036    20.0309   4.670322    33.9678        571     2.3750  0.000e+00
     39.040    20.0298   4.670591    33.9708        572     2.3792  0.000e+00
     39.054    20.0302   4.670666    33.9712        573     2.3833  0.000e+00
     39.067    20.0307   4.670721    33.9712        574     2.3875  0.000e+00
     39.067    20.0311   4.670831    33.9718        575     2.3917  0.000e+00
     39.060    20.0316   4.670694    33.9702        576     2.3958  0.000e+00
     39.063    20.0317   4.670453    33.9682        577     2.4000  0.000e+00
     39.063    20.0309   4.670536    33.9695        578     2.4042  0.000e+00
     39.061    20.0303   4.670391    33.9688        579     2.4083  0.000e+00
     39.056    20.0299   4.670350    33.9688        580     2.4125  0.000e+00
     39.049    20.0294   4.670563    33.9709        581     2.4167  0.000e+00
     39.038    20.0296   4.670481    33.9701        582     2.4208  0.000e+00
     39.038    20.0295   4.670267    33.9684        583     2.4250  0.000e+00
     39.025    20.0294   4.670109    33.9672        584     2.4292  0.000e+00
     39.018    20.0282   4.670295    33.9698        585     2.4333  0.000e+00
     39.013    20.0279   4.670832    33.9743        586     2.4375  0.000e+00
     39.005    20.0293   4.670935    33.9741        587     2.4417  0.000e+00
     39.006    20.0303   4.670859    33.9727        588     2.4458  0.000e+00
     39.002    20.0304   4.670563    33.9701        589     2.4500  0.000e+00
     39.000    20.0303   4.670419    33.9690        590     2.4542  0.000e+00
     38.997    20.0295   4.670453    33.9699        591     2.4583  0.000e+00
     38.993    20.0289   4.670508    33.9709        592     2.4625  0.000e+00
     38.993    20.0289   4.670377    33.9698        593     2.4667  0.000e+00
     38.964    20.0284   4.670240    33.9691        594     2.4708  0.000e+00
     38.948    20.0279   4.670267    33.9698        595     2.4750  0.000e+00
     38.941    20.0274   4.670721    33.9738        596     2.4792  0.000e+00
     38.922    20.0283   4.670749    33.9734        597     2.4833  0.000e+00
     38.908    20.0291   4.670350    33.9695        598     2.4875  0.000e+00
     38.890    20.0288   4.670377    33.9700        599     2.4917  0.000e+00
     38.886    20.0283   4.670859    33.9743        600     2.4958  0.000e+00
     38.881    20.0288   4.670907    33.9743        601     2.5000  0.000e+00
     38.883    20.0296   4.671176    33.9758        602     2.5042  0.000e+00
     38.888    20.0307   4.671258    33.9756        603     2.5083  0.000e+00
     38.888    20.0321   4.671313    33.9749        604     2.5125  0.000e+00
     38.899    20.0324   4.671313    33.9746        605     2.5167  0.000e+00
     38.919    20.0327   4.671341    33.9746        606     2.5208  0.000e+00
     38.936    20.0331   4.671231    33.9734        607     2.5250  0.000e+00
     38.946    20.0324   4.671176    33.9735        608     2.5292  0.000e+00
     38.957    20.0323   4.671148    33.9734        609     2.5333  0.000e+00
     38.963    20.0319   4.671231    33.9744        610     2.5375  0.000e+00
     38.972    20.0316   4.671176    33.9742        611     2.5417  0.000e+00
     38.977    20.0316   4.671189    33.9743        612     2.5458  0.000e+00
     38.972    20.0318   4.671341    33.9754        613     2.5500  0.000e+00
     38.958    20.0319   4.671527    33.9768        614     2.5542  0.000e+00
     38.930    20.0324   4.671582    33.9768        615     2.5583  0.000e+00
     38.907    20.0334   4.671740    33.9773        616     2.5625  0.000e+00
     38.881    20.0343   4.671712    33.9764        617     2.5667  0.000e+00
     38.858    20.0345   4.671795    33.9769        618     2.5708  0.000e+00
     38.827    20.0352   4.671850    33.9768        619     2.5750  0.000e+00
     38.796    20.0358   4.671822    33.9761        620     2.5792  0.000e+00
     38.773    20.0358   4.672146    33.9788        621     2.5833  0.000e+00
     38.766    20.0366   4.672462    33.9807        622     2.5875  0.000e+00
     38.757    20.0383   4.672958    33.9834        623     2.5917  0.000e+00
     38.758    20.0401   4.673323    33.9849        624     2.5958  0.000e+00
     38.758    20.0424   4.673378    33.9835        625     2.6000  0.000e+00
