HB2407/sbe048.cnv
* Sea-Bird SBE 19plus V2 Data File:
* FileName = C:\cruise\data\sbe048.hex
* Software Version Seasave V 7.26.7.121
* Temperature SN = 7143
* Conductivity SN = 7143
* System UpLoad Time = Oct 04 2024 03:30:17
* NMEA Latitude = 40 45.34 N
* NMEA Longitude = 070 23.54 W
* NMEA UTC (Time) = Oct 04 2024  03:29:55
** Ship: Bigelow
** Cruise:  HB2407
** Program:  Fall Bottom Trawl
# nquan = 7
# nvalues = 1546                                  
# units = specified
# name 0 = depSM: Depth [salt water, m]
# name 1 = tv290C: Temperature [ITS-90, deg C]
# name 2 = c0S/m: Conductivity [S/m]
# name 3 = sal00: Salinity, Practical [PSU]
# name 4 = scan: Scan Count
# name 5 = timeM: Time, Elapsed [minutes]
# name 6 = flag:  0.000e+00
# span 0 =      0.003,     42.602                 
# span 1 =    15.9436,    17.0558                 
# span 2 =  -0.000057,   4.184018                 
# span 3 =     0.0000,    32.6897                 
# span 4 =         11,       1556                 
# span 5 =     0.0417,     6.4792                 
# span 6 = 0.0000e+00, 0.0000e+00                 
# interval = seconds: 0.25
# start_time = Oct 04 2024 03:29:55 [NMEA time, header]
# bad_flag = -9.990e-29
*END*
[from data line 616]
     33.343    16.1464   4.061025    31.9487        627     2.6083  0.000e+00
     33.334    16.1479   4.060772    31.9452        628     2.6125  0.000e+00
     33.330    16.1491   4.060941    31.9458        629     2.6167  0.000e+00
     33.339    16.1499   4.061045    31.9460        630     2.6208  0.000e+00
     33.345    16.1501   4.061175    31.9470        631     2.6250  0.000e+00
     33.352    16.1505   4.061200    31.9469        632     2.6292  0.000e+00
     33.361    16.1502   4.061175    31.9469        633     2.6333  0.000e+00
     33.361    16.1498   4.061149    31.9470        634     2.6375  0.000e+00
     33.357    16.1495   4.061201    31.9477        635     2.6417  0.000e+00
     33.343    16.1495   4.061246    31.9481        636     2.6458  0.000e+00
     33.319    16.1498   4.061194    31.9474        637     2.6500  0.000e+00
     33.281    16.1501   4.061200    31.9472        638     2.6542  0.000e+00
     33.233    16.1494   4.060798    31.9443        639     2.6583  0.000e+00
     33.169    16.1493   4.060480    31.9416        640     2.6625  0.000e+00
     33.091    16.1499   4.060467    31.9410        641     2.6667  0.000e+00
     33.012    16.1506   4.060162    31.9378        642     2.6708  0.000e+00
     32.914    16.1512   4.060084    31.9367        643     2.6750  0.000e+00
     32.825    16.1521   4.060090    31.9361        644     2.6792  0.000e+00
     32.722    16.1532   4.060162    31.9358        645     2.6833  0.000e+00
     32.620    16.1539   4.060253    31.9361        646     2.6875  0.000e+00
     32.517    16.1548   4.060330    31.9361        647     2.6917  0.000e+00
     32.417    16.1555   4.060395    31.9361        648     2.6958  0.000e+00
     32.323    16.1564   4.060583    31.9371        649     2.7000  0.000e+00
     32.229    16.1575   4.060875    31.9388        650     2.7042  0.000e+00
     32.140    16.1591   4.061031    31.9389        651     2.7083  0.000e+00
     32.062    16.1611   4.061148    31.9384        652     2.7125  0.000e+00
     31.992    16.1630   4.061271    31.9380        653     2.7167  0.000e+00
     31.930    16.1641   4.061336    31.9377        654     2.7208  0.000e+00
     31.879    16.1653   4.061388    31.9372        655     2.7250  0.000e+00
     31.832    16.1662   4.061407    31.9367        656     2.7292  0.000e+00
     31.798    16.1667   4.061414    31.9363        657     2.7333  0.000e+00
     31.767    16.1674   4.061433    31.9359        658     2.7375  0.000e+00
     31.745    16.1676   4.061453    31.9360        659     2.7417  0.000e+00
     31.729    16.1679   4.061440    31.9356        660     2.7458  0.000e+00
     31.720    16.1680   4.061453    31.9357        661     2.7500  0.000e+00
     31.707    16.1681   4.061453    31.9356        662     2.7542  0.000e+00
     31.702    16.1683   4.061466    31.9355        663     2.7583  0.000e+00
     31.691    16.1681   4.061453    31.9356        664     2.7625  0.000e+00
     31.682    16.1681   4.061453    31.9356        665     2.7667  0.000e+00
     31.682    16.1683   4.061479    31.9357        666     2.7708  0.000e+00
     31.667    16.1682   4.061492    31.9359        667     2.7750  0.000e+00
     31.648    16.1683   4.061479    31.9357        668     2.7792  0.000e+00
     31.619    16.1684   4.061479    31.9356        669     2.7833  0.000e+00
     31.582    16.1683   4.061492    31.9358        670     2.7875  0.000e+00
     31.539    16.1683   4.061479    31.9357        671     2.7917  0.000e+00
     31.488    16.1686   4.061479    31.9355        672     2.7958  0.000e+00
     31.434    16.1687   4.061615    31.9366        673     2.8000  0.000e+00
     31.376    16.1694   4.061764    31.9374        674     2.8042  0.000e+00
     31.311    16.1701   4.061881    31.9379        675     2.8083  0.000e+00
     31.247    16.1714   4.061998    31.9379        676     2.8125  0.000e+00
     31.189    16.1725   4.062160    31.9384        677     2.8167  0.000e+00
     31.135    16.1737   4.062283    31.9386        678     2.8208  0.000e+00
     31.081    16.1753   4.062374    31.9381        679     2.8250  0.000e+00
     31.034    16.1763   4.062452    31.9380        680     2.8292  0.000e+00
     30.988    16.1774   4.062491    31.9375        681     2.8333  0.000e+00
     30.950    16.1783   4.062543    31.9372        682     2.8375  0.000e+00
     30.907    16.1790   4.062543    31.9367        683     2.8417  0.000e+00
     30.863    16.1796   4.062575    31.9365        684     2.8458  0.000e+00
     30.818    16.1802   4.062588    31.9362        685     2.8500  0.000e+00
     30.773    16.1805   4.062634    31.9363        686     2.8542  0.000e+00
     30.726    16.1809   4.062751    31.9371        687     2.8583  0.000e+00
     30.670    16.1814   4.062848    31.9376        688     2.8625  0.000e+00
     30.612    16.1820   4.062939    31.9379        689     2.8667  0.000e+00
     30.561    16.1829   4.062997    31.9377        690     2.8708  0.000e+00
     30.503    16.1836   4.063107    31.9381        691     2.8750  0.000e+00
     30.443    16.1844   4.063127    31.9377        692     2.8792  0.000e+00
     30.389    16.1851   4.063179    31.9376        693     2.8833  0.000e+00
     30.347    16.1857   4.063192    31.9372        694     2.8875  0.000e+00
     30.297    16.1862   4.063198    31.9369        695     2.8917  0.000e+00
     30.249    16.1863   4.063198    31.9368        696     2.8958  0.000e+00
     30.220    16.1865   4.063244    31.9370        697     2.9000  0.000e+00
     30.190    16.1869   4.063296    31.9372        698     2.9042  0.000e+00
     30.161    16.1872   4.063315    31.9372        699     2.9083  0.000e+00
     30.139    16.1876   4.063367    31.9373        700     2.9125  0.000e+00
     30.113    16.1879   4.063386    31.9372        701     2.9167  0.000e+00
     30.088    16.1881   4.063438    31.9375        702     2.9208  0.000e+00
     30.064    16.1887   4.063484    31.9375        703     2.9250  0.000e+00
     30.028    16.1891   4.063562    31.9378        704     2.9292  0.000e+00
     29.994    16.1896   4.063834    31.9398        705     2.9333  0.000e+00
     29.954    16.1909   4.064075    31.9409        706     2.9375  0.000e+00
     29.910    16.1928   4.064159    31.9402        707     2.9417  0.000e+00
     29.860    16.1944   4.064263    31.9398        708     2.9458  0.000e+00
     29.813    16.1958   4.064425    31.9401        709     2.9500  0.000e+00
     29.764    16.1971   4.064659    31.9411        710     2.9542  0.000e+00
     29.718    16.1987   4.064970    31.9426        711     2.9583  0.000e+00
     29.671    16.2011   4.065276    31.9433        712     2.9625  0.000e+00
     29.624    16.2036   4.065490    31.9432        713     2.9667  0.000e+00
     29.577    16.2063   4.065665    31.9426        714     2.9708  0.000e+00
     29.541    16.2082   4.065749    31.9418        715     2.9750  0.000e+00
     29.505    16.2098   4.065795    31.9410        716     2.9792  0.000e+00
     29.476    16.2110   4.065814    31.9402        717     2.9833  0.000e+00
     29.449    16.2117   4.065840    31.9399        718     2.9875  0.000e+00
     29.427    16.2123   4.065912    31.9400        719     2.9917  0.000e+00
     29.407    16.2128   4.066009    31.9405        720     2.9958  0.000e+00
     29.387    16.2132   4.065990    31.9400        721     3.0000  0.000e+00
     29.367    16.2139   4.066009    31.9396        722     3.0042  0.000e+00
     29.344    16.2142   4.066080    31.9400        723     3.0083  0.000e+00
     29.313    16.2144   4.066087    31.9399        724     3.0125  0.000e+00
     29.277    16.2148   4.066145    31.9401        725     3.0167  0.000e+00
     29.242    16.2152   4.066217    31.9405        726     3.0208  0.000e+00
     29.203    16.2155   4.066288    31.9409        727     3.0250  0.000e+00
     29.152    16.2163   4.066379    31.9410        728     3.0292  0.000e+00
     29.094    16.2168   4.066528    31.9420        729     3.0333  0.000e+00
     29.030    16.2180   4.066665    31.9422        730     3.0375  0.000e+00
     28.965    16.2191   4.067002    31.9443        731     3.0417  0.000e+00
     28.895    16.2206   4.067496    31.9475        732     3.0458  0.000e+00
     28.827    16.2235   4.067892    31.9486        733     3.0500  0.000e+00
     28.753    16.2267   4.068795    31.9539        734     3.0542  0.000e+00
     28.688    16.2312   4.069029    31.9524        735     3.0583  0.000e+00
     28.623    16.2358   4.069405    31.9521        736     3.0625  0.000e+00
     28.552    16.2392   4.069262    31.9481        737     3.0667  0.000e+00
     28.494    16.2414   4.069893    31.9519        738     3.0708  0.000e+00
     28.433    16.2438   4.069834    31.9495        739     3.0750  0.000e+00
     28.379    16.2460   4.070022    31.9494        740     3.0792  0.000e+00
     28.322    16.2477   4.071062    31.9572        741     3.0833  0.000e+00
     28.268    16.2517   4.072121    31.9632        742     3.0875  0.000e+00
     28.217    16.2577   4.072478    31.9615        743     3.0917  0.000e+00
     28.163    16.2640   4.073706    31.9673        744     3.0958  0.000e+00
     28.114    16.2706   4.073830    31.9631        745     3.1000  0.000e+00
     28.065    16.2760   4.074181    31.9619        746     3.1042  0.000e+00
     28.016    16.2804   4.074753    31.9633        747     3.1083  0.000e+00
     27.966    16.2844   4.075461    31.9663        748     3.1125  0.000e+00
     27.911    16.2890   4.075792    31.9656        749     3.1167  0.000e+00
     27.866    16.2931   4.075812    31.9624        750     3.1208  0.000e+00
     27.821    16.2960   4.076670    31.9676        751     3.1250  0.000e+00
     27.775    16.3001   4.078347    31.9790        752     3.1292  0.000e+00
     27.741    16.3073   4.077157    31.9629        753     3.1333  0.000e+00
     27.708    16.3112   4.077755    31.9650        754     3.1375  0.000e+00
     27.681    16.3130   4.077684    31.9629        755     3.1417  0.000e+00
     27.663    16.3140   4.078061    31.9654        756     3.1458  0.000e+00
     27.645    16.3155   4.077950    31.9633        757     3.1500  0.000e+00
     27.630    16.3162   4.078393    31.9666        758     3.1542  0.000e+00
     27.621    16.3178   4.078867    31.9695        759     3.1583  0.000e+00
     27.614    16.3206   4.079199    31.9701        760     3.1625  0.000e+00
     27.603    16.3234   4.078893    31.9652        761     3.1667  0.000e+00
     27.601    16.3244   4.078796    31.9635        762     3.1708  0.000e+00
     27.581    16.3243   4.078587    31.9618        763     3.1750  0.000e+00
     27.572    16.3237   4.078776    31.9639        764     3.1792  0.000e+00
     27.547    16.3236   4.079342    31.9690        765     3.1833  0.000e+00
     27.518    16.3248   4.079036    31.9654        766     3.1875  0.000e+00
     27.473    16.3256   4.079322    31.9672        767     3.1917  0.000e+00
     27.422    16.3262   4.079062    31.9645        768     3.1958  0.000e+00
     27.366    16.3264   4.078965    31.9635        769     3.2000  0.000e+00
     27.295    16.3260   4.078821    31.9626        770     3.2042  0.000e+00
     27.221    16.3255   4.078776    31.9626        771     3.2083  0.000e+00
     27.141    16.3248   4.078776    31.9632        772     3.2125  0.000e+00
     27.053    16.3243   4.079238    31.9677        773     3.2167  0.000e+00
     26.962    16.3253   4.078704    31.9622        774     3.2208  0.000e+00
     26.872    16.3250   4.078561    31.9613        775     3.2250  0.000e+00
     26.781    16.3243   4.079836    31.9730        776     3.2292  0.000e+00
     26.694    16.3262   4.079933    31.9724        777     3.2333  0.000e+00
     26.602    16.3297   4.080291    31.9727        778     3.2375  0.000e+00
     26.518    16.3325   4.079770    31.9660        779     3.2417  0.000e+00
     26.439    16.3331   4.080928    31.9756        780     3.2458  0.000e+00
     26.366    16.3351   4.080648    31.9716        781     3.2500  0.000e+00
     26.294    16.3373   4.081949    31.9812        782     3.2542  0.000e+00
     26.232    16.3415   4.082118    31.9794        783     3.2583  0.000e+00
     26.180    16.3458   4.083413    31.9872        784     3.2625  0.000e+00
     26.125    16.3518   4.083087    31.9796        785     3.2667  0.000e+00
     26.084    16.3570   4.083679    31.9807        786     3.2708  0.000e+00
     26.044    16.3616   4.084701    31.9859        787     3.2750  0.000e+00
     26.009    16.3664   4.085078    31.9854        788     3.2792  0.000e+00
     25.982    16.3698   4.084961    31.9816        789     3.2833  0.000e+00
     25.962    16.3727   4.085247    31.9818        790     3.2875  0.000e+00
     25.944    16.3753   4.085722    31.9839        791     3.2917  0.000e+00
     25.932    16.3773   4.085696    31.9820        792     3.2958  0.000e+00
     25.922    16.3793   4.085891    31.9822        793     3.3000  0.000e+00
     25.908    16.3807   4.086223    31.9839        794     3.3042  0.000e+00
     25.892    16.3821   4.085748    31.9787        795     3.3083  0.000e+00
     25.877    16.3826   4.086366    31.9837        796     3.3125  0.000e+00
     25.861    16.3839   4.086294    31.9820        797     3.3167  0.000e+00
     25.846    16.3851   4.087407    31.9908        798     3.3208  0.000e+00
     25.828    16.3879   4.087101    31.9858        799     3.3250  0.000e+00
     25.803    16.3908   4.086769    31.9806        800     3.3292  0.000e+00
     25.774    16.3910   4.086496    31.9781        801     3.3333  0.000e+00
     25.730    16.3901   4.087173    31.9847        802     3.3375  0.000e+00
     25.687    16.3907   4.087550    31.9876        803     3.3417  0.000e+00
     25.649    16.3930   4.088214    31.9915        804     3.3458  0.000e+00
     25.596    16.3960   4.088064    31.9878        805     3.3500  0.000e+00
     25.544    16.3981   4.088214    31.9875        806     3.3542  0.000e+00
     25.478    16.3997   4.088858    31.9919        807     3.3583  0.000e+00
     25.413    16.4026   4.088617    31.9875        808     3.3625  0.000e+00
     25.346    16.4039   4.088708    31.9872        809     3.3667  0.000e+00
     25.275    16.4054   4.090049    31.9978        810     3.3708  0.000e+00
     25.200    16.4085   4.089164    31.9876        811     3.3750  0.000e+00
     25.127    16.4105   4.090023    31.9935        812     3.3792  0.000e+00
     25.060    16.4123   4.090030    31.9922        813     3.3833  0.000e+00
     25.000    16.4145   4.090049    31.9905        814     3.3875  0.000e+00
     24.942    16.4160   4.090257    31.9912        815     3.3917  0.000e+00
     24.899    16.4169   4.090140    31.9894        816     3.3958  0.000e+00
     24.863    16.4174   4.090733    31.9942        817     3.4000  0.000e+00
     24.832    16.4192   4.090401    31.9899        818     3.4042  0.000e+00
     24.803    16.4208   4.091188    31.9955        819     3.4083  0.000e+00
     24.781    16.4226   4.091162    31.9938        820     3.4125  0.000e+00
     24.765    16.4246   4.091664    31.9966        821     3.4167  0.000e+00
     24.743    16.4269   4.091227    31.9910        822     3.4208  0.000e+00
     24.736    16.4277   4.091234    31.9904        823     3.4250  0.000e+00
     24.720    16.4277   4.091403    31.9919        824     3.4292  0.000e+00
     24.702    16.4281   4.090830    31.9866        825     3.4333  0.000e+00
     24.680    16.4266   4.090947    31.9888        826     3.4375  0.000e+00
     24.657    16.4258   4.091735    31.9964        827     3.4417  0.000e+00
     24.628    16.4277   4.091950    31.9967        828     3.4458  0.000e+00
     24.585    16.4301   4.092829    32.0025        829     3.4500  0.000e+00
     24.541    16.4332   4.092093    31.9935        830     3.4542  0.000e+00
