HB2407/sbe052.cnv
* Sea-Bird SBE 19plus V2 Data File:
* FileName = C:\cruise\data\sbe052.hex
* Software Version Seasave V 7.26.7.121
* Temperature SN = 7143
* Conductivity SN = 7143
* System UpLoad Time = Oct 04 2024 21:39:01
* NMEA Latitude = 40 56.58 N
* NMEA Longitude = 071 26.33 W
* NMEA UTC (Time) = Oct 04 2024  21:38:39
** Ship: Bigelow
** Cruise:  HB2407
** Program:  Fall Bottom Trawl
# nquan = 7
# nvalues = 1542                                  
# units = specified
# name 0 = depSM: Depth [salt water, m]
# name 1 = tv290C: Temperature [ITS-90, deg C]
# name 2 = c0S/m: Conductivity [S/m]
# name 3 = sal00: Salinity, Practical [PSU]
# name 4 = scan: Scan Count
# name 5 = timeM: Time, Elapsed [minutes]
# name 6 = flag:  0.000e+00
# span 0 =      0.027,     53.343                 
# span 1 =    14.2095,    22.1153                 
# span 2 =   0.000050,   4.508680                 
# span 3 =     0.0106,    33.6315                 
# span 4 =         11,       1552                 
# span 5 =     0.0417,     6.4625                 
# span 6 = 0.0000e+00, 0.0000e+00                 
# interval = seconds: 0.25
# start_time = Oct 04 2024 21:38:39 [NMEA time, header]
# bad_flag = -9.990e-29
*END*
[from data line 1436]
      3.682    18.9405   4.443019    32.9843       1447     6.0250  0.000e+00
      3.651    18.9505   4.443699    32.9820       1448     6.0292  0.000e+00
      3.615    18.9596   4.444009    32.9773       1449     6.0333  0.000e+00
      3.574    18.9663   4.444178    32.9734       1450     6.0375  0.000e+00
      3.539    18.9716   4.444380    32.9709       1451     6.0417  0.000e+00
      3.501    18.9751   4.444878    32.9722       1452     6.0458  0.000e+00
      3.469    18.9786   4.445539    32.9750       1453     6.0500  0.000e+00
      3.429    18.9827   4.445438    32.9709       1454     6.0542  0.000e+00
      3.395    18.9866   4.444400    32.9592       1455     6.0583  0.000e+00
      3.355    18.9888   4.443928    32.9535       1456     6.0625  0.000e+00
      3.310    18.9894   4.443847    32.9524       1457     6.0667  0.000e+00
      3.259    18.9909   4.444036    32.9528       1458     6.0708  0.000e+00
      3.207    18.9926   4.443469    32.9468       1459     6.0750  0.000e+00
      3.138    18.9933   4.441030    32.9260       1460     6.0792  0.000e+00
      3.067    18.9901   4.438854    32.9105       1461     6.0833  0.000e+00
      2.986    18.9838   4.436248    32.8939       1462     6.0875  0.000e+00
      2.902    18.9738   4.434935    32.8910       1463     6.0917  0.000e+00
      2.808    18.9644   4.429947    32.8572       1464     6.0958  0.000e+00
      2.709    18.9503   4.427356    32.8468       1465     6.1000  0.000e+00
      2.616    18.9340   4.425109    32.8412       1466     6.1042  0.000e+00
      2.540    18.9176   4.419501    32.8077       1467     6.1083  0.000e+00
      2.472    18.8992   4.419353    32.8210       1468     6.1125  0.000e+00
      2.426    18.8814   4.419374    32.8354       1469     6.1167  0.000e+00
      2.394    18.8713   4.418258    32.8341       1470     6.1208  0.000e+00
      2.374    18.8637   4.417700    32.8355       1471     6.1250  0.000e+00
      2.361    18.8572   4.415858    32.8254       1472     6.1292  0.000e+00
      2.358    18.8496   4.414554    32.8205       1473     6.1333  0.000e+00
      2.356    18.8414   4.410288    32.7915       1474     6.1375  0.000e+00
      2.349    18.8281   4.410785    32.8062       1475     6.1417  0.000e+00
      2.338    18.8181   4.409845    32.8063       1476     6.1458  0.000e+00
      2.311    18.8103   4.412210    32.8322       1477     6.1500  0.000e+00
      2.276    18.8092   4.407629    32.7950       1478     6.1542  0.000e+00
      2.220    18.8033   4.402365    32.7559       1479     6.1583  0.000e+00
      2.191    18.7873   4.390960    32.6737       1480     6.1625  0.000e+00
      2.161    18.7538   4.389251    32.6859       1481     6.1667  0.000e+00
      2.173    18.7196   4.393268    32.7465       1482     6.1708  0.000e+00
      2.201    18.7044   4.395481    32.7770       1483     6.1750  0.000e+00
      2.239    18.7053   4.401467    32.8262       1484     6.1792  0.000e+00
      2.281    18.7169   4.403803    32.8364       1485     6.1833  0.000e+00
      2.315    18.7343   4.407321    32.8519       1486     6.1875  0.000e+00
      2.339    18.7519   4.408697    32.8493       1487     6.1917  0.000e+00
      2.375    18.7685   4.413561    32.8767       1488     6.1958  0.000e+00
      2.386    18.7873   4.414125    32.8664       1489     6.2000  0.000e+00
      2.378    18.8041   4.414011    32.8521       1490     6.2042  0.000e+00
      2.366    18.8144   4.413520    32.8399       1491     6.2083  0.000e+00
      2.362    18.8194   4.414656    32.8454       1492     6.2125  0.000e+00
      2.368    18.8228   4.415818    32.8523       1493     6.2167  0.000e+00
      2.378    18.8285   4.417882    32.8649       1494     6.2208  0.000e+00
      2.386    18.8354   4.413681    32.8245       1495     6.2250  0.000e+00
      2.382    18.8348   4.411645    32.8081       1496     6.2292  0.000e+00
      2.366    18.8274   4.410859    32.8074       1497     6.2333  0.000e+00
      2.355    18.8190   4.413392    32.8351       1498     6.2375  0.000e+00
      2.344    18.8175   4.413009    32.8331       1499     6.2417  0.000e+00
      2.341    18.8183   4.412008    32.8242       1500     6.2458  0.000e+00
      2.353    18.8175   4.412835    32.8317       1501     6.2500  0.000e+00
      2.384    18.8173   4.414380    32.8447       1502     6.2542  0.000e+00
      2.424    18.8207   4.417707    32.8697       1503     6.2583  0.000e+00
      2.476    18.8297   4.417754    32.8628       1504     6.2625  0.000e+00
      2.507    18.8379   4.417828    32.8570       1505     6.2667  0.000e+00
      2.534    18.8432   4.421075    32.8798       1506     6.2708  0.000e+00
      2.507    18.8522   4.421405    32.8754       1507     6.2750  0.000e+00
      2.437    18.8602   4.417438    32.8360       1508     6.2792  0.000e+00
      2.350    18.8600   4.414158    32.8089       1509     6.2833  0.000e+00
      2.263    18.8489   4.410913    32.7908       1510     6.2875  0.000e+00
      2.176    18.8345   4.407198    32.7714       1511     6.2917  0.000e+00
      2.096    18.8159   4.404291    32.7620       1512     6.2958  0.000e+00
      2.011    18.7977   4.400526    32.7451       1513     6.3000  0.000e+00
      1.901    18.7777   4.383212    32.6169       1514     6.3042  0.000e+00
      1.760    18.7383   4.358504    32.4424       1515     6.3083  0.000e+00
      1.586    18.6720   4.338798    32.3305       1516     6.3125  0.000e+00
      1.420    18.6007   4.333816    32.3449       1517     6.3167  0.000e+00
      1.278    18.5440   4.334544    32.3955       1518     6.3208  0.000e+00
      1.168    18.5090   4.335245    32.4290       1519     6.3250  0.000e+00
      1.058    18.4900   4.334325    32.4363       1520     6.3292  0.000e+00
      0.956    18.4797   4.333811    32.4402       1521     6.3333  0.000e+00
      0.857    18.4726   4.333151    32.4403       1522     6.3375  0.000e+00
      0.764    18.4684   4.333105    32.4433       1523     6.3417  0.000e+00
      0.677    18.4653   4.333398    32.4481       1524     6.3458  0.000e+00
      0.599    18.4647   4.332978    32.4452       1525     6.3500  0.000e+00
      0.500    18.4645   4.333691    32.4513       1526     6.3542  0.000e+00
      0.341    18.4659   4.333645    32.4499       1527     6.3583  0.000e+00
      0.183    18.4668   4.169423    31.0796       1528     6.3625  0.000e+00
      0.125    18.4634   0.998373     6.5213       1529     6.3667  0.000e+00
      0.109    18.4429   0.560182     3.5113       1530     6.3708  0.000e+00
      0.102    18.3955   0.453416     2.8060       1531     6.3750  0.000e+00
      0.102    18.3408   0.372960     2.2829       1532     6.3792  0.000e+00
      0.103    18.3238   0.328676     1.9974       1533     6.3833  0.000e+00
      0.102    18.3237   0.284074     1.7117       1534     6.3875  0.000e+00
      0.102    18.3273   0.247688     1.4809       1535     6.3917  0.000e+00
      0.109    18.3321   0.227269     1.3523       1536     6.3958  0.000e+00
      0.107    18.3368   0.206748     1.2238       1537     6.4000  0.000e+00
      0.109    18.3413   0.186152     1.0958       1538     6.4042  0.000e+00
      0.104    18.3455   0.168425     0.9864       1539     6.4083  0.000e+00
      0.102    18.3504   0.156024     0.9103       1540     6.4125  0.000e+00
      0.106    18.3546   0.146282     0.8507       1541     6.4167  0.000e+00
      0.107    18.3595   0.135393     0.7845       1542     6.4208  0.000e+00
      0.107    18.3639   0.121037     0.6977       1543     6.4250  0.000e+00
      0.109    18.3686   0.111138     0.6382       1544     6.4292  0.000e+00
      0.111    18.3727   0.108441     0.6220       1545     6.4333  0.000e+00
      0.107    18.3775   0.099765     0.5702       1546     6.4375  0.000e+00
      0.107    18.3813   0.090036     0.5124       1547     6.4417  0.000e+00
      0.107    18.3857   0.083528     0.4739       1548     6.4458  0.000e+00
      0.111    18.3896   0.081094     0.4596       1549     6.4500  0.000e+00
      0.109    18.3940   0.079290     0.4489       1550     6.4542  0.000e+00
      0.107    18.3977   0.073737     0.4164       1551     6.4583  0.000e+00
      0.104    18.4011   0.064094     0.3602       1552     6.4625  0.000e+00
