HB2407/sbe014.cnv
* Sea-Bird SBE 19plus V2 Data File:
* FileName = C:\cruise\data\sbe014.hex
* Software Version Seasave V 7.26.7.121
* Temperature SN = 7143
* Conductivity SN = 7143
* System UpLoad Time = Sep 11 2024 07:39:29
* NMEA Latitude = 36 59.55 N
* NMEA Longitude = 075 05.15 W
* NMEA UTC (Time) = Sep 11 2024  07:39:40
** Ship: Bigelow
** Cruise:  HB2407
** Program:  Fall Bottom Trawl
# nquan = 7
# nvalues = 1345                                  
# units = specified
# name 0 = depSM: Depth [salt water, m]
# name 1 = tv290C: Temperature [ITS-90, deg C]
# name 2 = c0S/m: Conductivity [S/m]
# name 3 = sal00: Salinity, Practical [PSU]
# name 4 = scan: Scan Count
# name 5 = timeM: Time, Elapsed [minutes]
# name 6 = flag:  0.000e+00
# span 0 =      0.008,     33.322                 
# span 1 =    10.6370,    22.8922                 
# span 2 =  -0.000223,   4.797884                 
# span 3 =     0.0000,    33.7464                 
# span 4 =         11,       1355                 
# span 5 =     0.0417,     5.6417                 
# span 6 = 0.0000e+00, 0.0000e+00                 
# interval = seconds: 0.25
# start_time = Sep 11 2024 07:39:40 [NMEA time, header]
# bad_flag = -9.990e-29
*END*
[from data line 411]
     32.322    13.2371   3.761736    31.6158        422     1.7542  0.000e+00
     32.454    13.1336   3.752879    31.6189        423     1.7583  0.000e+00
     32.581    13.0478   3.744211    31.6090        424     1.7625  0.000e+00
     32.710    12.9293   3.738061    31.6501        425     1.7667  0.000e+00
     32.835    12.7903   3.734644    31.7343        426     1.7708  0.000e+00
     32.958    12.6709   3.734294    31.8315        427     1.7750  0.000e+00
     33.081    12.5914   3.734697    31.9024        428     1.7792  0.000e+00
     33.200    12.5310   3.849819    33.0522        429     1.7833  0.000e+00
     33.282    12.4963   3.914532    33.7031        430     1.7875  0.000e+00
     33.322    12.4978   3.919182    33.7464        431     1.7917  0.000e+00
     33.322    12.4782   3.859318    33.1897        432     1.7958  0.000e+00
     33.300    12.3769   3.779283    32.5115        433     1.8000  0.000e+00
     33.278    12.1626   3.726276    32.1880        434     1.8042  0.000e+00
     33.275    11.8818   3.716415    32.3357        435     1.8083  0.000e+00
     33.271    11.6165   3.695547    32.3640        436     1.8125  0.000e+00
     33.271    11.4205   3.680997    32.3933        437     1.8167  0.000e+00
     33.267    11.2734   3.666226    32.3775        438     1.8208  0.000e+00
     33.255    11.1608   3.653126    32.3476        439     1.8250  0.000e+00
     33.244    11.0730   3.643515    32.3301        440     1.8292  0.000e+00
     33.239    11.0046   3.640834    32.3638        441     1.8333  0.000e+00
     33.226    10.9487   3.632141    32.3271        442     1.8375  0.000e+00
     33.206    10.8980   3.614471    32.1968        443     1.8417  0.000e+00
     33.188    10.8519   3.604480    32.1382        444     1.8458  0.000e+00
     33.157    10.8042   3.592599    32.0623        445     1.8500  0.000e+00
     33.117    10.7610   3.584896    32.0237        446     1.8542  0.000e+00
     33.076    10.7261   3.579167    31.9973        447     1.8583  0.000e+00
     33.030    10.6986   3.578742    32.0172        448     1.8625  0.000e+00
     32.983    10.6794   3.577164    32.0184        449     1.8667  0.000e+00
     32.938    10.6669   3.575013    32.0079        450     1.8708  0.000e+00
     32.893    10.6584   3.574360    32.0089        451     1.8750  0.000e+00
     32.855    10.6547   3.572413    31.9928        452     1.8792  0.000e+00
     32.806    10.6523   3.572764    31.9985        453     1.8833  0.000e+00
     32.768    10.6499   3.573319    32.0061        454     1.8875  0.000e+00
     32.735    10.6481   3.572783    32.0023        455     1.8917  0.000e+00
     32.697    10.6462   3.575796    32.0340        456     1.8958  0.000e+00
     32.666    10.6463   3.576943    32.0454        457     1.9000  0.000e+00
     32.643    10.6493   3.577343    32.0467        458     1.9042  0.000e+00
     32.614    10.6509   3.575698    32.0290        459     1.9083  0.000e+00
     32.579    10.6507   3.575118    32.0234        460     1.9125  0.000e+00
     32.538    10.6504   3.574206    32.0146        461     1.9167  0.000e+00
     32.512    10.6505   3.575013    32.0225        462     1.9208  0.000e+00
     32.481    10.6507   3.571409    31.9865        463     1.9250  0.000e+00
     32.451    10.6490   3.571249    31.9864        464     1.9292  0.000e+00
     32.418    10.6474   3.571649    31.9918        465     1.9333  0.000e+00
     32.387    10.6477   3.568225    31.9575        466     1.9375  0.000e+00
     32.357    10.6470   3.568102    31.9569        467     1.9417  0.000e+00
     32.324    10.6458   3.566852    31.9455        468     1.9458  0.000e+00
     32.291    10.6443   3.566655    31.9449        469     1.9500  0.000e+00
     32.257    10.6438   3.565817    31.9370        470     1.9542  0.000e+00
     32.226    10.6428   3.565657    31.9362        471     1.9583  0.000e+00
     32.197    10.6412   3.564506    31.9262        472     1.9625  0.000e+00
     32.159    10.6406   3.564820    31.9298        473     1.9667  0.000e+00
     32.126    10.6410   3.563786    31.9192        474     1.9708  0.000e+00
     32.092    10.6406   3.562801    31.9098        475     1.9750  0.000e+00
     32.063    10.6393   3.564888    31.9317        476     1.9792  0.000e+00
     32.030    10.6396   3.563934    31.9220        477     1.9833  0.000e+00
     31.994    10.6406   3.564445    31.9262        478     1.9875  0.000e+00
     31.962    10.6410   3.562912    31.9107        479     1.9917  0.000e+00
     31.929    10.6406   3.562629    31.9081        480     1.9958  0.000e+00
     31.894    10.6393   3.563798    31.9210        481     2.0000  0.000e+00
     31.853    10.6385   3.563177    31.9155        482     2.0042  0.000e+00
     31.809    10.6374   3.562801    31.9127        483     2.0083  0.000e+00
     31.766    10.6370   3.563534    31.9204        484     2.0125  0.000e+00
     31.719    10.6387   3.562998    31.9136        485     2.0167  0.000e+00
     31.664    10.6410   3.562967    31.9113        486     2.0208  0.000e+00
     31.616    10.6425   3.563066    31.9110        487     2.0250  0.000e+00
     31.558    10.6444   3.562672    31.9054        488     2.0292  0.000e+00
     31.500    10.6458   3.562801    31.9056        489     2.0333  0.000e+00
     31.438    10.6461   3.562733    31.9046        490     2.0375  0.000e+00
     31.375    10.6462   3.560943    31.8868        491     2.0417  0.000e+00
     31.311    10.6464   3.559970    31.8769        492     2.0458  0.000e+00
     31.239    10.6456   3.559792    31.8759        493     2.0500  0.000e+00
     31.170    10.6440   3.559042    31.8699        494     2.0542  0.000e+00
     31.096    10.6426   3.557159    31.8524        495     2.0583  0.000e+00
     31.021    10.6414   3.558857    31.8703        496     2.0625  0.000e+00
     30.951    10.6410   3.559546    31.8776        497     2.0667  0.000e+00
     30.882    10.6436   3.560118    31.8810        498     2.0708  0.000e+00
     30.813    10.6474   3.560296    31.8795        499     2.0750  0.000e+00
     30.744    10.6505   3.560222    31.8761        500     2.0792  0.000e+00
     30.685    10.6528   3.560142    31.8733        501     2.0833  0.000e+00
     30.627    10.6551   3.561576    31.8856        502     2.0875  0.000e+00
     30.578    10.6580   3.561336    31.8807        503     2.0917  0.000e+00
     30.529    10.6617   3.561447    31.8786        504     2.0958  0.000e+00
     30.485    10.6642   3.561404    31.8760        505     2.1000  0.000e+00
     30.447    10.6661   3.562542    31.8857        506     2.1042  0.000e+00
     30.415    10.6687   3.562800    31.8860        507     2.1083  0.000e+00
     30.386    10.6716   3.563533    31.8908        508     2.1125  0.000e+00
     30.358    10.6749   3.563754    31.8901        509     2.1167  0.000e+00
     30.337    10.6780   3.564739    31.8972        510     2.1208  0.000e+00
     30.317    10.6804   3.564862    31.8963        511     2.1250  0.000e+00
     30.304    10.6828   3.565625    31.9018        512     2.1292  0.000e+00
     30.286    10.6877   3.566524    31.9065        513     2.1333  0.000e+00
     30.277    10.6944   3.567522    31.9105        514     2.1375  0.000e+00
     30.273    10.7014   3.568544    31.9146        515     2.1417  0.000e+00
     30.262    10.7074   3.569196    31.9159        516     2.1458  0.000e+00
     30.255    10.7130   3.569517    31.9142        517     2.1500  0.000e+00
     30.250    10.7186   3.569005    31.9042        518     2.1542  0.000e+00
     30.243    10.7226   3.569055    31.9012        519     2.1583  0.000e+00
     30.235    10.7243   3.569492    31.9040        520     2.1625  0.000e+00
     30.217    10.7249   3.568476    31.8934        521     2.1667  0.000e+00
     30.205    10.7273   3.568223    31.8889        522     2.1708  0.000e+00
     30.188    10.7276   3.567829    31.8847        523     2.1750  0.000e+00
     30.163    10.7238   3.567207    31.8818        524     2.1792  0.000e+00
     30.130    10.7187   3.566413    31.8784        525     2.1833  0.000e+00
     30.103    10.7150   3.566407    31.8816        526     2.1875  0.000e+00
     30.067    10.7126   3.565705    31.8767        527     2.1917  0.000e+00
     30.025    10.7104   3.564966    31.8713        528     2.1958  0.000e+00
     29.987    10.7085   3.564462    31.8680        529     2.2000  0.000e+00
     29.936    10.7080   3.564634    31.8702        530     2.2042  0.000e+00
     29.882    10.7092   3.564991    31.8726        531     2.2083  0.000e+00
     29.833    10.7140   3.565705    31.8756        532     2.2125  0.000e+00
     29.777    10.7215   3.566013    31.8721        533     2.2167  0.000e+00
     29.721    10.7288   3.566363    31.8693        534     2.2208  0.000e+00
     29.657    10.7357   3.566413    31.8638        535     2.2250  0.000e+00
     29.589    10.7417   3.566893    31.8634        536     2.2292  0.000e+00
     29.529    10.7471   3.567342    31.8631        537     2.2333  0.000e+00
     29.462    10.7525   3.568050    31.8655        538     2.2375  0.000e+00
     29.400    10.7602   3.569066    31.8689        539     2.2417  0.000e+00
     29.330    10.7702   3.569294    31.8625        540     2.2458  0.000e+00
     29.268    10.7784   3.569996    31.8623        541     2.2500  0.000e+00
     29.201    10.7857   3.570827    31.8642        542     2.2542  0.000e+00
     29.139    10.7943   3.572534    31.8737        543     2.2583  0.000e+00
     29.082    10.8076   3.574869    31.8853        544     2.2625  0.000e+00
     29.025    10.8264   3.577790    31.8978        545     2.2667  0.000e+00
     28.975    10.8511   3.580724    31.9054        546     2.2708  0.000e+00
     28.927    10.8803   3.583789    31.9104        547     2.2750  0.000e+00
     28.886    10.9110   3.586454    31.9100        548     2.2792  0.000e+00
     28.853    10.9412   3.588873    31.9077        549     2.2833  0.000e+00
     28.824    10.9718   3.593207    31.9239        550     2.2875  0.000e+00
     28.801    11.0099   3.597456    31.9327        551     2.2917  0.000e+00
     28.783    11.0498   3.599803    31.9212        552     2.2958  0.000e+00
     28.766    11.0834   3.601379    31.9075        553     2.3000  0.000e+00
     28.759    11.1111   3.602881    31.8983        554     2.3042  0.000e+00
     28.746    11.1336   3.603851    31.8883        555     2.3083  0.000e+00
     28.741    11.1507   3.604531    31.8802        556     2.3125  0.000e+00
     28.741    11.1617   3.604722    31.8725        557     2.3167  0.000e+00
     28.726    11.1694   3.604704    31.8657        558     2.3208  0.000e+00
     28.719    11.1760   3.604697    31.8600        559     2.3250  0.000e+00
     28.717    11.1821   3.604815    31.8559        560     2.3292  0.000e+00
     28.701    11.1860   3.604914    31.8534        561     2.3333  0.000e+00
     28.683    11.1893   3.605532    31.8567        562     2.3375  0.000e+00
     28.654    11.1938   3.606410    31.8614        563     2.3417  0.000e+00
     28.625    11.1998   3.607307    31.8650        564     2.3458  0.000e+00
     28.592    11.2086   3.608612    31.8702        565     2.3500  0.000e+00
     28.563    11.2199   3.609428    31.8685        566     2.3542  0.000e+00
     28.522    11.2310   3.609731    31.8619        567     2.3583  0.000e+00
     28.475    11.2405   3.610931    31.8655        568     2.3625  0.000e+00
     28.433    11.2495   3.611166    31.8600        569     2.3667  0.000e+00
     28.389    11.2564   3.611469    31.8570        570     2.3708  0.000e+00
     28.348    11.2620   3.612323    31.8606        571     2.3750  0.000e+00
     28.299    11.2704   3.613994    31.8698        572     2.3792  0.000e+00
     28.255    11.2807   3.613740    31.8584        573     2.3833  0.000e+00
     28.212    11.2871   3.614297    31.8583        574     2.3875  0.000e+00
     28.168    11.2937   3.614984    31.8593        575     2.3917  0.000e+00
     28.119    11.2983   3.614105    31.8468        576     2.3958  0.000e+00
     28.080    11.2979   3.614167    31.8478        577     2.4000  0.000e+00
     28.036    11.2985   3.614755    31.8530        578     2.4042  0.000e+00
     27.994    11.3021   3.615585    31.8581        579     2.4083  0.000e+00
     27.958    11.3069   3.616309    31.8610        580     2.4125  0.000e+00
     27.924    11.3132   3.616922    31.8616        581     2.4167  0.000e+00
     27.889    11.3205   3.618073    31.8666        582     2.4208  0.000e+00
     27.853    11.3284   3.618823    31.8671        583     2.4250  0.000e+00
     27.826    11.3355   3.618699    31.8598        584     2.4292  0.000e+00
     27.793    11.3413   3.619683    31.8644        585     2.4333  0.000e+00
     27.757    11.3490   3.621083    31.8715        586     2.4375  0.000e+00
     27.724    11.3598   3.622470    31.8758        587     2.4417  0.000e+00
     27.688    11.3719   3.623555    31.8760        588     2.4458  0.000e+00
     27.646    11.3848   3.625141    31.8803        589     2.4500  0.000e+00
     27.608    11.3989   3.625581    31.8725        590     2.4542  0.000e+00
     27.565    11.4111   3.627043    31.8763        591     2.4583  0.000e+00
     27.518    11.4242   3.628419    31.8785        592     2.4625  0.000e+00
     27.471    11.4377   3.629089    31.8733        593     2.4667  0.000e+00
     27.417    11.4486   3.629479    31.8678        594     2.4708  0.000e+00
     27.368    11.4585   3.630862    31.8728        595     2.4750  0.000e+00
     27.319    11.4703   3.632306    31.8767        596     2.4792  0.000e+00
     27.266    11.4826   3.633106    31.8740        597     2.4833  0.000e+00
     27.217    11.4949   3.634397    31.8760        598     2.4875  0.000e+00
     27.166    11.5077   3.635563    31.8763        599     2.4917  0.000e+00
     27.125    11.5205   3.636648    31.8759        600     2.4958  0.000e+00
     27.083    11.5338   3.637958    31.8772        601     2.5000  0.000e+00
     27.047    11.5474   3.639130    31.8770        602     2.5042  0.000e+00
     27.018    11.5605   3.640192    31.8760        603     2.5083  0.000e+00
     26.989    11.5745   3.641706    31.8788        604     2.5125  0.000e+00
     26.962    11.5892   3.643140    31.8801        605     2.5167  0.000e+00
     26.945    11.6044   3.644264    31.8779        606     2.5208  0.000e+00
     26.922    11.6200   3.645761    31.8791        607     2.5250  0.000e+00
     26.911    11.6355   3.646984    31.8776        608     2.5292  0.000e+00
     26.900    11.6497   3.647686    31.8723        609     2.5333  0.000e+00
     26.882    11.6622   3.648488    31.8693        610     2.5375  0.000e+00
     26.873    11.6738   3.649401    31.8682        611     2.5417  0.000e+00
     26.862    11.6847   3.650358    31.8682        612     2.5458  0.000e+00
     26.849    11.6958   3.651271    31.8675        613     2.5500  0.000e+00
     26.839    11.7069   3.652091    31.8660        614     2.5542  0.000e+00
     26.826    11.7176   3.652800    31.8636        615     2.5583  0.000e+00
     26.817    11.7272   3.653552    31.8627        616     2.5625  0.000e+00
     26.801    11.7356   3.654335    31.8631        617     2.5667  0.000e+00
     26.777    11.7444   3.655031    31.8623        618     2.5708  0.000e+00
     26.763    11.7530   3.655722    31.8617        619     2.5750  0.000e+00
     26.741    11.7603   3.656312    31.8612        620     2.5792  0.000e+00
     26.710    11.7675   3.657245    31.8640        621     2.5833  0.000e+00
     26.677    11.7774   3.658874    31.8713        622     2.5875  0.000e+00
     26.648    11.7915   3.661319    31.8829        623     2.5917  0.000e+00
     26.614    11.8098   3.663933    31.8925        624     2.5958  0.000e+00
     26.570    11.8331   3.666746    31.8998        625     2.6000  0.000e+00
