HB2407/sbe053.cnv
* Sea-Bird SBE 19plus V2 Data File:
* FileName = C:\cruise\data\sbe053.hex
* Software Version Seasave V 7.26.7.121
* Temperature SN = 7143
* Conductivity SN = 7143
* System UpLoad Time = Oct 05 2024 01:20:50
* NMEA Latitude = 40 28.55 N
* NMEA Longitude = 071 26.97 W
* NMEA UTC (Time) = Oct 05 2024  01:20:29
** Ship: Bigelow
** Cruise:  HB2407
** Program:  Fall Bottom Trawl
# nquan = 7
# nvalues = 1877                                  
# units = specified
# name 0 = depSM: Depth [salt water, m]
# name 1 = tv290C: Temperature [ITS-90, deg C]
# name 2 = c0S/m: Conductivity [S/m]
# name 3 = sal00: Salinity, Practical [PSU]
# name 4 = scan: Scan Count
# name 5 = timeM: Time, Elapsed [minutes]
# name 6 = flag:  0.000e+00
# span 0 =     -0.002,     67.563                 
# span 1 =    12.6495,    23.5566                 
# span 2 =   0.000002,   5.180223                 
# span 3 =     0.0097,    37.0332                 
# span 4 =         11,       1887                 
# span 5 =     0.0417,     7.8583                 
# span 6 = 0.0000e+00, 0.0000e+00                 
# interval = seconds: 0.25
# start_time = Oct 05 2024 01:20:29 [NMEA time, header]
# bad_flag = -9.990e-29
*END*
[from data line 1231]
     31.125    23.1451   5.119840    35.0323       1242     5.1708  0.000e+00
     31.072    23.1463   5.119174    35.0262       1243     5.1750  0.000e+00
     31.020    23.1463   5.117850    35.0161       1244     5.1792  0.000e+00
     30.966    23.1435   5.117564    35.0161       1245     5.1833  0.000e+00
     30.911    23.1396   5.116984    35.0148       1246     5.1875  0.000e+00
     30.853    23.1380   5.130747    35.1220       1247     5.1917  0.000e+00
     30.797    23.1563   5.128812    35.0925       1248     5.1958  0.000e+00
     30.734    23.1803   5.126935    35.0590       1249     5.2000  0.000e+00
     30.663    23.1925   5.137605    35.1313       1250     5.2042  0.000e+00
     30.605    23.2122   5.133956    35.0876       1251     5.2083  0.000e+00
     30.540    23.2313   5.139224    35.1128       1252     5.2125  0.000e+00
     30.473    23.2443   5.140357    35.1112       1253     5.2167  0.000e+00
     30.410    23.2607   5.141081    35.1037       1254     5.2208  0.000e+00
     30.343    23.2740   5.135345    35.0491       1255     5.2250  0.000e+00
     30.278    23.2711   5.137832    35.0706       1256     5.2292  0.000e+00
     30.213    23.2681   5.135632    35.0560       1257     5.2333  0.000e+00
     30.142    23.2633   5.119809    34.9385       1258     5.2375  0.000e+00
     30.077    23.2325   5.115287    34.9283       1259     5.2417  0.000e+00
     30.010    23.1883   5.116411    34.9720       1260     5.2458  0.000e+00
     29.941    23.1594   5.116440    34.9952       1261     5.2500  0.000e+00
     29.872    23.1443   5.114458    34.9920       1262     5.2542  0.000e+00
     29.800    23.1333   5.115860    35.0115       1263     5.2583  0.000e+00
     29.728    23.1271   5.116039    35.0179       1264     5.2625  0.000e+00
     29.657    23.1252   5.120849    35.0564       1265     5.2667  0.000e+00
     29.592    23.1327   5.124364    35.0775       1266     5.2708  0.000e+00
     29.523    23.1509   5.121973    35.0446       1267     5.2750  0.000e+00
     29.461    23.1582   5.118515    35.0122       1268     5.2792  0.000e+00
     29.396    23.1543   5.117506    35.0077       1269     5.2833  0.000e+00
     29.337    23.1467   5.119116    35.0260       1270     5.2875  0.000e+00
     29.281    23.1435   5.120498    35.0393       1271     5.2917  0.000e+00
     29.224    23.1464   5.118486    35.0215       1272     5.2958  0.000e+00
     29.174    23.1461   5.119088    35.0264       1273     5.3000  0.000e+00
     29.128    23.1450   5.123211    35.0590       1274     5.3042  0.000e+00
     29.076    23.1538   5.131613    35.1166       1275     5.3083  0.000e+00
     29.031    23.1762   5.132565    35.1061       1276     5.3125  0.000e+00
     28.991    23.1985   5.136371    35.1176       1277     5.3167  0.000e+00
     28.949    23.2215   5.132744    35.0714       1278     5.3208  0.000e+00
     28.908    23.2335   5.122085    34.9800       1279     5.3250  0.000e+00
     28.861    23.2161   5.124971    35.0160       1280     5.3292  0.000e+00
     28.817    23.1996   5.126411    35.0402       1281     5.3333  0.000e+00
     28.774    23.1938   5.124306    35.0287       1282     5.3375  0.000e+00
     28.723    23.1902   5.125953    35.0442       1283     5.3417  0.000e+00
     28.676    23.1891   5.136127    35.1233       1284     5.3458  0.000e+00
     28.631    23.2068   5.138729    35.1292       1285     5.3500  0.000e+00
     28.578    23.2346   5.139166    35.1104       1286     5.3542  0.000e+00
     28.528    23.2550   5.141732    35.1139       1287     5.3583  0.000e+00
     28.477    23.2707   5.141861    35.1024       1288     5.3625  0.000e+00
     28.425    23.2805   5.147894    35.1409       1289     5.3667  0.000e+00
     28.376    23.2990   5.151144    35.1511       1290     5.3708  0.000e+00
     28.318    23.3206   5.150821    35.1314       1291     5.3750  0.000e+00
     28.260    23.3370   5.151115    35.1206       1292     5.3792  0.000e+00
     28.206    23.3467   5.150504    35.1083       1293     5.3833  0.000e+00
     28.146    23.3510   5.149571    35.0978       1294     5.3875  0.000e+00
     28.079    23.3511   5.155838    35.1457       1295     5.3917  0.000e+00
     28.014    23.3607   5.157453    35.1505       1296     5.3958  0.000e+00
     27.941    23.3768   5.156318    35.1289       1297     5.4000  0.000e+00
     27.871    23.3846   5.152621    35.0944       1298     5.4042  0.000e+00
     27.800    23.3826   5.152829    35.0977       1299     5.4083  0.000e+00
     27.722    23.3759   5.150475    35.0850       1300     5.4125  0.000e+00
     27.641    23.3698   5.155033    35.1248       1301     5.4167  0.000e+00
     27.566    23.3687   5.164973    35.2019       1302     5.4208  0.000e+00
     27.494    23.3923   5.165490    35.1870       1303     5.4250  0.000e+00
     27.425    23.4180   5.166625    35.1752       1304     5.4292  0.000e+00
     27.356    23.4364   5.166301    35.1582       1305     5.4333  0.000e+00
     27.295    23.4475   5.166301    35.1494       1306     5.4375  0.000e+00
     27.244    23.4537   5.168838    35.1638       1307     5.4417  0.000e+00
     27.199    23.4611   5.169341    35.1618       1308     5.4458  0.000e+00
     27.161    23.4685   5.168521    35.1497       1309     5.4500  0.000e+00
     27.123    23.4722   5.168989    35.1503       1310     5.4542  0.000e+00
     27.102    23.4736   5.167997    35.1416       1311     5.4583  0.000e+00
     27.078    23.4743   5.168636    35.1460       1312     5.4625  0.000e+00
     27.065    23.4734   5.170095    35.1578       1313     5.4667  0.000e+00
     27.047    23.4771   5.169959    35.1538       1314     5.4708  0.000e+00
     27.027    23.4801   5.170476    35.1554       1315     5.4750  0.000e+00
     27.007    23.4830   5.170678    35.1547       1316     5.4792  0.000e+00
     26.986    23.4852   5.170325    35.1502       1317     5.4833  0.000e+00
     26.957    23.4866   5.169685    35.1442       1318     5.4875  0.000e+00
     26.917    23.4854   5.170124    35.1486       1319     5.4917  0.000e+00
     26.872    23.4845   5.170009    35.1484       1320     5.4958  0.000e+00
     26.826    23.4843   5.169944    35.1481       1321     5.5000  0.000e+00
     26.776    23.4839   5.167587    35.1304       1322     5.5042  0.000e+00
     26.709    23.4797   5.167350    35.1319       1323     5.5083  0.000e+00
     26.642    23.4743   5.167321    35.1361       1324     5.5125  0.000e+00
     26.571    23.4705   5.168083    35.1449       1325     5.5167  0.000e+00
     26.491    23.4699   5.169369    35.1552       1326     5.5208  0.000e+00
     26.415    23.4727   5.169772    35.1561       1327     5.5250  0.000e+00
     26.343    23.4761   5.169448    35.1510       1328     5.5292  0.000e+00
     26.263    23.4786   5.168866    35.1446       1329     5.5333  0.000e+00
     26.193    23.4785   5.168197    35.1396       1330     5.5375  0.000e+00
     26.122    23.4762   5.170239    35.1570       1331     5.5417  0.000e+00
     26.053    23.4782   5.170346    35.1563       1332     5.5458  0.000e+00
     25.992    23.4817   5.169771    35.1491       1333     5.5500  0.000e+00
     25.939    23.4829   5.168140    35.1357       1334     5.5542  0.000e+00
     25.889    23.4802   5.168808    35.1430       1335     5.5583  0.000e+00
     25.838    23.4774   5.169132    35.1477       1336     5.5625  0.000e+00
     25.796    23.4772   5.169843    35.1533       1337     5.5667  0.000e+00
     25.753    23.4787   5.171029    35.1612       1338     5.5708  0.000e+00
     25.709    23.4827   5.170878    35.1569       1339     5.5750  0.000e+00
     25.677    23.4862   5.170325    35.1499       1340     5.5792  0.000e+00
     25.644    23.4871   5.170152    35.1478       1341     5.5833  0.000e+00
     25.619    23.4864   5.169714    35.1451       1342     5.5875  0.000e+00
     25.597    23.4851   5.170317    35.1507       1343     5.5917  0.000e+00
     25.576    23.4848   5.169857    35.1474       1344     5.5958  0.000e+00
     25.559    23.4840   5.168427    35.1371       1345     5.6000  0.000e+00
     25.545    23.4810   5.166738    35.1266       1346     5.6042  0.000e+00
     25.530    23.4756   5.166444    35.1287       1347     5.6083  0.000e+00
     25.512    23.4685   5.167148    35.1397       1348     5.6125  0.000e+00
     25.496    23.4645   5.162456    35.1070       1349     5.6167  0.000e+00
     25.474    23.4564   5.161113    35.1032       1350     5.6208  0.000e+00
     25.443    23.4438   5.162485    35.1237       1351     5.6250  0.000e+00
     25.415    23.4381   5.162629    35.1293       1352     5.6292  0.000e+00
     25.373    23.4352   5.160273    35.1136       1353     5.6333  0.000e+00
     25.329    23.4306   5.162715    35.1360       1354     5.6375  0.000e+00
     25.279    23.4297   5.165474    35.1578       1355     5.6417  0.000e+00
     25.221    23.4369   5.167206    35.1654       1356     5.6458  0.000e+00
     25.156    23.4470   5.169858    35.1776       1357     5.6500  0.000e+00
     25.085    23.4599   5.170181    35.1699       1358     5.6542  0.000e+00
     25.007    23.4708   5.170152    35.1610       1359     5.6583  0.000e+00
     24.920    23.4771   5.166968    35.1317       1360     5.6625  0.000e+00
     24.824    23.4755   5.166371    35.1284       1361     5.6667  0.000e+00
     24.739    23.4698   5.166594    35.1347       1362     5.6708  0.000e+00
     24.643    23.4658   5.169447    35.1597       1363     5.6750  0.000e+00
     24.551    23.4683   5.171439    35.1730       1364     5.6792  0.000e+00
     24.470    23.4768   5.170180    35.1566       1365     5.6833  0.000e+00
     24.384    23.4825   5.170504    35.1546       1366     5.6875  0.000e+00
     24.307    23.4839   5.170770    35.1555       1367     5.6917  0.000e+00
     24.234    23.4864   5.170849    35.1542       1368     5.6958  0.000e+00
     24.169    23.4875   5.170906    35.1538       1369     5.7000  0.000e+00
     24.120    23.4888   5.171201    35.1550       1370     5.7042  0.000e+00
     24.069    23.4900   5.172020    35.1604       1371     5.7083  0.000e+00
     24.033    23.4923   5.171841    35.1571       1372     5.7125  0.000e+00
     24.003    23.4947   5.171970    35.1562       1373     5.7167  0.000e+00
     23.979    23.4958   5.172689    35.1608       1374     5.7208  0.000e+00
     23.963    23.4980   5.172689    35.1591       1375     5.7250  0.000e+00
     23.948    23.5004   5.172602    35.1566       1376     5.7292  0.000e+00
     23.941    23.5015   5.172746    35.1568       1377     5.7333  0.000e+00
     23.938    23.5023   5.172753    35.1562       1378     5.7375  0.000e+00
     23.927    23.5025   5.172868    35.1569       1379     5.7417  0.000e+00
     23.925    23.5033   5.172897    35.1565       1380     5.7458  0.000e+00
     23.919    23.5036   5.172897    35.1562       1381     5.7500  0.000e+00
     23.903    23.5038   5.172660    35.1543       1382     5.7542  0.000e+00
     23.889    23.5032   5.173041    35.1577       1383     5.7583  0.000e+00
     23.869    23.5035   5.173458    35.1606       1384     5.7625  0.000e+00
     23.840    23.5048   5.173480    35.1598       1385     5.7667  0.000e+00
     23.804    23.5062   5.173623    35.1598       1386     5.7708  0.000e+00
     23.760    23.5074   5.173242    35.1560       1387     5.7750  0.000e+00
     23.699    23.5071   5.172983    35.1542       1388     5.7792  0.000e+00
     23.635    23.5062   5.172983    35.1549       1389     5.7833  0.000e+00
     23.576    23.5054   5.173709    35.1612       1390     5.7875  0.000e+00
     23.503    23.5059   5.173271    35.1574       1391     5.7917  0.000e+00
     23.422    23.5069   5.172803    35.1531       1392     5.7958  0.000e+00
     23.346    23.5057   5.172775    35.1539       1393     5.8000  0.000e+00
     23.263    23.5046   5.172954    35.1562       1394     5.8042  0.000e+00
     23.178    23.5041   5.172868    35.1559       1395     5.8083  0.000e+00
     23.100    23.5040   5.173041    35.1574       1396     5.8125  0.000e+00
     23.025    23.5039   5.172925    35.1566       1397     5.8167  0.000e+00
     22.955    23.5041   5.172832    35.1557       1398     5.8208  0.000e+00
     22.884    23.5036   5.173155    35.1586       1399     5.8250  0.000e+00
     22.821    23.5042   5.173155    35.1582       1400     5.8292  0.000e+00
     22.761    23.5051   5.173206    35.1578       1401     5.8333  0.000e+00
     22.714    23.5053   5.173127    35.1571       1402     5.8375  0.000e+00
     22.669    23.5053   5.173421    35.1594       1403     5.8417  0.000e+00
     22.633    23.5057   5.173709    35.1612       1404     5.8458  0.000e+00
     22.595    23.5069   5.173098    35.1556       1405     5.8500  0.000e+00
     22.564    23.5067   5.173033    35.1553       1406     5.8542  0.000e+00
     22.539    23.5058   5.172954    35.1554       1407     5.8583  0.000e+00
     22.517    23.5052   5.173565    35.1606       1408     5.8625  0.000e+00
     22.493    23.5058   5.173184    35.1572       1409     5.8667  0.000e+00
     22.477    23.5061   5.172868    35.1545       1410     5.8708  0.000e+00
     22.455    23.5056   5.173831    35.1623       1411     5.8750  0.000e+00
     22.434    23.5065   5.174155    35.1641       1412     5.8792  0.000e+00
     22.399    23.5086   5.174356    35.1640       1413     5.8833  0.000e+00
     22.369    23.5106   5.174090    35.1603       1414     5.8875  0.000e+00
     22.327    23.5117   5.172745    35.1492       1415     5.8917  0.000e+00
     22.287    23.5092   5.173126    35.1541       1416     5.8958  0.000e+00
     22.245    23.5072   5.172616    35.1518       1417     5.9000  0.000e+00
     22.196    23.5058   5.172803    35.1544       1418     5.9042  0.000e+00
     22.142    23.5040   5.172832    35.1561       1419     5.9083  0.000e+00
     22.081    23.5034   5.173335    35.1604       1420     5.9125  0.000e+00
     22.019    23.5041   5.173213    35.1590       1421     5.9167  0.000e+00
     21.950    23.5050   5.173069    35.1571       1422     5.9208  0.000e+00
     21.882    23.5051   5.173932    35.1637       1423     5.9250  0.000e+00
     21.816    23.5064   5.173917    35.1625       1424     5.9292  0.000e+00
     21.747    23.5081   5.173917    35.1612       1425     5.9333  0.000e+00
     21.677    23.5092   5.174118    35.1619       1426     5.9375  0.000e+00
     21.617    23.5102   5.174205    35.1618       1427     5.9417  0.000e+00
     21.561    23.5110   5.174104    35.1604       1428     5.9458  0.000e+00
     21.505    23.5119   5.174118    35.1598       1429     5.9500  0.000e+00
     21.445    23.5120   5.173946    35.1585       1430     5.9542  0.000e+00
     21.394    23.5114   5.174176    35.1607       1431     5.9583  0.000e+00
     21.355    23.5115   5.174298    35.1616       1432     5.9625  0.000e+00
     21.311    23.5122   5.174643    35.1637       1433     5.9667  0.000e+00
     21.280    23.5129   5.174887    35.1650       1434     5.9708  0.000e+00
     21.257    23.5149   5.174499    35.1605       1435     5.9750  0.000e+00
     21.226    23.5151   5.174327    35.1590       1436     5.9792  0.000e+00
     21.195    23.5147   5.173945    35.1564       1437     5.9833  0.000e+00
     21.170    23.5134   5.174089    35.1585       1438     5.9875  0.000e+00
     21.137    23.5125   5.174549    35.1628       1439     5.9917  0.000e+00
     21.105    23.5128   5.174413    35.1615       1440     5.9958  0.000e+00
     21.063    23.5132   5.173507    35.1542       1441     6.0000  0.000e+00
     21.021    23.5121   5.173737    35.1569       1442     6.0042  0.000e+00
     20.985    23.5114   5.173097    35.1526       1443     6.0083  0.000e+00
     20.936    23.5085   5.163236    35.0796       1444     6.0125  0.000e+00
     20.889    23.4904   5.163876    35.0988       1445     6.0167  0.000e+00
