HB2407/sbe041.cnv
* Sea-Bird SBE 19plus V2 Data File:
* FileName = C:\cruise\data\sbe041.hex
* Software Version Seasave V 7.26.7.121
* Temperature SN = 7143
* Conductivity SN = 7143
* System UpLoad Time = Sep 24 2024 14:45:35
* NMEA Latitude = 40 53.52 N
* NMEA Longitude = 072 09.47 W
* NMEA UTC (Time) = Sep 24 2024  14:45:02
** Ship: Bigelow
** Cruise:  HB2407
** Program:  Fall Bottom Trawl
# nquan = 7
# nvalues = 672                                   
# units = specified
# name 0 = depSM: Depth [salt water, m]
# name 1 = tv290C: Temperature [ITS-90, deg C]
# name 2 = c0S/m: Conductivity [S/m]
# name 3 = sal00: Salinity, Practical [PSU]
# name 4 = scan: Scan Count
# name 5 = timeM: Time, Elapsed [minutes]
# name 6 = flag:  0.000e+00
# span 0 =      0.033,     24.721                 
# span 1 =    18.0992,    18.4108                 
# span 2 =   0.306297,   4.230448                 
# span 3 =     1.8520,    31.6779                 
# span 4 =         11,        682                 
# span 5 =     0.0417,     2.8375                 
# span 6 = 0.0000e+00, 0.0000e+00                 
# interval = seconds: 0.25
# start_time = Sep 24 2024 14:45:02 [NMEA time, header]
# bad_flag = -9.990e-29
*END*
[from data line 206]
      0.539    18.4041   4.214052    31.4988        217     0.9000  0.000e+00
      0.695    18.4026   4.213953    31.4990        218     0.9042  0.000e+00
      0.878    18.4016   4.214000    31.5001        219     0.9083  0.000e+00
      1.118    18.4010   4.214099    31.5013        220     0.9125  0.000e+00
      1.399    18.4000   4.214250    31.5033        221     0.9167  0.000e+00
      1.748    18.3996   4.214323    31.5041        222     0.9208  0.000e+00
      2.089    18.3995   4.212722    31.4907        223     0.9250  0.000e+00
      2.190    18.3993   4.214989    31.5097        224     0.9292  0.000e+00
      2.136    18.4010   4.215305    31.5110        225     0.9333  0.000e+00
      1.939    18.4038   4.215305    31.5090        226     0.9375  0.000e+00
      1.745    18.4060   4.215285    31.5072        227     0.9417  0.000e+00
      1.605    18.4075   4.215134    31.5048        228     0.9458  0.000e+00
      1.452    18.4083   4.215160    31.5045        229     0.9500  0.000e+00
      1.260    18.4086   4.215186    31.5045        230     0.9542  0.000e+00
      1.026    18.4088   4.215153    31.5042        231     0.9583  0.000e+00
      0.821    18.4090   4.214916    31.5021        232     0.9625  0.000e+00
      0.734    18.4090   4.210599    31.4661        233     0.9667  0.000e+00
      0.711    18.4092   4.214540    31.4989        234     0.9708  0.000e+00
      0.680    18.4083   4.214395    31.4984        235     0.9750  0.000e+00
      0.606    18.4069   4.214467    31.5001        236     0.9792  0.000e+00
      0.526    18.4064   4.214342    31.4994        237     0.9833  0.000e+00
      0.503    18.4061   4.214072    31.4974        238     0.9875  0.000e+00
      0.575    18.4055   4.214151    31.4985        239     0.9917  0.000e+00
      0.687    18.4034   4.214395    31.5021        240     0.9958  0.000e+00
      0.814    18.4005   4.214000    31.5010        241     1.0000  0.000e+00
      0.966    18.3997   4.213505    31.4975        242     1.0042  0.000e+00
      1.135    18.4001   4.214567    31.5059        243     1.0083  0.000e+00
      1.334    18.4010   4.214540    31.5049        244     1.0125  0.000e+00
      1.567    18.4014   4.214593    31.5050        245     1.0167  0.000e+00
      1.792    18.4011   4.214442    31.5039        246     1.0208  0.000e+00
      1.985    18.4001   4.214026    31.5011        247     1.0250  0.000e+00
      2.123    18.3993   4.214092    31.5022        248     1.0292  0.000e+00
      2.223    18.3990   4.214343    31.5045        249     1.0333  0.000e+00
      2.262    18.4003   4.214719    31.5067        250     1.0375  0.000e+00
      2.272    18.4020   4.214890    31.5068        251     1.0417  0.000e+00
      2.241    18.4039   4.214963    31.5059        252     1.0458  0.000e+00
      2.175    18.4052   4.215035    31.5056        253     1.0500  0.000e+00
      2.090    18.4064   4.215061    31.5049        254     1.0542  0.000e+00
      1.985    18.4072   4.215088    31.5045        255     1.0583  0.000e+00
      1.868    18.4078   4.215107    31.5042        256     1.0625  0.000e+00
      1.737    18.4079   4.215134    31.5044        257     1.0667  0.000e+00
      1.605    18.4083   4.215107    31.5040        258     1.0708  0.000e+00
      1.489    18.4084   4.214962    31.5028        259     1.0750  0.000e+00
      1.393    18.4088   4.214665    31.5000        260     1.0792  0.000e+00
      1.328    18.4086   4.214224    31.4965        261     1.0833  0.000e+00
      1.281    18.4089   4.214151    31.4957        262     1.0875  0.000e+00
      1.234    18.4086   4.214171    31.4961        263     1.0917  0.000e+00
      1.295    18.4066   4.214369    31.4992        264     1.0958  0.000e+00
      1.433    18.4034   4.214441    31.5023        265     1.1000  0.000e+00
      1.629    18.4008   4.214540    31.5050        266     1.1042  0.000e+00
      1.873    18.3998   4.214541    31.5057        267     1.1083  0.000e+00
      2.130    18.4000   4.214422    31.5044        268     1.1125  0.000e+00
      2.375    18.3999   4.214172    31.5023        269     1.1167  0.000e+00
      2.628    18.3999   4.214323    31.5035        270     1.1208  0.000e+00
      2.914    18.3997   4.214594    31.5059        271     1.1250  0.000e+00
      3.235    18.3991   4.214567    31.5060        272     1.1292  0.000e+00
      3.539    18.3991   4.214469    31.5050        273     1.1333  0.000e+00
      3.785    18.3992   4.214172    31.5024        274     1.1375  0.000e+00
      3.972    18.3991   4.214298    31.5034        275     1.1417  0.000e+00
      4.107    18.3991   4.214621    31.5061        276     1.1458  0.000e+00
      4.234    18.4007   4.214818    31.5065        277     1.1500  0.000e+00
      4.357    18.4018   4.214917    31.5064        278     1.1542  0.000e+00
      4.453    18.4029   4.215062    31.5067        279     1.1583  0.000e+00
      4.515    18.4044   4.215188    31.5066        280     1.1625  0.000e+00
      4.538    18.4052   4.215207    31.5062        281     1.1667  0.000e+00
      4.571    18.4057   4.214891    31.5032        282     1.1708  0.000e+00
      4.638    18.4064   4.214285    31.4976        283     1.1750  0.000e+00
      4.748    18.4064   4.214271    31.4974        284     1.1792  0.000e+00
      4.893    18.4039   4.214542    31.5015        285     1.1833  0.000e+00
      5.078    18.4006   4.214667    31.5050        286     1.1875  0.000e+00
      5.292    18.3990   4.214766    31.5070        287     1.1917  0.000e+00
      5.558    18.3985   4.214918    31.5085        288     1.1958  0.000e+00
      5.900    18.3991   4.215109    31.5096        289     1.2000  0.000e+00
      6.287    18.3997   4.215360    31.5111        290     1.2042  0.000e+00
      6.695    18.4000   4.215406    31.5111        291     1.2083  0.000e+00
      7.089    18.4009   4.215360    31.5099        292     1.2125  0.000e+00
      7.470    18.4018   4.215235    31.5080        293     1.2167  0.000e+00
      7.843    18.4024   4.215209    31.5072        294     1.2208  0.000e+00
      8.212    18.4029   4.215308    31.5075        295     1.2250  0.000e+00
      8.567    18.4026   4.215288    31.5075        296     1.2292  0.000e+00
      8.878    18.4027   4.215038    31.5052        297     1.2333  0.000e+00
      9.139    18.4029   4.215163    31.5060        298     1.2375  0.000e+00
      9.340    18.4030   4.215335    31.5073        299     1.2417  0.000e+00
      9.512    18.4040   4.215585    31.5086        300     1.2458  0.000e+00
      9.660    18.4050   4.215658    31.5083        301     1.2500  0.000e+00
      9.776    18.4052   4.215783    31.5092        302     1.2542  0.000e+00
      9.861    18.4048   4.215875    31.5102        303     1.2583  0.000e+00
      9.919    18.4046   4.213390    31.4897        304     1.2625  0.000e+00
      9.979    18.4041   4.212698    31.4843        305     1.2667  0.000e+00
     10.057    18.4035   4.211440    31.4741        306     1.2708  0.000e+00
     10.151    18.4028   4.213779    31.4942        307     1.2750  0.000e+00
     10.274    18.4026   4.213634    31.4931        308     1.2792  0.000e+00
     10.417    18.4022   4.215038    31.5050        309     1.2833  0.000e+00
     10.575    18.4013   4.215038    31.5057        310     1.2875  0.000e+00
     10.750    18.4004   4.215091    31.5068        311     1.2917  0.000e+00
     10.939    18.3998   4.215137    31.5076        312     1.2958  0.000e+00
     11.136    18.3992   4.215091    31.5075        313     1.3000  0.000e+00
     11.332    18.3991   4.214940    31.5063        314     1.3042  0.000e+00
     11.520    18.3991   4.212205    31.4834        315     1.3083  0.000e+00
     11.699    18.3984   4.214742    31.5051        316     1.3125  0.000e+00
     11.873    18.3961   4.215731    31.5150        317     1.3167  0.000e+00
     12.045    18.3900   4.216549    31.5265        318     1.3208  0.000e+00
     12.210    18.3833   4.217215    31.5371        319     1.3250  0.000e+00
     12.366    18.3777   4.217683    31.5453        320     1.3292  0.000e+00
     12.510    18.3723   4.218052    31.5524        321     1.3333  0.000e+00
     12.661    18.3671   4.218198    31.5576        322     1.3375  0.000e+00
     12.818    18.3629   4.217262    31.5529        323     1.3417  0.000e+00
     12.996    18.3608   4.216200    31.5456        324     1.3458  0.000e+00
     13.195    18.3592   4.215706    31.5426        325     1.3500  0.000e+00
     13.410    18.3590   4.215337    31.5396        326     1.3542  0.000e+00
     13.644    18.3623   4.215264    31.5364        327     1.3583  0.000e+00
     13.897    18.3677   4.215337    31.5328        328     1.3625  0.000e+00
     14.169    18.3729   4.215660    31.5314        329     1.3667  0.000e+00
     14.460    18.3771   4.215878    31.5299        330     1.3708  0.000e+00
     14.756    18.3804   4.215957    31.5279        331     1.3750  0.000e+00
     15.034    18.3825   4.216273    31.5289        332     1.3792  0.000e+00
     15.301    18.3833   4.216695    31.5317        333     1.3833  0.000e+00
     15.556    18.3838   4.216741    31.5316        334     1.3875  0.000e+00
     15.795    18.3847   4.216326    31.5274        335     1.3917  0.000e+00
     16.010    18.3832   4.216551    31.5303        336     1.3958  0.000e+00
     16.197    18.3780   4.218278    31.5487        337     1.4000  0.000e+00
     16.362    18.3719   4.219907    31.5669        338     1.4042  0.000e+00
     16.506    18.3672   4.220995    31.5795        339     1.4083  0.000e+00
     16.637    18.3642   4.221662    31.5874        340     1.4125  0.000e+00
     16.780    18.3629   4.221959    31.5908        341     1.4167  0.000e+00
     16.925    18.3623   4.220620    31.5800        342     1.4208  0.000e+00
     17.066    18.3622   4.218767    31.5646        343     1.4250  0.000e+00
     17.225    18.3625   4.217903    31.5571        344     1.4292  0.000e+00
     17.408    18.3628   4.217362    31.5523        345     1.4333  0.000e+00
     17.627    18.3644   4.217362    31.5509        346     1.4375  0.000e+00
     17.857    18.3673   4.217705    31.5515        347     1.4417  0.000e+00
     18.112    18.3691   4.218002    31.5525        348     1.4458  0.000e+00
     18.378    18.3710   4.218160    31.5523        349     1.4500  0.000e+00
     18.648    18.3716   4.218226    31.5523        350     1.4542  0.000e+00
     18.920    18.3722   4.218325    31.5526        351     1.4583  0.000e+00
     19.190    18.3726   4.218695    31.5553        352     1.4625  0.000e+00
     19.450    18.3731   4.219361    31.5603        353     1.4667  0.000e+00
     19.702    18.3728   4.219585    31.5624        354     1.4708  0.000e+00
     19.925    18.3730   4.219045    31.5576        355     1.4750  0.000e+00
     20.136    18.3734   4.220601    31.5702        356     1.4792  0.000e+00
     20.332    18.3733   4.223246    31.5923        357     1.4833  0.000e+00
     20.511    18.3727   4.224704    31.6049        358     1.4875  0.000e+00
     20.669    18.3719   4.225991    31.6162        359     1.4917  0.000e+00
     20.808    18.3707   4.226902    31.6247        360     1.4958  0.000e+00
     20.939    18.3684   4.227351    31.6302        361     1.5000  0.000e+00
     21.062    18.3659   4.227575    31.6339        362     1.5042  0.000e+00
     21.176    18.3633   4.227621    31.6362        363     1.5083  0.000e+00
     21.297    18.3616   4.225497    31.6198        364     1.5125  0.000e+00
     21.417    18.3601   4.223194    31.6017        365     1.5167  0.000e+00
     21.554    18.3594   4.221881    31.5912        366     1.5208  0.000e+00
     21.692    18.3598   4.221294    31.5859        367     1.5250  0.000e+00
     21.839    18.3618   4.221143    31.5831        368     1.5292  0.000e+00
     21.994    18.3643   4.221637    31.5852        369     1.5333  0.000e+00
     22.156    18.3667   4.222079    31.5870        370     1.5375  0.000e+00
     22.324    18.3686   4.222033    31.5851        371     1.5417  0.000e+00
     22.498    18.3694   4.220450    31.5712        372     1.5458  0.000e+00
     22.684    18.3704   4.221242    31.5770        373     1.5500  0.000e+00
     22.876    18.3712   4.223742    31.5972        374     1.5542  0.000e+00
     23.081    18.3709   4.224046    31.5999        375     1.5583  0.000e+00
     23.284    18.3705   4.224257    31.6019        376     1.5625  0.000e+00
     23.483    18.3698   4.224409    31.6036        377     1.5667  0.000e+00
     23.691    18.3693   4.223564    31.5969        378     1.5708  0.000e+00
     23.769    18.3686   4.224330    31.6038        379     1.5750  0.000e+00
     23.782    18.3652   4.227550    31.6333        380     1.5792  0.000e+00
     23.773    18.3589   4.228467    31.6458        381     1.5833  0.000e+00
     23.769    18.3533   4.228190    31.6478        382     1.5875  0.000e+00
     23.802    18.3492   4.227154    31.6423        383     1.5917  0.000e+00
     23.861    18.3471   4.226956    31.6422        384     1.5958  0.000e+00
     23.921    18.3463   4.226857    31.6420        385     1.6000  0.000e+00
     23.975    18.3467   4.226857    31.6416        386     1.6042  0.000e+00
     24.019    18.3475   4.226791    31.6405        387     1.6083  0.000e+00
     24.073    18.3482   4.226587    31.6382        388     1.6125  0.000e+00
     24.147    18.3492   4.226191    31.6341        389     1.6167  0.000e+00
     24.214    18.3498   4.226930    31.6398        390     1.6208  0.000e+00
     24.261    18.3505   4.227794    31.6465        391     1.6250  0.000e+00
     24.283    18.3510   4.228217    31.6497        392     1.6292  0.000e+00
     24.292    18.3499   4.228639    31.6540        393     1.6333  0.000e+00
     24.303    18.3479   4.229009    31.6586        394     1.6375  0.000e+00
     24.296    18.3459   4.229306    31.6626        395     1.6417  0.000e+00
     24.274    18.3443   4.229504    31.6656        396     1.6458  0.000e+00
     24.245    18.3429   4.229583    31.6673        397     1.6500  0.000e+00
     24.221    18.3421   4.229656    31.6685        398     1.6542  0.000e+00
     24.196    18.3414   4.229682    31.6693        399     1.6583  0.000e+00
     24.187    18.3409   4.229702    31.6698        400     1.6625  0.000e+00
     24.184    18.3407   4.229682    31.6699        401     1.6667  0.000e+00
     24.189    18.3406   4.229332    31.6670        402     1.6708  0.000e+00
     24.212    18.3403   4.228593    31.6610        403     1.6750  0.000e+00
     24.252    18.3401   4.228144    31.6574        404     1.6792  0.000e+00
     24.290    18.3400   4.227973    31.6561        405     1.6833  0.000e+00
     24.339    18.3404   4.227795    31.6542        406     1.6875  0.000e+00
     24.385    18.3413   4.228290    31.6577        407     1.6917  0.000e+00
     24.424    18.3417   4.228989    31.6632        408     1.6958  0.000e+00
     24.448    18.3419   4.229590    31.6680        409     1.7000  0.000e+00
     24.455    18.3418   4.229682    31.6689        410     1.7042  0.000e+00
     24.441    18.3416   4.229781    31.6699        411     1.7083  0.000e+00
     24.406    18.3412   4.229781    31.6702        412     1.7125  0.000e+00
     24.348    18.3406   4.229755    31.6705        413     1.7167  0.000e+00
     24.267    18.3400   4.229781    31.6712        414     1.7208  0.000e+00
     24.167    18.3395   4.229729    31.6712        415     1.7250  0.000e+00
     24.050    18.3393   4.229728    31.6714        416     1.7292  0.000e+00
     23.928    18.3389   4.229755    31.6719        417     1.7333  0.000e+00
     23.800    18.3387   4.229801    31.6725        418     1.7375  0.000e+00
     23.673    18.3387   4.229827    31.6728        419     1.7417  0.000e+00
     23.561    18.3388   4.229821    31.6727        420     1.7458  0.000e+00
