HB2407/sbe078.cnv
* Sea-Bird SBE 19plus V2 Data File:
* FileName = C:\cruise\data\sbe078.hex
* Software Version Seasave V 7.26.7.121
* Temperature SN = 7143
* Conductivity SN = 7143
* System UpLoad Time = Oct 12 2024 01:52:20
* NMEA Latitude = 41 06.17 N
* NMEA Longitude = 066 53.87 W
* NMEA UTC (Time) = Oct 12 2024  01:52:07
** Ship: Bigelow
** Cruise:  HB2407
** Program:  Fall Bottom Trawl
# nquan = 7
# nvalues = 1380                                  
# units = specified
# name 0 = depSM: Depth [salt water, m]
# name 1 = tv290C: Temperature [ITS-90, deg C]
# name 2 = c0S/m: Conductivity [S/m]
# name 3 = sal00: Salinity, Practical [PSU]
# name 4 = scan: Scan Count
# name 5 = timeM: Time, Elapsed [minutes]
# name 6 = flag:  0.000e+00
# span 0 =     -0.021,     64.652                 
# span 1 =     9.6134,    16.0612                 
# span 2 =   0.117168,   4.037849                 
# span 3 =     0.7187,    32.5010                 
# span 4 =         11,       1390                 
# span 5 =     0.0417,     5.7875                 
# span 6 = 0.0000e+00, 0.0000e+00                 
# interval = seconds: 0.25
# start_time = Oct 12 2024 01:52:07 [NMEA time, header]
# bad_flag = -9.990e-29
*END*
[from data line 411]
     63.876     9.6339   3.526478    32.4237        422     1.7542  0.000e+00
     63.674     9.6346   3.526527    32.4236        423     1.7583  0.000e+00
     63.487     9.6358   3.526435    32.4217        424     1.7625  0.000e+00
     63.317     9.6362   3.526496    32.4221        425     1.7667  0.000e+00
     63.177     9.6366   3.526692    32.4237        426     1.7708  0.000e+00
     63.076     9.6375   3.526827    32.4243        427     1.7750  0.000e+00
     63.020     9.6391   3.526839    32.4230        428     1.7792  0.000e+00
     63.005     9.6403   3.526759    32.4212        429     1.7833  0.000e+00
     63.032     9.6407   3.526827    32.4215        430     1.7875  0.000e+00
     63.101     9.6411   3.527048    32.4234        431     1.7917  0.000e+00
     63.197     9.6418   3.527354    32.4258        432     1.7958  0.000e+00
     63.313     9.6438   3.527048    32.4209        433     1.8000  0.000e+00
     63.445     9.6443   3.526852    32.4183        434     1.8042  0.000e+00
     63.586     9.6434   3.526815    32.4186        435     1.8083  0.000e+00
     63.713     9.6424   3.526895    32.4203        436     1.8125  0.000e+00
     63.838     9.6418   3.526938    32.4212        437     1.8167  0.000e+00
     63.935     9.6420   3.526901    32.4207        438     1.8208  0.000e+00
     64.006     9.6420   3.527023    32.4219        439     1.8250  0.000e+00
     64.040     9.6424   3.526944    32.4207        440     1.8292  0.000e+00
     64.040     9.6426   3.527005    32.4211        441     1.8333  0.000e+00
     64.008     9.6429   3.526895    32.4198        442     1.8375  0.000e+00
     63.937     9.6429   3.526839    32.4193        443     1.8417  0.000e+00
     63.841     9.6423   3.526521    32.4166        444     1.8458  0.000e+00
     63.722     9.6409   3.526649    32.4192        445     1.8500  0.000e+00
     63.586     9.6400   3.526435    32.4179        446     1.8542  0.000e+00
     63.453     9.6388   3.525755    32.4121        447     1.8583  0.000e+00
     63.329     9.6353   3.525920    32.4169        448     1.8625  0.000e+00
     63.234     9.6326   3.525362    32.4137        449     1.8667  0.000e+00
     63.164     9.6292   3.525044    32.4136        450     1.8708  0.000e+00
     63.137     9.6251   3.525074    32.4176        451     1.8750  0.000e+00
     63.156     9.6225   3.525142    32.4207        452     1.8792  0.000e+00
     63.221     9.6211   3.525565    32.4262        453     1.8833  0.000e+00
     63.325     9.6220   3.525601    32.4257        454     1.8875  0.000e+00
     63.461     9.6238   3.525816    32.4262        455     1.8917  0.000e+00
     63.612     9.6259   3.525932    32.4255        456     1.8958  0.000e+00
     63.777     9.6277   3.525883    32.4233        457     1.9000  0.000e+00
     63.938     9.6287   3.525651    32.4199        458     1.9042  0.000e+00
     64.083     9.6281   3.525491    32.4188        459     1.9083  0.000e+00
     64.201     9.6267   3.525216    32.4172        460     1.9125  0.000e+00
     64.275     9.6245   3.524922    32.4161        461     1.9167  0.000e+00
     64.307     9.6216   3.524903    32.4185        462     1.9208  0.000e+00
     64.295     9.6193   3.524775    32.4192        463     1.9250  0.000e+00
     64.249     9.6177   3.524640    32.4194        464     1.9292  0.000e+00
     64.161     9.6157   3.524634    32.4211        465     1.9333  0.000e+00
     64.036     9.6147   3.524615    32.4219        466     1.9375  0.000e+00
     63.880     9.6141   3.524554    32.4219        467     1.9417  0.000e+00
     63.702     9.6137   3.524548    32.4222        468     1.9458  0.000e+00
     63.538     9.6134   3.524597    32.4231        469     1.9500  0.000e+00
     63.319     9.6134   3.524633    32.4236        470     1.9542  0.000e+00
     63.103     9.6139   3.524682    32.4237        471     1.9583  0.000e+00
     62.878     9.6143   3.524921    32.4259        472     1.9625  0.000e+00
     62.668     9.6158   3.525025    32.4257        473     1.9667  0.000e+00
     62.447     9.6175   3.525993    32.4341        474     1.9708  0.000e+00
     62.227     9.6225   3.526085    32.4307        475     1.9750  0.000e+00
     62.017     9.6278   3.526257    32.4277        476     1.9792  0.000e+00
     61.821     9.6315   3.526440    32.4264        477     1.9833  0.000e+00
     61.656     9.6348   3.526563    32.4247        478     1.9875  0.000e+00
     61.520     9.6372   3.526367    32.4206        479     1.9917  0.000e+00
     61.393     9.6380   3.526379    32.4201        480     1.9958  0.000e+00
     61.261     9.6382   3.526391    32.4200        481     2.0000  0.000e+00
     61.122     9.6384   3.526483    32.4209        482     2.0042  0.000e+00
     60.972     9.6389   3.526587    32.4215        483     2.0083  0.000e+00
     60.825     9.6398   3.526716    32.4221        484     2.0125  0.000e+00
     60.669     9.6411   3.526691    32.4208        485     2.0167  0.000e+00
     60.506     9.6420   3.526716    32.4203        486     2.0208  0.000e+00
     60.334     9.6425   3.526710    32.4198        487     2.0250  0.000e+00
     60.146     9.6429   3.526673    32.4192        488     2.0292  0.000e+00
     59.961     9.6431   3.526605    32.4185        489     2.0333  0.000e+00
     59.767     9.6428   3.526814    32.4209        490     2.0375  0.000e+00
     59.562     9.6433   3.527065    32.4231        491     2.0417  0.000e+00
     59.329     9.6452   3.527089    32.4218        492     2.0458  0.000e+00
     59.083     9.6472   3.527156    32.4208        493     2.0500  0.000e+00
     58.813     9.6482   3.527064    32.4190        494     2.0542  0.000e+00
     58.525     9.6487   3.526917    32.4172        495     2.0583  0.000e+00
     58.209     9.6484   3.526911    32.4175        496     2.0625  0.000e+00
     57.856     9.6479   3.526899    32.4180        497     2.0667  0.000e+00
     57.481     9.6476   3.526978    32.4192        498     2.0708  0.000e+00
     57.110     9.6480   3.526978    32.4191        499     2.0750  0.000e+00
     56.704     9.6485   3.527192    32.4210        500     2.0792  0.000e+00
     56.417     9.6495   3.527548    32.4238        501     2.0833  0.000e+00
     56.254     9.6518   3.527566    32.4220        502     2.0875  0.000e+00
     56.179     9.6542   3.527719    32.4215        503     2.0917  0.000e+00
     56.152     9.6559   3.527480    32.4175        504     2.0958  0.000e+00
     56.154     9.6564   3.527241    32.4146        505     2.1000  0.000e+00
     56.185     9.6552   3.527352    32.4168        506     2.1042  0.000e+00
     56.263     9.6543   3.527462    32.4187        507     2.1083  0.000e+00
     56.400     9.6545   3.527480    32.4186        508     2.1125  0.000e+00
     56.605     9.6546   3.527419    32.4178        509     2.1167  0.000e+00
     56.841     9.6546   3.527413    32.4177        510     2.1208  0.000e+00
     57.092     9.6543   3.527462    32.4183        511     2.1250  0.000e+00
     57.333     9.6544   3.527505    32.4185        512     2.1292  0.000e+00
     57.569     9.6544   3.527395    32.4173        513     2.1333  0.000e+00
     57.791     9.6541   3.527254    32.4161        514     2.1375  0.000e+00
     57.976     9.6533   3.527107    32.4152        515     2.1417  0.000e+00
     58.088     9.6521   3.526868    32.4138        516     2.1458  0.000e+00
     58.070     9.6500   3.526604    32.4130        517     2.1500  0.000e+00
     57.980     9.6472   3.526476    32.4142        518     2.1542  0.000e+00
     57.792     9.6449   3.526525    32.4170        519     2.1583  0.000e+00
     57.534     9.6436   3.526672    32.4197        520     2.1625  0.000e+00
     57.199     9.6435   3.526757    32.4208        521     2.1667  0.000e+00
     56.792     9.6446   3.526629    32.4187        522     2.1708  0.000e+00
     56.363     9.6449   3.526586    32.4182        523     2.1750  0.000e+00
     55.902     9.6445   3.526628    32.4192        524     2.1792  0.000e+00
     55.423     9.6447   3.526493    32.4178        525     2.1833  0.000e+00
     54.934     9.6445   3.526628    32.4196        526     2.1875  0.000e+00
     54.465     9.6448   3.527063    32.4240        527     2.1917  0.000e+00
     54.003     9.6471   3.527523    32.4268        528     2.1958  0.000e+00
     53.581     9.6511   3.527669    32.4249        529     2.2000  0.000e+00
     53.204     9.6551   3.527675    32.4215        530     2.2042  0.000e+00
     52.938     9.6577   3.527878    32.4214        531     2.2083  0.000e+00
     52.851     9.6601   3.528466    32.4252        532     2.2125  0.000e+00
     52.894     9.6637   3.528202    32.4193        533     2.2167  0.000e+00
     53.019     9.6661   3.528043    32.4154        534     2.2208  0.000e+00
     53.197     9.6659   3.528025    32.4153        535     2.2250  0.000e+00
     53.430     9.6655   3.527982    32.4152        536     2.2292  0.000e+00
     53.711     9.6648   3.528049    32.4163        537     2.2333  0.000e+00
     54.039     9.6644   3.528050    32.4166        538     2.2375  0.000e+00
     54.404     9.6644   3.528068    32.4166        539     2.2417  0.000e+00
     54.781     9.6642   3.528074    32.4167        540     2.2458  0.000e+00
     55.131     9.6642   3.528025    32.4160        541     2.2500  0.000e+00
     55.437     9.6640   3.527964    32.4154        542     2.2542  0.000e+00
     55.694     9.6634   3.527829    32.4145        543     2.2583  0.000e+00
     55.895     9.6623   3.527541    32.4125        544     2.2625  0.000e+00
     56.016     9.6602   3.527309    32.4119        545     2.2667  0.000e+00
     56.041     9.6576   3.527192    32.4131        546     2.2708  0.000e+00
     55.988     9.6553   3.527045    32.4137        547     2.2750  0.000e+00
     55.858     9.6533   3.527253    32.4177        548     2.2792  0.000e+00
     55.656     9.6526   3.527309    32.4189        549     2.2833  0.000e+00
     55.371     9.6531   3.527088    32.4164        550     2.2875  0.000e+00
     55.032     9.6529   3.527229    32.4181        551     2.2917  0.000e+00
     54.641     9.6528   3.527743    32.4237        552     2.2958  0.000e+00
     54.257     9.6554   3.528001    32.4241        553     2.3000  0.000e+00
     53.877     9.6588   3.527872    32.4199        554     2.3042  0.000e+00
     53.520     9.6611   3.527786    32.4171        555     2.3083  0.000e+00
     53.205     9.6617   3.528068    32.4196        556     2.3125  0.000e+00
     52.944     9.6629   3.528288    32.4209        557     2.3167  0.000e+00
     52.749     9.6651   3.528589    32.4220        558     2.3208  0.000e+00
     52.628     9.6679   3.528705    32.4207        559     2.3250  0.000e+00
     52.590     9.6706   3.528705    32.4183        560     2.3292  0.000e+00
     52.639     9.6723   3.528772    32.4174        561     2.3333  0.000e+00
     52.762     9.6738   3.528705    32.4154        562     2.3375  0.000e+00
     52.948     9.6738   3.528546    32.4136        563     2.3417  0.000e+00
     53.187     9.6730   3.528576    32.4146        564     2.3458  0.000e+00
     53.477     9.6725   3.528662    32.4157        565     2.3500  0.000e+00
     53.783     9.6724   3.528877    32.4179        566     2.3542  0.000e+00
     54.112     9.6733   3.529036    32.4186        567     2.3583  0.000e+00
     54.431     9.6747   3.528920    32.4160        568     2.3625  0.000e+00
     54.733     9.6754   3.528859    32.4146        569     2.3667  0.000e+00
     55.005     9.6754   3.528693    32.4128        570     2.3708  0.000e+00
     55.218     9.6741   3.528356    32.4105        571     2.3750  0.000e+00
     55.383     9.6718   3.528025    32.4090        572     2.3792  0.000e+00
     55.466     9.6687   3.527897    32.4105        573     2.3833  0.000e+00
     55.485     9.6658   3.527921    32.4134        574     2.3875  0.000e+00
     55.436     9.6640   3.527897    32.4147        575     2.3917  0.000e+00
     55.325     9.6631   3.527523    32.4118        576     2.3958  0.000e+00
     55.148     9.6612   3.527523    32.4136        577     2.4000  0.000e+00
     54.930     9.6593   3.527480    32.4150        578     2.4042  0.000e+00
     54.673     9.6579   3.527198    32.4134        579     2.4083  0.000e+00
     54.393     9.6562   3.527253    32.4157        580     2.4125  0.000e+00
     54.105     9.6552   3.527633    32.4206        581     2.4167  0.000e+00
     53.811     9.6563   3.528092    32.4245        582     2.4208  0.000e+00
     53.549     9.6596   3.528834    32.4291        583     2.4250  0.000e+00
     53.313     9.6655   3.529649    32.4322        584     2.4292  0.000e+00
     53.107     9.6736   3.529858    32.4271        585     2.4333  0.000e+00
     52.960     9.6806   3.529692    32.4192        586     2.4375  0.000e+00
     52.862     9.6841   3.529631    32.4155        587     2.4417  0.000e+00
     52.826     9.6853   3.529557    32.4136        588     2.4458  0.000e+00
     52.849     9.6857   3.529514    32.4128        589     2.4500  0.000e+00
     52.915     9.6853   3.529753    32.4156        590     2.4542  0.000e+00
     53.036     9.6859   3.529759    32.4151        591     2.4583  0.000e+00
     53.197     9.6866   3.529526    32.4120        592     2.4625  0.000e+00
     53.378     9.6861   3.529318    32.4102        593     2.4667  0.000e+00
     53.581     9.6846   3.529165    32.4100        594     2.4708  0.000e+00
     53.800     9.6823   3.529024    32.4105        595     2.4750  0.000e+00
     54.027     9.6805   3.528883    32.4106        596     2.4792  0.000e+00
     54.240     9.6784   3.528730    32.4108        597     2.4833  0.000e+00
     54.439     9.6764   3.528577    32.4110        598     2.4875  0.000e+00
     54.615     9.6741   3.528442    32.4116        599     2.4917  0.000e+00
     54.762     9.6721   3.528234    32.4112        600     2.4958  0.000e+00
     54.874     9.6698   3.528160    32.4125        601     2.5000  0.000e+00
     54.948     9.6679   3.528105    32.4136        602     2.5042  0.000e+00
     54.986     9.6667   3.528160    32.4152        603     2.5083  0.000e+00
     54.994     9.6658   3.527982    32.4142        604     2.5125  0.000e+00
     54.965     9.6651   3.528093    32.4160        605     2.5167  0.000e+00
     54.901     9.6646   3.528270    32.4183        606     2.5208  0.000e+00
     54.818     9.6652   3.528209    32.4171        607     2.5250  0.000e+00
     54.705     9.6660   3.528381    32.4182        608     2.5292  0.000e+00
     54.573     9.6668   3.528522    32.4190        609     2.5333  0.000e+00
     54.423     9.6685   3.528424    32.4165        610     2.5375  0.000e+00
     54.254     9.6692   3.528423    32.4160        611     2.5417  0.000e+00
     54.077     9.6694   3.528381    32.4154        612     2.5458  0.000e+00
     53.892     9.6693   3.528399    32.4158        613     2.5500  0.000e+00
     53.711     9.6695   3.528589    32.4176        614     2.5542  0.000e+00
     53.527     9.6704   3.528442    32.4154        615     2.5583  0.000e+00
     53.347     9.6705   3.528423    32.4152        616     2.5625  0.000e+00
     53.173     9.6705   3.528399    32.4150        617     2.5667  0.000e+00
     53.019     9.6703   3.528466    32.4160        618     2.5708  0.000e+00
     52.885     9.6703   3.528460    32.4159        619     2.5750  0.000e+00
     52.773     9.6705   3.528398    32.4152        620     2.5792  0.000e+00
     52.697     9.6705   3.528503    32.4163        621     2.5833  0.000e+00
     52.661     9.6709   3.528705    32.4180        622     2.5875  0.000e+00
     52.671     9.6718   3.528883    32.4190        623     2.5917  0.000e+00
     52.726     9.6738   3.528815    32.4165        624     2.5958  0.000e+00
     52.828     9.6749   3.528791    32.4153        625     2.6000  0.000e+00
