HB2407/sbe064.cnv
* Sea-Bird SBE 19plus V2 Data File:
* FileName = C:\cruise\data\sbe064.hex
* Software Version Seasave V 7.26.7.121
* Temperature SN = 7143
* Conductivity SN = 7143
* System UpLoad Time = Oct 07 2024 07:48:47
* NMEA Latitude = 39 55.95 N
* NMEA Longitude = 071 35.31 W
* NMEA UTC (Time) = Oct 07 2024  07:48:29
** Ship: Bigelow
** Cruise:  HB2407
** Program:  Fall Bottom Trawl
# nquan = 7
# nvalues = 2971                                  
# units = specified
# name 0 = depSM: Depth [salt water, m]
# name 1 = tv290C: Temperature [ITS-90, deg C]
# name 2 = c0S/m: Conductivity [S/m]
# name 3 = sal00: Salinity, Practical [PSU]
# name 4 = scan: Scan Count
# name 5 = timeM: Time, Elapsed [minutes]
# name 6 = flag:  0.000e+00
# span 0 =     -0.064,    126.333                 
# span 1 =    16.6255,    25.1657                 
# span 2 =   0.000050,   5.433608                 
# span 3 =     0.0101,    37.0606                 
# span 4 =         11,       2981                 
# span 5 =     0.0417,    12.4167                 
# span 6 = 0.0000e+00, 0.0000e+00                 
# interval = seconds: 0.25
# start_time = Oct 07 2024 07:48:29 [NMEA time, header]
# bad_flag = -9.990e-29
*END*
[from data line 1026]
    114.890    17.9509   4.745582    36.3339       1037     4.3167  0.000e+00
    114.742    17.9544   4.745714    36.3319       1038     4.3208  0.000e+00
    114.589    17.9570   4.745526    36.3281       1039     4.3250  0.000e+00
    114.435    17.9580   4.745339    36.3257       1040     4.3292  0.000e+00
    114.285    17.9582   4.745443    36.3265       1041     4.3333  0.000e+00
    114.142    17.9581   4.745817    36.3298       1042     4.3375  0.000e+00
    114.002    17.9594   4.745443    36.3255       1043     4.3417  0.000e+00
    113.875    17.9594   4.745582    36.3267       1044     4.3458  0.000e+00
    113.754    17.9595   4.745346    36.3246       1045     4.3500  0.000e+00
    113.638    17.9592   4.746157    36.3320       1046     4.3542  0.000e+00
    113.530    17.9605   4.746101    36.3304       1047     4.3583  0.000e+00
    113.426    17.9622   4.745879    36.3269       1048     4.3625  0.000e+00
    113.334    17.9627   4.747002    36.3362       1049     4.3667  0.000e+00
    113.245    17.9650   4.747521    36.3386       1050     4.3708  0.000e+00
    113.162    17.9691   4.747549    36.3353       1051     4.3750  0.000e+00
    113.082    17.9722   4.748478    36.3406       1052     4.3792  0.000e+00
    112.997    17.9762   4.749483    36.3456       1053     4.3833  0.000e+00
    112.919    17.9821   4.750203    36.3466       1054     4.3875  0.000e+00
    112.840    17.9882   4.751049    36.3485       1055     4.3917  0.000e+00
    112.751    17.9947   4.753787    36.3663       1056     4.3958  0.000e+00
    112.662    18.0056   4.756804    36.3825       1057     4.4000  0.000e+00
    112.570    18.0212   4.759766    36.3940       1058     4.4042  0.000e+00
    112.474    18.0414   4.760973    36.3865       1059     4.4083  0.000e+00
    112.374    18.0590   4.763276    36.3906       1060     4.4125  0.000e+00
    112.271    18.0754   4.764060    36.3827       1061     4.4167  0.000e+00
    112.157    18.0879   4.764317    36.3739       1062     4.4208  0.000e+00
    112.041    18.0975   4.766767    36.3864       1063     4.4250  0.000e+00
    111.921    18.1079   4.768065    36.3883       1064     4.4292  0.000e+00
    111.796    18.1194   4.769703    36.3921       1065     4.4333  0.000e+00
    111.675    18.1308   4.770119    36.3856       1066     4.4375  0.000e+00
    111.550    18.1406   4.773418    36.4052       1067     4.4417  0.000e+00
    111.430    18.1542   4.777197    36.4255       1068     4.4458  0.000e+00
    111.316    18.1736   4.778045    36.4155       1069     4.4500  0.000e+00
    111.206    18.1909   4.779010    36.4085       1070     4.4542  0.000e+00
    111.099    18.2036   4.779427    36.4008       1071     4.4583  0.000e+00
    110.999    18.2129   4.780831    36.4045       1072     4.4625  0.000e+00
    110.903    18.2209   4.781971    36.4072       1073     4.4667  0.000e+00
    110.818    18.2301   4.786080    36.4342       1074     4.4708  0.000e+00
    110.738    18.2447   4.788562    36.4425       1075     4.4750  0.000e+00
    110.662    18.2641   4.788958    36.4286       1076     4.4792  0.000e+00
    110.590    18.2789   4.790913    36.4323       1077     4.4833  0.000e+00
    110.532    18.2918   4.791330    36.4243       1078     4.4875  0.000e+00
    110.470    18.3017   4.792005    36.4213       1079     4.4917  0.000e+00
    110.409    18.3089   4.792575    36.4198       1080     4.4958  0.000e+00
    110.342    18.3152   4.794064    36.4270       1081     4.5000  0.000e+00
    110.275    18.3223   4.795929    36.4366       1082     4.5042  0.000e+00
    110.200    18.3328   4.797725    36.4427       1083     4.5083  0.000e+00
    110.126    18.3443   4.799730    36.4496       1084     4.5125  0.000e+00
    110.044    18.3578   4.801825    36.4554       1085     4.5167  0.000e+00
    109.948    18.3726   4.803323    36.4551       1086     4.5208  0.000e+00
    109.858    18.3868   4.803343    36.4427       1087     4.5250  0.000e+00
    109.756    18.3957   4.802486    36.4275       1088     4.5292  0.000e+00
    109.657    18.3991   4.802437    36.4241       1089     4.5333  0.000e+00
    109.563    18.3992   4.802277    36.4227       1090     4.5375  0.000e+00
    109.465    18.3984   4.802653    36.4267       1091     4.5417  0.000e+00
    109.372    18.3991   4.802995    36.4290       1092     4.5458  0.000e+00
    109.282    18.4004   4.802765    36.4259       1093     4.5500  0.000e+00
    109.200    18.4013   4.802792    36.4254       1094     4.5542  0.000e+00
    109.122    18.4015   4.802681    36.4243       1095     4.5583  0.000e+00
    109.054    18.4009   4.802681    36.4249       1096     4.5625  0.000e+00
    108.985    18.4003   4.803370    36.4313       1097     4.5667  0.000e+00
    108.917    18.4019   4.802959    36.4264       1098     4.5708  0.000e+00
    108.856    18.4029   4.802569    36.4222       1099     4.5750  0.000e+00
    108.800    18.4017   4.802360    36.4215       1100     4.5792  0.000e+00
    108.740    18.4004   4.802214    36.4215       1101     4.5833  0.000e+00
    108.679    18.3988   4.802047    36.4215       1102     4.5875  0.000e+00
    108.619    18.3973   4.802040    36.4227       1103     4.5917  0.000e+00
    108.555    18.3965   4.801991    36.4231       1104     4.5958  0.000e+00
    108.488    18.3957   4.802249    36.4260       1105     4.6000  0.000e+00
    108.412    18.3952   4.802465    36.4283       1106     4.6042  0.000e+00
    108.336    18.3966   4.802569    36.4280       1107     4.6083  0.000e+00
    108.253    18.3978   4.802917    36.4300       1108     4.6125  0.000e+00
    108.166    18.3994   4.802931    36.4287       1109     4.6167  0.000e+00
    108.081    18.4006   4.802736    36.4260       1110     4.6208  0.000e+00
    107.988    18.4007   4.803077    36.4288       1111     4.6250  0.000e+00
    107.896    18.4012   4.802485    36.4234       1112     4.6292  0.000e+00
    107.791    18.4007   4.803419    36.4318       1113     4.6333  0.000e+00
    107.684    18.4015   4.803823    36.4346       1114     4.6375  0.000e+00
    107.573    18.4042   4.805014    36.4424       1115     4.6417  0.000e+00
    107.461    18.4090   4.805578    36.4430       1116     4.6458  0.000e+00
    107.341    18.4145   4.806400    36.4451       1117     4.6500  0.000e+00
    107.220    18.4203   4.806615    36.4419       1118     4.6542  0.000e+00
    107.093    18.4249   4.806706    36.4386       1119     4.6583  0.000e+00
    106.966    18.4279   4.806817    36.4370       1120     4.6625  0.000e+00
    106.845    18.4300   4.806984    36.4365       1121     4.6667  0.000e+00
    106.722    18.4315   4.807179    36.4369       1122     4.6708  0.000e+00
    106.604    18.4331   4.807437    36.4377       1123     4.6750  0.000e+00
    106.483    18.4349   4.806650    36.4295       1124     4.6792  0.000e+00
    106.363    18.4338   4.807151    36.4348       1125     4.6833  0.000e+00
    106.249    18.4337   4.809674    36.4564       1126     4.6875  0.000e+00
    106.133    18.4401   4.810098    36.4544       1127     4.6917  0.000e+00
    106.031    18.4472   4.810391    36.4507       1128     4.6958  0.000e+00
    105.932    18.4525   4.810293    36.4451       1129     4.7000  0.000e+00
    105.838    18.4557   4.812015    36.4570       1130     4.7042  0.000e+00
    105.751    18.4610   4.814336    36.4720       1131     4.7083  0.000e+00
    105.667    18.4716   4.814852    36.4671       1132     4.7125  0.000e+00
    105.604    18.4815   4.816176    36.4696       1133     4.7167  0.000e+00
    105.533    18.4906   4.819921    36.4934       1134     4.7208  0.000e+00
    105.479    18.5056   4.822823    36.5048       1135     4.7250  0.000e+00
    105.425    18.5250   4.823897    36.4968       1136     4.7292  0.000e+00
    105.381    18.5420   4.824210    36.4844       1137     4.7333  0.000e+00
    105.340    18.5529   4.824859    36.4802       1138     4.7375  0.000e+00
    105.298    18.5606   4.825271    36.4769       1139     4.7417  0.000e+00
    105.263    18.5662   4.825445    36.4734       1140     4.7458  0.000e+00
    105.224    18.5702   4.825578    36.4710       1141     4.7500  0.000e+00
    105.187    18.5725   4.825857    36.4714       1142     4.7542  0.000e+00
    105.153    18.5749   4.826143    36.4717       1143     4.7583  0.000e+00
    105.110    18.5772   4.826722    36.4746       1144     4.7625  0.000e+00
    105.057    18.5798   4.827399    36.4781       1145     4.7667  0.000e+00
    105.001    18.5834   4.827727    36.4777       1146     4.7708  0.000e+00
    104.948    18.5873   4.828844    36.4837       1147     4.7750  0.000e+00
    104.880    18.5925   4.829409    36.4839       1148     4.7792  0.000e+00
    104.809    18.5979   4.829772    36.4822       1149     4.7833  0.000e+00
    104.733    18.6024   4.831015    36.4888       1150     4.7875  0.000e+00
    104.648    18.6081   4.834380    36.5123       1151     4.7917  0.000e+00
    104.563    18.6205   4.838788    36.5388       1152     4.7958  0.000e+00
    104.467    18.6419   4.840597    36.5353       1153     4.8000  0.000e+00
    104.371    18.6627   4.842791    36.5354       1154     4.8042  0.000e+00
    104.271    18.6816   4.844601    36.5340       1155     4.8083  0.000e+00
    104.172    18.6983   4.845747    36.5290       1156     4.8125  0.000e+00
    104.074    18.7123   4.845446    36.5140       1157     4.8167  0.000e+00
    103.974    18.7258   4.849809    36.5391       1158     4.8208  0.000e+00
    103.882    18.7396   4.851145    36.5382       1159     4.8250  0.000e+00
    103.784    18.7530   4.853145    36.5434       1160     4.8292  0.000e+00
    103.697    18.7665   4.854348    36.5415       1161     4.8333  0.000e+00
    103.604    18.7786   4.856622    36.5502       1162     4.8375  0.000e+00
    103.521    18.7922   4.858847    36.5569       1163     4.8417  0.000e+00
    103.438    18.8078   4.861290    36.5639       1164     4.8458  0.000e+00
    103.358    18.8251   4.864286    36.5738       1165     4.8500  0.000e+00
    103.278    18.8452   4.867934    36.5869       1166     4.8542  0.000e+00
    103.200    18.8690   4.870827    36.5903       1167     4.8583  0.000e+00
    103.128    18.8932   4.873994    36.5957       1168     4.8625  0.000e+00
    103.056    18.9172   4.874218    36.5763       1169     4.8667  0.000e+00
    102.976    18.9345   4.874589    36.5642       1170     4.8708  0.000e+00
    102.905    18.9450   4.875066    36.5590       1171     4.8750  0.000e+00
    102.836    18.9519   4.876054    36.5612       1172     4.8792  0.000e+00
    102.769    18.9582   4.877189    36.5652       1173     4.8833  0.000e+00
    102.704    18.9655   4.878276    36.5680       1174     4.8875  0.000e+00
    102.630    18.9738   4.880176    36.5767       1175     4.8917  0.000e+00
    102.564    18.9839   4.883528    36.5960       1176     4.8958  0.000e+00
    102.497    18.9995   4.886144    36.6043       1177     4.9000  0.000e+00
    102.429    19.0190   4.889877    36.6185       1178     4.9042  0.000e+00
    102.354    19.0422   4.892045    36.6163       1179     4.9083  0.000e+00
    102.286    19.0649   4.893456    36.6081       1180     4.9125  0.000e+00
    102.213    19.0832   4.895091    36.6057       1181     4.9167  0.000e+00
    102.139    19.0988   4.896348    36.6026       1182     4.9208  0.000e+00
    102.067    19.1116   4.898174    36.6066       1183     4.9250  0.000e+00
    101.985    19.1249   4.904854    36.6511       1184     4.9292  0.000e+00
    101.905    19.1485   4.909992    36.6734       1185     4.9333  0.000e+00
    101.822    19.1808   4.911602    36.6584       1186     4.9375  0.000e+00
    101.742    19.2088   4.914942    36.6618       1187     4.9417  0.000e+00
    101.657    19.2329   4.915504    36.6452       1188     4.9458  0.000e+00
    101.572    19.2513   4.916833    36.6402       1189     4.9500  0.000e+00
    101.481    19.2646   4.917923    36.6376       1190     4.9542  0.000e+00
    101.394    19.2751   4.919133    36.6385       1191     4.9583  0.000e+00
    101.300    19.2839   4.919759    36.6361       1192     4.9625  0.000e+00
    101.204    19.2917   4.919703    36.6288       1193     4.9667  0.000e+00
    101.108    19.2966   4.920033    36.6272       1194     4.9708  0.000e+00
    101.005    19.2999   4.920744    36.6303       1195     4.9750  0.000e+00
    100.900    19.3031   4.921159    36.6310       1196     4.9792  0.000e+00
    100.804    19.3066   4.921159    36.6280       1197     4.9833  0.000e+00
    100.699    19.3089   4.921841    36.6317       1198     4.9875  0.000e+00
    100.596    19.3117   4.922278    36.6329       1199     4.9917  0.000e+00
    100.494    19.3148   4.922306    36.6304       1200     4.9958  0.000e+00
    100.391    19.3173   4.921926    36.6251       1201     5.0000  0.000e+00
    100.297    19.3177   4.922474    36.6294       1202     5.0042  0.000e+00
    100.202    19.3185   4.923326    36.6358       1203     5.0083  0.000e+00
    100.119    19.3216   4.923593    36.6354       1204     5.0125  0.000e+00
    100.041    19.3248   4.923572    36.6325       1205     5.0167  0.000e+00
     99.967    19.3264   4.923706    36.6321       1206     5.0208  0.000e+00
     99.898    19.3281   4.924192    36.6347       1207     5.0250  0.000e+00
     99.837    19.3302   4.924367    36.6344       1208     5.0292  0.000e+00
     99.775    19.3320   4.924283    36.6321       1209     5.0333  0.000e+00
     99.717    19.3333   4.926395    36.6487       1210     5.0375  0.000e+00
     99.666    19.3385   4.927521    36.6535       1211     5.0417  0.000e+00
     99.613    19.3465   4.928260    36.6527       1212     5.0458  0.000e+00
     99.559    19.3538   4.928831    36.6510       1213     5.0500  0.000e+00
     99.509    19.3605   4.929169    36.6480       1214     5.0542  0.000e+00
     99.454    19.3648   4.930626    36.6564       1215     5.0583  0.000e+00
     99.396    19.3710   4.931098    36.6550       1216     5.0625  0.000e+00
     99.340    19.3769   4.931091    36.6497       1217     5.0667  0.000e+00
     99.277    19.3808   4.931535    36.6500       1218     5.0708  0.000e+00
     99.217    19.3837   4.931443    36.6467       1219     5.0750  0.000e+00
     99.163    19.3855   4.931866    36.6487       1220     5.0792  0.000e+00
     99.096    19.3875   4.934669    36.6704       1221     5.0833  0.000e+00
     99.032    19.3951   4.934627    36.6634       1222     5.0875  0.000e+00
     98.965    19.4024   4.935712    36.6660       1223     5.0917  0.000e+00
     98.898    19.4086   4.936508    36.6672       1224     5.0958  0.000e+00
     98.831    19.4151   4.936289    36.6597       1225     5.1000  0.000e+00
     98.764    19.4193   4.936620    36.6588       1226     5.1042  0.000e+00
     98.692    19.4216   4.937445    36.6637       1227     5.1083  0.000e+00
     98.618    19.4251   4.937381    36.6601       1228     5.1125  0.000e+00
     98.538    19.4280   4.937586    36.6593       1229     5.1167  0.000e+00
     98.462    19.4300   4.937748    36.6589       1230     5.1208  0.000e+00
     98.382    19.4313   4.937783    36.6581       1231     5.1250  0.000e+00
     98.302    19.4322   4.937966    36.6588       1232     5.1292  0.000e+00
     98.210    19.4332   4.938163    36.6597       1233     5.1333  0.000e+00
     98.127    19.4344   4.938332    36.6600       1234     5.1375  0.000e+00
     98.034    19.4358   4.938628    36.6613       1235     5.1417  0.000e+00
     97.947    19.4375   4.939347    36.6658       1236     5.1458  0.000e+00
     97.862    19.4401   4.939770    36.6671       1237     5.1500  0.000e+00
     97.773    19.4432   4.940256    36.6685       1238     5.1542  0.000e+00
     97.694    19.4467   4.941659    36.6771       1239     5.1583  0.000e+00
     97.614    19.4527   4.943936    36.6909       1240     5.1625  0.000e+00
