HB2407/sbe065.cnv
* Sea-Bird SBE 19plus V2 Data File:
* FileName = C:\cruise\data\sbe065.hex
* Software Version Seasave V 7.26.7.121
* Temperature SN = 7143
* Conductivity SN = 7143
* System UpLoad Time = Oct 07 2024 22:35:42
* NMEA Latitude = 40 23.25 N
* NMEA Longitude = 070 31.64 W
* NMEA UTC (Time) = Oct 07 2024  22:35:24
** Ship: Bigelow
** Cruise:  HB2407
** Program:  Fall Bottom Trawl
# nquan = 7
# nvalues = 1780                                  
# units = specified
# name 0 = depSM: Depth [salt water, m]
# name 1 = tv290C: Temperature [ITS-90, deg C]
# name 2 = c0S/m: Conductivity [S/m]
# name 3 = sal00: Salinity, Practical [PSU]
# name 4 = scan: Scan Count
# name 5 = timeM: Time, Elapsed [minutes]
# name 6 = flag:  0.000e+00
# span 0 =     -0.127,     77.576                 
# span 1 =    12.7853,    19.3407                 
# span 2 =  -0.056349,   4.586786                 
# span 3 =     0.0000,    34.3571                 
# span 4 =         11,       1790                 
# span 5 =     0.0417,     7.4542                 
# span 6 = 0.0000e+00, 0.0000e+00                 
# interval = seconds: 0.25
# start_time = Oct 07 2024 22:35:24 [NMEA time, header]
# bad_flag = -9.990e-29
*END*
     -0.127    18.3990   0.000042     0.0093         11     0.0417  0.000e+00
     -0.123    18.3994   0.000042     0.0093         12     0.0458  0.000e+00
     -0.118    18.3998   0.000042     0.0093         13     0.0500  0.000e+00
     -0.116    18.3997   0.000036     0.0093         14     0.0542  0.000e+00
     -0.114    18.3985   0.000042     0.0093         15     0.0583  0.000e+00
     -0.109    18.3973   0.000036     0.0093         16     0.0625  0.000e+00
     -0.111    18.3973   0.000044     0.0093         17     0.0667  0.000e+00
     -0.118    18.3979   0.000042     0.0093         18     0.0708  0.000e+00
     -0.120    18.3977   0.000042     0.0093         19     0.0750  0.000e+00
     -0.120    18.3977   0.000042     0.0093         20     0.0792  0.000e+00
     -0.120    18.3979   0.000036     0.0093         21     0.0833  0.000e+00
     -0.122    18.3978   0.000044     0.0093         22     0.0875  0.000e+00
     -0.125    18.3976   0.000036     0.0093         23     0.0917  0.000e+00
     -0.120    18.3974   0.000042     0.0093         24     0.0958  0.000e+00
     -0.125    18.3975   0.000042     0.0093         25     0.1000  0.000e+00
     -0.127    18.3983   0.000042     0.0093         26     0.1042  0.000e+00
     -0.127    18.3985   0.000036     0.0093         27     0.1083  0.000e+00
     -0.127    18.3986   0.000042     0.0093         28     0.1125  0.000e+00
     -0.125    18.3981   0.000042     0.0093         29     0.1167  0.000e+00
     -0.125    18.3980   0.000042     0.0093         30     0.1208  0.000e+00
     -0.124    18.3985   0.000042     0.0093         31     0.1250  0.000e+00
     -0.126    18.3992   0.000042     0.0093         32     0.1292  0.000e+00
     -0.120    18.3996   0.000042     0.0093         33     0.1333  0.000e+00
     -0.118    18.4003   0.000042     0.0093         34     0.1375  0.000e+00
     -0.115    18.4006   0.000036     0.0093         35     0.1417  0.000e+00
     -0.117    18.4014   0.000042     0.0093         36     0.1458  0.000e+00
     -0.111    18.4017   0.000042     0.0093         37     0.1500  0.000e+00
     -0.113    18.4022   0.000036     0.0093         38     0.1542  0.000e+00
     -0.113    18.4025   0.000036     0.0093         39     0.1583  0.000e+00
     -0.111    18.4022   0.000036     0.0093         40     0.1625  0.000e+00
     -0.113    18.4025   0.000036     0.0093         41     0.1667  0.000e+00
     -0.111    18.4026   0.000042     0.0093         42     0.1708  0.000e+00
     -0.115    18.4028   0.000036     0.0093         43     0.1750  0.000e+00
     -0.115    18.4030   0.000044     0.0093         44     0.1792  0.000e+00
     -0.118    18.4028   0.000036     0.0093         45     0.1833  0.000e+00
     -0.122    18.4024   0.000042     0.0093         46     0.1875  0.000e+00
     -0.122    18.4021   0.000042     0.0093         47     0.1917  0.000e+00
     -0.122    18.4013   0.000036     0.0093         48     0.1958  0.000e+00
     -0.125    18.4008   0.000042     0.0093         49     0.2000  0.000e+00
     -0.125    18.4002   0.000042     0.0093         50     0.2042  0.000e+00
     -0.125    18.3999   0.000042     0.0093         51     0.2083  0.000e+00
     -0.125    18.4001   0.000042     0.0093         52     0.2125  0.000e+00
     -0.123    18.4006   0.000036     0.0093         53     0.2167  0.000e+00
     -0.118    18.4010   0.000042     0.0093         54     0.2208  0.000e+00
     -0.120    18.4010   0.000042     0.0093         55     0.2250  0.000e+00
     -0.114    18.4016   0.000042     0.0093         56     0.2292  0.000e+00
     -0.118    18.4017   0.000042     0.0093         57     0.2333  0.000e+00
     -0.120    18.4021   0.000036     0.0093         58     0.2375  0.000e+00
     -0.114    18.4022   0.000042     0.0093         59     0.2417  0.000e+00
     -0.109    18.4026   0.000036     0.0093         60     0.2458  0.000e+00
     -0.109    18.4027   0.000036     0.0093         61     0.2500  0.000e+00
     -0.109    18.4028   0.000042     0.0093         62     0.2542  0.000e+00
     -0.109    18.4029   0.000036     0.0093         63     0.2583  0.000e+00
     -0.112    18.4029   0.000036     0.0093         64     0.2625  0.000e+00
     -0.107    18.4030   0.000042     0.0093         65     0.2667  0.000e+00
     -0.110    18.4031   0.000042     0.0093         66     0.2708  0.000e+00
     -0.116    18.4025   0.000042     0.0093         67     0.2750  0.000e+00
     -0.114    18.4020   0.000042     0.0093         68     0.2792  0.000e+00
     -0.116    18.4015   0.000042     0.0093         69     0.2833  0.000e+00
     -0.112    18.4016   0.000036     0.0093         70     0.2875  0.000e+00
     -0.118    18.4011   0.000042     0.0093         71     0.2917  0.000e+00
     -0.120    18.4011   0.000036     0.0093         72     0.2958  0.000e+00
     -0.120    18.4008   0.000042     0.0093         73     0.3000  0.000e+00
     -0.120    18.4006   0.000036     0.0093         74     0.3042  0.000e+00
     -0.114    18.4008   0.000042     0.0093         75     0.3083  0.000e+00
     -0.116    18.4010   0.000042     0.0093         76     0.3125  0.000e+00
     -0.120    18.4010   0.000036     0.0093         77     0.3167  0.000e+00
     -0.120    18.4011   0.000042     0.0093         78     0.3208  0.000e+00
     -0.113    18.4014   0.000042     0.0093         79     0.3250  0.000e+00
     -0.112    18.4018   0.000036     0.0093         80     0.3292  0.000e+00
     -0.114    18.4019   0.000042     0.0093         81     0.3333  0.000e+00
     -0.112    18.4016   0.000036     0.0093         82     0.3375  0.000e+00
     -0.110    18.4016   0.000036     0.0093         83     0.3417  0.000e+00
     -0.109    18.4016   0.000042     0.0093         84     0.3458  0.000e+00
     -0.109    18.4017   0.000036     0.0093         85     0.3500  0.000e+00
     -0.114    18.4021   0.000036     0.0093         86     0.3542  0.000e+00
     -0.116    18.4023   0.000036     0.0093         87     0.3583  0.000e+00
     -0.107    18.4024   0.000042     0.0093         88     0.3625  0.000e+00
     -0.100    18.4028   0.000042     0.0093         89     0.3667  0.000e+00
     -0.101    18.4027   0.000036     0.0093         90     0.3708  0.000e+00
     -0.105    18.4026   0.000036     0.0093         91     0.3750  0.000e+00
     -0.103    18.4028   0.000042     0.0093         92     0.3792  0.000e+00
     -0.105    18.4031   0.000036     0.0093         93     0.3833  0.000e+00
     -0.108    18.4032   0.000042     0.0093         94     0.3875  0.000e+00
     -0.063    18.4035   0.000044     0.0093         95     0.3917  0.000e+00
      0.232    18.4046   0.000042     0.0093         96     0.3958  0.000e+00
      0.455    18.4105  -0.000040     0.0000         97     0.4000  0.000e+00
      0.610    18.4250  -0.056349     0.0000         98     0.4042  0.000e+00
      0.770    18.5103   2.563109    18.1347         99     0.4083  0.000e+00
      0.954    18.6451   3.286214    23.7615        100     0.4125  0.000e+00
      1.143    18.7534   3.546993    25.7884        101     0.4167  0.000e+00
      1.291    18.8242   4.079773    30.0740        102     0.4208  0.000e+00
      1.354    18.8940   4.341477    32.1797        103     0.4250  0.000e+00
      1.365    18.9624   4.223600    31.1543        104     0.4292  0.000e+00
      1.376    19.0128   2.305783    15.9568        105     0.4333  0.000e+00
      1.461    19.0414   3.896725    28.4271        106     0.4375  0.000e+00
      1.615    19.0348   3.821822    27.8249        107     0.4417  0.000e+00
      1.796    19.0033   3.272669    23.4502        108     0.4458  0.000e+00
      1.986    18.9760   2.967297    21.0629        109     0.4500  0.000e+00
      2.191    18.9592   4.037967    29.6341        110     0.4542  0.000e+00
      2.426    18.9500   4.177788    30.7865        111     0.4583  0.000e+00
      2.684    18.9542   4.080481    29.9852        112     0.4625  0.000e+00
      2.928    18.9745   4.370400    32.3558        113     0.4667  0.000e+00
      3.145    19.0042   4.414203    32.6951        114     0.4708  0.000e+00
      3.355    19.0343   4.425889    32.7680        115     0.4750  0.000e+00
      3.581    19.0585   4.424583    32.7380        116     0.4792  0.000e+00
      3.809    19.0766   4.280341    31.5341        117     0.4833  0.000e+00
      4.041    19.0894   4.302097    31.7033        118     0.4875  0.000e+00
      4.280    19.0993   4.006610    29.2785        119     0.4917  0.000e+00
      4.554    19.1058   4.079367    29.8664        120     0.4958  0.000e+00
      4.847    19.1088   4.418928    32.6513        121     0.5000  0.000e+00
      4.974    19.1129   4.457292    32.9651        122     0.5042  0.000e+00
      5.108    19.1185   4.473857    33.0977        123     0.5083  0.000e+00
      5.070    19.1254   4.480928    33.1507        124     0.5125  0.000e+00
      4.948    19.1325   4.484567    33.1752        125     0.5167  0.000e+00
      4.794    19.1381   4.468282    33.0361        126     0.5208  0.000e+00
      4.733    19.1421   3.959469    28.8656        127     0.5250  0.000e+00
      4.780    19.1439   4.424865    32.6728        128     0.5292  0.000e+00
      4.898    19.1375   4.468762    33.0405        129     0.5333  0.000e+00
      5.037    19.1251   4.468559    33.0486        130     0.5375  0.000e+00
      5.202    19.1144   4.462219    33.0046        131     0.5417  0.000e+00
      5.399    19.1068   4.461443    33.0041        132     0.5458  0.000e+00
      5.622    19.1008   4.466514    33.0509        133     0.5500  0.000e+00
      5.864    19.0956   4.472391    33.1035        134     0.5542  0.000e+00
      6.098    19.0931   4.474324    33.1215        135     0.5583  0.000e+00
      6.368    19.0964   4.473993    33.1160        136     0.5625  0.000e+00
      6.661    19.1020   4.475209    33.1215        137     0.5667  0.000e+00
      6.949    19.1078   4.481666    33.1702        138     0.5708  0.000e+00
      7.199    19.1151   4.484757    33.1899        139     0.5750  0.000e+00
      7.430    19.1221   4.486354    33.1975        140     0.5792  0.000e+00
      7.639    19.1275   4.486482    33.1942        141     0.5833  0.000e+00
      7.854    19.1308   4.485826    33.1860        142     0.5875  0.000e+00
      8.081    19.1329   4.485129    33.1784        143     0.5917  0.000e+00
      8.320    19.1342   4.487274    33.1951        144     0.5958  0.000e+00
      8.575    19.1353   4.487985    33.2000        145     0.6000  0.000e+00
      8.687    19.1360   4.489467    33.2117        146     0.6042  0.000e+00
      8.763    19.1360   4.485745    33.1808        147     0.6083  0.000e+00
      8.943    19.1364   4.481565    33.1459        148     0.6125  0.000e+00
      8.979    19.1371   4.490536    33.2196        149     0.6167  0.000e+00
      8.930    19.1367   4.493955    33.2482        150     0.6208  0.000e+00
      8.867    19.1374   4.493881    33.2470        151     0.6250  0.000e+00
      8.838    19.1379   4.477413    33.1104        152     0.6292  0.000e+00
      8.925    19.1373   4.485894    33.1810        153     0.6333  0.000e+00
      9.077    19.1309   4.488648    33.2088        154     0.6375  0.000e+00
      9.252    19.1208   4.487261    33.2054        155     0.6417  0.000e+00
      9.437    19.1131   4.486734    33.2071        156     0.6458  0.000e+00
      9.634    19.1083   4.487167    33.2144        157     0.6500  0.000e+00
      9.841    19.1055   4.488006    33.2236        158     0.6542  0.000e+00
     10.096    19.1031   4.488473    33.2292        159     0.6583  0.000e+00
     10.373    19.1026   4.490612    33.2473        160     0.6625  0.000e+00
     10.632    19.1060   4.492034    33.2563        161     0.6667  0.000e+00
     10.924    19.1118   4.491939    33.2507        162     0.6708  0.000e+00
     11.233    19.1164   4.492169    33.2488        163     0.6750  0.000e+00
     11.541    19.1204   4.493449    33.2561        164     0.6792  0.000e+00
     11.825    19.1238   4.494573    33.2626        165     0.6833  0.000e+00
     12.064    19.1261   4.494573    33.2607        166     0.6875  0.000e+00
     12.301    19.1280   4.495108    33.2635        167     0.6917  0.000e+00
     12.461    19.1297   4.496198    33.2711        168     0.6958  0.000e+00
     12.609    19.1316   4.493496    33.2472        169     0.7000  0.000e+00
     12.837    19.1332   4.492224    33.2353        170     0.7042  0.000e+00
     13.022    19.1344   4.493293    33.2431        171     0.7083  0.000e+00
     13.161    19.1355   4.495054    33.2568        172     0.7125  0.000e+00
     13.285    19.1363   4.495697    33.2614        173     0.7167  0.000e+00
     13.435    19.1363   4.494810    33.2540        174     0.7208  0.000e+00
     13.611    19.1359   4.492427    33.2345        175     0.7250  0.000e+00
     13.821    19.1357   4.491913    33.2303        176     0.7292  0.000e+00
     14.036    19.1362   4.494093    33.2479        177     0.7333  0.000e+00
     14.275    19.1364   4.495589    33.2601        178     0.7375  0.000e+00
     14.528    19.1371   4.496795    33.2694        179     0.7417  0.000e+00
     14.786    19.1380   4.497737    33.2764        180     0.7458  0.000e+00
     15.048    19.1389   4.498448    33.2814        181     0.7500  0.000e+00
     15.316    19.1414   4.499423    33.2874        182     0.7542  0.000e+00
     15.532    19.1454   4.501117    33.2982        183     0.7583  0.000e+00
     15.707    19.1512   4.501659    33.2980        184     0.7625  0.000e+00
     15.887    19.1589   4.502316    33.2972        185     0.7667  0.000e+00
     16.039    19.1658   4.504722    33.3115        186     0.7708  0.000e+00
     16.147    19.1721   4.505725    33.3147        187     0.7750  0.000e+00
     16.193    19.1780   4.506552    33.3168        188     0.7792  0.000e+00
     16.213    19.1859   4.507745    33.3204        189     0.7833  0.000e+00
     16.236    19.1939   4.506159    33.3008        190     0.7875  0.000e+00
     16.305    19.2003   4.502214    33.2630        191     0.7917  0.000e+00
     16.390    19.2051   4.502086    33.2581        192     0.7958  0.000e+00
     16.495    19.2021   4.502418    33.2632        193     0.8000  0.000e+00
     16.598    19.1899   4.501937    33.2690        194     0.8042  0.000e+00
     16.718    19.1785   4.500480    33.2660        195     0.8083  0.000e+00
     16.859    19.1693   4.499810    33.2678        196     0.8125  0.000e+00
     17.024    19.1604   4.499735    33.2742        197     0.8167  0.000e+00
     17.207    19.1507   4.498632    33.2727        198     0.8208  0.000e+00
     17.400    19.1440   4.498198    33.2745        199     0.8250  0.000e+00
     17.607    19.1405   4.498943    33.2834        200     0.8292  0.000e+00
     17.824    19.1382   4.499607    33.2906        201     0.8333  0.000e+00
     18.052    19.1364   4.500292    33.2977        202     0.8375  0.000e+00
     18.279    19.1352   4.500244    33.2981        203     0.8417  0.000e+00
     18.512    19.1374   4.500678    33.2999        204     0.8458  0.000e+00
     18.744    19.1495   4.503104    33.3102        205     0.8500  0.000e+00
     18.972    19.1673   4.507313    33.3307        206     0.8542  0.000e+00
     19.189    19.1854   4.511056    33.3470        207     0.8583  0.000e+00
     19.396    19.2011   4.512751    33.3485        208     0.8625  0.000e+00
     19.604    19.2147   4.513368    33.3426        209     0.8667  0.000e+00
     19.810    19.2267   4.513802    33.3364        210     0.8708  0.000e+00
     20.015    19.2360   4.513904    33.3298        211     0.8750  0.000e+00
     20.214    19.2428   4.514087    33.3258        212     0.8792  0.000e+00
     20.411    19.2480   4.514786    33.3273        213     0.8833  0.000e+00
     20.602    19.2531   4.515756    33.3312        214     0.8875  0.000e+00
     20.785    19.2590   4.516936    33.3362        215     0.8917  0.000e+00
