HB2407/sbe011.cnv
* Sea-Bird SBE 19plus V2 Data File:
* FileName = C:\cruise\data\sbe011.hex
* Software Version Seasave V 7.26.7.121
* Temperature SN = 7143
* Conductivity SN = 7143
* System UpLoad Time = Sep 09 2024 11:34:47
* NMEA Latitude = 38 10.33 N
* NMEA Longitude = 074 18.21 W
* NMEA UTC (Time) = Sep 09 2024  11:34:56
** Ship: Bigelow
** Cruise:  HB2407
** Program:  Fall Bottom Trawl
# nquan = 7
# nvalues = 1594                                  
# units = specified
# name 0 = depSM: Depth [salt water, m]
# name 1 = tv290C: Temperature [ITS-90, deg C]
# name 2 = c0S/m: Conductivity [S/m]
# name 3 = sal00: Salinity, Practical [PSU]
# name 4 = scan: Scan Count
# name 5 = timeM: Time, Elapsed [minutes]
# name 6 = flag:  0.000e+00
# span 0 =     -0.006,     41.002                 
# span 1 =     8.4373,    22.0264                 
# span 2 =   0.000002,   4.687412                 
# span 3 =     0.0096,    38.0014                 
# span 4 =         11,       1604                 
# span 5 =     0.0417,     6.6792                 
# span 6 = 0.0000e+00, 0.0000e+00                 
# interval = seconds: 0.25
# start_time = Sep 09 2024 11:34:56 [NMEA time, header]
# bad_flag = -9.990e-29
*END*
[from data line 1026]
     17.060    21.8657   4.662683    32.4859       1037     4.3167  0.000e+00
     17.044    21.8659   4.662765    32.4864       1038     4.3208  0.000e+00
     17.037    21.8661   4.663164    32.4893       1039     4.3250  0.000e+00
     17.022    21.8673   4.663191    32.4887       1040     4.3292  0.000e+00
     17.015    21.8680   4.663033    32.4869       1041     4.3333  0.000e+00
     17.006    21.8689   4.663432    32.4893       1042     4.3375  0.000e+00
     16.997    21.8714   4.664285    32.4942       1043     4.3417  0.000e+00
     16.990    21.8751   4.665351    32.4997       1044     4.3458  0.000e+00
     16.981    21.8822   4.667656    32.5123       1045     4.3500  0.000e+00
     16.966    21.8917   4.667738    32.5059       1046     4.3542  0.000e+00
     16.950    21.8976   4.667765    32.5016       1047     4.3583  0.000e+00
     16.932    21.9029   4.669506    32.5112       1048     4.3625  0.000e+00
     16.908    21.9114   4.670979    32.5163       1049     4.3667  0.000e+00
     16.887    21.9226   4.672933    32.5232       1050     4.3708  0.000e+00
     16.854    21.9346   4.673443    32.5181       1051     4.3750  0.000e+00
     16.829    21.9397   4.670325    32.4900       1052     4.3792  0.000e+00
     16.800    21.9355   4.670042    32.4910       1053     4.3833  0.000e+00
     16.762    21.9329   4.672362    32.5110       1054     4.3875  0.000e+00
     16.733    21.9382   4.674441    32.5232       1055     4.3917  0.000e+00
     16.701    21.9475   4.674675    32.5181       1056     4.3958  0.000e+00
     16.666    21.9545   4.674461    32.5112       1057     4.4000  0.000e+00
     16.630    21.9589   4.675349    32.5148       1058     4.4042  0.000e+00
     16.594    21.9638   4.676127    32.5172       1059     4.4083  0.000e+00
     16.556    21.9691   4.676230    32.5140       1060     4.4125  0.000e+00
     16.518    21.9725   4.676210    32.5113       1061     4.4167  0.000e+00
     16.476    21.9743   4.676154    32.5095       1062     4.4208  0.000e+00
     16.444    21.9752   4.675941    32.5072       1063     4.4250  0.000e+00
     16.404    21.9749   4.675645    32.5051       1064     4.4292  0.000e+00
     16.371    21.9741   4.675693    32.5062       1065     4.4333  0.000e+00
     16.333    21.9738   4.675913    32.5081       1066     4.4375  0.000e+00
     16.308    21.9741   4.676044    32.5089       1067     4.4417  0.000e+00
     16.277    21.9748   4.676099    32.5088       1068     4.4458  0.000e+00
     16.259    21.9751   4.676154    32.5090       1069     4.4500  0.000e+00
     16.238    21.9754   4.676209    32.5092       1070     4.4542  0.000e+00
     16.221    21.9760   4.676258    32.5092       1071     4.4583  0.000e+00
     16.201    21.9762   4.675776    32.5053       1072     4.4625  0.000e+00
     16.187    21.9746   4.674915    32.4997       1073     4.4667  0.000e+00
     16.180    21.9721   4.674653    32.4996       1074     4.4708  0.000e+00
     16.173    21.9698   4.674440    32.4997       1075     4.4750  0.000e+00
     16.165    21.9681   4.674406    32.5007       1076     4.4792  0.000e+00
     16.158    21.9670   4.674357    32.5011       1077     4.4833  0.000e+00
     16.151    21.9665   4.674302    32.5011       1078     4.4875  0.000e+00
     16.153    21.9657   4.674330    32.5019       1079     4.4917  0.000e+00
     16.148    21.9654   4.674247    32.5015       1080     4.4958  0.000e+00
     16.148    21.9651   4.674247    32.5017       1081     4.5000  0.000e+00
     16.137    21.9648   4.674192    32.5015       1082     4.5042  0.000e+00
     16.131    21.9642   4.674089    32.5011       1083     4.5083  0.000e+00
     16.122    21.9642   4.674116    32.5014       1084     4.5125  0.000e+00
     16.104    21.9642   4.674254    32.5024       1085     4.5167  0.000e+00
     16.092    21.9642   4.674302    32.5028       1086     4.5208  0.000e+00
     16.065    21.9641   4.674330    32.5031       1087     4.5250  0.000e+00
     16.041    21.9642   4.674247    32.5024       1088     4.5292  0.000e+00
     16.005    21.9643   4.674247    32.5023       1089     4.5333  0.000e+00
     15.971    21.9642   4.674247    32.5024       1090     4.5375  0.000e+00
     15.933    21.9639   4.674302    32.5031       1091     4.5417  0.000e+00
     15.889    21.9645   4.674405    32.5035       1092     4.5458  0.000e+00
     15.851    21.9650   4.674598    32.5046       1093     4.5500  0.000e+00
     15.812    21.9655   4.674674    32.5049       1094     4.5542  0.000e+00
     15.768    21.9661   4.674770    32.5052       1095     4.5583  0.000e+00
     15.723    21.9667   4.674839    32.5052       1096     4.5625  0.000e+00
     15.674    21.9674   4.674867    32.5049       1097     4.5667  0.000e+00
     15.631    21.9678   4.674915    32.5050       1098     4.5708  0.000e+00
     15.593    21.9681   4.674997    32.5055       1099     4.5750  0.000e+00
     15.551    21.9687   4.674970    32.5048       1100     4.5792  0.000e+00
     15.507    21.9690   4.675052    32.5053       1101     4.5833  0.000e+00
     15.473    21.9694   4.675107    32.5054       1102     4.5875  0.000e+00
     15.430    21.9699   4.675135    32.5053       1103     4.5917  0.000e+00
     15.401    21.9701   4.675135    32.5051       1104     4.5958  0.000e+00
     15.363    21.9703   4.675107    32.5048       1105     4.6000  0.000e+00
     15.327    21.9705   4.675183    32.5052       1106     4.6042  0.000e+00
     15.298    21.9712   4.675211    32.5049       1107     4.6083  0.000e+00
     15.272    21.9711   4.675211    32.5050       1108     4.6125  0.000e+00
     15.247    21.9713   4.675211    32.5048       1109     4.6167  0.000e+00
     15.220    21.9718   4.675211    32.5045       1110     4.6208  0.000e+00
     15.200    21.9716   4.675238    32.5048       1111     4.6250  0.000e+00
     15.173    21.9717   4.675266    32.5050       1112     4.6292  0.000e+00
     15.155    21.9718   4.675266    32.5049       1113     4.6333  0.000e+00
     15.135    21.9718   4.675266    32.5049       1114     4.6375  0.000e+00
     15.111    21.9721   4.675259    32.5047       1115     4.6417  0.000e+00
     15.097    21.9720   4.675348    32.5054       1116     4.6458  0.000e+00
     15.081    21.9722   4.675266    32.5047       1117     4.6500  0.000e+00
     15.063    21.9719   4.675238    32.5047       1118     4.6542  0.000e+00
     15.038    21.9717   4.675210    32.5046       1119     4.6583  0.000e+00
     15.017    21.9713   4.675238    32.5051       1120     4.6625  0.000e+00
     14.998    21.9712   4.675321    32.5058       1121     4.6667  0.000e+00
     14.970    21.9707   4.675348    32.5064       1122     4.6708  0.000e+00
     14.950    21.9712   4.675403    32.5065       1123     4.6750  0.000e+00
     14.920    21.9715   4.675451    32.5067       1124     4.6792  0.000e+00
     14.893    21.9722   4.675465    32.5063       1125     4.6833  0.000e+00
     14.865    21.9726   4.675479    32.5061       1126     4.6875  0.000e+00
     14.838    21.9729   4.675644    32.5072       1127     4.6917  0.000e+00
     14.817    21.9730   4.675672    32.5073       1128     4.6958  0.000e+00
     14.791    21.9734   4.675720    32.5074       1129     4.7000  0.000e+00
     14.770    21.9741   4.675747    32.5070       1130     4.7042  0.000e+00
     14.746    21.9746   4.675720    32.5065       1131     4.7083  0.000e+00
     14.721    21.9745   4.675720    32.5066       1132     4.7125  0.000e+00
     14.699    21.9742   4.675858    32.5078       1133     4.7167  0.000e+00
     14.676    21.9748   4.675961    32.5082       1134     4.7208  0.000e+00
     14.643    21.9753   4.676002    32.5082       1135     4.7250  0.000e+00
     14.612    21.9757   4.676016    32.5080       1136     4.7292  0.000e+00
     14.587    21.9763   4.675961    32.5072       1137     4.7333  0.000e+00
     14.549    21.9761   4.675644    32.5048       1138     4.7375  0.000e+00
     14.519    21.9758   4.675644    32.5051       1139     4.7417  0.000e+00
     14.488    21.9759   4.675988    32.5077       1140     4.7458  0.000e+00
     14.453    21.9763   4.676153    32.5087       1141     4.7500  0.000e+00
     14.424    21.9769   4.676209    32.5087       1142     4.7542  0.000e+00
     14.397    21.9773   4.676181    32.5082       1143     4.7583  0.000e+00
     14.365    21.9777   4.675981    32.5064       1144     4.7625  0.000e+00
     14.334    21.9777   4.675830    32.5052       1145     4.7667  0.000e+00
     14.302    21.9774   4.675857    32.5056       1146     4.7708  0.000e+00
     14.267    21.9770   4.675802    32.5055       1147     4.7750  0.000e+00
     14.235    21.9767   4.675534    32.5037       1148     4.7792  0.000e+00
     14.197    21.9757   4.675134    32.5013       1149     4.7833  0.000e+00
     14.162    21.9743   4.675079    32.5019       1150     4.7875  0.000e+00
     14.139    21.9739   4.674997    32.5016       1151     4.7917  0.000e+00
     14.106    21.9731   4.674997    32.5022       1152     4.7958  0.000e+00
     14.083    21.9731   4.675134    32.5033       1153     4.8000  0.000e+00
     14.057    21.9730   4.675127    32.5033       1154     4.8042  0.000e+00
     14.030    21.9731   4.674997    32.5022       1155     4.8083  0.000e+00
     14.008    21.9729   4.675134    32.5035       1156     4.8125  0.000e+00
     13.983    21.9728   4.674997    32.5025       1157     4.8167  0.000e+00
     13.962    21.9729   4.675182    32.5039       1158     4.8208  0.000e+00
     13.929    21.9732   4.675320    32.5047       1159     4.8250  0.000e+00
     13.895    21.9733   4.674783    32.5005       1160     4.8292  0.000e+00
     13.858    21.9725   4.674460    32.4986       1161     4.8333  0.000e+00
     13.828    21.9709   4.674515    32.5002       1162     4.8375  0.000e+00
     13.795    21.9705   4.674838    32.5030       1163     4.8417  0.000e+00
     13.761    21.9709   4.675079    32.5046       1164     4.8458  0.000e+00
     13.732    21.9719   4.675182    32.5047       1165     4.8500  0.000e+00
     13.701    21.9726   4.675162    32.5040       1166     4.8542  0.000e+00
     13.669    21.9729   4.675162    32.5038       1167     4.8583  0.000e+00
     13.636    21.9736   4.675348    32.5047       1168     4.8625  0.000e+00
     13.600    21.9741   4.675451    32.5052       1169     4.8667  0.000e+00
     13.567    21.9744   4.675451    32.5049       1170     4.8708  0.000e+00
     13.537    21.9747   4.675320    32.5037       1171     4.8750  0.000e+00
     13.500    21.9746   4.675182    32.5027       1172     4.8792  0.000e+00
     13.464    21.9738   4.674893    32.5011       1173     4.8833  0.000e+00
     13.442    21.9735   4.674921    32.5015       1174     4.8875  0.000e+00
     13.415    21.9730   4.674914    32.5019       1175     4.8917  0.000e+00
     13.390    21.9726   4.674700    32.5005       1176     4.8958  0.000e+00
     13.363    21.9718   4.674700    32.5011       1177     4.9000  0.000e+00
     13.343    21.9715   4.674542    32.5001       1178     4.9042  0.000e+00
     13.321    21.9706   4.674459    32.5001       1179     4.9083  0.000e+00
     13.309    21.9703   4.674384    32.4997       1180     4.9125  0.000e+00
     13.294    21.9698   4.674384    32.5002       1181     4.9167  0.000e+00
     13.278    21.9695   4.674328    32.5000       1182     4.9208  0.000e+00
     13.258    21.9695   4.674487    32.5012       1183     4.9250  0.000e+00
     13.251    21.9700   4.674618    32.5019       1184     4.9292  0.000e+00
     13.231    21.9703   4.674673    32.5021       1185     4.9333  0.000e+00
     13.215    21.9706   4.674624    32.5014       1186     4.9375  0.000e+00
     13.188    21.9707   4.674652    32.5016       1187     4.9417  0.000e+00
     13.164    21.9710   4.674597    32.5009       1188     4.9458  0.000e+00
     13.141    21.9709   4.674700    32.5018       1189     4.9500  0.000e+00
     13.115    21.9711   4.674728    32.5019       1190     4.9542  0.000e+00
     13.086    21.9715   4.674728    32.5016       1191     4.9583  0.000e+00
     13.055    21.9712   4.674728    32.5018       1192     4.9625  0.000e+00
     13.021    21.9714   4.674810    32.5024       1193     4.9667  0.000e+00
     12.990    21.9718   4.674721    32.5014       1194     4.9708  0.000e+00
     12.961    21.9714   4.674569    32.5005       1195     4.9750  0.000e+00
     12.922    21.9710   4.674542    32.5006       1196     4.9792  0.000e+00
     12.884    21.9708   4.674624    32.5014       1197     4.9833  0.000e+00
     12.849    21.9708   4.674487    32.5003       1198     4.9875  0.000e+00
     12.813    21.9705   4.674218    32.4985       1199     4.9917  0.000e+00
     12.766    21.9694   4.673874    32.4967       1200     4.9958  0.000e+00
     12.721    21.9681   4.673977    32.4985       1201     5.0000  0.000e+00
     12.677    21.9676   4.674191    32.5005       1202     5.0042  0.000e+00
     12.639    21.9681   4.674431    32.5020       1203     5.0083  0.000e+00
     12.592    21.9688   4.674535    32.5023       1204     5.0125  0.000e+00
     12.552    21.9696   4.674459    32.5012       1205     5.0167  0.000e+00
     12.514    21.9698   4.674404    32.5006       1206     5.0208  0.000e+00
     12.469    21.9699   4.674328    32.5000       1207     5.0250  0.000e+00
     12.429    21.9698   4.674190    32.4990       1208     5.0292  0.000e+00
     12.389    21.9693   4.673949    32.4975       1209     5.0333  0.000e+00
     12.357    21.9684   4.673791    32.4969       1210     5.0375  0.000e+00
     12.319    21.9674   4.673708    32.4970       1211     5.0417  0.000e+00
     12.285    21.9666   4.673819    32.4985       1212     5.0458  0.000e+00
     12.261    21.9666   4.673791    32.4982       1213     5.0500  0.000e+00
     12.239    21.9663   4.673743    32.4982       1214     5.0542  0.000e+00
     12.227    21.9662   4.673550    32.4967       1215     5.0583  0.000e+00
     12.210    21.9655   4.673309    32.4954       1216     5.0625  0.000e+00
     12.201    21.9644   4.673172    32.4951       1217     5.0667  0.000e+00
     12.198    21.9637   4.673041    32.4946       1218     5.0708  0.000e+00
     12.194    21.9627   4.673013    32.4952       1219     5.0750  0.000e+00
     12.193    21.9624   4.673117    32.4962       1220     5.0792  0.000e+00
     12.189    21.9623   4.673254    32.4974       1221     5.0833  0.000e+00
     12.178    21.9622   4.673144    32.4966       1222     5.0875  0.000e+00
     12.166    21.9621   4.673013    32.4957       1223     5.0917  0.000e+00
     12.149    21.9614   4.672903    32.4953       1224     5.0958  0.000e+00
     12.130    21.9611   4.673075    32.4969       1225     5.1000  0.000e+00
     12.106    21.9611   4.673068    32.4968       1226     5.1042  0.000e+00
     12.084    21.9613   4.672986    32.4961       1227     5.1083  0.000e+00
     12.057    21.9610   4.672745    32.4944       1228     5.1125  0.000e+00
     12.026    21.9599   4.672504    32.4933       1229     5.1167  0.000e+00
     11.988    21.9593   4.672449    32.4934       1230     5.1208  0.000e+00
     11.945    21.9585   4.672346    32.4932       1231     5.1250  0.000e+00
     11.898    21.9575   4.672180    32.4927       1232     5.1292  0.000e+00
     11.851    21.9563   4.671857    32.4911       1233     5.1333  0.000e+00
     11.809    21.9549   4.671540    32.4897       1234     5.1375  0.000e+00
     11.764    21.9535   4.671375    32.4895       1235     5.1417  0.000e+00
     11.715    21.9519   4.670866    32.4867       1236     5.1458  0.000e+00
     11.670    21.9491   4.669985    32.4819       1237     5.1500  0.000e+00
     11.624    21.9453   4.669393    32.4802       1238     5.1542  0.000e+00
     11.588    21.9422   4.669744    32.4853       1239     5.1583  0.000e+00
     11.545    21.9402   4.669207    32.4826       1240     5.1625  0.000e+00
