HB2407/sbe096.cnv
* Sea-Bird SBE 19plus V2 Data File:
* FileName = C:\cruise\data\sbe096.hex
* Software Version Seasave V 7.26.7.121
* Temperature SN = 7037
* Conductivity SN = 7037
* System UpLoad Time = Oct 17 2024 09:52:03
* NMEA Latitude = 41 23.09 N
* NMEA Longitude = 067 27.16 W
* NMEA UTC (Time) = Oct 17 2024  09:50:56
** Ship: Bigelow
** Cruise:  HB2407
** Program:  Spring Bottom Trawl
# nquan = 8
# nvalues = 1483                                  
# units = specified
# name 0 = depSM: Depth [salt water, m]
# name 1 = tv290C: Temperature [ITS-90, deg C]
# name 2 = c0S/m: Conductivity [S/m]
# name 3 = sal00: Salinity, Practical [PSU]
# name 4 = scan: Scan Count
# name 5 = timeM: Time, Elapsed [minutes]
# name 6 = sbeox0V: Oxygen raw, SBE 43 [V]
# name 7 = flag:  0.000e+00
# span 0 =      0.061,     38.305                 
# span 1 =    12.1521,    15.7370                 
# span 2 =   0.000009,   4.015453                 
# span 3 =     0.0063,    32.2531                 
# span 4 =         11,       1493                 
# span 5 =     0.0417,     6.2167                 
# span 6 =     2.0267,     2.5813                 
# span 7 = 0.0000e+00, 0.0000e+00                 
# interval = seconds: 0.25
# start_time = Oct 17 2024 09:50:56 [NMEA time, header]
# bad_flag = -9.990e-29
*END*
[from data line 180]
     13.630    15.0107   3.943098    31.8271        191     0.7917     2.0994  0.000e+00
     13.731    15.0102   3.944611    31.8410        192     0.7958     2.0881  0.000e+00
     13.832    15.0066   3.945595    31.8527        193     0.8000     2.0774  0.000e+00
     13.923    15.0033   3.946644    31.8649        194     0.8042     2.0683  0.000e+00
     14.013    15.0035   3.946807    31.8662        195     0.8083     2.0577  0.000e+00
     14.089    15.0091   3.946717    31.8607        196     0.8125     2.0495  0.000e+00
     14.150    15.0167   3.947018    31.8572        197     0.8167     2.0436  0.000e+00
     14.212    15.0237   3.947670    31.8574        198     0.8208     2.0376  0.000e+00
     14.262    15.0291   3.947483    31.8513        199     0.8250     2.0332  0.000e+00
     14.317    15.0315   3.947091    31.8458        200     0.8292     2.0310  0.000e+00
     14.356    15.0336   3.946481    31.8386        201     0.8333     2.0288  0.000e+00
     14.405    15.0370   3.946807    31.8387        202     0.8375     2.0280  0.000e+00
     14.465    15.0402   3.948581    31.8520        203     0.8417     2.0267  0.000e+00
     14.525    15.0403   3.950150    31.8660        204     0.8458     2.0285  0.000e+00
     14.601    15.0360   3.951387    31.8806        205     0.8500     2.0298  0.000e+00
     14.693    15.0360   3.954055    31.9046        206     0.8542     2.0318  0.000e+00
     14.805    15.0437   3.955486    31.9111        207     0.8583     2.0348  0.000e+00
     14.933    15.0600   3.955788    31.9005        208     0.8625     2.0387  0.000e+00
     15.067    15.0810   3.956277    31.8877        209     0.8667     2.0439  0.000e+00
     15.217    15.0992   3.956234    31.8724        210     0.8708     2.0531  0.000e+00
     15.373    15.1134   3.955672    31.8557        211     0.8750     2.0629  0.000e+00
     15.532    15.1250   3.956186    31.8509        212     0.8792     2.0738  0.000e+00
     15.696    15.1319   3.956397    31.8471        213     0.8833     2.0836  0.000e+00
     15.855    15.1367   3.956560    31.8446        214     0.8875     2.0929  0.000e+00
     16.013    15.1410   3.957260    31.8473        215     0.8917     2.1001  0.000e+00
     16.166    15.1444   3.957496    31.8466        216     0.8958     2.1025  0.000e+00
     16.300    15.1471   3.956735    31.8375        217     0.9000     2.1064  0.000e+00
     16.423    15.1482   3.953282    31.8057        218     0.9042     2.1059  0.000e+00
     16.530    15.1451   3.948164    31.7623        219     0.9083     2.1041  0.000e+00
     16.613    15.1399   3.947181    31.7576        220     0.9125     2.0990  0.000e+00
     16.691    15.1356   3.960124    31.8771        221     0.9167     2.0968  0.000e+00
     16.757    15.1577   4.004025    32.2531        222     0.9208     2.0909  0.000e+00
     16.819    15.2655   4.009378    32.2124        223     0.9250     2.0835  0.000e+00
     16.871    15.3909   4.010542    32.1201        224     0.9292     2.0836  0.000e+00
     16.927    15.4934   4.011184    32.0422        225     0.9333     2.0989  0.000e+00
     16.980    15.5684   4.011621    31.9851        226     0.9375     2.1283  0.000e+00
     17.030    15.6206   4.011942    31.9456        227     0.9417     2.1630  0.000e+00
     17.086    15.6560   4.012178    31.9190        228     0.9458     2.1940  0.000e+00
     17.153    15.6803   4.012372    31.9011        229     0.9500     2.2224  0.000e+00
     17.222    15.6965   4.012512    31.8892        230     0.9542     2.2494  0.000e+00
     17.305    15.7072   4.012585    31.8812        231     0.9583     2.2703  0.000e+00
     17.405    15.7143   4.012736    31.8768        232     0.9625     2.2894  0.000e+00
     17.520    15.7190   4.012846    31.8739        233     0.9667     2.3076  0.000e+00
     17.643    15.7223   4.012846    31.8712        234     0.9708     2.3217  0.000e+00
     17.779    15.7244   4.012943    31.8703        235     0.9750     2.3337  0.000e+00
     17.920    15.7256   4.012991    31.8697        236     0.9792     2.3445  0.000e+00
     18.066    15.7265   4.013034    31.8694        237     0.9833     2.3533  0.000e+00
     18.215    15.7269   4.013034    31.8689        238     0.9875     2.3620  0.000e+00
     18.368    15.7273   4.013058    31.8688        239     0.9917     2.3700  0.000e+00
     18.520    15.7272   4.013016    31.8684        240     0.9958     2.3772  0.000e+00
     18.678    15.7268   4.013180    31.8702        241     1.0000     2.3822  0.000e+00
     18.822    15.7263   4.013289    31.8715        242     1.0042     2.3876  0.000e+00
     18.958    15.7265   4.013393    31.8722        243     1.0083     2.3903  0.000e+00
     19.081    15.7268   4.013514    31.8730        244     1.0125     2.3923  0.000e+00
     19.189    15.7272   4.013611    31.8735        245     1.0167     2.3944  0.000e+00
     19.276    15.7279   4.013703    31.8737        246     1.0208     2.3955  0.000e+00
     19.352    15.7289   4.013703    31.8728        247     1.0250     2.3984  0.000e+00
     19.408    15.7296   4.013769    31.8728        248     1.0292     2.3988  0.000e+00
     19.471    15.7299   4.013776    31.8726        249     1.0333     2.4004  0.000e+00
     19.516    15.7304   4.013824    31.8727        250     1.0375     2.4006  0.000e+00
     19.563    15.7305   4.013873    31.8730        251     1.0417     2.4003  0.000e+00
     19.616    15.7308   4.013897    31.8729        252     1.0458     2.4005  0.000e+00
     19.677    15.7311   4.013927    31.8730        253     1.0500     2.4016  0.000e+00
     19.753    15.7315   4.013946    31.8727        254     1.0542     2.4014  0.000e+00
     19.844    15.7315   4.013988    31.8730        255     1.0583     2.4004  0.000e+00
     19.945    15.7317   4.013988    31.8729        256     1.0625     2.3984  0.000e+00
     20.064    15.7314   4.014013    31.8733        257     1.0667     2.3957  0.000e+00
     20.200    15.7315   4.013952    31.8726        258     1.0708     2.3944  0.000e+00
     20.352    15.7311   4.013849    31.8719        259     1.0750     2.3951  0.000e+00
     20.502    15.7308   4.013849    31.8721        260     1.0792     2.3955  0.000e+00
     20.657    15.7303   4.013964    31.8736        261     1.0833     2.3974  0.000e+00
     20.820    15.7301   4.013922    31.8733        262     1.0875     2.3986  0.000e+00
     20.976    15.7302   4.013971    31.8736        263     1.0917     2.3994  0.000e+00
     21.131    15.7301   4.013989    31.8737        264     1.0958     2.4024  0.000e+00
     21.288    15.7303   4.014013    31.8738        265     1.1000     2.4041  0.000e+00
     21.426    15.7304   4.014038    31.8739        266     1.1042     2.4044  0.000e+00
     21.543    15.7304   4.014086    31.8742        267     1.1083     2.4042  0.000e+00
     21.644    15.7304   4.014208    31.8753        268     1.1125     2.4044  0.000e+00
     21.731    15.7308   4.014268    31.8754        269     1.1167     2.4037  0.000e+00
     21.800    15.7314   4.014323    31.8754        270     1.1208     2.4034  0.000e+00
     21.861    15.7319   4.014323    31.8750        271     1.1250     2.4029  0.000e+00
     21.919    15.7323   4.014323    31.8747        272     1.1292     2.4046  0.000e+00
     21.973    15.7323   4.014372    31.8751        273     1.1333     2.4062  0.000e+00
     22.028    15.7324   4.014384    31.8750        274     1.1375     2.4068  0.000e+00
     22.086    15.7327   4.014396    31.8749        275     1.1417     2.4081  0.000e+00
     22.147    15.7329   4.014372    31.8745        276     1.1458     2.4079  0.000e+00
     22.225    15.7331   4.014396    31.8745        277     1.1500     2.4093  0.000e+00
     22.313    15.7330   4.014421    31.8748        278     1.1542     2.4089  0.000e+00
     22.415    15.7332   4.014408    31.8745        279     1.1583     2.4087  0.000e+00
     22.539    15.7330   4.014372    31.8743        280     1.1625     2.4085  0.000e+00
     22.666    15.7330   4.014257    31.8732        281     1.1667     2.4077  0.000e+00
     22.805    15.7325   4.014324    31.8742        282     1.1708     2.4074  0.000e+00
     22.948    15.7319   4.014299    31.8744        283     1.1750     2.4068  0.000e+00
     23.091    15.7320   4.014324    31.8744        284     1.1792     2.4065  0.000e+00
     23.245    15.7318   4.014269    31.8741        285     1.1833     2.4068  0.000e+00
     23.395    15.7314   4.014299    31.8746        286     1.1875     2.4078  0.000e+00
     23.548    15.7312   4.014397    31.8755        287     1.1917     2.4091  0.000e+00
     23.709    15.7313   4.014275    31.8743        288     1.1958     2.4078  0.000e+00
     23.858    15.7314   4.014348    31.8749        289     1.2000     2.4070  0.000e+00
     23.993    15.7315   4.014433    31.8755        290     1.2042     2.4065  0.000e+00
     24.120    15.7316   4.014518    31.8761        291     1.2083     2.4060  0.000e+00
     24.239    15.7320   4.014518    31.8757        292     1.2125     2.4081  0.000e+00
     24.342    15.7323   4.014567    31.8759        293     1.2167     2.4087  0.000e+00
     24.445    15.7327   4.014634    31.8761        294     1.2208     2.4111  0.000e+00
     24.539    15.7330   4.014658    31.8760        295     1.2250     2.4111  0.000e+00
     24.641    15.7335   4.014658    31.8756        296     1.2292     2.4118  0.000e+00
     24.736    15.7338   4.014634    31.8752        297     1.2333     2.4121  0.000e+00
     24.839    15.7339   4.014658    31.8752        298     1.2375     2.4131  0.000e+00
     24.946    15.7342   4.014658    31.8750        299     1.2417     2.4137  0.000e+00
     25.055    15.7339   4.014616    31.8748        300     1.2458     2.4150  0.000e+00
     25.167    15.7342   4.014683    31.8751        301     1.2500     2.4137  0.000e+00
     25.281    15.7342   4.014683    31.8751        302     1.2542     2.4135  0.000e+00
     25.400    15.7340   4.014707    31.8754        303     1.2583     2.4129  0.000e+00
     25.523    15.7340   4.014683    31.8751        304     1.2625     2.4118  0.000e+00
     25.640    15.7340   4.014707    31.8753        305     1.2667     2.4110  0.000e+00
     25.758    15.7340   4.014707    31.8752        306     1.2708     2.4100  0.000e+00
     25.881    15.7340   4.014683    31.8750        307     1.2750     2.4100  0.000e+00
     25.993    15.7339   4.014683    31.8750        308     1.2792     2.4084  0.000e+00
     26.105    15.7337   4.014732    31.8756        309     1.2833     2.4084  0.000e+00
     26.214    15.7338   4.014732    31.8754        310     1.2875     2.4081  0.000e+00
     26.324    15.7338   4.014750    31.8756        311     1.2917     2.4079  0.000e+00
     26.438    15.7341   4.014732    31.8751        312     1.2958     2.4071  0.000e+00
     26.557    15.7340   4.014708    31.8749        313     1.3000     2.4085  0.000e+00
     26.680    15.7342   4.014683    31.8746        314     1.3042     2.4088  0.000e+00
     26.799    15.7338   4.014611    31.8741        315     1.3083     2.4100  0.000e+00
     26.930    15.7332   4.014568    31.8742        316     1.3125     2.4104  0.000e+00
     27.058    15.7328   4.014611    31.8749        317     1.3167     2.4113  0.000e+00
     27.190    15.7323   4.014520    31.8745        318     1.3208     2.4117  0.000e+00
     27.320    15.7322   4.014471    31.8740        319     1.3250     2.4108  0.000e+00
     27.449    15.7321   4.014587    31.8751        320     1.3292     2.4100  0.000e+00
     27.577    15.7321   4.014684    31.8759        321     1.3333     2.4093  0.000e+00
     27.700    15.7323   4.014732    31.8761        322     1.3375     2.4085  0.000e+00
     27.816    15.7324   4.014757    31.8762        323     1.3417     2.4089  0.000e+00
     27.931    15.7327   4.014781    31.8762        324     1.3458     2.4091  0.000e+00
     28.036    15.7328   4.014757    31.8758        325     1.3500     2.4094  0.000e+00
     28.139    15.7330   4.014799    31.8759        326     1.3542     2.4103  0.000e+00
     28.237    15.7330   4.014830    31.8762        327     1.3583     2.4109  0.000e+00
     28.340    15.7334   4.014854    31.8761        328     1.3625     2.4123  0.000e+00
     28.436    15.7337   4.014854    31.8758        329     1.3667     2.4120  0.000e+00
     28.535    15.7339   4.014897    31.8760        330     1.3708     2.4127  0.000e+00
     28.638    15.7342   4.014945    31.8761        331     1.3750     2.4125  0.000e+00
     28.747    15.7347   4.014933    31.8756        332     1.3792     2.4126  0.000e+00
     28.859    15.7349   4.014897    31.8751        333     1.3833     2.4129  0.000e+00
     28.978    15.7349   4.014879    31.8749        334     1.3875     2.4137  0.000e+00
     29.097    15.7348   4.014854    31.8747        335     1.3917     2.4139  0.000e+00
     29.224    15.7344   4.014830    31.8747        336     1.3958     2.4144  0.000e+00
     29.356    15.7340   4.014824    31.8749        337     1.4000     2.4144  0.000e+00
     29.490    15.7336   4.014782    31.8748        338     1.4042     2.4147  0.000e+00
     29.640    15.7333   4.014782    31.8750        339     1.4083     2.4159  0.000e+00
     29.786    15.7327   4.014685    31.8746        340     1.4125     2.4157  0.000e+00
     29.940    15.7323   4.014709    31.8750        341     1.4167     2.4159  0.000e+00
     30.096    15.7321   4.014636    31.8745        342     1.4208     2.4151  0.000e+00
     30.260    15.7315   4.014588    31.8745        343     1.4250     2.4144  0.000e+00
     30.423    15.7311   4.014734    31.8761        344     1.4292     2.4147  0.000e+00
     30.582    15.7311   4.014685    31.8756        345     1.4333     2.4159  0.000e+00
     30.738    15.7311   4.014758    31.8761        346     1.4375     2.4175  0.000e+00
     30.882    15.7311   4.014843    31.8768        347     1.4417     2.4180  0.000e+00
     31.020    15.7315   4.014880    31.8768        348     1.4458     2.4184  0.000e+00
     31.152    15.7319   4.014922    31.8768        349     1.4500     2.4184  0.000e+00
     31.276    15.7324   4.014946    31.8766        350     1.4542     2.4181  0.000e+00
     31.383    15.7328   4.015019    31.8769        351     1.4583     2.4176  0.000e+00
     31.479    15.7332   4.014983    31.8762        352     1.4625     2.4175  0.000e+00
     31.564    15.7335   4.014995    31.8760        353     1.4667     2.4180  0.000e+00
     31.649    15.7335   4.015019    31.8762        354     1.4708     2.4165  0.000e+00
     31.719    15.7338   4.015020    31.8759        355     1.4750     2.4161  0.000e+00
     31.785    15.7338   4.015044    31.8761        356     1.4792     2.4161  0.000e+00
     31.842    15.7342   4.015068    31.8761        357     1.4833     2.4160  0.000e+00
     31.907    15.7342   4.015074    31.8760        358     1.4875     2.4162  0.000e+00
     31.974    15.7343   4.015093    31.8761        359     1.4917     2.4158  0.000e+00
     32.050    15.7344   4.015068    31.8758        360     1.4958     2.4157  0.000e+00
     32.135    15.7345   4.015068    31.8757        361     1.5000     2.4139  0.000e+00
     32.222    15.7346   4.015093    31.8757        362     1.5042     2.4137  0.000e+00
     32.329    15.7346   4.015117    31.8760        363     1.5083     2.4135  0.000e+00
     32.450    15.7347   4.015093    31.8756        364     1.5125     2.4134  0.000e+00
     32.580    15.7346   4.015093    31.8757        365     1.5167     2.4136  0.000e+00
     32.714    15.7346   4.015093    31.8756        366     1.5208     2.4123  0.000e+00
     32.864    15.7345   4.015044    31.8752        367     1.5250     2.4104  0.000e+00
     33.027    15.7343   4.015075    31.8755        368     1.5292     2.4095  0.000e+00
     33.195    15.7340   4.015069    31.8757        369     1.5333     2.4095  0.000e+00
