HB2407/sbe054.cnv
* Sea-Bird SBE 19plus V2 Data File:
* FileName = C:\cruise\data\sbe054.hex
* Software Version Seasave V 7.26.7.121
* Temperature SN = 7143
* Conductivity SN = 7143
* System UpLoad Time = Oct 05 2024 05:45:30
* NMEA Latitude = 40 12.58 N
* NMEA Longitude = 071 34.22 W
* NMEA UTC (Time) = Oct 05 2024  05:45:09
** Ship: Bigelow
** Cruise:  HB2407
** Program:  Fall Bottom Trawl
# nquan = 7
# nvalues = 1806                                  
# units = specified
# name 0 = depSM: Depth [salt water, m]
# name 1 = tv290C: Temperature [ITS-90, deg C]
# name 2 = c0S/m: Conductivity [S/m]
# name 3 = sal00: Salinity, Practical [PSU]
# name 4 = scan: Scan Count
# name 5 = timeM: Time, Elapsed [minutes]
# name 6 = flag:  0.000e+00
# span 0 =      0.004,     77.539                 
# span 1 =    12.6386,    22.1170                 
# span 2 =   0.000013,   4.965216                 
# span 3 =     0.0102,    35.0450                 
# span 4 =         11,       1816                 
# span 5 =     0.0417,     7.5625                 
# span 6 = 0.0000e+00, 0.0000e+00                 
# interval = seconds: 0.25
# start_time = Oct 05 2024 05:45:09 [NMEA time, header]
# bad_flag = -9.990e-29
*END*
[from data line 411]
     52.724    12.6649   3.853572    32.9625        422     1.7542  0.000e+00
     52.920    12.6638   3.854087    32.9683        423     1.7583  0.000e+00
     53.126    12.6644   3.854163    32.9685        424     1.7625  0.000e+00
     53.338    12.6656   3.854735    32.9727        425     1.7667  0.000e+00
     53.554    12.6667   3.855104    32.9752        426     1.7708  0.000e+00
     53.775    12.6676   3.855358    32.9767        427     1.7750  0.000e+00
     53.996    12.6682   3.855644    32.9789        428     1.7792  0.000e+00
     54.215    12.6688   3.855593    32.9777        429     1.7833  0.000e+00
     54.427    12.6695   3.855752    32.9786        430     1.7875  0.000e+00
     54.640    12.6703   3.856381    32.9838        431     1.7917  0.000e+00
     54.842    12.6718   3.856610    32.9846        432     1.7958  0.000e+00
     55.035    12.6734   3.856820    32.9851        433     1.8000  0.000e+00
     55.220    12.6748   3.857195    32.9874        434     1.8042  0.000e+00
     55.394    12.6763   3.857030    32.9844        435     1.8083  0.000e+00
     55.562    12.6772   3.857074    32.9840        436     1.8125  0.000e+00
     55.723    12.6770   3.857354    32.9868        437     1.8167  0.000e+00
     55.863    12.6763   3.857767    32.9912        438     1.8208  0.000e+00
     55.998    12.6764   3.858142    32.9947        439     1.8250  0.000e+00
     56.120    12.6778   3.859719    33.0084        440     1.8292  0.000e+00
     56.237    12.6812   3.861931    33.0264        441     1.8333  0.000e+00
     56.344    12.6872   3.862802    33.0295        442     1.8375  0.000e+00
     56.449    12.6929   3.862904    33.0254        443     1.8417  0.000e+00
     56.554    12.6966   3.864112    33.0336        444     1.8458  0.000e+00
     56.658    12.7002   3.864971    33.0386        445     1.8500  0.000e+00
     56.754    12.7042   3.865460    33.0397        446     1.8542  0.000e+00
     56.855    12.7083   3.865995    33.0412        447     1.8583  0.000e+00
     56.956    12.7113   3.867159    33.0496        448     1.8625  0.000e+00
     57.060    12.7153   3.868673    33.0605        449     1.8667  0.000e+00
     57.168    12.7201   3.871301    33.0812        450     1.8708  0.000e+00
     57.281    12.7281   3.873688    33.0969        451     1.8750  0.000e+00
     57.393    12.7383   3.876108    33.1110        452     1.8792  0.000e+00
     57.511    12.7498   3.878279    33.1215        453     1.8833  0.000e+00
     57.639    12.7615   3.880190    33.1293        454     1.8875  0.000e+00
     57.775    12.7729   3.881802    33.1347        455     1.8917  0.000e+00
     57.913    12.7838   3.883701    33.1430        456     1.8958  0.000e+00
     58.060    12.7941   3.883210    33.1293        457     1.9000  0.000e+00
     58.217    12.8009   3.884096    33.1317        458     1.9042  0.000e+00
     58.380    12.8057   3.886977    33.1548        459     1.9083  0.000e+00
     58.554    12.8131   3.886320    33.1420        460     1.9125  0.000e+00
     58.730    12.8190   3.885173    33.1258        461     1.9167  0.000e+00
     58.916    12.8205   3.889215    33.1629        462     1.9208  0.000e+00
     59.108    12.8258   3.889782    33.1635        463     1.9250  0.000e+00
     59.306    12.8328   3.889176    33.1515        464     1.9292  0.000e+00
     59.507    12.8367   3.892059    33.1754        465     1.9333  0.000e+00
     59.713    12.8429   3.892927    33.1781        466     1.9375  0.000e+00
     59.920    12.8504   3.894707    33.1884        467     1.9417  0.000e+00
     60.124    12.8579   3.896448    33.1982        468     1.9458  0.000e+00
     60.338    12.8695   3.902136    33.2420        469     1.9500  0.000e+00
     60.539    12.8855   3.910261    33.3050        470     1.9542  0.000e+00
     60.744    12.9135   3.915624    33.3311        471     1.9583  0.000e+00
     60.936    12.9478   3.918879    33.3317        472     1.9625  0.000e+00
     61.119    12.9778   3.926071    33.3734        473     1.9667  0.000e+00
     61.292    13.0125   3.933076    33.4091        474     1.9708  0.000e+00
     61.452    13.0500   3.938535    33.4277        475     1.9750  0.000e+00
     61.599    13.0847   3.943767    33.4466        476     1.9792  0.000e+00
     61.740    13.1208   3.947782    33.4526        477     1.9833  0.000e+00
     61.865    13.1533   3.952389    33.4674        478     1.9875  0.000e+00
     61.984    13.1831   3.955798    33.4733        479     1.9917  0.000e+00
     62.095    13.2108   3.958963    33.4787        480     1.9958  0.000e+00
     62.200    13.2358   3.960961    33.4755        481     2.0000  0.000e+00
     62.305    13.2558   3.961790    33.4656        482     2.0042  0.000e+00
     62.397    13.2706   3.962175    33.4562        483     2.0083  0.000e+00
     62.493    13.2800   3.962625    33.4521        484     2.0125  0.000e+00
     62.582    13.2866   3.962882    33.4487        485     2.0167  0.000e+00
     62.673    13.2905   3.963055    33.4469        486     2.0208  0.000e+00
     62.772    13.2933   3.963177    33.4455        487     2.0250  0.000e+00
     62.870    13.2953   3.963299    33.4449        488     2.0292  0.000e+00
     62.970    13.2965   3.963524    33.4459        489     2.0333  0.000e+00
     63.080    13.2978   3.963704    33.4464        490     2.0375  0.000e+00
     63.194    13.2986   3.963801    33.4466        491     2.0417  0.000e+00
     63.319    13.2994   3.963981    33.4476        492     2.0458  0.000e+00
     63.451    13.3003   3.964257    33.4493        493     2.0500  0.000e+00
     63.594    13.3014   3.964598    33.4515        494     2.0542  0.000e+00
     63.741    13.3033   3.964810    33.4517        495     2.0583  0.000e+00
     63.893    13.3049   3.965215    33.4541        496     2.0625  0.000e+00
     64.058    13.3070   3.965742    33.4571        497     2.0667  0.000e+00
     64.221    13.3095   3.965973    33.4570        498     2.0708  0.000e+00
     64.393    13.3117   3.966057    33.4558        499     2.0750  0.000e+00
     64.571    13.3136   3.966153    33.4549        500     2.0792  0.000e+00
     64.752    13.3143   3.966198    33.4547        501     2.0833  0.000e+00
     64.938    13.3154   3.966931    33.4605        502     2.0875  0.000e+00
     65.125    13.3172   3.967806    33.4671        503     2.0917  0.000e+00
     65.315    13.3200   3.968217    33.4685        504     2.0958  0.000e+00
     65.507    13.3229   3.968937    33.4726        505     2.1000  0.000e+00
     65.697    13.3258   3.968905    33.4697        506     2.1042  0.000e+00
     65.885    13.3276   3.970088    33.4791        507     2.1083  0.000e+00
     66.079    13.3301   3.973356    33.5076        508     2.1125  0.000e+00
     66.269    13.3373   3.977062    33.5360        509     2.1167  0.000e+00
     66.452    13.3501   3.980383    33.5559        510     2.1208  0.000e+00
     66.632    13.3681   3.982288    33.5579        511     2.1250  0.000e+00
     66.805    13.3867   3.986944    33.5852        512     2.1292  0.000e+00
     66.972    13.4054   4.003501    33.7243        513     2.1333  0.000e+00
     67.135    13.4439   4.021747    33.8616        514     2.1375  0.000e+00
     67.286    13.5077   4.029397    33.8767        515     2.1417  0.000e+00
     67.430    13.5764   4.033641    33.8555        516     2.1458  0.000e+00
     67.568    13.6302   4.033803    33.8093        517     2.1500  0.000e+00
     67.695    13.6655   4.037324    33.8111        518     2.1542  0.000e+00
     67.816    13.6910   4.044598    33.8565        519     2.1583  0.000e+00
     67.934    13.7170   4.049128    33.8757        520     2.1625  0.000e+00
     68.044    13.7468   4.051553    33.8719        521     2.1667  0.000e+00
     68.159    13.7723   4.052344    33.8567        522     2.1708  0.000e+00
     68.271    13.7900   4.052817    33.8455        523     2.1750  0.000e+00
     68.385    13.8014   4.053323    33.8401        524     2.1792  0.000e+00
     68.505    13.8089   4.053615    33.8361        525     2.1833  0.000e+00
     68.624    13.8142   4.053660    33.8319        526     2.1875  0.000e+00
     68.749    13.8173   4.053595    33.8285        527     2.1917  0.000e+00
     68.876    13.8190   4.053731    33.8282        528     2.1958  0.000e+00
     69.008    13.8201   4.053848    33.8283        529     2.2000  0.000e+00
     69.149    13.8208   4.053913    33.8282        530     2.2042  0.000e+00
     69.302    13.8214   4.053284    33.8217        531     2.2083  0.000e+00
     69.452    13.8211   4.054108    33.8296        532     2.2125  0.000e+00
     69.617    13.8209   4.053913    33.8278        533     2.2167  0.000e+00
     69.774    13.8212   4.053498    33.8237        534     2.2208  0.000e+00
     69.941    13.8201   4.054672    33.8355        535     2.2250  0.000e+00
     70.106    13.8204   4.056177    33.8493        536     2.2292  0.000e+00
     70.267    13.8235   4.056476    33.8492        537     2.2333  0.000e+00
     70.423    13.8262   4.058202    33.8629        538     2.2375  0.000e+00
     70.581    13.8291   4.059733    33.8745        539     2.2417  0.000e+00
     70.740    13.8344   4.062700    33.8973        540     2.2458  0.000e+00
     70.897    13.8415   4.066765    33.9289        541     2.2500  0.000e+00
     71.044    13.8539   4.072572    33.9720        542     2.2542  0.000e+00
     71.200    13.8716   4.072715    33.9575        543     2.2583  0.000e+00
     71.346    13.8863   4.073924    33.9557        544     2.2625  0.000e+00
     71.499    13.8952   4.077974    33.9855        545     2.2667  0.000e+00
     71.647    13.9076   4.077258    33.9678        546     2.2708  0.000e+00
     71.796    13.9170   4.077180    33.9587        547     2.2750  0.000e+00
     71.953    13.9210   4.079632    33.9779        548     2.2792  0.000e+00
     72.102    13.9255   4.082572    34.0012        549     2.2833  0.000e+00
     72.256    13.9344   4.082519    33.9928        550     2.2875  0.000e+00
     72.408    13.9416   4.084009    34.0002        551     2.2917  0.000e+00
     72.553    13.9479   4.084822    34.0022        552     2.2958  0.000e+00
     72.701    13.9531   4.085818    34.0067        553     2.3000  0.000e+00
     72.843    13.9578   4.085369    33.9983        554     2.3042  0.000e+00
     72.987    13.9599   4.088063    34.0214        555     2.3083  0.000e+00
     73.123    13.9639   4.088766    34.0244        556     2.3125  0.000e+00
     73.261    13.9685   4.090648    34.0377        557     2.3167  0.000e+00
     73.389    13.9733   4.093285    34.0579        558     2.3208  0.000e+00
     73.522    13.9810   4.094450    34.0619        559     2.3250  0.000e+00
     73.652    13.9883   4.095167    34.0621        560     2.3292  0.000e+00
     73.781    13.9938   4.095929    34.0642        561     2.3333  0.000e+00
     73.918    13.9985   4.097401    34.0737        562     2.3375  0.000e+00
     74.056    14.0030   4.098450    34.0793        563     2.3417  0.000e+00
     74.201    14.0075   4.100555    34.0948        564     2.3458  0.000e+00
     74.344    14.0123   4.101910    34.1031        565     2.3500  0.000e+00
     74.491    14.0168   4.107667    34.1525        566     2.3542  0.000e+00
     74.648    14.0223   4.119465    34.2571        567     2.3583  0.000e+00
     74.811    14.0339   4.124768    34.2960        568     2.3625  0.000e+00
     74.976    14.0478   4.125108    34.2867        569     2.3667  0.000e+00
     75.143    14.0576   4.128251    34.3071        570     2.3708  0.000e+00
     75.317    14.0645   4.132898    34.3441        571     2.3750  0.000e+00
     75.489    14.0715   4.133500    34.3433        572     2.3792  0.000e+00
     75.661    14.0774   4.137528    34.3754        573     2.3833  0.000e+00
     75.831    14.0833   4.140060    34.3935        574     2.3875  0.000e+00
     75.994    14.0894   4.139674    34.3844        575     2.3917  0.000e+00
     76.159    14.0932   4.139792    34.3821        576     2.3958  0.000e+00
     76.315    14.0933   4.139072    34.3752        577     2.4000  0.000e+00
     76.469    14.0902   4.147476    34.4559        578     2.4042  0.000e+00
     76.614    14.0936   4.172618    34.6864        579     2.4083  0.000e+00
     76.757    14.1082   4.168384    34.6339        580     2.4125  0.000e+00
     76.887    14.1214   4.170648    34.6429        581     2.4167  0.000e+00
     77.019    14.1303   4.182600    34.7458        582     2.4208  0.000e+00
     77.150    14.1402   4.183184    34.7423        583     2.4250  0.000e+00
     77.273    14.1503   4.199671    34.8862        584     2.4292  0.000e+00
     77.394    14.1622   4.208745    34.9596        585     2.4333  0.000e+00
     77.519    14.1758   4.214062    34.9967        586     2.4375  0.000e+00
     77.539    14.1868   4.218097    35.0241        587     2.4417  0.000e+00
     77.528    14.1950   4.221150    35.0450        588     2.4458  0.000e+00
     77.450    14.2010   4.221420    35.0422        589     2.4500  0.000e+00
     77.344    14.2047   4.220926    35.0342        590     2.4542  0.000e+00
     77.275    14.2070   4.220754    35.0306        591     2.4583  0.000e+00
     77.220    14.2081   4.220556    35.0278        592     2.4625  0.000e+00
     77.168    14.2085   4.219962    35.0219        593     2.4667  0.000e+00
     77.106    14.2090   4.219270    35.0151        594     2.4708  0.000e+00
     77.054    14.2099   4.218927    35.0110        595     2.4750  0.000e+00
     77.000    14.2110   4.218531    35.0064        596     2.4792  0.000e+00
     76.954    14.2121   4.218162    35.0020        597     2.4833  0.000e+00
     76.911    14.2136   4.217272    34.9924        598     2.4875  0.000e+00
     76.874    14.2149   4.216138    34.9807        599     2.4917  0.000e+00
     76.836    14.2166   4.215742    34.9756        600     2.4958  0.000e+00
     76.809    14.2177   4.215320    34.9706        601     2.5000  0.000e+00
     76.777    14.2183   4.214912    34.9663        602     2.5042  0.000e+00
     76.749    14.2189   4.214312    34.9602        603     2.5083  0.000e+00
     76.717    14.2189   4.213673    34.9543        604     2.5125  0.000e+00
     76.706    14.2188   4.213007    34.9482        605     2.5167  0.000e+00
     76.702    14.2182   4.212928    34.9481        606     2.5208  0.000e+00
     76.689    14.2177   4.212559    34.9451        607     2.5250  0.000e+00
     76.680    14.2170   4.211867    34.9393        608     2.5292  0.000e+00
     76.659    14.2167   4.211399    34.9353        609     2.5333  0.000e+00
     76.639    14.2156   4.209897    34.9223        610     2.5375  0.000e+00
     76.611    14.2146   4.208573    34.9110        611     2.5417  0.000e+00
     76.579    14.2130   4.207459    34.9021        612     2.5458  0.000e+00
     76.535    14.2115   4.207242    34.9014        613     2.5500  0.000e+00
     76.494    14.2098   4.207216    34.9027        614     2.5542  0.000e+00
     76.443    14.2090   4.206155    34.8936        615     2.5583  0.000e+00
     76.392    14.2076   4.203554    34.8708        616     2.5625  0.000e+00
     76.331    14.2039   4.201954    34.8593        617     2.5667  0.000e+00
     76.258    14.1999   4.199696    34.8420        618     2.5708  0.000e+00
     76.184    14.1960   4.195985    34.8112        619     2.5750  0.000e+00
     76.099    14.1916   4.191769    34.7760        620     2.5792  0.000e+00
     76.009    14.1867   4.181764    34.6877        621     2.5833  0.000e+00
     75.909    14.1798   4.170522    34.5898        622     2.5875  0.000e+00
     75.808    14.1692   4.161627    34.5168        623     2.5917  0.000e+00
     75.697    14.1572   4.153788    34.4549        624     2.5958  0.000e+00
     75.589    14.1449   4.149164    34.4231        625     2.6000  0.000e+00
