HB2407/sbe032.cnv
* Sea-Bird SBE 19plus V2 Data File:
* FileName = C:\cruise\data\sbe032.hex
* Software Version Seasave V 7.26.7.121
* Temperature SN = 7143
* Conductivity SN = 7143
* System UpLoad Time = Sep 19 2024 11:35:55
* NMEA Latitude = 35 48.22 N
* NMEA Longitude = 075 21.94 W
* NMEA UTC (Time) = Sep 19 2024  11:36:16
** Ship: Bigelow
** Cruise:  HB2407
** Program:  Fall Bottom Trawl
# nquan = 7
# nvalues = 953                                   
# units = specified
# name 0 = depSM: Depth [salt water, m]
# name 1 = tv290C: Temperature [ITS-90, deg C]
# name 2 = c0S/m: Conductivity [S/m]
# name 3 = sal00: Salinity, Practical [PSU]
# name 4 = scan: Scan Count
# name 5 = timeM: Time, Elapsed [minutes]
# name 6 = flag:  0.000e+00
# span 0 =     -0.077,     20.222                 
# span 1 =    21.6039,    22.8967                 
# span 2 =   0.004024,   4.595119                 
# span 3 =     0.0261,    31.3421                 
# span 4 =         11,        963                 
# span 5 =     0.0417,     4.0083                 
# span 6 = 0.0000e+00, 0.0000e+00                 
# interval = seconds: 0.25
# start_time = Sep 19 2024 11:36:16 [NMEA time, header]
# bad_flag = -9.990e-29
*END*
[from data line 411]
     19.039    22.7157   4.595057    31.3409        422     1.7542  0.000e+00
     19.103    22.7149   4.595064    31.3415        423     1.7583  0.000e+00
     19.168    22.7148   4.595064    31.3415        424     1.7625  0.000e+00
     19.239    22.7150   4.595010    31.3410        425     1.7667  0.000e+00
     19.313    22.7151   4.595010    31.3409        426     1.7708  0.000e+00
     19.393    22.7148   4.594955    31.3406        427     1.7750  0.000e+00
     19.481    22.7148   4.595037    31.3412        428     1.7792  0.000e+00
     19.565    22.7154   4.595010    31.3406        429     1.7833  0.000e+00
     19.659    22.7154   4.595010    31.3405        430     1.7875  0.000e+00
     19.751    22.7152   4.595037    31.3409        431     1.7917  0.000e+00
     19.856    22.7156   4.594935    31.3398        432     1.7958  0.000e+00
     19.960    22.7159   4.594935    31.3395        433     1.8000  0.000e+00
     20.050    22.7162   4.595037    31.3401        434     1.8042  0.000e+00
     20.121    22.7160   4.594976    31.3397        435     1.8083  0.000e+00
     20.157    22.7162   4.594907    31.3390        436     1.8125  0.000e+00
     20.172    22.7166   4.594880    31.3385        437     1.8167  0.000e+00
     20.188    22.7173   4.594935    31.3385        438     1.8208  0.000e+00
     20.204    22.7173   4.594935    31.3385        439     1.8250  0.000e+00
     20.217    22.7174   4.595010    31.3390        440     1.8292  0.000e+00
     20.222    22.7172   4.595065    31.3395        441     1.8333  0.000e+00
     20.217    22.7165   4.595037    31.3398        442     1.8375  0.000e+00
     20.210    22.7161   4.595065    31.3403        443     1.8417  0.000e+00
     20.191    22.7158   4.595119    31.3409        444     1.8458  0.000e+00
     20.166    22.7154   4.595092    31.3410        445     1.8500  0.000e+00
     20.130    22.7149   4.587351    31.2824        446     1.8542  0.000e+00
     20.090    22.7149   4.595119    31.3416        447     1.8583  0.000e+00
     20.038    22.7150   4.595030    31.3409        448     1.8625  0.000e+00
     19.978    22.7149   4.595037    31.3410        449     1.8667  0.000e+00
     19.911    22.7150   4.595010    31.3408        450     1.8708  0.000e+00
     19.845    22.7153   4.594983    31.3404        451     1.8750  0.000e+00
     19.768    22.7160   4.595010    31.3401        452     1.8792  0.000e+00
     19.702    22.7159   4.595010    31.3402        453     1.8833  0.000e+00
     19.632    22.7158   4.595092    31.3409        454     1.8875  0.000e+00
     19.566    22.7158   4.594955    31.3399        455     1.8917  0.000e+00
     19.505    22.7156   4.594853    31.3393        456     1.8958  0.000e+00
     19.451    22.7162   4.594880    31.3390        457     1.9000  0.000e+00
     19.416    22.7165   4.594880    31.3388        458     1.9042  0.000e+00
     19.402    22.7166   4.594907    31.3390        459     1.9083  0.000e+00
     19.400    22.7169   4.594880    31.3386        460     1.9125  0.000e+00
     19.411    22.7170   4.594839    31.3382        461     1.9167  0.000e+00
     19.440    22.7169   4.594880    31.3386        462     1.9208  0.000e+00
     19.472    22.7171   4.594880    31.3384        463     1.9250  0.000e+00
     19.510    22.7171   4.594907    31.3386        464     1.9292  0.000e+00
     19.557    22.7171   4.594907    31.3386        465     1.9333  0.000e+00
     19.603    22.7168   4.594935    31.3390        466     1.9375  0.000e+00
     19.634    22.7168   4.594935    31.3390        467     1.9417  0.000e+00
     19.661    22.7168   4.594955    31.3391        468     1.9458  0.000e+00
     19.672    22.7165   4.594982    31.3396        469     1.9500  0.000e+00
     19.670    22.7163   4.594982    31.3397        470     1.9542  0.000e+00
     19.657    22.7162   4.595010    31.3400        471     1.9583  0.000e+00
     19.632    22.7159   4.595010    31.3402        472     1.9625  0.000e+00
     19.605    22.7157   4.595003    31.3403        473     1.9667  0.000e+00
     19.556    22.7159   4.595010    31.3402        474     1.9708  0.000e+00
     19.487    22.7155   4.595064    31.3409        475     1.9750  0.000e+00
     19.409    22.7151   4.595064    31.3413        476     1.9792  0.000e+00
     19.324    22.7146   4.595119    31.3421        477     1.9833  0.000e+00
     19.230    22.7145   4.595092    31.3419        478     1.9875  0.000e+00
     19.132    22.7143   4.595064    31.3419        479     1.9917  0.000e+00
     19.026    22.7139   4.594955    31.3414        480     1.9958  0.000e+00
     18.925    22.7143   4.594852    31.3404        481     2.0000  0.000e+00
     18.822    22.7153   4.594907    31.3401        482     2.0042  0.000e+00
     18.724    22.7156   4.594934    31.3401        483     2.0083  0.000e+00
     18.633    22.7155   4.594934    31.3402        484     2.0125  0.000e+00
     18.548    22.7155   4.594982    31.3406        485     2.0167  0.000e+00
     18.458    22.7153   4.594838    31.3397        486     2.0208  0.000e+00
     18.378    22.7156   4.594592    31.3376        487     2.0250  0.000e+00
     18.298    22.7167   4.594380    31.3352        488     2.0292  0.000e+00
     18.222    22.7188   4.594353    31.3335        489     2.0333  0.000e+00
     18.146    22.7202   4.594353    31.3326        490     2.0375  0.000e+00
     18.077    22.7213   4.594380    31.3320        491     2.0417  0.000e+00
     18.012    22.7218   4.594380    31.3317        492     2.0458  0.000e+00
     17.941    22.7220   4.594380    31.3316        493     2.0500  0.000e+00
     17.876    22.7222   4.594325    31.3310        494     2.0542  0.000e+00
     17.823    22.7223   4.594353    31.3312        495     2.0583  0.000e+00
     17.767    22.7221   4.594435    31.3320        496     2.0625  0.000e+00
     17.713    22.7220   4.594435    31.3320        497     2.0667  0.000e+00
     17.680    22.7217   4.594435    31.3323        498     2.0708  0.000e+00
     17.655    22.7216   4.594428    31.3323        499     2.0750  0.000e+00
     17.655    22.7213   4.594250    31.3312        500     2.0792  0.000e+00
     17.661    22.7221   4.594250    31.3306        501     2.0833  0.000e+00
     17.677    22.7221   4.594278    31.3308        502     2.0875  0.000e+00
     17.699    22.7221   4.594407    31.3318        503     2.0917  0.000e+00
     17.731    22.7221   4.594407    31.3318        504     2.0958  0.000e+00
     17.764    22.7217   4.594407    31.3320        505     2.1000  0.000e+00
     17.791    22.7213   4.594278    31.3313        506     2.1042  0.000e+00
     17.813    22.7218   4.594455    31.3323        507     2.1083  0.000e+00
     17.831    22.7219   4.594592    31.3333        508     2.1125  0.000e+00
     17.840    22.7207   4.594565    31.3339        509     2.1167  0.000e+00
     17.833    22.7198   4.594619    31.3350        510     2.1208  0.000e+00
     17.809    22.7194   4.594667    31.3356        511     2.1250  0.000e+00
     17.777    22.7191   4.594537    31.3349        512     2.1292  0.000e+00
     17.719    22.7186   4.594592    31.3357        513     2.1333  0.000e+00
     17.637    22.7189   4.594592    31.3355        514     2.1375  0.000e+00
     17.536    22.7187   4.594537    31.3352        515     2.1417  0.000e+00
     17.418    22.7189   4.594482    31.3347        516     2.1458  0.000e+00
     17.304    22.7190   4.594435    31.3343        517     2.1500  0.000e+00
     17.173    22.7200   4.594250    31.3322        518     2.1542  0.000e+00
     17.043    22.7208   4.594250    31.3317        519     2.1583  0.000e+00
     16.900    22.7216   4.594298    31.3315        520     2.1625  0.000e+00
     16.769    22.7221   4.594298    31.3312        521     2.1667  0.000e+00
     16.646    22.7223   4.594140    31.3299        522     2.1708  0.000e+00
     16.543    22.7224   4.594168    31.3301        523     2.1750  0.000e+00
     16.448    22.7224   4.594099    31.3296        524     2.1792  0.000e+00
     16.369    22.7228   4.594140    31.3296        525     2.1833  0.000e+00
     16.305    22.7233   4.594120    31.3291        526     2.1875  0.000e+00
     16.256    22.7229   4.594222    31.3302        527     2.1917  0.000e+00
     16.213    22.7230   4.594140    31.3295        528     2.1958  0.000e+00
     16.179    22.7227   4.594140    31.3298        529     2.2000  0.000e+00
     16.153    22.7230   4.594277    31.3306        530     2.2042  0.000e+00
     16.133    22.7223   4.594379    31.3319        531     2.2083  0.000e+00
     16.115    22.7217   4.594537    31.3335        532     2.2125  0.000e+00
     16.103    22.7210   4.594509    31.3338        533     2.2167  0.000e+00
     16.088    22.7200   4.594010    31.3307        534     2.2208  0.000e+00
     16.081    22.7209   4.593122    31.3233        535     2.2250  0.000e+00
     16.075    22.7242   4.593040    31.3203        536     2.2292  0.000e+00
     16.068    22.7279   4.592999    31.3174        537     2.2333  0.000e+00
     16.063    22.7294   4.593040    31.3166        538     2.2375  0.000e+00
     16.059    22.7305   4.593094    31.3163        539     2.2417  0.000e+00
     16.046    22.7314   4.593170    31.3162        540     2.2458  0.000e+00
     16.034    22.7312   4.593381    31.3179        541     2.2500  0.000e+00
     16.023    22.7305   4.593381    31.3185        542     2.2542  0.000e+00
     16.001    22.7299   4.593306    31.3183        543     2.2583  0.000e+00
     15.976    22.7300   4.593252    31.3178        544     2.2625  0.000e+00
     15.943    22.7300   4.593409    31.3190        545     2.2667  0.000e+00
     15.891    22.7299   4.593327    31.3185        546     2.2708  0.000e+00
     15.824    22.7298   4.593224    31.3178        547     2.2750  0.000e+00
     15.742    22.7298   4.593409    31.3192        548     2.2792  0.000e+00
     15.657    22.7296   4.593333    31.3188        549     2.2833  0.000e+00
     15.566    22.7292   4.593251    31.3185        550     2.2875  0.000e+00
     15.470    22.7298   4.593354    31.3189        551     2.2917  0.000e+00
     15.381    22.7291   4.593094    31.3175        552     2.2958  0.000e+00
     15.298    22.7296   4.593067    31.3169        553     2.3000  0.000e+00
     15.213    22.7305   4.593169    31.3171        554     2.3042  0.000e+00
     15.139    22.7306   4.593121    31.3167        555     2.3083  0.000e+00
     15.068    22.7308   4.593121    31.3165        556     2.3125  0.000e+00
     15.006    22.7311   4.593196    31.3169        557     2.3167  0.000e+00
     14.943    22.7308   4.593251    31.3176        558     2.3208  0.000e+00
     14.889    22.7303   4.593039    31.3163        559     2.3250  0.000e+00
     14.834    22.7306   4.593012    31.3159        560     2.3292  0.000e+00
     14.789    22.7312   4.593026    31.3156        561     2.3333  0.000e+00
     14.753    22.7314   4.593169    31.3166        562     2.3375  0.000e+00
     14.717    22.7307   4.593251    31.3177        563     2.3417  0.000e+00
     14.691    22.7305   4.593142    31.3170        564     2.3458  0.000e+00
     14.653    22.7306   4.593039    31.3162        565     2.3500  0.000e+00
     14.631    22.7306   4.592984    31.3158        566     2.3542  0.000e+00
     14.602    22.7313   4.593012    31.3155        567     2.3583  0.000e+00
     14.577    22.7316   4.593066    31.3157        568     2.3625  0.000e+00
     14.552    22.7317   4.593169    31.3164        569     2.3667  0.000e+00
     14.534    22.7310   4.593306    31.3180        570     2.3708  0.000e+00
     14.512    22.7305   4.593381    31.3189        571     2.3750  0.000e+00
     14.494    22.7298   4.593408    31.3196        572     2.3792  0.000e+00
     14.472    22.7291   4.593442    31.3204        573     2.3833  0.000e+00
     14.432    22.7289   4.593408    31.3203        574     2.3875  0.000e+00
     14.389    22.7288   4.593306    31.3196        575     2.3917  0.000e+00
     14.327    22.7290   4.593326    31.3196        576     2.3958  0.000e+00
     14.255    22.7289   4.593326    31.3197        577     2.4000  0.000e+00
     14.173    22.7287   4.593012    31.3175        578     2.4042  0.000e+00
     14.081    22.7298   4.592697    31.3143        579     2.4083  0.000e+00
     13.985    22.7312   4.592752    31.3138        580     2.4125  0.000e+00
     13.890    22.7325   4.592779    31.3131        581     2.4167  0.000e+00
     13.791    22.7330   4.592854    31.3133        582     2.4208  0.000e+00
     13.698    22.7330   4.592752    31.3126        583     2.4250  0.000e+00
     13.619    22.7330   4.592724    31.3124        584     2.4292  0.000e+00
     13.554    22.7335   4.592622    31.3113        585     2.4333  0.000e+00
     13.499    22.7339   4.592588    31.3107        586     2.4375  0.000e+00
     13.454    22.7340   4.592567    31.3105        587     2.4417  0.000e+00
     13.423    22.7342   4.592437    31.3094        588     2.4458  0.000e+00
     13.401    22.7350   4.592410    31.3086        589     2.4500  0.000e+00
     13.392    22.7350   4.592465    31.3091        590     2.4542  0.000e+00
     13.390    22.7351   4.592512    31.3093        591     2.4583  0.000e+00
     13.394    22.7354   4.592670    31.3103        592     2.4625  0.000e+00
     13.403    22.7345   4.593093    31.3142        593     2.4667  0.000e+00
     13.408    22.7330   4.592936    31.3141        594     2.4708  0.000e+00
     13.412    22.7320   4.592697    31.3130        595     2.4750  0.000e+00
     13.408    22.7325   4.592806    31.3134        596     2.4792  0.000e+00
     13.403    22.7323   4.592854    31.3139        597     2.4833  0.000e+00
     13.383    22.7324   4.592806    31.3135        598     2.4875  0.000e+00
     13.358    22.7328   4.592881    31.3138        599     2.4917  0.000e+00
     13.323    22.7327   4.593039    31.3151        600     2.4958  0.000e+00
     13.274    22.7323   4.592909    31.3144        601     2.5000  0.000e+00
     13.225    22.7322   4.592936    31.3147        602     2.5042  0.000e+00
     13.173    22.7322   4.592963    31.3149        603     2.5083  0.000e+00
     13.108    22.7323   4.592909    31.3145        604     2.5125  0.000e+00
     13.037    22.7320   4.592984    31.3153        605     2.5167  0.000e+00
     12.966    22.7320   4.592854    31.3143        606     2.5208  0.000e+00
     12.890    22.7319   4.592622    31.3126        607     2.5250  0.000e+00
     12.805    22.7327   4.592649    31.3123        608     2.5292  0.000e+00
     12.718    22.7336   4.592539    31.3108        609     2.5333  0.000e+00
     12.633    22.7338   4.592587    31.3111        610     2.5375  0.000e+00
     12.548    22.7341   4.592539    31.3105        611     2.5417  0.000e+00
     12.467    22.7343   4.592512    31.3102        612     2.5458  0.000e+00
     12.391    22.7343   4.592539    31.3104        613     2.5500  0.000e+00
     12.322    22.7341   4.592491    31.3102        614     2.5542  0.000e+00
     12.258    22.7345   4.592491    31.3100        615     2.5583  0.000e+00
     12.200    22.7349   4.592491    31.3097        616     2.5625  0.000e+00
     12.157    22.7349   4.592409    31.3091        617     2.5667  0.000e+00
     12.113    22.7347   4.592491    31.3099        618     2.5708  0.000e+00
     12.093    22.7351   4.592307    31.3082        619     2.5750  0.000e+00
     12.083    22.7352   4.592279    31.3079        620     2.5792  0.000e+00
     12.081    22.7352   4.592225    31.3075        621     2.5833  0.000e+00
     12.081    22.7356   4.592204    31.3070        622     2.5875  0.000e+00
     12.084    22.7361   4.592225    31.3068        623     2.5917  0.000e+00
     12.095    22.7357   4.592252    31.3073        624     2.5958  0.000e+00
     12.113    22.7361   4.592279    31.3072        625     2.6000  0.000e+00
