HB2407/sbe058.cnv
* Sea-Bird SBE 19plus V2 Data File:
* FileName = C:\cruise\data\sbe058.hex
* Software Version Seasave V 7.26.7.121
* Temperature SN = 7143
* Conductivity SN = 7143
* System UpLoad Time = Oct 05 2024 23:48:19
* NMEA Latitude = 39 38.59 N
* NMEA Longitude = 072 51.94 W
* NMEA UTC (Time) = Oct 05 2024  23:47:58
** Ship: Bigelow
** Cruise:  HB2407
** Program:  Fall Bottom Trawl
# nquan = 7
# nvalues = 1562                                  
# units = specified
# name 0 = depSM: Depth [salt water, m]
# name 1 = tv290C: Temperature [ITS-90, deg C]
# name 2 = c0S/m: Conductivity [S/m]
# name 3 = sal00: Salinity, Practical [PSU]
# name 4 = scan: Scan Count
# name 5 = timeM: Time, Elapsed [minutes]
# name 6 = flag:  0.000e+00
# span 0 =     -0.009,     60.895                 
# span 1 =    12.3934,    20.4691                 
# span 2 =  -0.000003,   4.734427                 
# span 3 =     0.0000,    34.2654                 
# span 4 =         11,       1572                 
# span 5 =     0.0417,     6.5458                 
# span 6 = 0.0000e+00, 0.0000e+00                 
# interval = seconds: 0.25
# start_time = Oct 05 2024 23:47:58 [NMEA time, header]
# bad_flag = -9.990e-29
*END*
[from data line 1026]
     31.057    20.1455   4.686825    34.0125       1037     4.3167  0.000e+00
     31.008    20.1450   4.686991    34.0142       1038     4.3208  0.000e+00
     30.947    20.1454   4.686991    34.0139       1039     4.3250  0.000e+00
     30.883    20.1457   4.688169    34.0233       1040     4.3292  0.000e+00
     30.829    20.1486   4.688093    34.0204       1041     4.3333  0.000e+00
     30.766    20.1514   4.688121    34.0183       1042     4.3375  0.000e+00
     30.699    20.1531   4.688224    34.0179       1043     4.3417  0.000e+00
     30.634    20.1540   4.686529    34.0034       1044     4.3458  0.000e+00
     30.572    20.1516   4.686990    34.0090       1045     4.3500  0.000e+00
     30.507    20.1494   4.681988    33.9702       1046     4.3542  0.000e+00
     30.436    20.1385   4.680562    33.9674       1047     4.3583  0.000e+00
     30.373    20.1242   4.680645    33.9796       1048     4.3625  0.000e+00
     30.308    20.1144   4.680108    33.9831       1049     4.3667  0.000e+00
     30.252    20.1087   4.677931    33.9701       1050     4.3708  0.000e+00
     30.194    20.1005   4.678255    33.9793       1051     4.3750  0.000e+00
     30.145    20.0944   4.678710    33.9880       1052     4.3792  0.000e+00
     30.102    20.0921   4.678654    33.9894       1053     4.3833  0.000e+00
     30.066    20.0908   4.677849    33.9839       1054     4.3875  0.000e+00
     30.037    20.0893   4.677718    33.9841       1055     4.3917  0.000e+00
     30.019    20.0872   4.675597    33.9685       1056     4.3958  0.000e+00
     30.002    20.0812   4.676107    33.9775       1057     4.4000  0.000e+00
     29.981    20.0771   4.676024    33.9801       1058     4.4042  0.000e+00
     29.966    20.0753   4.676892    33.9886       1059     4.4083  0.000e+00
     29.950    20.0759   4.677690    33.9947       1060     4.4125  0.000e+00
     29.934    20.0786   4.677663    33.9923       1061     4.4167  0.000e+00
     29.916    20.0806   4.676699    33.9828       1062     4.4208  0.000e+00
     29.898    20.0800   4.675411    33.9728       1063     4.4250  0.000e+00
     29.872    20.0759   4.672485    33.9523       1064     4.4292  0.000e+00
     29.843    20.0661   4.671632    33.9532       1065     4.4333  0.000e+00
     29.820    20.0567   4.671226    33.9575       1066     4.4375  0.000e+00
     29.778    20.0491   4.670421    33.9571       1067     4.4417  0.000e+00
     29.738    20.0426   4.667290    33.9368       1068     4.4458  0.000e+00
     29.689    20.0319   4.660041    33.8864       1069     4.4500  0.000e+00
     29.627    20.0102   4.658852    33.8943       1070     4.4542  0.000e+00
     29.562    19.9881   4.658949    33.9129       1071     4.4583  0.000e+00
     29.494    19.9745   4.655292    33.8940       1072     4.4625  0.000e+00
     29.408    19.9612   4.646842    33.8358       1073     4.4667  0.000e+00
     29.329    19.9342   4.642558    33.8227       1074     4.4708  0.000e+00
     29.247    19.9005   4.641337    33.8398       1075     4.4750  0.000e+00
     29.169    19.8748   4.640438    33.8532       1076     4.4792  0.000e+00
     29.088    19.8574   4.640726    33.8697       1077     4.4833  0.000e+00
     29.017    19.8479   4.639025    33.8634       1078     4.4875  0.000e+00
     28.950    19.8405   4.637145    33.8540       1079     4.4917  0.000e+00
     28.887    19.8304   4.632974    33.8280       1080     4.4958  0.000e+00
     28.836    19.8141   4.623390    33.7628       1081     4.5000  0.000e+00
     28.782    19.7821   4.615828    33.7267       1082     4.5042  0.000e+00
     28.726    19.7420   4.612898    33.7350       1083     4.5083  0.000e+00
     28.672    19.7038   4.612926    33.7660       1084     4.5125  0.000e+00
     28.623    19.6801   4.613796    33.7922       1085     4.5167  0.000e+00
     28.568    19.6695   4.611372    33.7809       1086     4.5208  0.000e+00
     28.518    19.6598   4.611872    33.7929       1087     4.5250  0.000e+00
     28.462    19.6528   4.610291    33.7856       1088     4.5292  0.000e+00
     28.415    19.6463   4.607629    33.7690       1089     4.5333  0.000e+00
     28.362    19.6347   4.595634    33.6799       1090     4.5375  0.000e+00
     28.319    19.6048   4.592306    33.6766       1091     4.5417  0.000e+00
     28.288    19.5677   4.589266    33.6816       1092     4.5458  0.000e+00
     28.262    19.5379   4.588980    33.7032       1093     4.5500  0.000e+00
     28.244    19.5170   4.590080    33.7292       1094     4.5542  0.000e+00
     28.232    19.5088   4.590551    33.7396       1095     4.5583  0.000e+00
     28.223    19.5062   4.589499    33.7331       1096     4.5625  0.000e+00
     28.224    19.5029   4.590599    33.7448       1097     4.5667  0.000e+00
     28.221    19.5033   4.591863    33.7549       1098     4.5708  0.000e+00
     28.217    19.5071   4.587696    33.7176       1099     4.5750  0.000e+00
     28.208    19.5018   4.583763    33.6894       1100     4.5792  0.000e+00
     28.193    19.4882   4.588776    33.7417       1101     4.5833  0.000e+00
     28.163    19.4854   4.590682    33.7596       1102     4.5875  0.000e+00
     28.121    19.4933   4.591911    33.7634       1103     4.5917  0.000e+00
     28.076    19.5013   4.586617    33.7133       1104     4.5958  0.000e+00
     28.016    19.4970   4.578534    33.6504       1105     4.6000  0.000e+00
     27.944    19.4731   4.573472    33.6279       1106     4.6042  0.000e+00
     27.864    19.4392   4.575321    33.6706       1107     4.6083  0.000e+00
     27.773    19.4195   4.572790    33.6656       1108     4.6125  0.000e+00
     27.681    19.4058   4.573418    33.6818       1109     4.6167  0.000e+00
     27.580    19.3969   4.573193    33.6872       1110     4.6208  0.000e+00
     27.478    19.3914   4.569661    33.6625       1111     4.6250  0.000e+00
     27.370    19.3828   4.568726    33.6618       1112     4.6292  0.000e+00
     27.276    19.3712   4.564998    33.6404       1113     4.6333  0.000e+00
     27.183    19.3583   4.559220    33.6032       1114     4.6375  0.000e+00
     27.089    19.3381   4.556809    33.5997       1115     4.6417  0.000e+00
     26.999    19.3155   4.557531    33.6238       1116     4.6458  0.000e+00
     26.912    19.3018   4.555753    33.6203       1117     4.6500  0.000e+00
     26.830    19.2919   4.550886    33.5880       1118     4.6542  0.000e+00
     26.756    19.2757   4.548551    33.5819       1119     4.6583  0.000e+00
     26.678    19.2574   4.543972    33.5588       1120     4.6625  0.000e+00
     26.604    19.2373   4.543973    33.5751       1121     4.6667  0.000e+00
     26.533    19.2192   4.540797    33.5634       1122     4.6708  0.000e+00
     26.466    19.2033   4.534637    33.5253       1123     4.6750  0.000e+00
     26.400    19.1788   4.534298    33.5422       1124     4.6792  0.000e+00
     26.334    19.1577   4.533550    33.5531       1125     4.6833  0.000e+00
     26.282    19.1438   4.532857    33.5586       1126     4.6875  0.000e+00
     26.244    19.1351   4.533123    33.5678       1127     4.6917  0.000e+00
     26.206    19.1302   4.534815    33.5858       1128     4.6958  0.000e+00
     26.182    19.1315   4.534638    33.5833       1129     4.7000  0.000e+00
     26.155    19.1335   4.535569    33.5894       1130     4.7042  0.000e+00
     26.146    19.1370   4.535359    33.5849       1131     4.7083  0.000e+00
     26.130    19.1387   4.535766    33.5869       1132     4.7125  0.000e+00
     26.121    19.1412   4.536392    33.5900       1133     4.7167  0.000e+00
     26.104    19.1439   4.536963    33.5926       1134     4.7208  0.000e+00
     26.094    19.1471   4.537554    33.5949       1135     4.7250  0.000e+00
     26.068    19.1513   4.543450    33.6404       1136     4.7292  0.000e+00
     26.041    19.1642   4.540770    33.6077       1137     4.7333  0.000e+00
     26.000    19.1748   4.539729    33.5906       1138     4.7375  0.000e+00
     25.962    19.1749   4.540423    33.5962       1139     4.7417  0.000e+00
     25.918    19.1750   4.538356    33.5791       1140     4.7458  0.000e+00
     25.860    19.1718   4.533530    33.5417       1141     4.7500  0.000e+00
     25.810    19.1588   4.532001    33.5396       1142     4.7542  0.000e+00
     25.757    19.1399   4.527490    33.5174       1143     4.7583  0.000e+00
     25.697    19.1224   4.506422    33.3569       1144     4.7625  0.000e+00
     25.627    19.0621   4.496076    33.3196       1145     4.7667  0.000e+00
     25.563    18.9823   4.497622    33.3966       1146     4.7708  0.000e+00
     25.489    18.9304   4.495293    33.4192       1147     4.7750  0.000e+00
     25.410    18.8990   4.492354    33.4201       1148     4.7792  0.000e+00
     25.314    18.8747   4.491461    33.4323       1149     4.7833  0.000e+00
     25.214    18.8558   4.491800    33.4505       1150     4.7875  0.000e+00
     25.105    18.8468   4.499283    33.5201       1151     4.7917  0.000e+00
     24.988    18.8598   4.504663    33.5545       1152     4.7958  0.000e+00
     24.865    18.8881   4.507062    33.5516       1153     4.8000  0.000e+00
     24.727    18.9176   4.505909    33.5182       1154     4.8042  0.000e+00
     24.589    18.9343   4.511835    33.5540       1155     4.8083  0.000e+00
     24.454    18.9552   4.512675    33.5441       1156     4.8125  0.000e+00
     24.329    18.9755   4.513475    33.5344       1157     4.8167  0.000e+00
     24.200    18.9894   4.511732    33.5088       1158     4.8208  0.000e+00
     24.079    18.9939   4.508674    33.4797       1159     4.8250  0.000e+00
     23.972    18.9890   4.512003    33.5114       1160     4.8292  0.000e+00
     23.876    18.9881   4.513272    33.5227       1161     4.8333  0.000e+00
     23.780    18.9944   4.516250    33.5424       1162     4.8375  0.000e+00
     23.700    19.0063   4.516677    33.5363       1163     4.8417  0.000e+00
     23.631    19.0174   4.516683    33.5275       1164     4.8458  0.000e+00
     23.572    19.0240   4.514553    33.5044       1165     4.8500  0.000e+00
     23.528    19.0232   4.512626    33.4891       1166     4.8542  0.000e+00
     23.501    19.0151   4.513129    33.4998       1167     4.8583  0.000e+00
     23.472    19.0095   4.513631    33.5085       1168     4.8625  0.000e+00
     23.447    19.0081   4.512444    33.4998       1169     4.8667  0.000e+00
     23.430    19.0056   4.512525    33.5025       1170     4.8708  0.000e+00
     23.407    19.0035   4.512756    33.5061       1171     4.8750  0.000e+00
     23.382    19.0027   4.513163    33.5102       1172     4.8792  0.000e+00
     23.358    19.0038   4.514221    33.5181       1173     4.8833  0.000e+00
     23.327    19.0067   4.515476    33.5261       1174     4.8875  0.000e+00
     23.286    19.0123   4.514899    33.5169       1175     4.8917  0.000e+00
     23.240    19.0166   4.515191    33.5158       1176     4.8958  0.000e+00
     23.191    19.0180   4.511575    33.4847       1177     4.9000  0.000e+00
     23.132    19.0159   4.509446    33.4687       1178     4.9042  0.000e+00
     23.059    19.0081   4.508300    33.4655       1179     4.9083  0.000e+00
     22.996    19.0004   4.508341    33.4721       1180     4.9125  0.000e+00
     22.927    18.9949   4.508165    33.4751       1181     4.9167  0.000e+00
     22.856    18.9914   4.507982    33.4764       1182     4.9208  0.000e+00
     22.786    18.9890   4.507832    33.4771       1183     4.9250  0.000e+00
     22.717    18.9868   4.504396    33.4504       1184     4.9292  0.000e+00
     22.650    18.9800   4.504016    33.4527       1185     4.9333  0.000e+00
     22.577    18.9717   4.503481    33.4550       1186     4.9375  0.000e+00
     22.507    18.9663   4.503196    33.4570       1187     4.9417  0.000e+00
     22.433    18.9615   4.502553    33.4556       1188     4.9458  0.000e+00
     22.353    18.9570   4.502376    33.4578       1189     4.9500  0.000e+00
     22.257    18.9542   4.503345    33.4681       1190     4.9542  0.000e+00
     22.161    18.9547   4.503169    33.4663       1191     4.9583  0.000e+00
     22.049    18.9576   4.500249    33.4397       1192     4.9625  0.000e+00
     21.926    18.9540   4.490044    33.3578       1193     4.9667  0.000e+00
     21.806    18.9303   4.481195    33.3033       1194     4.9708  0.000e+00
     21.687    18.8914   4.478497    33.3122       1195     4.9750  0.000e+00
     21.551    18.8565   4.474293    33.3053       1196     4.9792  0.000e+00
     21.424    18.8273   4.470422    33.2966       1197     4.9833  0.000e+00
     21.301    18.8005   4.467761    33.2960       1198     4.9875  0.000e+00
     21.187    18.7786   4.467633    33.3127       1199     4.9917  0.000e+00
     21.082    18.7648   4.467504    33.3228       1200     4.9958  0.000e+00
     20.979    18.7566   4.467660    33.3307       1201     5.0000  0.000e+00
     20.898    18.7532   4.467714    33.3339       1202     5.0042  0.000e+00
     20.827    18.7517   4.467457    33.3331       1203     5.0083  0.000e+00
     20.778    18.7503   4.467714    33.3363       1204     5.0125  0.000e+00
     20.746    18.7504   4.467734    33.3364       1205     5.0167  0.000e+00
     20.720    18.7503   4.467403    33.3337       1206     5.0208  0.000e+00
     20.701    18.7499   4.467214    33.3325       1207     5.0250  0.000e+00
     20.690    18.7490   4.467255    33.3336       1208     5.0292  0.000e+00
     20.688    18.7483   4.467383    33.3352       1209     5.0333  0.000e+00
     20.695    18.7485   4.467369    33.3349       1210     5.0375  0.000e+00
     20.697    18.7485   4.467356    33.3348       1211     5.0417  0.000e+00
     20.690    18.7485   4.467302    33.3343       1212     5.0458  0.000e+00
     20.688    18.7485   4.467315    33.3344       1213     5.0500  0.000e+00
     20.671    18.7483   4.467329    33.3347       1214     5.0542  0.000e+00
     20.646    18.7486   4.466870    33.3307       1215     5.0583  0.000e+00
     20.613    18.7479   4.466951    33.3319       1216     5.0625  0.000e+00
     20.575    18.7470   4.467255    33.3352       1217     5.0667  0.000e+00
     20.526    18.7473   4.468295    33.3437       1218     5.0708  0.000e+00
     20.463    18.7502   4.467991    33.3388       1219     5.0750  0.000e+00
     20.385    18.7516   4.467660    33.3350       1220     5.0792  0.000e+00
     20.296    18.7517   4.467687    33.3351       1221     5.0833  0.000e+00
     20.191    18.7510   4.469639    33.3520       1222     5.0875  0.000e+00
     20.072    18.7540   4.467990    33.3359       1223     5.0917  0.000e+00
     19.951    18.7564   4.467477    33.3297       1224     5.0958  0.000e+00
     19.818    18.7537   4.467862    33.3352       1225     5.1000  0.000e+00
     19.677    18.7536   4.483381    33.4649       1226     5.1042  0.000e+00
     19.527    18.7913   4.522318    33.7596       1227     5.1083  0.000e+00
     19.386    18.9212   4.526743    33.6907       1228     5.1125  0.000e+00
     19.248    19.0543   4.528188    33.5947       1229     5.1167  0.000e+00
     19.114    19.1391   4.529267    33.5352       1230     5.1208  0.000e+00
     18.978    19.1882   4.529803    33.5001       1231     5.1250  0.000e+00
     18.855    19.2158   4.529626    33.4764       1232     5.1292  0.000e+00
     18.741    19.2311   4.530502    33.4714       1233     5.1333  0.000e+00
     18.627    19.2398   4.530971    33.4683       1234     5.1375  0.000e+00
     18.524    19.2464   4.531337    33.4661       1235     5.1417  0.000e+00
     18.439    19.2509   4.531358    33.4626       1236     5.1458  0.000e+00
     18.363    19.2540   4.531663    33.4627       1237     5.1500  0.000e+00
     18.305    19.2559   4.532234    33.4659       1238     5.1542  0.000e+00
     18.256    19.2583   4.532152    33.4633       1239     5.1583  0.000e+00
     18.216    19.2598   4.531337    33.4554       1240     5.1625  0.000e+00
