HB2407/sbe025.cnv
* Sea-Bird SBE 19plus V2 Data File:
* FileName = C:\cruise\data\sbe025.hex
* Software Version Seasave V 7.26.7.121
* Temperature SN = 7143
* Conductivity SN = 7143
* System UpLoad Time = Sep 18 2024 03:26:01
* NMEA Latitude = 37 56.41 N
* NMEA Longitude = 075 02.51 W
* NMEA UTC (Time) = Sep 18 2024  03:26:20
** Ship: Bigelow
** Cruise:  HB2407
** Program:  Fall Bottom Trawl
# nquan = 7
# nvalues = 1545                                  
# units = specified
# name 0 = depSM: Depth [salt water, m]
# name 1 = tv290C: Temperature [ITS-90, deg C]
# name 2 = c0S/m: Conductivity [S/m]
# name 3 = sal00: Salinity, Practical [PSU]
# name 4 = scan: Scan Count
# name 5 = timeM: Time, Elapsed [minutes]
# name 6 = flag:  0.000e+00
# span 0 =     -0.033,     21.169                 
# span 1 =    21.7155,    22.2654                 
# span 2 =   0.000011,   4.480252                 
# span 3 =     0.0109,    31.1181                 
# span 4 =         11,       1555                 
# span 5 =     0.0417,     6.4750                 
# span 6 = 0.0000e+00, 0.0000e+00                 
# interval = seconds: 0.25
# start_time = Sep 18 2024 03:26:20 [NMEA time, header]
# bad_flag = -9.990e-29
*END*
[from data line 206]
      2.638    21.7356   4.461505    31.0201        217     0.9000  0.000e+00
      2.642    21.7353   4.461478    31.0201        218     0.9042  0.000e+00
      2.657    21.7351   4.461626    31.0214        219     0.9083  0.000e+00
      2.680    21.7354   4.461937    31.0236        220     0.9125  0.000e+00
      2.711    21.7357   4.462922    31.0310        221     0.9167  0.000e+00
      2.760    21.7362   4.463402    31.0344        222     0.9208  0.000e+00
      2.827    21.7366   4.463577    31.0354        223     0.9250  0.000e+00
      2.896    21.7387   4.463638    31.0344        224     0.9292  0.000e+00
      2.977    21.7420   4.463780    31.0331        225     0.9333  0.000e+00
      3.042    21.7462   4.463982    31.0316        226     0.9375  0.000e+00
      3.107    21.7494   4.464219    31.0311        227     0.9417  0.000e+00
      3.160    21.7523   4.464441    31.0307        228     0.9458  0.000e+00
      3.194    21.7546   4.464820    31.0321        229     0.9500  0.000e+00
      3.203    21.7560   4.464961    31.0321        230     0.9542  0.000e+00
      3.214    21.7569   4.464441    31.0275        231     0.9583  0.000e+00
      3.209    21.7569   4.464084    31.0247        232     0.9625  0.000e+00
      3.211    21.7550   4.463719    31.0232        233     0.9667  0.000e+00
      3.221    21.7532   4.463530    31.0230        234     0.9708  0.000e+00
      3.234    21.7509   4.463692    31.0259        235     0.9750  0.000e+00
      3.259    21.7489   4.464489    31.0336        236     0.9792  0.000e+00
      3.292    21.7483   4.465097    31.0387        237     0.9833  0.000e+00
      3.334    21.7477   4.465016    31.0385        238     0.9875  0.000e+00
      3.385    21.7487   4.465097    31.0384        239     0.9917  0.000e+00
      3.442    21.7535   4.465279    31.0363        240     0.9958  0.000e+00
      3.520    21.7588   4.465414    31.0335        241     1.0000  0.000e+00
      3.604    21.7630   4.465556    31.0316        242     1.0042  0.000e+00
      3.678    21.7662   4.465758    31.0309        243     1.0083  0.000e+00
      3.743    21.7689   4.466008    31.0309        244     1.0125  0.000e+00
      3.808    21.7710   4.465988    31.0291        245     1.0167  0.000e+00
      3.861    21.7725   4.465731    31.0261        246     1.0208  0.000e+00
      3.901    21.7729   4.465704    31.0255        247     1.0250  0.000e+00
      3.944    21.7719   4.465785    31.0269        248     1.0292  0.000e+00
      3.993    21.7704   4.466103    31.0304        249     1.0333  0.000e+00
      4.056    21.7687   4.466467    31.0345        250     1.0375  0.000e+00
      4.134    21.7683   4.466211    31.0327        251     1.0417  0.000e+00
      4.245    21.7690   4.465887    31.0297        252     1.0458  0.000e+00
      4.379    21.7731   4.465961    31.0272        253     1.0500  0.000e+00
      4.520    21.7767   4.466049    31.0253        254     1.0542  0.000e+00
      4.665    21.7787   4.466062    31.0239        255     1.0583  0.000e+00
      4.811    21.7804   4.465887    31.0213        256     1.0625  0.000e+00
      4.943    21.7824   4.465860    31.0196        257     1.0667  0.000e+00
      5.058    21.7838   4.466339    31.0223        258     1.0708  0.000e+00
      5.155    21.7848   4.466826    31.0253        259     1.0750  0.000e+00
      5.224    21.7852   4.466711    31.0241        260     1.0792  0.000e+00
      5.270    21.7845   4.466420    31.0223        261     1.0833  0.000e+00
      5.291    21.7802   4.465597    31.0191        262     1.0875  0.000e+00
      5.295    21.7724   4.464368    31.0151        263     1.0917  0.000e+00
      5.291    21.7647   4.463274    31.0121        264     1.0958  0.000e+00
      5.282    21.7573   4.462815    31.0139        265     1.1000  0.000e+00
      5.275    21.7506   4.462592    31.0170        266     1.1042  0.000e+00
      5.264    21.7459   4.462620    31.0206        267     1.1083  0.000e+00
      5.268    21.7426   4.463031    31.0261        268     1.1125  0.000e+00
      5.290    21.7402   4.464112    31.0363        269     1.1167  0.000e+00
      5.338    21.7393   4.464591    31.0406        270     1.1208  0.000e+00
      5.400    21.7398   4.464875    31.0424        271     1.1250  0.000e+00
      5.464    21.7437   4.465098    31.0413        272     1.1292  0.000e+00
      5.532    21.7495   4.465253    31.0383        273     1.1333  0.000e+00
      5.612    21.7553   4.465428    31.0355        274     1.1375  0.000e+00
      5.694    21.7589   4.465631    31.0345        275     1.1417  0.000e+00
      5.786    21.7616   4.465786    31.0337        276     1.1458  0.000e+00
      5.873    21.7633   4.465962    31.0339        277     1.1500  0.000e+00
      5.967    21.7650   4.466063    31.0334        278     1.1542  0.000e+00
      6.047    21.7657   4.466023    31.0325        279     1.1583  0.000e+00
      6.123    21.7664   4.465631    31.0290        280     1.1625  0.000e+00
      6.197    21.7662   4.465597    31.0288        281     1.1667  0.000e+00
      6.275    21.7655   4.465705    31.0301        282     1.1708  0.000e+00
      6.360    21.7643   4.465786    31.0316        283     1.1750  0.000e+00
      6.453    21.7639   4.465942    31.0330        284     1.1792  0.000e+00
      6.542    21.7635   4.466239    31.0357        285     1.1833  0.000e+00
      6.641    21.7631   4.466644    31.0391        286     1.1875  0.000e+00
      6.743    21.7630   4.466604    31.0388        287     1.1917  0.000e+00
      6.860    21.7628   4.466597    31.0388        288     1.1958  0.000e+00
      6.983    21.7638   4.466685    31.0387        289     1.2000  0.000e+00
      7.110    21.7669   4.466847    31.0377        290     1.2042  0.000e+00
      7.239    21.7695   4.467002    31.0371        291     1.2083  0.000e+00
      7.371    21.7709   4.467110    31.0368        292     1.2125  0.000e+00
      7.501    21.7726   4.467205    31.0363        293     1.2167  0.000e+00
      7.619    21.7737   4.467050    31.0343        294     1.2208  0.000e+00
      7.728    21.7737   4.466793    31.0322        295     1.2250  0.000e+00
      7.824    21.7726   4.466543    31.0310        296     1.2292  0.000e+00
      7.900    21.7703   4.466395    31.0315        297     1.2333  0.000e+00
      7.954    21.7672   4.465996    31.0306        298     1.2375  0.000e+00
      8.000    21.7640   4.465605    31.0299        299     1.2417  0.000e+00
      8.047    21.7605   4.465308    31.0301        300     1.2458  0.000e+00
      8.081    21.7574   4.465078    31.0305        301     1.2500  0.000e+00
      8.113    21.7546   4.464923    31.0313        302     1.2542  0.000e+00
      8.148    21.7523   4.464909    31.0328        303     1.2583  0.000e+00
      8.172    21.7504   4.464849    31.0337        304     1.2625  0.000e+00
      8.193    21.7480   4.464315    31.0313        305     1.2667  0.000e+00
      8.213    21.7465   4.463823    31.0285        306     1.2708  0.000e+00
      8.229    21.7448   4.463559    31.0277        307     1.2750  0.000e+00
      8.240    21.7436   4.463431    31.0276        308     1.2792  0.000e+00
      8.260    21.7427   4.463404    31.0280        309     1.2833  0.000e+00
      8.287    21.7412   4.463559    31.0303        310     1.2875  0.000e+00
      8.322    21.7399   4.464457    31.0382        311     1.2917  0.000e+00
      8.371    21.7391   4.465457    31.0465        312     1.2958  0.000e+00
      8.422    21.7393   4.466065    31.0511        313     1.3000  0.000e+00
      8.489    21.7402   4.466659    31.0550        314     1.3042  0.000e+00
      8.575    21.7452   4.466848    31.0529        315     1.3083  0.000e+00
      8.684    21.7517   4.466949    31.0490        316     1.3125  0.000e+00
      8.813    21.7570   4.466922    31.0449        317     1.3167  0.000e+00
      8.963    21.7623   4.466848    31.0405        318     1.3208  0.000e+00
      9.130    21.7671   4.466794    31.0365        319     1.3250  0.000e+00
      9.297    21.7712   4.466645    31.0324        320     1.3292  0.000e+00
      9.469    21.7749   4.466544    31.0289        321     1.3333  0.000e+00
      9.628    21.7765   4.466551    31.0278        322     1.3375  0.000e+00
      9.787    21.7781   4.466699    31.0277        323     1.3417  0.000e+00
      9.925    21.7791   4.466699    31.0269        324     1.3458  0.000e+00
     10.041    21.7802   4.466287    31.0229        325     1.3500  0.000e+00
     10.133    21.7808   4.466092    31.0210        326     1.3542  0.000e+00
     10.195    21.7774   4.464896    31.0141        327     1.3583  0.000e+00
     10.229    21.7707   4.463107    31.0050        328     1.3625  0.000e+00
     10.238    21.7616   4.462318    31.0054        329     1.3667  0.000e+00
     10.218    21.7527   4.462028    31.0095        330     1.3708  0.000e+00
     10.186    21.7465   4.461758    31.0119        331     1.3750  0.000e+00
     10.141    21.7420   4.461582    31.0138        332     1.3792  0.000e+00
     10.099    21.7387   4.461467    31.0153        333     1.3833  0.000e+00
     10.066    21.7367   4.461454    31.0166        334     1.3875  0.000e+00
     10.048    21.7357   4.461454    31.0173        335     1.3917  0.000e+00
     10.048    21.7343   4.461494    31.0187        336     1.3958  0.000e+00
     10.068    21.7339   4.461609    31.0198        337     1.4000  0.000e+00
     10.094    21.7341   4.461764    31.0209        338     1.4042  0.000e+00
     10.132    21.7339   4.461913    31.0222        339     1.4083  0.000e+00
     10.188    21.7342   4.462089    31.0233        340     1.4125  0.000e+00
     10.262    21.7346   4.462318    31.0248        341     1.4167  0.000e+00
     10.354    21.7346   4.462345    31.0250        342     1.4208  0.000e+00
     10.463    21.7347   4.462372    31.0251        343     1.4250  0.000e+00
     10.581    21.7348   4.462345    31.0248        344     1.4292  0.000e+00
     10.711    21.7350   4.462420    31.0252        345     1.4333  0.000e+00
     10.852    21.7347   4.462771    31.0281        346     1.4375  0.000e+00
     11.001    21.7352   4.462899    31.0286        347     1.4417  0.000e+00
     11.162    21.7356   4.462852    31.0279        348     1.4458  0.000e+00
     11.354    21.7369   4.462818    31.0267        349     1.4500  0.000e+00
     11.555    21.7397   4.462899    31.0252        350     1.4542  0.000e+00
     11.767    21.7419   4.463088    31.0250        351     1.4583  0.000e+00
     11.981    21.7426   4.463075    31.0244        352     1.4625  0.000e+00
     12.193    21.7436   4.462974    31.0228        353     1.4667  0.000e+00
     12.370    21.7443   4.462818    31.0210        354     1.4708  0.000e+00
     12.504    21.7433   4.462467    31.0190        355     1.4750  0.000e+00
     12.600    21.7421   4.462218    31.0179        356     1.4792  0.000e+00
     12.654    21.7408   4.462103    31.0179        357     1.4833  0.000e+00
     12.667    21.7392   4.461941    31.0178        358     1.4875  0.000e+00
     12.660    21.7379   4.461840    31.0179        359     1.4917  0.000e+00
     12.618    21.7371   4.461759    31.0179        360     1.4958  0.000e+00
     12.553    21.7359   4.461738    31.0186        361     1.5000  0.000e+00
     12.462    21.7354   4.461684    31.0186        362     1.5042  0.000e+00
     12.348    21.7353   4.461610    31.0181        363     1.5083  0.000e+00
     12.227    21.7347   4.461610    31.0186        364     1.5125  0.000e+00
     12.116    21.7347   4.461657    31.0190        365     1.5167  0.000e+00
     12.038    21.7349   4.461684    31.0191        366     1.5208  0.000e+00
     11.998    21.7347   4.461684    31.0193        367     1.5250  0.000e+00
     11.995    21.7346   4.461759    31.0199        368     1.5292  0.000e+00
     12.055    21.7349   4.461961    31.0213        369     1.5333  0.000e+00
     12.152    21.7349   4.462056    31.0220        370     1.5375  0.000e+00
     12.286    21.7350   4.462143    31.0225        371     1.5417  0.000e+00
     12.440    21.7360   4.462245    31.0225        372     1.5458  0.000e+00
     12.605    21.7363   4.462319    31.0228        373     1.5500  0.000e+00
     12.785    21.7369   4.462393    31.0229        374     1.5542  0.000e+00
     12.971    21.7374   4.462528    31.0236        375     1.5583  0.000e+00
     13.163    21.7378   4.462468    31.0228        376     1.5625  0.000e+00
     13.341    21.7380   4.462421    31.0221        377     1.5667  0.000e+00
     13.511    21.7382   4.462346    31.0214        378     1.5708  0.000e+00
     13.670    21.7383   4.462319    31.0210        379     1.5750  0.000e+00
     13.817    21.7383   4.462347    31.0212        380     1.5792  0.000e+00
     13.955    21.7388   4.462428    31.0215        381     1.5833  0.000e+00
     14.076    21.7391   4.462549    31.0221        382     1.5875  0.000e+00
     14.183    21.7393   4.462745    31.0235        383     1.5917  0.000e+00
     14.283    21.7395   4.462873    31.0243        384     1.5958  0.000e+00
     14.373    21.7399   4.462873    31.0240        385     1.6000  0.000e+00
     14.467    21.7398   4.462873    31.0241        386     1.6042  0.000e+00
     14.563    21.7404   4.462900    31.0238        387     1.6083  0.000e+00
     14.665    21.7403   4.462927    31.0241        388     1.6125  0.000e+00
     14.759    21.7402   4.462819    31.0233        389     1.6167  0.000e+00
     14.853    21.7406   4.462752    31.0224        390     1.6208  0.000e+00
     14.935    21.7407   4.462772    31.0225        391     1.6250  0.000e+00
     15.012    21.7404   4.462772    31.0227        392     1.6292  0.000e+00
     15.090    21.7408   4.462752    31.0222        393     1.6333  0.000e+00
     15.159    21.7412   4.462745    31.0218        394     1.6375  0.000e+00
     15.224    21.7411   4.462752    31.0219        395     1.6417  0.000e+00
     15.275    21.7413   4.462698    31.0213        396     1.6458  0.000e+00
     15.315    21.7409   4.462637    31.0211        397     1.6500  0.000e+00
     15.357    21.7405   4.462597    31.0212        398     1.6542  0.000e+00
     15.391    21.7405   4.462637    31.0215        399     1.6583  0.000e+00
     15.415    21.7406   4.462651    31.0215        400     1.6625  0.000e+00
     15.438    21.7400   4.462597    31.0215        401     1.6667  0.000e+00
     15.453    21.7403   4.462610    31.0214        402     1.6708  0.000e+00
     15.471    21.7407   4.462570    31.0208        403     1.6750  0.000e+00
     15.482    21.7403   4.462597    31.0213        404     1.6792  0.000e+00
     15.496    21.7403   4.462584    31.0211        405     1.6833  0.000e+00
     15.503    21.7406   4.462597    31.0210        406     1.6875  0.000e+00
     15.520    21.7404   4.462638    31.0215        407     1.6917  0.000e+00
     15.547    21.7407   4.462725    31.0220        408     1.6958  0.000e+00
     15.587    21.7406   4.462854    31.0230        409     1.7000  0.000e+00
     15.645    21.7405   4.462955    31.0238        410     1.7042  0.000e+00
     15.714    21.7408   4.463002    31.0239        411     1.7083  0.000e+00
     15.804    21.7410   4.463076    31.0243        412     1.7125  0.000e+00
     15.904    21.7408   4.463137    31.0249        413     1.7167  0.000e+00
     16.018    21.7411   4.463158    31.0248        414     1.7208  0.000e+00
     16.144    21.7417   4.463218    31.0248        415     1.7250  0.000e+00
     16.289    21.7417   4.463232    31.0249        416     1.7292  0.000e+00
     16.447    21.7423   4.463279    31.0248        417     1.7333  0.000e+00
     16.630    21.7433   4.463327    31.0244        418     1.7375  0.000e+00
     16.820    21.7436   4.463408    31.0247        419     1.7417  0.000e+00
     17.017    21.7445   4.463360    31.0237        420     1.7458  0.000e+00
