HB2407/sbe028.cnv
* Sea-Bird SBE 19plus V2 Data File:
* FileName = C:\cruise\data\sbe028.hex
* Software Version Seasave V 7.26.7.121
* Temperature SN = 7143
* Conductivity SN = 7143
* System UpLoad Time = Sep 18 2024 09:45:35
* NMEA Latitude = 37 35.89 N
* NMEA Longitude = 075 07.13 W
* NMEA UTC (Time) = Sep 18 2024  09:45:54
** Ship: Bigelow
** Cruise:  HB2407
** Program:  Fall Bottom Trawl
# nquan = 7
# nvalues = 1153                                  
# units = specified
# name 0 = depSM: Depth [salt water, m]
# name 1 = tv290C: Temperature [ITS-90, deg C]
# name 2 = c0S/m: Conductivity [S/m]
# name 3 = sal00: Salinity, Practical [PSU]
# name 4 = scan: Scan Count
# name 5 = timeM: Time, Elapsed [minutes]
# name 6 = flag:  0.000e+00
# span 0 =     -0.046,     27.116                 
# span 1 =    21.2138,    21.9755                 
# span 2 =  -0.000037,   4.438534                 
# span 3 =     0.0000,    31.1674                 
# span 4 =         11,       1163                 
# span 5 =     0.0417,     4.8417                 
# span 6 = 0.0000e+00, 0.0000e+00                 
# interval = seconds: 0.25
# start_time = Sep 18 2024 09:45:54 [NMEA time, header]
# bad_flag = -9.990e-29
*END*
[from data line 616]
     25.803    21.2258   4.432529    31.1546        627     2.6083  0.000e+00
     25.819    21.2261   4.432637    31.1552        628     2.6125  0.000e+00
     25.827    21.2258   4.432684    31.1558        629     2.6167  0.000e+00
     25.825    21.2251   4.432711    31.1565        630     2.6208  0.000e+00
     25.827    21.2246   4.432738    31.1571        631     2.6250  0.000e+00
     25.834    21.2242   4.432812    31.1580        632     2.6292  0.000e+00
     25.847    21.2230   4.432886    31.1594        633     2.6333  0.000e+00
     25.861    21.2222   4.432893    31.1600        634     2.6375  0.000e+00
     25.876    21.2210   4.432987    31.1616        635     2.6417  0.000e+00
     25.881    21.2201   4.432974    31.1622        636     2.6458  0.000e+00
     25.870    21.2195   4.432913    31.1621        637     2.6500  0.000e+00
     25.849    21.2196   4.432866    31.1617        638     2.6542  0.000e+00
     25.820    21.2195   4.432866    31.1618        639     2.6583  0.000e+00
     25.776    21.2198   4.432839    31.1614        640     2.6625  0.000e+00
     25.724    21.2199   4.432765    31.1607        641     2.6667  0.000e+00
     25.659    21.2202   4.432738    31.1603        642     2.6708  0.000e+00
     25.590    21.2209   4.432657    31.1592        643     2.6750  0.000e+00
     25.516    21.2217   4.432489    31.1573        644     2.6792  0.000e+00
     25.436    21.2222   4.432630    31.1581        645     2.6833  0.000e+00
     25.363    21.2227   4.432684    31.1582        646     2.6875  0.000e+00
     25.303    21.2227   4.432563    31.1573        647     2.6917  0.000e+00
     25.262    21.2225   4.432502    31.1570        648     2.6958  0.000e+00
     25.247    21.2231   4.432435    31.1559        649     2.7000  0.000e+00
     25.256    21.2236   4.432475    31.1559        650     2.7042  0.000e+00
     25.282    21.2237   4.432536    31.1563        651     2.7083  0.000e+00
     25.325    21.2239   4.432630    31.1569        652     2.7125  0.000e+00
     25.387    21.2240   4.432738    31.1577        653     2.7167  0.000e+00
     25.457    21.2234   4.432765    31.1583        654     2.7208  0.000e+00
     25.537    21.2231   4.432765    31.1584        655     2.7250  0.000e+00
     25.619    21.2230   4.432765    31.1585        656     2.7292  0.000e+00
     25.700    21.2227   4.432630    31.1577        657     2.7333  0.000e+00
     25.778    21.2228   4.432637    31.1576        658     2.7375  0.000e+00
     25.847    21.2233   4.432630    31.1572        659     2.7417  0.000e+00
     25.901    21.2233   4.432610    31.1570        660     2.7458  0.000e+00
     25.939    21.2235   4.432603    31.1568        661     2.7500  0.000e+00
     25.963    21.2238   4.432664    31.1570        662     2.7542  0.000e+00
     25.966    21.2232   4.432711    31.1578        663     2.7583  0.000e+00
     25.963    21.2232   4.432549    31.1566        664     2.7625  0.000e+00
     25.943    21.2231   4.432590    31.1569        665     2.7667  0.000e+00
     25.916    21.2231   4.432630    31.1573        666     2.7708  0.000e+00
     25.892    21.2231   4.432664    31.1575        667     2.7750  0.000e+00
     25.860    21.2229   4.432657    31.1576        668     2.7792  0.000e+00
     25.823    21.2227   4.432664    31.1579        669     2.7833  0.000e+00
     25.796    21.2226   4.432603    31.1575        670     2.7875  0.000e+00
     25.798    21.2228   4.432610    31.1574        671     2.7917  0.000e+00
     25.816    21.2228   4.432590    31.1572        672     2.7958  0.000e+00
     25.840    21.2232   4.432576    31.1568        673     2.8000  0.000e+00
     25.889    21.2237   4.432610    31.1567        674     2.8042  0.000e+00
     25.963    21.2236   4.432684    31.1573        675     2.8083  0.000e+00
     26.052    21.2239   4.432738    31.1575        676     2.8125  0.000e+00
     26.140    21.2236   4.432765    31.1579        677     2.8167  0.000e+00
     26.233    21.2230   4.432765    31.1583        678     2.8208  0.000e+00
     26.327    21.2235   4.432684    31.1573        679     2.8250  0.000e+00
     26.423    21.2234   4.432738    31.1578        680     2.8292  0.000e+00
     26.492    21.2228   4.432765    31.1584        681     2.8333  0.000e+00
     26.546    21.2231   4.432738    31.1579        682     2.8375  0.000e+00
     26.588    21.2229   4.432738    31.1580        683     2.8417  0.000e+00
     26.604    21.2226   4.432765    31.1585        684     2.8458  0.000e+00
     26.593    21.2226   4.432812    31.1589        685     2.8500  0.000e+00
     26.550    21.2217   4.432812    31.1595        686     2.8542  0.000e+00
     26.492    21.2211   4.432610    31.1584        687     2.8583  0.000e+00
     26.410    21.2216   4.432550    31.1576        688     2.8625  0.000e+00
     26.320    21.2227   4.432509    31.1565        689     2.8667  0.000e+00
     26.207    21.2232   4.432536    31.1564        690     2.8708  0.000e+00
     26.099    21.2242   4.432529    31.1557        691     2.8750  0.000e+00
     25.983    21.2243   4.432590    31.1561        692     2.8792  0.000e+00
     25.861    21.2234   4.432549    31.1564        693     2.8833  0.000e+00
     25.764    21.2234   4.432489    31.1560        694     2.8875  0.000e+00
     25.691    21.2237   4.432549    31.1563        695     2.8917  0.000e+00
     25.637    21.2235   4.432563    31.1566        696     2.8958  0.000e+00
     25.617    21.2236   4.432549    31.1564        697     2.9000  0.000e+00
     25.624    21.2229   4.432563    31.1570        698     2.9042  0.000e+00
     25.657    21.2226   4.432563    31.1572        699     2.9083  0.000e+00
     25.708    21.2228   4.432603    31.1573        700     2.9125  0.000e+00
     25.782    21.2228   4.432610    31.1574        701     2.9167  0.000e+00
     25.871    21.2231   4.432630    31.1573        702     2.9208  0.000e+00
     25.972    21.2239   4.432637    31.1568        703     2.9250  0.000e+00
     26.088    21.2237   4.432630    31.1568        704     2.9292  0.000e+00
     26.211    21.2239   4.432664    31.1569        705     2.9333  0.000e+00
     26.345    21.2240   4.432657    31.1567        706     2.9375  0.000e+00
     26.483    21.2236   4.432637    31.1568        707     2.9417  0.000e+00
     26.622    21.2238   4.432637    31.1566        708     2.9458  0.000e+00
     26.751    21.2241   4.432657    31.1565        709     2.9500  0.000e+00
     26.870    21.2238   4.432684    31.1569        710     2.9542  0.000e+00
     26.975    21.2235   4.432711    31.1573        711     2.9583  0.000e+00
     27.055    21.2237   4.432812    31.1579        712     2.9625  0.000e+00
     27.104    21.2228   4.432920    31.1594        713     2.9667  0.000e+00
     27.116    21.2217   4.433088    31.1615        714     2.9708  0.000e+00
     27.095    21.2201   4.433264    31.1641        715     2.9750  0.000e+00
     27.039    21.2174   4.433264    31.1660        716     2.9792  0.000e+00
     26.935    21.2157   4.433237    31.1671        717     2.9833  0.000e+00
     26.810    21.2146   4.433129    31.1671        718     2.9875  0.000e+00
     26.646    21.2145   4.433088    31.1669        719     2.9917  0.000e+00
     26.461    21.2150   4.432866    31.1649        720     2.9958  0.000e+00
     26.265    21.2159   4.432940    31.1648        721     3.0000  0.000e+00
     26.062    21.2166   4.432974    31.1647        722     3.0042  0.000e+00
     25.870    21.2171   4.433162    31.1659        723     3.0083  0.000e+00
     25.698    21.2160   4.432812    31.1639        724     3.0125  0.000e+00
     25.548    21.2160   4.432590    31.1622        725     3.0167  0.000e+00
     25.436    21.2177   4.432408    31.1596        726     3.0208  0.000e+00
     25.361    21.2195   4.432421    31.1584        727     3.0250  0.000e+00
     25.332    21.2206   4.432408    31.1576        728     3.0292  0.000e+00
     25.365    21.2216   4.432549    31.1579        729     3.0333  0.000e+00
     25.430    21.2218   4.432590    31.1581        730     3.0375  0.000e+00
     25.546    21.2215   4.432738    31.1594        731     3.0417  0.000e+00
     25.684    21.2214   4.432785    31.1598        732     3.0458  0.000e+00
     25.856    21.2207   4.432812    31.1605        733     3.0500  0.000e+00
     26.037    21.2203   4.432839    31.1609        734     3.0542  0.000e+00
     26.216    21.2203   4.432886    31.1613        735     3.0583  0.000e+00
     26.394    21.2198   4.432947    31.1620        736     3.0625  0.000e+00
     26.551    21.2190   4.432987    31.1629        737     3.0667  0.000e+00
     26.693    21.2188   4.432974    31.1629        738     3.0708  0.000e+00
     26.809    21.2180   4.432940    31.1631        739     3.0750  0.000e+00
     26.890    21.2182   4.432866    31.1624        740     3.0792  0.000e+00
     26.950    21.2188   4.432839    31.1618        741     3.0833  0.000e+00
     26.981    21.2184   4.432839    31.1620        742     3.0875  0.000e+00
     26.981    21.2187   4.432839    31.1618        743     3.0917  0.000e+00
     26.959    21.2191   4.432913    31.1621        744     3.0958  0.000e+00
     26.928    21.2186   4.433156    31.1644        745     3.1000  0.000e+00
     26.870    21.2175   4.433088    31.1646        746     3.1042  0.000e+00
     26.794    21.2164   4.432893    31.1640        747     3.1083  0.000e+00
     26.705    21.2159   4.432738    31.1631        748     3.1125  0.000e+00
     26.606    21.2174   4.432711    31.1618        749     3.1167  0.000e+00
     26.495    21.2181   4.432590    31.1604        750     3.1208  0.000e+00
     26.381    21.2193   4.432563    31.1594        751     3.1250  0.000e+00
     26.263    21.2204   4.432603    31.1589        752     3.1292  0.000e+00
     26.142    21.2206   4.432610    31.1589        753     3.1333  0.000e+00
     26.019    21.2206   4.432603    31.1589        754     3.1375  0.000e+00
     25.905    21.2207   4.432590    31.1587        755     3.1417  0.000e+00
     25.796    21.2206   4.432529    31.1584        756     3.1458  0.000e+00
     25.702    21.2209   4.432489    31.1579        757     3.1500  0.000e+00
     25.613    21.2214   4.432475    31.1574        758     3.1542  0.000e+00
     25.545    21.2214   4.432489    31.1575        759     3.1583  0.000e+00
     25.492    21.2215   4.432509    31.1576        760     3.1625  0.000e+00
     25.456    21.2216   4.432475    31.1573        761     3.1667  0.000e+00
     25.445    21.2215   4.432509    31.1576        762     3.1708  0.000e+00
     25.458    21.2213   4.432529    31.1579        763     3.1750  0.000e+00
     25.492    21.2215   4.432563    31.1580        764     3.1792  0.000e+00
     25.554    21.2213   4.432549    31.1581        765     3.1833  0.000e+00
     25.642    21.2217   4.432590    31.1581        766     3.1875  0.000e+00
     25.749    21.2217   4.432502    31.1574        767     3.1917  0.000e+00
     25.883    21.2213   4.432610    31.1584        768     3.1958  0.000e+00
     26.035    21.2220   4.432590    31.1577        769     3.2000  0.000e+00
     26.200    21.2219   4.432603    31.1579        770     3.2042  0.000e+00
     26.369    21.2219   4.432610    31.1579        771     3.2083  0.000e+00
     26.541    21.2222   4.432604    31.1576        772     3.2125  0.000e+00
     26.693    21.2219   4.432637    31.1580        773     3.2167  0.000e+00
     26.816    21.2218   4.432631    31.1580        774     3.2208  0.000e+00
     26.907    21.2217   4.432664    31.1583        775     3.2250  0.000e+00
     26.959    21.2215   4.432684    31.1585        776     3.2292  0.000e+00
     26.974    21.2215   4.432664    31.1584        777     3.2333  0.000e+00
     26.954    21.2213   4.432664    31.1585        778     3.2375  0.000e+00
     26.890    21.2210   4.432684    31.1589        779     3.2417  0.000e+00
     26.812    21.2211   4.432738    31.1593        780     3.2458  0.000e+00
     26.707    21.2207   4.428828    31.1290        781     3.2500  0.000e+00
     26.579    21.2206   4.432610    31.1588        782     3.2542  0.000e+00
     26.441    21.2209   4.432630    31.1587        783     3.2583  0.000e+00
     26.293    21.2206   4.432637    31.1591        784     3.2625  0.000e+00
     26.137    21.2206   4.432684    31.1595        785     3.2667  0.000e+00
     25.992    21.2204   4.432590    31.1589        786     3.2708  0.000e+00
     25.865    21.2198   4.432590    31.1594        787     3.2750  0.000e+00
     25.751    21.2203   4.432549    31.1588        788     3.2792  0.000e+00
     25.660    21.2203   4.432563    31.1589        789     3.2833  0.000e+00
     25.597    21.2200   4.432529    31.1589        790     3.2875  0.000e+00
     25.555    21.2204   4.432509    31.1584        791     3.2917  0.000e+00
     25.541    21.2206   4.432502    31.1582        792     3.2958  0.000e+00
     25.554    21.2209   4.432509    31.1581        793     3.3000  0.000e+00
     25.588    21.2211   4.432529    31.1580        794     3.3042  0.000e+00
     25.642    21.2212   4.432610    31.1586        795     3.3083  0.000e+00
     25.709    21.2211   4.432610    31.1586        796     3.3125  0.000e+00
     25.778    21.2215   4.432603    31.1583        797     3.3167  0.000e+00
     25.853    21.2213   4.432590    31.1583        798     3.3208  0.000e+00
     25.921    21.2215   4.432630    31.1584        799     3.3250  0.000e+00
     25.990    21.2215   4.432637    31.1585        800     3.3292  0.000e+00
     26.055    21.2213   4.432603    31.1583        801     3.3333  0.000e+00
     26.113    21.2215   4.432610    31.1582        802     3.3375  0.000e+00
     26.164    21.2216   4.432603    31.1581        803     3.3417  0.000e+00
     26.200    21.2210   4.432765    31.1598        804     3.3458  0.000e+00
     26.224    21.2209   4.432839    31.1605        805     3.3500  0.000e+00
     26.235    21.2200   4.432920    31.1617        806     3.3542  0.000e+00
     26.235    21.2188   4.432940    31.1628        807     3.3583  0.000e+00
     26.222    21.2181   4.432920    31.1631        808     3.3625  0.000e+00
     26.219    21.2174   4.432866    31.1632        809     3.3667  0.000e+00
     26.210    21.2174   4.432947    31.1638        810     3.3708  0.000e+00
     26.211    21.2172   4.432960    31.1640        811     3.3750  0.000e+00
     26.210    21.2166   4.433041    31.1652        812     3.3792  0.000e+00
     26.210    21.2161   4.433209    31.1668        813     3.3833  0.000e+00
     26.206    21.2152   4.433189    31.1674        814     3.3875  0.000e+00
     26.208    21.2138   4.433048    31.1672        815     3.3917  0.000e+00
     26.213    21.2143   4.433014    31.1666        816     3.3958  0.000e+00
     26.222    21.2147   4.433001    31.1662        817     3.4000  0.000e+00
     26.237    21.2148   4.433014    31.1662        818     3.4042  0.000e+00
     26.260    21.2154   4.433001    31.1657        819     3.4083  0.000e+00
     26.282    21.2152   4.432987    31.1657        820     3.4125  0.000e+00
     26.304    21.2153   4.432940    31.1653        821     3.4167  0.000e+00
     26.324    21.2157   4.432947    31.1650        822     3.4208  0.000e+00
     26.331    21.2158   4.432886    31.1645        823     3.4250  0.000e+00
     26.316    21.2162   4.432866    31.1640        824     3.4292  0.000e+00
     26.284    21.2166   4.432765    31.1630        825     3.4333  0.000e+00
     26.240    21.2170   4.432893    31.1637        826     3.4375  0.000e+00
     26.182    21.2173   4.432940    31.1638        827     3.4417  0.000e+00
     26.117    21.2169   4.432947    31.1642        828     3.4458  0.000e+00
     26.050    21.2164   4.432987    31.1649        829     3.4500  0.000e+00
     25.985    21.2161   4.432960    31.1649        830     3.4542  0.000e+00
