HB2407/sbe006.cnv
* Sea-Bird SBE 19plus V2 Data File:
* FileName = C:\cruise\data\sbe006.hex
* Software Version Seasave V 7.26.7.121
* Temperature SN = 7143
* Conductivity SN = 7143
* System UpLoad Time = Sep 08 2024 18:44:57
* NMEA Latitude = 38 38.60 N
* NMEA Longitude = 073 27.99 W
* NMEA UTC (Time) = Sep 08 2024  18:44:39
** Ship: Bigelow
** Cruise:  HB2407
** Program:  Fall Bottom Trawl
# nquan = 7
# nvalues = 1709                                  
# units = specified
# name 0 = depSM: Depth [salt water, m]
# name 1 = tv290C: Temperature [ITS-90, deg C]
# name 2 = c0S/m: Conductivity [S/m]
# name 3 = sal00: Salinity, Practical [PSU]
# name 4 = scan: Scan Count
# name 5 = timeM: Time, Elapsed [minutes]
# name 6 = flag:  0.000e+00
# span 0 =     -0.057,     71.150                 
# span 1 =     7.7021,    21.0796                 
# span 2 =  -0.000003,   4.609792                 
# span 3 =     0.0000,    34.6424                 
# span 4 =         11,       1719                 
# span 5 =     0.0417,     7.1583                 
# span 6 = 0.0000e+00, 0.0000e+00                 
# interval = seconds: 0.25
# start_time = Sep 08 2024 18:44:39 [NMEA time, header]
# bad_flag = -9.990e-29
*END*
[from data line 1642]
      3.717    21.0535   4.603253    32.6376       1653     6.8833  0.000e+00
      3.668    21.0517   4.602521    32.6333       1654     6.8875  0.000e+00
      3.623    21.0497   4.602836    32.6373       1655     6.8917  0.000e+00
      3.559    21.0506   4.605072    32.6543       1656     6.8958  0.000e+00
      3.493    21.0526   4.606413    32.6635       1657     6.9000  0.000e+00
      3.420    21.0563   4.607255    32.6674       1658     6.9042  0.000e+00
      3.335    21.0611   4.607569    32.6662       1659     6.9083  0.000e+00
      3.247    21.0667   4.607836    32.6641       1660     6.9125  0.000e+00
      3.165    21.0709   4.607706    32.6599       1661     6.9167  0.000e+00
      3.091    21.0740   4.607884    32.6589       1662     6.9208  0.000e+00
      3.015    21.0755   4.607678    32.6562       1663     6.9250  0.000e+00
      2.936    21.0761   4.607836    32.6570       1664     6.9292  0.000e+00
      2.849    21.0762   4.608335    32.6609       1665     6.9333  0.000e+00
      2.755    21.0772   4.608773    32.6636       1666     6.9375  0.000e+00
      2.653    21.0789   4.609259    32.6662       1667     6.9417  0.000e+00
      2.525    21.0796   4.609444    32.6672       1668     6.9458  0.000e+00
      2.369    21.0796   4.609362    32.6666       1669     6.9500  0.000e+00
      2.208    21.0789   4.609101    32.6651       1670     6.9542  0.000e+00
      2.040    21.0776   4.608807    32.6639       1671     6.9583  0.000e+00
      1.883    21.0768   4.608280    32.6603       1672     6.9625  0.000e+00
      1.754    21.0758   4.607965    32.6586       1673     6.9667  0.000e+00
      1.653    21.0752   4.607281    32.6537       1674     6.9708  0.000e+00
      1.575    21.0737   4.606173    32.6461       1675     6.9750  0.000e+00
      1.537    21.0717   4.604202    32.6320       1676     6.9792  0.000e+00
      1.546    21.0686   4.600386    32.6041       1677     6.9833  0.000e+00
      1.584    21.0666   4.599203    32.5963       1678     6.9875  0.000e+00
      1.629    21.0631   4.598649    32.5945       1679     6.9917  0.000e+00
      1.658    21.0558   4.601836    32.6253       1680     6.9958  0.000e+00
      1.664    21.0521   4.604805    32.6517       1681     7.0000  0.000e+00
      1.624    21.0518   4.607227    32.6711       1682     7.0042  0.000e+00
      1.523    21.0552   4.608992    32.6826       1683     7.0083  0.000e+00
      1.372    21.0617   4.609786    32.6840       1684     7.0125  0.000e+00
      1.197    21.0690   4.609792    32.6785       1685     7.0167  0.000e+00
      1.019    21.0743   4.609416    32.6715       1686     7.0208  0.000e+00
      0.875    21.0769   4.608807    32.6647       1687     7.0250  0.000e+00
      0.772    21.0777   4.607937    32.6573       1688     7.0292  0.000e+00
      0.714    21.0766   4.607677    32.6561       1689     7.0333  0.000e+00
      0.685    21.0736   4.607383    32.6560       1690     7.0375  0.000e+00
      0.641    21.0706   4.607862    32.6622       1691     7.0417  0.000e+00
      0.560    21.0696   4.608834    32.6707       1692     7.0458  0.000e+00
      0.470    21.0717   4.609286    32.6727       1693     7.0500  0.000e+00
      0.349    21.0734   4.609546    32.6734       1694     7.0542  0.000e+00
      0.193    21.0751   4.609703    32.6735       1695     7.0583  0.000e+00
      0.104    21.0764   4.609518    32.6711       1696     7.0625  0.000e+00
      0.099    21.0747   1.531872     9.7393       1697     7.0667  0.000e+00
      0.101    21.0518   0.487404     2.8475       1698     7.0708  0.000e+00
      0.101    20.9893   0.350186     2.0070       1699     7.0750  0.000e+00
      0.101    20.9414   0.285473     1.6185       1700     7.0792  0.000e+00
      0.099    20.9254   0.251083     1.4139       1701     7.0833  0.000e+00
      0.094    20.9186   0.228021     1.2775       1702     7.0875  0.000e+00
      0.094    20.9139   0.210878     1.1767       1703     7.0917  0.000e+00
      0.100    20.9077   0.195338     1.0859       1704     7.0958  0.000e+00
      0.102    20.8978   1.194398     7.4708       1705     7.1000  0.000e+00
      0.111    20.8859   1.350154     8.5315       1706     7.1042  0.000e+00
      0.104    20.8750   0.749233     4.5261       1707     7.1083  0.000e+00
      0.098    20.8407   0.421567     2.4521       1708     7.1125  0.000e+00
      0.104    20.7944   0.315090     1.8026       1709     7.1167  0.000e+00
      0.104    20.7743   0.252403     1.4266       1710     7.1208  0.000e+00
      0.104    20.7673   0.206716     1.1562       1711     7.1250  0.000e+00
      0.101    20.7628   0.173866     0.9641       1712     7.1292  0.000e+00
      0.099    20.7593   0.163674     0.9050       1713     7.1333  0.000e+00
      0.104    20.7563   0.149480     0.8230       1714     7.1375  0.000e+00
      0.101    20.7526   0.141446     0.7768       1715     7.1417  0.000e+00
      0.101    20.7487   0.134072     0.7346       1716     7.1458  0.000e+00
      0.099    20.7461   0.125643     0.6865       1717     7.1500  0.000e+00
      0.103    20.7426   0.117744     0.6416       1718     7.1542  0.000e+00
      0.105    20.7383   0.109485     0.5948       1719     7.1583  0.000e+00
