HB2407/sbe030.cnv
* Sea-Bird SBE 19plus V2 Data File:
* FileName = C:\cruise\data\sbe030.hex
* Software Version Seasave V 7.26.7.121
* Temperature SN = 7143
* Conductivity SN = 7143
* System UpLoad Time = Sep 19 2024 03:00:15
* NMEA Latitude = 36 23.73 N
* NMEA Longitude = 075 06.23 W
* NMEA UTC (Time) = Sep 19 2024  03:00:35
** Ship: Bigelow
** Cruise:  HB2407
** Program:  Fall Bottom Trawl
# nquan = 7
# nvalues = 1779                                  
# units = specified
# name 0 = depSM: Depth [salt water, m]
# name 1 = tv290C: Temperature [ITS-90, deg C]
# name 2 = c0S/m: Conductivity [S/m]
# name 3 = sal00: Salinity, Practical [PSU]
# name 4 = scan: Scan Count
# name 5 = timeM: Time, Elapsed [minutes]
# name 6 = flag:  0.000e+00
# span 0 =     -0.085,     30.212                 
# span 1 =    16.3476,    22.4801                 
# span 2 =  -0.000032,   4.701937                 
# span 3 =     0.0000,    32.7461                 
# span 4 =         11,       1789                 
# span 5 =     0.0417,     7.4500                 
# span 6 = 0.0000e+00, 0.0000e+00                 
# interval = seconds: 0.25
# start_time = Sep 19 2024 03:00:35 [NMEA time, header]
# bad_flag = -9.990e-29
*END*
[from data line 1026]
     21.643    16.9711   4.125694    31.8577       1037     4.3167  0.000e+00
     21.543    16.9649   4.124949    31.8562       1038     4.3208  0.000e+00
     21.445    16.9599   4.125067    31.8612       1039     4.3250  0.000e+00
     21.353    16.9599   4.126439    31.8730       1040     4.3292  0.000e+00
     21.264    16.9671   4.129419    31.8931       1041     4.3333  0.000e+00
     21.183    17.0110   4.158991    32.1130       1042     4.3375  0.000e+00
     21.119    17.1883   4.197100    32.2993       1043     4.3417  0.000e+00
     21.081    17.4523   4.217844    32.2665       1044     4.3458  0.000e+00
     21.054    17.7093   4.229861    32.1651       1045     4.3500  0.000e+00
     21.045    17.9187   4.237347    32.0636       1046     4.3542  0.000e+00
     21.049    18.0840   4.244528    31.9946       1047     4.3583  0.000e+00
     21.069    18.2089   4.246292    31.9120       1048     4.3625  0.000e+00
     21.100    18.2973   4.246879    31.8483       1049     4.3667  0.000e+00
     21.136    18.3594   4.246515    31.7972       1050     4.3708  0.000e+00
     21.159    18.4004   4.248233    31.7798       1051     4.3750  0.000e+00
     21.176    18.4279   4.249999    31.7733       1052     4.3792  0.000e+00
     21.185    18.4344   4.248008    31.7516       1053     4.3833  0.000e+00
     21.183    18.4238   4.244570    31.7312       1054     4.3875  0.000e+00
     21.169    18.4042   4.243004    31.7332       1055     4.3917  0.000e+00
     21.140    18.3855   4.245317    31.7670       1056     4.3958  0.000e+00
     21.094    18.3802   4.250548    31.8148       1057     4.4000  0.000e+00
     21.036    18.3943   4.258006    31.8662       1058     4.4042  0.000e+00
     20.978    18.4281   4.263455    31.8856       1059     4.4083  0.000e+00
     20.917    18.4712   4.267031    31.8820       1060     4.4125  0.000e+00
     20.851    18.5130   4.269760    31.8724       1061     4.4167  0.000e+00
     20.790    18.5537   4.273452    31.8718       1062     4.4208  0.000e+00
     20.730    18.5936   4.277801    31.8772       1063     4.4250  0.000e+00
     20.685    18.6338   4.280985    31.8726       1064     4.4292  0.000e+00
     20.652    18.6687   4.282689    31.8598       1065     4.4333  0.000e+00
     20.631    18.7013   4.285184    31.8554       1066     4.4375  0.000e+00
     20.622    18.7338   4.286890    31.8445       1067     4.4417  0.000e+00
     20.633    18.7626   4.286491    31.8191       1068     4.4458  0.000e+00
     20.663    18.7874   4.285030    31.7879       1069     4.4500  0.000e+00
     20.696    18.8041   4.283192    31.7598       1070     4.4542  0.000e+00
     20.740    18.8122   4.279901    31.7264       1071     4.4583  0.000e+00
     20.792    18.8157   4.275636    31.6884       1072     4.4625  0.000e+00
     20.848    18.8175   4.275378    31.6848       1073     4.4667  0.000e+00
     20.899    18.8196   4.277287    31.6990       1074     4.4708  0.000e+00
     20.950    18.8227   4.280100    31.7199       1075     4.4750  0.000e+00
     20.988    18.8235   4.282415    31.7385       1076     4.4792  0.000e+00
     21.017    18.8149   4.282051    31.7420       1077     4.4833  0.000e+00
     21.031    18.7915   4.278163    31.7277       1078     4.4875  0.000e+00
     21.020    18.7565   4.273622    31.7170       1079     4.4917  0.000e+00
     20.995    18.7175   4.271865    31.7324       1080     4.4958  0.000e+00
     20.961    18.6830   4.272622    31.7652       1081     4.5000  0.000e+00
     20.903    18.6586   4.274677    31.8010       1082     4.5042  0.000e+00
     20.828    18.6510   4.279824    31.8496       1083     4.5083  0.000e+00
     20.747    18.6648   4.286014    31.8905       1084     4.5125  0.000e+00
     20.656    18.6996   4.291478    31.9090       1085     4.5167  0.000e+00
     20.551    18.7443   4.294148    31.8967       1086     4.5208  0.000e+00
     20.437    18.7861   4.297615    31.8932       1087     4.5250  0.000e+00
     20.321    18.8376   4.314960    31.9972       1088     4.5292  0.000e+00
     20.220    18.9476   4.342018    32.1361       1089     4.5333  0.000e+00
     20.122    19.1208   4.362123    32.1679       1090     4.5375  0.000e+00
     20.024    19.3178   4.381764    32.1772       1091     4.5417  0.000e+00
     19.944    19.5228   4.396839    32.1429       1092     4.5458  0.000e+00
     19.874    19.7140   4.405823    32.0695       1093     4.5500  0.000e+00
     19.809    19.8794   4.413727    32.0075       1094     4.5542  0.000e+00
     19.760    20.0137   4.419681    31.9537       1095     4.5583  0.000e+00
     19.725    20.1135   4.421696    31.8944       1096     4.5625  0.000e+00
     19.696    20.1866   4.424413    31.8611       1097     4.5667  0.000e+00
     19.686    20.2386   4.425979    31.8345       1098     4.5708  0.000e+00
     19.680    20.2750   4.427345    31.8181       1099     4.5750  0.000e+00
     19.686    20.3032   4.427176    31.7955       1100     4.5792  0.000e+00
     19.693    20.3267   4.426853    31.7753       1101     4.5833  0.000e+00
     19.711    20.3447   4.424800    31.7453       1102     4.5875  0.000e+00
     19.729    20.3584   4.419992    31.6965       1103     4.5917  0.000e+00
     19.756    20.3662   4.416066    31.6592       1104     4.5958  0.000e+00
     19.782    20.3667   4.413821    31.6409       1105     4.6000  0.000e+00
     19.812    20.3624   4.414184    31.6470       1106     4.6042  0.000e+00
     19.841    20.3601   4.417464    31.6749       1107     4.6083  0.000e+00
     19.859    20.3586   4.420590    31.7011       1108     4.6125  0.000e+00
     19.879    20.3529   4.421464    31.7124       1109     4.6167  0.000e+00
     19.887    20.3394   4.420691    31.7162       1110     4.6208  0.000e+00
     19.885    20.3212   4.419138    31.7174       1111     4.6250  0.000e+00
     19.874    20.2986   4.418393    31.7284       1112     4.6292  0.000e+00
     19.854    20.2698   4.415718    31.7286       1113     4.6333  0.000e+00
     19.827    20.2382   4.415207    31.7482       1114     4.6375  0.000e+00
     19.791    20.2095   4.416545    31.7805       1115     4.6417  0.000e+00
     19.749    20.1908   4.418710    31.8120       1116     4.6458  0.000e+00
     19.711    20.1884   4.422745    31.8463       1117     4.6500  0.000e+00
     19.668    20.2036   4.427083    31.8698       1118     4.6542  0.000e+00
     19.619    20.2330   4.430293    31.8734       1119     4.6583  0.000e+00
     19.575    20.2656   4.431867    31.8615       1120     4.6625  0.000e+00
     19.528    20.2967   4.434135    31.8563       1121     4.6667  0.000e+00
     19.490    20.3283   4.439105    31.8724       1122     4.6708  0.000e+00
     19.450    20.3718   4.445681    31.8924       1123     4.6750  0.000e+00
     19.421    20.4245   4.450743    31.8934       1124     4.6792  0.000e+00
     19.392    20.4769   4.454600    31.8848       1125     4.6833  0.000e+00
     19.369    20.5248   4.458897    31.8832       1126     4.6875  0.000e+00
     19.351    20.5691   4.463986    31.8906       1127     4.6917  0.000e+00
     19.335    20.6142   4.470125    31.9058       1128     4.6958  0.000e+00
     19.311    20.6581   4.475679    31.9171       1129     4.7000  0.000e+00
     19.297    20.7013   4.480735    31.9250       1130     4.7042  0.000e+00
     19.273    20.7456   4.489083    31.9582       1131     4.7083  0.000e+00
     19.244    20.7970   4.500119    32.0075       1132     4.7125  0.000e+00
     19.204    20.8568   4.511825    32.0556       1133     4.7167  0.000e+00
     19.152    20.9261   4.528290    32.1342       1134     4.7208  0.000e+00
     19.081    21.0258   4.555016    32.2710       1135     4.7250  0.000e+00
     19.000    21.1688   4.589600    32.4368       1136     4.7292  0.000e+00
     18.902    21.3710   4.636026    32.6500       1137     4.7333  0.000e+00
     18.813    21.6257   4.664613    32.6815       1138     4.7375  0.000e+00
     18.712    21.8646   4.677424    32.6012       1139     4.7417  0.000e+00
     18.610    22.0524   4.683965    32.5111       1140     4.7458  0.000e+00
     18.518    22.1865   4.688677    32.4473       1141     4.7500  0.000e+00
     18.429    22.2818   4.692419    32.4053       1142     4.7542  0.000e+00
     18.358    22.3483   4.693356    32.3631       1143     4.7583  0.000e+00
     18.291    22.3924   4.692466    32.3236       1144     4.7625  0.000e+00
     18.242    22.4199   4.691873    32.2986       1145     4.7667  0.000e+00
     18.204    22.4358   4.691900    32.2871       1146     4.7708  0.000e+00
     18.175    22.4460   4.691307    32.2750       1147     4.7750  0.000e+00
     18.166    22.4523   4.689611    32.2572       1148     4.7792  0.000e+00
     18.163    22.4563   4.686757    32.2323       1149     4.7833  0.000e+00
     18.176    22.4561   4.684152    32.2124       1150     4.7875  0.000e+00
     18.192    22.4514   4.682078    32.1999       1151     4.7917  0.000e+00
     18.210    22.4420   4.680198    32.1923       1152     4.7958  0.000e+00
     18.237    22.4360   4.679206    32.1891       1153     4.8000  0.000e+00
     18.261    22.4330   4.678372    32.1849       1154     4.8042  0.000e+00
     18.290    22.4301   4.678056    32.1846       1155     4.8083  0.000e+00
     18.317    22.4276   4.678855    32.1926       1156     4.8125  0.000e+00
     18.331    22.4258   4.677891    32.1865       1157     4.8167  0.000e+00
     18.341    22.4259   4.678318    32.1897       1158     4.8208  0.000e+00
     18.350    22.4274   4.682616    32.2217       1159     4.8250  0.000e+00
     18.350    22.4258   4.685413    32.2444       1160     4.8292  0.000e+00
     18.341    22.4211   4.686682    32.2577       1161     4.8333  0.000e+00
     18.332    22.4198   4.686950    32.2608       1162     4.8375  0.000e+00
     18.319    22.4231   4.691845    32.2960       1163     4.8417  0.000e+00
     18.304    22.4262   4.694569    32.3147       1164     4.8458  0.000e+00
     18.290    22.4293   4.694893    32.3149       1165     4.8500  0.000e+00
     18.266    22.4320   4.696838    32.3279       1166     4.8542  0.000e+00
     18.241    22.4384   4.699025    32.3400       1167     4.8583  0.000e+00
     18.208    22.4485   4.699453    32.3359       1168     4.8625  0.000e+00
     18.167    22.4558   4.698128    32.3202       1169     4.8667  0.000e+00
     18.129    22.4595   4.699936    32.3315       1170     4.8708  0.000e+00
     18.078    22.4638   4.701937    32.3437       1171     4.8750  0.000e+00
     18.035    22.4701   4.701833    32.3382       1172     4.8792  0.000e+00
     17.986    22.4747   4.701481    32.3321       1173     4.8833  0.000e+00
     17.931    22.4790   4.701612    32.3300       1174     4.8875  0.000e+00
     17.877    22.4801   4.701481    32.3282       1175     4.8917  0.000e+00
     17.821    22.4798   4.700632    32.3219       1176     4.8958  0.000e+00
     17.761    22.4778   4.700045    32.3188       1177     4.9000  0.000e+00
     17.692    22.4744   4.697886    32.3047       1178     4.9042  0.000e+00
     17.629    22.4681   4.696403    32.2980       1179     4.9083  0.000e+00
     17.555    22.4592   4.695085    32.2945       1180     4.9125  0.000e+00
     17.475    22.4511   4.694030    32.2924       1181     4.9167  0.000e+00
     17.392    22.4435   4.693058    32.2905       1182     4.9208  0.000e+00
     17.309    22.4372   4.692099    32.2879       1183     4.9250  0.000e+00
     17.216    22.4304   4.691527    32.2885       1184     4.9292  0.000e+00
     17.124    22.4250   4.690714    32.2863       1185     4.9333  0.000e+00
     17.028    22.4201   4.689286    32.2789       1186     4.9375  0.000e+00
     16.939    22.4135   4.687432    32.2695       1187     4.9417  0.000e+00
     16.856    22.4066   4.686274    32.2657       1188     4.9458  0.000e+00
     16.774    22.3995   4.685255    32.2632       1189     4.9500  0.000e+00
     16.711    22.3937   4.684125    32.2588       1190     4.9542  0.000e+00
     16.660    22.3887   4.683153    32.2550       1191     4.9583  0.000e+00
     16.622    22.3850   4.682161    32.2501       1192     4.9625  0.000e+00
     16.601    22.3798   4.680790    32.2434       1193     4.9667  0.000e+00
     16.606    22.3753   4.678965    32.2326       1194     4.9708  0.000e+00
     16.637    22.3707   4.675852    32.2120       1195     4.9750  0.000e+00
     16.690    22.3653   4.671454    32.1821       1196     4.9792  0.000e+00
     16.757    22.3612   4.670944    32.1811       1197     4.9833  0.000e+00
     16.838    22.3532   4.669823    32.1784       1198     4.9875  0.000e+00
     16.932    22.3370   4.668185    32.1777       1199     4.9917  0.000e+00
     17.028    22.3191   4.665936    32.1735       1200     4.9958  0.000e+00
     17.110    22.3056   4.663625    32.1656       1201     5.0000  0.000e+00
     17.195    22.2955   4.664251    32.1779       1202     5.0042  0.000e+00
     17.266    22.2892   4.665861    32.1950       1203     5.0083  0.000e+00
     17.320    22.2892   4.667650    32.2088       1204     5.0125  0.000e+00
     17.355    22.2975   4.673196    32.2454       1205     5.0167  0.000e+00
     17.357    22.3084   4.680199    32.2915       1206     5.0208  0.000e+00
     17.331    22.3224   4.685525    32.3222       1207     5.0250  0.000e+00
     17.281    22.3422   4.689963    32.3418       1208     5.0292  0.000e+00
     17.194    22.3629   4.690342    32.3294       1209     5.0333  0.000e+00
     17.089    22.3788   4.689701    32.3127       1210     5.0375  0.000e+00
     16.962    22.3867   4.688294    32.2960       1211     5.0417  0.000e+00
     16.806    22.3892   4.687053    32.2846       1212     5.0458  0.000e+00
     16.645    22.3882   4.685496    32.2734       1213     5.0500  0.000e+00
     16.475    22.3843   4.682133    32.2505       1214     5.0542  0.000e+00
     16.301    22.3757   4.674241    32.1960       1215     5.0583  0.000e+00
     16.140    22.3552   4.664573    32.1366       1216     5.0625  0.000e+00
     15.993    22.3245   4.659120    32.1172       1217     5.0667  0.000e+00
     15.857    22.2863   4.645393    32.0395       1218     5.0708  0.000e+00
     15.749    22.2288   4.627899    31.9467       1219     5.0750  0.000e+00
     15.660    22.1583   4.618560    31.9264       1220     5.0792  0.000e+00
     15.597    22.0950   4.614103    31.9384       1221     5.0833  0.000e+00
     15.557    22.0467   4.610804    31.9484       1222     5.0875  0.000e+00
     15.542    22.0127   4.608909    31.9587       1223     5.0917  0.000e+00
     15.552    21.9911   4.607930    31.9671       1224     5.0958  0.000e+00
     15.584    21.9767   4.607301    31.9728       1225     5.1000  0.000e+00
     15.630    21.9682   4.608143    31.9856       1226     5.1042  0.000e+00
     15.691    21.9607   4.608855    31.9966       1227     5.1083  0.000e+00
     15.766    21.9561   4.608301    31.9957       1228     5.1125  0.000e+00
     15.858    21.9513   4.607671    31.9944       1229     5.1167  0.000e+00
     15.950    21.9468   4.606139    31.9857       1230     5.1208  0.000e+00
     16.053    21.9423   4.605482    31.9839       1231     5.1250  0.000e+00
     16.149    21.9406   4.604955    31.9811       1232     5.1292  0.000e+00
     16.240    21.9446   4.606303    31.9885       1233     5.1333  0.000e+00
     16.316    21.9583   4.612332    32.0252       1234     5.1375  0.000e+00
     16.374    21.9840   4.626683    32.1177       1235     5.1417  0.000e+00
     16.405    22.0246   4.642871    32.2133       1236     5.1458  0.000e+00
     16.399    22.0755   4.655309    32.2720       1237     5.1500  0.000e+00
     16.372    22.1309   4.664233    32.3000       1238     5.1542  0.000e+00
     16.323    22.1835   4.668242    32.2920       1239     5.1583  0.000e+00
     16.249    22.2233   4.665724    32.2430       1240     5.1625  0.000e+00
