HB2407/sbe072.cnv
* Sea-Bird SBE 19plus V2 Data File:
* FileName = C:\cruise\data\sbe072.hex
* Software Version Seasave V 7.26.7.121
* Temperature SN = 7143
* Conductivity SN = 7143
* System UpLoad Time = Oct 10 2024 12:35:33
* NMEA Latitude = 40 35.75 N
* NMEA Longitude = 067 44.02 W
* NMEA UTC (Time) = Oct 10 2024  12:35:18
** Ship: Bigelow
** Cruise:  HB2407
** Program:  Fall Bottom Trawl
# nquan = 7
# nvalues = 2029                                  
# units = specified
# name 0 = depSM: Depth [salt water, m]
# name 1 = tv290C: Temperature [ITS-90, deg C]
# name 2 = c0S/m: Conductivity [S/m]
# name 3 = sal00: Salinity, Practical [PSU]
# name 4 = scan: Scan Count
# name 5 = timeM: Time, Elapsed [minutes]
# name 6 = flag:  0.000e+00
# span 0 =     -0.082,     81.110                 
# span 1 =     8.0855,    19.2262                 
# span 2 =   0.000056,   4.295716                 
# span 3 =     0.0096,    33.0227                 
# span 4 =         11,       2039                 
# span 5 =     0.0417,     8.4917                 
# span 6 = 0.0000e+00, 0.0000e+00                 
# interval = seconds: 0.25
# start_time = Oct 10 2024 12:35:18 [NMEA time, header]
# bad_flag = -9.990e-29
*END*
[from data line 206]
     25.540    17.2022   4.197990    32.2943        217     0.9000  0.000e+00
     25.721    17.2043   4.190366    32.2271        218     0.9042  0.000e+00
     25.902    17.2052   4.180264    32.1396        219     0.9083  0.000e+00
     26.072    17.1732   4.175214    32.1216        220     0.9125  0.000e+00
     26.232    17.0292   4.165090    32.1492        221     0.9167  0.000e+00
     26.380    16.8218   4.140075    32.0988        222     0.9208  0.000e+00
     26.516    16.6253   4.119294    32.0758        223     0.9250  0.000e+00
     26.641    16.4537   4.108353    32.1181        224     0.9292  0.000e+00
     26.768    16.3184   4.105224    32.1998        225     0.9333  0.000e+00
     26.898    16.2195   4.104985    32.2777        226     0.9375  0.000e+00
     27.025    16.1446   4.107476    32.3604        227     0.9417  0.000e+00
     27.161    16.0944   4.119399    32.5062        228     0.9458  0.000e+00
     27.297    16.0740   4.138326    32.6897        229     0.9500  0.000e+00
     27.436    16.0749   4.155100    32.8368        230     0.9542  0.000e+00
     27.585    16.0651   4.158934    32.8787        231     0.9583  0.000e+00
     27.733    16.0374   4.147718    32.8026        232     0.9625  0.000e+00
     27.885    16.0112   4.000323    31.5258        233     0.9667  0.000e+00
     28.041    15.8307   3.969521    31.3980        234     0.9708  0.000e+00
     28.197    15.4891   3.965077    31.6313        235     0.9750  0.000e+00
     28.360    15.2272   3.963165    31.8255        236     0.9792  0.000e+00
     28.504    15.0677   3.961631    31.9415        237     0.9833  0.000e+00
     28.640    14.9739   3.959461    31.9987        238     0.9875  0.000e+00
     28.767    14.9142   3.962854    32.0782        239     0.9917  0.000e+00
     28.877    14.8715   3.958461    32.0736        240     0.9958  0.000e+00
     28.981    14.8245   3.947484    32.0131        241     1.0000  0.000e+00
     29.073    14.7513   3.930307    31.9177        242     1.0042  0.000e+00
     29.165    14.6334   3.920375    31.9245        243     1.0083  0.000e+00
     29.263    14.5006   3.905444    31.8979        244     1.0125  0.000e+00
     29.366    14.3646   3.894095    31.9065        245     1.0167  0.000e+00
     29.480    14.2355   3.886546    31.9440        246     1.0208  0.000e+00
     29.600    14.1291   3.884349    32.0120        247     1.0250  0.000e+00
     29.730    14.0539   3.878743    32.0229        248     1.0292  0.000e+00
     29.873    13.9937   3.868271    31.9766        249     1.0333  0.000e+00
     30.027    13.9264   3.864774    32.0002        250     1.0375  0.000e+00
     30.190    13.8673   3.860648    32.0113        251     1.0417  0.000e+00
     30.367    13.8171   3.851955    31.9728        252     1.0458  0.000e+00
     30.543    13.7545   3.850400    32.0106        253     1.0500  0.000e+00
     30.722    13.7012   3.850052    32.0518        254     1.0542  0.000e+00
     30.903    13.6659   3.829272    31.8885        255     1.0583  0.000e+00
     31.084    13.5913   3.812623    31.7961        256     1.0625  0.000e+00
     31.264    13.4619   3.785794    31.6541        257     1.0667  0.000e+00
     31.427    13.2659   3.772738    31.6951        258     1.0708  0.000e+00
     31.588    13.0717   3.769038    31.8227        259     1.0750  0.000e+00
     31.736    12.9055   3.746448    31.7494        260     1.0792  0.000e+00
     31.878    12.7387   3.731678    31.7500        261     1.0833  0.000e+00
     32.011    12.5461   3.714523    31.7494        262     1.0875  0.000e+00
     32.144    12.3526   3.694926    31.7261        263     1.0917  0.000e+00
     32.270    12.1386   3.667510    31.6447        264     1.0958  0.000e+00
     32.403    11.8779   3.652135    31.7179        265     1.1000  0.000e+00
     32.535    11.6198   3.641795    31.8384        266     1.1042  0.000e+00
     32.672    11.4104   3.631633    31.9196        267     1.1083  0.000e+00
     32.812    11.2345   3.624958    32.0065        268     1.1125  0.000e+00
     32.953    11.0895   3.615521    32.0398        269     1.1167  0.000e+00
     33.102    10.9650   3.609563    32.0896        270     1.1208  0.000e+00
     33.252    10.8534   3.610826    32.1998        271     1.1250  0.000e+00
     33.406    10.7824   3.610889    32.2629        272     1.1292  0.000e+00
     33.560    10.7510   3.606182    32.2437        273     1.1333  0.000e+00
     33.715    10.7172   3.606974    32.2813        274     1.1375  0.000e+00
     33.878    10.6893   3.603320    32.2696        275     1.1417  0.000e+00
     34.038    10.6601   3.601225    32.2744        276     1.1458  0.000e+00
     34.201    10.6252   3.595115    32.2443        277     1.1500  0.000e+00
     34.366    10.5863   3.587811    32.2057        278     1.1542  0.000e+00
     34.518    10.5227   3.582025    32.2041        279     1.1583  0.000e+00
     34.675    10.4489   3.576650    32.2155        280     1.1625  0.000e+00
     34.835    10.3734   3.578747    32.3034        281     1.1667  0.000e+00
     34.981    10.3294   3.584298    32.3982        282     1.1708  0.000e+00
     35.124    10.3281   3.575887    32.3148        283     1.1750  0.000e+00
     35.257    10.3125   3.569837    32.2679        284     1.1792  0.000e+00
     35.374    10.2576   3.563035    32.2483        285     1.1833  0.000e+00
     35.494    10.1827   3.557652    32.2606        286     1.1875  0.000e+00
     35.599    10.1052   3.552654    32.2792        287     1.1917  0.000e+00
     35.697    10.0314   3.548758    32.3056        288     1.1958  0.000e+00
     35.793     9.9623   3.545497    32.3344        289     1.2000  0.000e+00
     35.894     9.9030   3.543465    32.3669        290     1.2042  0.000e+00
     35.990     9.8560   3.541317    32.3872        291     1.2083  0.000e+00
     36.088     9.8172   3.539064    32.3991        292     1.2125  0.000e+00
     36.182     9.7829   3.537929    32.4184        293     1.2167  0.000e+00
     36.278     9.7554   3.537623    32.4400        294     1.2208  0.000e+00
     36.383     9.7374   3.536856    32.4484        295     1.2250  0.000e+00
     36.486     9.7249   3.536138    32.4523        296     1.2292  0.000e+00
     36.591     9.7139   3.534531    32.4458        297     1.2333  0.000e+00
     36.698     9.6994   3.534335    32.4568        298     1.2375  0.000e+00
     36.812     9.6864   3.533716    32.4621        299     1.2417  0.000e+00
     36.930     9.6771   3.534642    32.4800        300     1.2458  0.000e+00
     37.055     9.6743   3.534802    32.4841        301     1.2500  0.000e+00
     37.185     9.6761   3.534906    32.4834        302     1.2542  0.000e+00
     37.324     9.6779   3.534716    32.4799        303     1.2583  0.000e+00
     37.476     9.6788   3.533655    32.4681        304     1.2625  0.000e+00
     37.634     9.6736   3.532226    32.4582        305     1.2667  0.000e+00
     37.801     9.6624   3.533839    32.4847        306     1.2708  0.000e+00
     37.980     9.6603   3.533367    32.4817        307     1.2750  0.000e+00
     38.161     9.6616   3.529350    32.4394        308     1.2792  0.000e+00
     38.349     9.6444   3.526028    32.4209        309     1.2833  0.000e+00
     38.538     9.6105   3.525550    32.4466        310     1.2875  0.000e+00
     38.735     9.5816   3.522916    32.4456        311     1.2917  0.000e+00
     38.927     9.5546   3.521679    32.4573        312     1.2958  0.000e+00
     39.115     9.5288   3.520313    32.4666        313     1.3000  0.000e+00
     39.304     9.5074   3.517466    32.4566        314     1.3042  0.000e+00
     39.488     9.4820   3.518385    32.4891        315     1.3083  0.000e+00
     39.667     9.4658   3.518214    32.5019        316     1.3125  0.000e+00
     39.834     9.4575   3.514614    32.4724        317     1.3167  0.000e+00
     39.986     9.4381   3.516120    32.5054        318     1.3208  0.000e+00
     40.126     9.4247   3.512913    32.4845        319     1.3250  0.000e+00
     40.247     9.4091   3.509083    32.4593        320     1.3292  0.000e+00
     40.356     9.3771   3.504076    32.4368        321     1.3333  0.000e+00
     40.441     9.3314   3.500372    32.4401        322     1.3375  0.000e+00
     40.511     9.2780   3.499157    32.4761        323     1.3417  0.000e+00
     40.573     9.2363   3.498809    32.5104        324     1.3458  0.000e+00
     40.625     9.2099   3.498424    32.5304        325     1.3500  0.000e+00
     40.676     9.1939   3.498119    32.5418        326     1.3542  0.000e+00
     40.729     9.1838   3.497906    32.5488        327     1.3583  0.000e+00
     40.779     9.1774   3.497771    32.5532        328     1.3625  0.000e+00
     40.835     9.1735   3.497625    32.5552        329     1.3667  0.000e+00
     40.908     9.1711   3.497533    32.5564        330     1.3708  0.000e+00
     40.993     9.1692   3.497362    32.5564        331     1.3750  0.000e+00
     41.083     9.1678   3.497252    32.5565        332     1.3792  0.000e+00
     41.196     9.1665   3.497533    32.5605        333     1.3833  0.000e+00
     41.312     9.1671   3.498010    32.5649        334     1.3875  0.000e+00
     41.444     9.1695   3.498120    32.5637        335     1.3917  0.000e+00
     41.583     9.1717   3.497802    32.5584        336     1.3958  0.000e+00
     41.735     9.1714   3.497252    32.5529        337     1.4000  0.000e+00
     41.893     9.1693   3.496776    32.5498        338     1.4042  0.000e+00
     42.060     9.1648   3.496605    32.5521        339     1.4083  0.000e+00
     42.232     9.1596   3.496758    32.5583        340     1.4125  0.000e+00
     42.400     9.1577   3.494828    32.5400        341     1.4167  0.000e+00
     42.567     9.1491   3.494437    32.5438        342     1.4208  0.000e+00
     42.733     9.1384   3.494480    32.5539        343     1.4250  0.000e+00
     42.898     9.1307   3.493680    32.5526        344     1.4292  0.000e+00
     43.058     9.1239   3.492936    32.5510        345     1.4333  0.000e+00
     43.215     9.1155   3.492771    32.5569        346     1.4375  0.000e+00
     43.373     9.1093   3.492344    32.5581        347     1.4417  0.000e+00
     43.518     9.1035   3.492130    32.5611        348     1.4458  0.000e+00
     43.670     9.0983   3.491843    32.5629        349     1.4500  0.000e+00
     43.817     9.0945   3.491801    32.5658        350     1.4542  0.000e+00
     43.958     9.0914   3.491557    32.5660        351     1.4583  0.000e+00
     44.092     9.0886   3.491691    32.5699        352     1.4625  0.000e+00
     44.233     9.0873   3.491587    32.5700        353     1.4667  0.000e+00
     44.374     9.0867   3.491099    32.5654        354     1.4708  0.000e+00
     44.501     9.0845   3.491044    32.5668        355     1.4750  0.000e+00
     44.635     9.0815   3.490611    32.5650        356     1.4792  0.000e+00
     44.765     9.0788   3.490696    32.5683        357     1.4833  0.000e+00
     44.898     9.0765   3.490751    32.5709        358     1.4875  0.000e+00
     45.030     9.0752   3.490678    32.5712        359     1.4917  0.000e+00
     45.164     9.0752   3.490416    32.5685        360     1.4958  0.000e+00
     45.296     9.0734   3.489622    32.5618        361     1.5000  0.000e+00
     45.432     9.0688   3.487822    32.5473        362     1.5042  0.000e+00
     45.567     9.0563   3.487328    32.5536        363     1.5083  0.000e+00
     45.705     9.0425   3.487212    32.5650        364     1.5125  0.000e+00
     45.839     9.0334   3.486053    32.5612        365     1.5167  0.000e+00
     45.977     9.0224   3.483943    32.5493        366     1.5208  0.000e+00
     46.116     9.0047   3.481833    32.5435        367     1.5250  0.000e+00
     46.259     8.9792   3.481486    32.5632        368     1.5292  0.000e+00
     46.400     8.9591   3.480705    32.5735        369     1.5333  0.000e+00
     46.551     8.9434   3.480602    32.5867        370     1.5375  0.000e+00
     46.697     8.9330   3.480005    32.5899        371     1.5417  0.000e+00
     46.844     8.9247   3.480749    32.6052        372     1.5458  0.000e+00
     46.994     8.9219   3.480688    32.6071        373     1.5500  0.000e+00
     47.136     8.9226   3.479554    32.5946        374     1.5542  0.000e+00
     47.279     8.9184   3.479286    32.5956        375     1.5583  0.000e+00
     47.411     8.9126   3.479048    32.5984        376     1.5625  0.000e+00
     47.547     8.9076   3.478877    32.6011        377     1.5667  0.000e+00
     47.676     8.9037   3.478859    32.6045        378     1.5708  0.000e+00
     47.799     8.9011   3.478402    32.6020        379     1.5750  0.000e+00
     47.911     8.8974   3.477841    32.5995        380     1.5792  0.000e+00
     48.023     8.8918   3.477299    32.5990        381     1.5833  0.000e+00
     48.130     8.8858   3.477500    32.6066        382     1.5875  0.000e+00
     48.235     8.8819   3.477025    32.6052        383     1.5917  0.000e+00
     48.347     8.8779   3.476209    32.6003        384     1.5958  0.000e+00
     48.452     8.8717   3.475947    32.6032        385     1.6000  0.000e+00
     48.559     8.8658   3.475953    32.6086        386     1.6042  0.000e+00
     48.664     8.8624   3.475971    32.6119        387     1.6083  0.000e+00
     48.773     8.8608   3.475868    32.6122        388     1.6125  0.000e+00
     48.883     8.8599   3.475801    32.6123        389     1.6167  0.000e+00
     48.992     8.8591   3.476081    32.6160        390     1.6208  0.000e+00
     49.110     8.8591   3.476148    32.6166        391     1.6250  0.000e+00
     49.229     8.8601   3.475886    32.6128        392     1.6292  0.000e+00
     49.360     8.8599   3.475843    32.6125        393     1.6333  0.000e+00
     49.495     8.8587   3.475996    32.6152        394     1.6375  0.000e+00
     49.638     8.8582   3.476234    32.6181        395     1.6417  0.000e+00
     49.781     8.8596   3.475953    32.6138        396     1.6458  0.000e+00
     49.932     8.8594   3.475502    32.6092        397     1.6500  0.000e+00
     50.078     8.8574   3.475265    32.6085        398     1.6542  0.000e+00
     50.223     8.8541   3.475332    32.6122        399     1.6583  0.000e+00
     50.368     8.8522   3.475564    32.6163        400     1.6625  0.000e+00
     50.515     8.8522   3.475521    32.6158        401     1.6667  0.000e+00
     50.654     8.8524   3.475265    32.6128        402     1.6708  0.000e+00
     50.794     8.8515   3.474863    32.6094        403     1.6750  0.000e+00
     50.931     8.8490   3.474961    32.6126        404     1.6792  0.000e+00
     51.065     8.8471   3.474144    32.6059        405     1.6833  0.000e+00
     51.205     8.8429   3.473693    32.6050        406     1.6875  0.000e+00
     51.349     8.8369   3.473590    32.6093        407     1.6917  0.000e+00
     51.496     8.8320   3.473651    32.6144        408     1.6958  0.000e+00
     51.643     8.8288   3.473353    32.6142        409     1.7000  0.000e+00
     51.795     8.8261   3.472957    32.6125        410     1.7042  0.000e+00
     51.949     8.8224   3.472683    32.6129        411     1.7083  0.000e+00
     52.112     8.8185   3.472707    32.6166        412     1.7125  0.000e+00
     52.273     8.8158   3.471976    32.6115        413     1.7167  0.000e+00
     52.429     8.8117   3.471465    32.6098        414     1.7208  0.000e+00
     52.595     8.8053   3.471008    32.6109        415     1.7250  0.000e+00
     52.762     8.7986   3.470728    32.6141        416     1.7292  0.000e+00
     52.920     8.7925   3.470606    32.6183        417     1.7333  0.000e+00
     53.079     8.7877   3.470089    32.6173        418     1.7375  0.000e+00
     53.237     8.7829   3.470320    32.6240        419     1.7417  0.000e+00
     53.380     8.7796   3.469852    32.6220        420     1.7458  0.000e+00
