HB2407/sbe015.cnv
* Sea-Bird SBE 19plus V2 Data File:
* FileName = C:\cruise\data\sbe015.hex
* Software Version Seasave V 7.26.7.121
* Temperature SN = 7143
* Conductivity SN = 7143
* System UpLoad Time = Sep 11 2024 09:06:56
* NMEA Latitude = 36 55.24 N
* NMEA Longitude = 075 11.19 W
* NMEA UTC (Time) = Sep 11 2024  09:07:07
** Ship: Bigelow
** Cruise:  HB2407
** Program:  Fall Bottom Trawl
# nquan = 7
# nvalues = 1286                                  
# units = specified
# name 0 = depSM: Depth [salt water, m]
# name 1 = tv290C: Temperature [ITS-90, deg C]
# name 2 = c0S/m: Conductivity [S/m]
# name 3 = sal00: Salinity, Practical [PSU]
# name 4 = scan: Scan Count
# name 5 = timeM: Time, Elapsed [minutes]
# name 6 = flag:  0.000e+00
# span 0 =      0.015,     32.231                 
# span 1 =    11.8172,    22.2457                 
# span 2 =   0.000011,   4.664925                 
# span 3 =     0.0102,    32.4900                 
# span 4 =         11,       1296                 
# span 5 =     0.0417,     5.3958                 
# span 6 = 0.0000e+00, 0.0000e+00                 
# interval = seconds: 0.25
# start_time = Sep 11 2024 09:07:07 [NMEA time, header]
# bad_flag = -9.990e-29
*END*
[from data line 821]
     12.505    22.2268   4.660619    32.2021        832     3.4625  0.000e+00
     12.482    22.2265   4.660646    32.2026        833     3.4667  0.000e+00
     12.460    22.2265   4.660564    32.2019        834     3.4708  0.000e+00
     12.434    22.2262   4.660406    32.2009        835     3.4750  0.000e+00
     12.404    22.2257   4.659973    32.1980        836     3.4792  0.000e+00
     12.364    22.2246   4.659120    32.1922        837     3.4833  0.000e+00
     12.320    22.2221   4.658804    32.1916        838     3.4875  0.000e+00
     12.275    22.2195   4.658529    32.1914        839     3.4917  0.000e+00
     12.228    22.2170   4.658213    32.1908        840     3.4958  0.000e+00
     12.183    22.2150   4.657175    32.1843        841     3.5000  0.000e+00
     12.136    22.2118   4.653759    32.1602        842     3.5042  0.000e+00
     12.091    22.2034   4.650262    32.1395        843     3.5083  0.000e+00
     12.049    22.1913   4.649974    32.1462        844     3.5125  0.000e+00
     12.015    22.1817   4.649919    32.1529        845     3.5167  0.000e+00
     11.978    22.1758   4.649946    32.1574        846     3.5208  0.000e+00
     11.948    22.1728   4.649919    32.1595        847     3.5250  0.000e+00
     11.924    22.1711   4.649946    32.1609        848     3.5292  0.000e+00
     11.897    22.1706   4.649946    32.1613        849     3.5333  0.000e+00
     11.872    22.1701   4.649892    32.1613        850     3.5375  0.000e+00
     11.850    22.1698   4.649864    32.1613        851     3.5417  0.000e+00
     11.832    22.1697   4.649864    32.1614        852     3.5458  0.000e+00
     11.806    22.1692   4.649837    32.1615        853     3.5500  0.000e+00
     11.783    22.1696   4.649651    32.1598        854     3.5542  0.000e+00
     11.754    22.1697   4.649411    32.1579        855     3.5583  0.000e+00
     11.729    22.1697   4.649253    32.1567        856     3.5625  0.000e+00
     11.700    22.1693   4.649198    32.1565        857     3.5667  0.000e+00
     11.674    22.1697   4.649170    32.1560        858     3.5708  0.000e+00
     11.651    22.1697   4.649225    32.1565        859     3.5750  0.000e+00
     11.620    22.1703   4.649225    32.1560        860     3.5792  0.000e+00
     11.598    22.1710   4.649280    32.1560        861     3.5833  0.000e+00
     11.573    22.1717   4.649253    32.1553        862     3.5875  0.000e+00
     11.549    22.1726   4.649280    32.1548        863     3.5917  0.000e+00
     11.536    22.1733   4.649253    32.1541        864     3.5958  0.000e+00
     11.517    22.1738   4.649280    32.1540        865     3.6000  0.000e+00
     11.502    22.1740   4.649198    32.1531        866     3.6042  0.000e+00
     11.479    22.1740   4.649095    32.1523        867     3.6083  0.000e+00
     11.462    22.1743   4.649040    32.1517        868     3.6125  0.000e+00
     11.446    22.1740   4.649094    32.1523        869     3.6167  0.000e+00
     11.422    22.1740   4.649067    32.1522        870     3.6208  0.000e+00
     11.401    22.1742   4.648930    32.1509        871     3.6250  0.000e+00
     11.372    22.1737   4.648909    32.1512        872     3.6292  0.000e+00
     11.343    22.1737   4.648428    32.1475        873     3.6333  0.000e+00
     11.310    22.1725   4.648188    32.1465        874     3.6375  0.000e+00
     11.281    22.1706   4.648318    32.1489        875     3.6417  0.000e+00
     11.256    22.1702   4.648215    32.1484        876     3.6458  0.000e+00
     11.223    22.1697   4.647680    32.1446        877     3.6500  0.000e+00
     11.193    22.1678   4.646856    32.1397        878     3.6542  0.000e+00
     11.164    22.1652   4.647199    32.1443        879     3.6583  0.000e+00
     11.135    22.1635   4.647068    32.1446        880     3.6625  0.000e+00
     11.117    22.1626   4.646911    32.1440        881     3.6667  0.000e+00
     11.091    22.1616   4.646959    32.1451        882     3.6708  0.000e+00
     11.073    22.1610   4.646911    32.1452        883     3.6750  0.000e+00
     11.057    22.1605   4.646938    32.1458        884     3.6792  0.000e+00
     11.035    22.1605   4.646876    32.1453        885     3.6833  0.000e+00
     11.010    22.1604   4.646910    32.1456        886     3.6875  0.000e+00
     10.983    22.1600   4.647041    32.1470        887     3.6917  0.000e+00
     10.952    22.1602   4.646938    32.1460        888     3.6958  0.000e+00
     10.918    22.1605   4.646856    32.1452        889     3.7000  0.000e+00
     10.873    22.1602   4.646217    32.1405        890     3.7042  0.000e+00
     10.824    22.1588   4.645736    32.1378        891     3.7083  0.000e+00
     10.775    22.1566   4.644061    32.1265        892     3.7125  0.000e+00
     10.726    22.1515   4.643368    32.1249        893     3.7167  0.000e+00
     10.677    22.1462   4.643423    32.1293        894     3.7208  0.000e+00
     10.623    22.1426   4.644061    32.1369        895     3.7250  0.000e+00
     10.581    22.1419   4.643766    32.1351        896     3.7292  0.000e+00
     10.550    22.1414   4.643718    32.1351        897     3.7333  0.000e+00
     10.516    22.1411   4.643052    32.1302        898     3.7375  0.000e+00
     10.494    22.1395   4.643292    32.1332        899     3.7417  0.000e+00
     10.481    22.1383   4.642915    32.1313        900     3.7458  0.000e+00
     10.474    22.1369   4.642729    32.1308        901     3.7500  0.000e+00
     10.474    22.1355   4.642729    32.1318        902     3.7542  0.000e+00
     10.480    22.1350   4.642915    32.1336        903     3.7583  0.000e+00
     10.489    22.1346   4.642942    32.1341        904     3.7625  0.000e+00
     10.501    22.1346   4.643107    32.1354        905     3.7667  0.000e+00
     10.509    22.1349   4.643320    32.1368        906     3.7708  0.000e+00
     10.527    22.1363   4.643182    32.1348        907     3.7750  0.000e+00
     10.536    22.1367   4.643052    32.1335        908     3.7792  0.000e+00
     10.538    22.1365   4.643292    32.1355        909     3.7833  0.000e+00
     10.538    22.1369   4.643107    32.1337        910     3.7875  0.000e+00
     10.527    22.1372   4.643127    32.1337        911     3.7917  0.000e+00
     10.514    22.1370   4.643265    32.1349        912     3.7958  0.000e+00
     10.494    22.1373   4.643423    32.1359        913     3.8000  0.000e+00
     10.462    22.1377   4.643340    32.1350        914     3.8042  0.000e+00
     10.427    22.1380   4.643821    32.1385        915     3.8083  0.000e+00
     10.389    22.1390   4.643320    32.1339        916     3.8125  0.000e+00
     10.335    22.1392   4.643285    32.1334        917     3.8167  0.000e+00
     10.286    22.1384   4.643079    32.1325        918     3.8208  0.000e+00
     10.226    22.1375   4.642969    32.1323        919     3.8250  0.000e+00
     10.177    22.1371   4.642914    32.1322        920     3.8292  0.000e+00
     10.125    22.1364   4.642811    32.1319        921     3.8333  0.000e+00
     10.080    22.1356   4.642839    32.1328        922     3.8375  0.000e+00
     10.036    22.1354   4.642729    32.1321        923     3.8417  0.000e+00
      9.998    22.1350   4.642654    32.1318        924     3.8458  0.000e+00
      9.968    22.1341   4.642784    32.1335        925     3.8500  0.000e+00
      9.942    22.1342   4.642654    32.1324        926     3.8542  0.000e+00
      9.922    22.1339   4.642441    32.1310        927     3.8583  0.000e+00
      9.904    22.1334   4.642413    32.1312        928     3.8625  0.000e+00
      9.897    22.1331   4.642386    32.1312        929     3.8667  0.000e+00
      9.881    22.1325   4.642413    32.1318        930     3.8708  0.000e+00
      9.868    22.1323   4.642413    32.1320        931     3.8750  0.000e+00
      9.859    22.1321   4.642441    32.1323        932     3.8792  0.000e+00
      9.848    22.1323   4.642358    32.1316        933     3.8833  0.000e+00
      9.838    22.1322   4.642303    32.1312        934     3.8875  0.000e+00
      9.827    22.1319   4.642331    32.1317        935     3.8917  0.000e+00
      9.812    22.1318   4.642441    32.1326        936     3.8958  0.000e+00
      9.790    22.1324   4.642468    32.1324        937     3.9000  0.000e+00
      9.767    22.1329   4.642544    32.1326        938     3.9042  0.000e+00
      9.744    22.1334   4.642626    32.1329        939     3.9083  0.000e+00
      9.713    22.1342   4.642756    32.1332        940     3.9125  0.000e+00
      9.684    22.1354   4.643264    32.1363        941     3.9167  0.000e+00
      9.651    22.1371   4.643532    32.1372        942     3.9208  0.000e+00
      9.617    22.1399   4.643635    32.1359        943     3.9250  0.000e+00
      9.584    22.1420   4.643820    32.1358        944     3.9292  0.000e+00
      9.552    22.1437   4.644356    32.1387        945     3.9333  0.000e+00
      9.523    22.1467   4.644939    32.1410        946     3.9375  0.000e+00
      9.483    22.1505   4.645605    32.1433        947     3.9417  0.000e+00
      9.461    22.1547   4.646271    32.1454        948     3.9458  0.000e+00
      9.439    22.1595   4.646134    32.1408        949     3.9500  0.000e+00
      9.423    22.1630   4.646601    32.1419        950     3.9542  0.000e+00
      9.412    22.1659   4.645763    32.1332        951     3.9583  0.000e+00
      9.394    22.1658   4.646244    32.1370        952     3.9625  0.000e+00
      9.387    22.1659   4.646855    32.1417        953     3.9667  0.000e+00
      9.365    22.1683   4.646827    32.1397        954     3.9708  0.000e+00
      9.360    22.1700   4.646827    32.1384        955     3.9750  0.000e+00
      9.346    22.1713   4.647253    32.1408        956     3.9792  0.000e+00
      9.337    22.1728   4.646827    32.1364        957     3.9833  0.000e+00
      9.318    22.1731   4.646587    32.1343        958     3.9875  0.000e+00
      9.304    22.1724   4.646855    32.1369        959     3.9917  0.000e+00
      9.291    22.1723   4.647390    32.1411        960     3.9958  0.000e+00
      9.273    22.1735   4.646745    32.1353        961     4.0000  0.000e+00
      9.257    22.1738   4.646669    32.1345        962     4.0042  0.000e+00
      9.235    22.1732   4.647493    32.1413        963     4.0083  0.000e+00
      9.213    22.1742   4.647837    32.1432        964     4.0125  0.000e+00
      9.188    22.1772   4.648159    32.1435        965     4.0167  0.000e+00
      9.163    22.1803   4.648585    32.1445        966     4.0208  0.000e+00
      9.136    22.1851   4.648049    32.1368        967     4.0250  0.000e+00
      9.107    22.1897   4.647706    32.1307        968     4.0292  0.000e+00
      9.072    22.1931   4.648132    32.1316        969     4.0333  0.000e+00
      9.043    22.1986   4.648715    32.1320        970     4.0375  0.000e+00
      9.007    22.2056   4.649491    32.1329        971     4.0417  0.000e+00
      8.976    22.2142   4.649890    32.1296        972     4.0458  0.000e+00
      8.946    22.2217   4.650212    32.1266        973     4.0500  0.000e+00
      8.915    22.2275   4.650528    32.1247        974     4.0542  0.000e+00
      8.888    22.2319   4.650604    32.1221        975     4.0583  0.000e+00
      8.861    22.2351   4.650501    32.1189        976     4.0625  0.000e+00
      8.833    22.2373   4.650425    32.1167        977     4.0667  0.000e+00
      8.812    22.2396   4.650260    32.1138        978     4.0708  0.000e+00
      8.788    22.2425   4.649834    32.1083        979     4.0750  0.000e+00
      8.759    22.2448   4.648666    32.0976        980     4.0792  0.000e+00
      8.732    22.2457   4.646771    32.0823        981     4.0833  0.000e+00
      8.703    22.2449   4.646057    32.0774        982     4.0875  0.000e+00
      8.665    22.2440   4.645844    32.0764        983     4.0917  0.000e+00
      8.631    22.2431   4.645576    32.0750        984     4.0958  0.000e+00
      8.585    22.2420   4.645363    32.0742        985     4.1000  0.000e+00
      8.551    22.2409   4.644992    32.0721        986     4.1042  0.000e+00
      8.504    22.2397   4.644594    32.0700        987     4.1083  0.000e+00
      8.461    22.2378   4.644512    32.0708        988     4.1125  0.000e+00
      8.424    22.2359   4.644299    32.0705        989     4.1167  0.000e+00
      8.390    22.2345   4.643180    32.0629        990     4.1208  0.000e+00
      8.361    22.2318   4.642995    32.0635        991     4.1250  0.000e+00
      8.345    22.2290   4.642940    32.0651        992     4.1292  0.000e+00
      8.330    22.2271   4.642892    32.0662        993     4.1333  0.000e+00
      8.325    22.2254   4.642727    32.0662        994     4.1375  0.000e+00
      8.325    22.2248   4.642068    32.0615        995     4.1417  0.000e+00
      8.327    22.2235   4.640496    32.0503        996     4.1458  0.000e+00
      8.330    22.2196   4.639192    32.0431        997     4.1500  0.000e+00
      8.343    22.2148   4.639007    32.0452        998     4.1542  0.000e+00
      8.356    22.2113   4.639275    32.0499        999     4.1583  0.000e+00
      8.360    22.2097   4.640709    32.0621       1000     4.1625  0.000e+00
      8.363    22.2104   4.641450    32.0674       1001     4.1667  0.000e+00
      8.352    22.2126   4.642624    32.0748       1002     4.1708  0.000e+00
      8.349    22.2163   4.642514    32.0712       1003     4.1750  0.000e+00
      8.331    22.2198   4.641691    32.0623       1004     4.1792  0.000e+00
      8.305    22.2198   4.642041    32.0650       1005     4.1833  0.000e+00
      8.280    22.2200   4.640736    32.0548       1006     4.1875  0.000e+00
      8.246    22.2180   4.639432    32.0461       1007     4.1917  0.000e+00
      8.215    22.2147   4.637628    32.0347       1008     4.1958  0.000e+00
      8.175    22.2097   4.636887    32.0326       1009     4.2000  0.000e+00
      8.130    22.2044   4.634973    32.0218       1010     4.2042  0.000e+00
      8.092    22.1983   4.633142    32.0121       1011     4.2083  0.000e+00
      8.046    22.1907   4.632854    32.0155       1012     4.2125  0.000e+00
      8.009    22.1851   4.631791    32.0114       1013     4.2167  0.000e+00
      7.972    22.1801   4.630385    32.0042       1014     4.2208  0.000e+00
      7.942    22.1749   4.627156    31.9831       1015     4.2250  0.000e+00
      7.913    22.1663   4.624668    31.9702       1016     4.2292  0.000e+00
      7.891    22.1556   4.622784    31.9635       1017     4.2333  0.000e+00
      7.866    22.1450   4.622283    31.9674       1018     4.2375  0.000e+00
      7.849    22.1374   4.621071    31.9636       1019     4.2417  0.000e+00
      7.831    22.1306   4.616146    31.9305       1020     4.2458  0.000e+00
      7.815    22.1197   4.612696    31.9119       1021     4.2500  0.000e+00
      7.802    22.1055   4.609958    31.9011       1022     4.2542  0.000e+00
      7.791    22.0925   4.609164    31.9044       1023     4.2583  0.000e+00
      7.779    22.0829   4.608877    31.9093       1024     4.2625  0.000e+00
      7.764    22.0766   4.609007    31.9149       1025     4.2667  0.000e+00
      7.748    22.0731   4.608535    31.9139       1026     4.2708  0.000e+00
      7.733    22.0706   4.605928    31.8955       1027     4.2750  0.000e+00
      7.719    22.0671   4.603711    31.8809       1028     4.2792  0.000e+00
      7.694    22.0611   4.597824    31.8397       1029     4.2833  0.000e+00
      7.679    22.0512   4.594700    31.8228       1030     4.2875  0.000e+00
      7.656    22.0403   4.593231    31.8194       1031     4.2917  0.000e+00
      7.630    22.0318   4.591236    31.8102       1032     4.2958  0.000e+00
      7.600    22.0251   4.589876    31.8045       1033     4.3000  0.000e+00
      7.565    22.0200   4.587465    31.7897       1034     4.3042  0.000e+00
      7.533    22.0172   4.586325    31.7828       1035     4.3083  0.000e+00
