HB2407/sbe080.cnv
* Sea-Bird SBE 19plus V2 Data File:
* FileName = C:\cruise\data\sbe080.hex
* Software Version Seasave V 7.26.7.121
* Temperature SN = 7143
* Conductivity SN = 7143
* System UpLoad Time = Oct 12 2024 12:48:41
* NMEA Latitude = 40 55.79 N
* NMEA Longitude = 067 43.56 W
* NMEA UTC (Time) = Oct 12 2024  12:48:28
** Ship: Bigelow
** Cruise:  HB2407
** Program:  Fall Bottom Trawl
# nquan = 7
# nvalues = 1757                                  
# units = specified
# name 0 = depSM: Depth [salt water, m]
# name 1 = tv290C: Temperature [ITS-90, deg C]
# name 2 = c0S/m: Conductivity [S/m]
# name 3 = sal00: Salinity, Practical [PSU]
# name 4 = scan: Scan Count
# name 5 = timeM: Time, Elapsed [minutes]
# name 6 = flag:  0.000e+00
# span 0 =     -0.172,     58.967                 
# span 1 =    12.5233,    16.5062                 
# span 2 =   0.000078,   4.018646                 
# span 3 =     0.0084,    32.2458                 
# span 4 =         11,       1767                 
# span 5 =     0.0417,     7.3583                 
# span 6 = 0.0000e+00, 0.0000e+00                 
# interval = seconds: 0.25
# start_time = Oct 12 2024 12:48:28 [NMEA time, header]
# bad_flag = -9.990e-29
*END*
[from data line 206]
     21.988    15.0798   3.890747    31.2983        217     0.9000  0.000e+00
     22.124    14.8331   3.848466    31.1157        218     0.9042  0.000e+00
     22.261    14.3432   3.844936    31.4784        219     0.9083  0.000e+00
     22.395    13.9846   3.841374    31.7395        220     0.9125  0.000e+00
     22.531    13.7679   3.839125    31.8981        221     0.9167  0.000e+00
     22.663    13.6415   3.837440    31.9879        222     0.9208  0.000e+00
     22.790    13.5663   3.836496    32.0420        223     0.9250  0.000e+00
     22.913    13.5213   3.835533    32.0708        224     0.9292  0.000e+00
     23.034    13.4930   3.835001    32.0895        225     0.9333  0.000e+00
     23.149    13.4752   3.834665    32.1013        226     0.9375  0.000e+00
     23.275    13.4640   3.834361    32.1078        227     0.9417  0.000e+00
     23.407    13.4573   3.834266    32.1125        228     0.9458  0.000e+00
     23.552    13.4532   3.834221    32.1155        229     0.9500  0.000e+00
     23.704    13.4509   3.834126    32.1165        230     0.9542  0.000e+00
     23.856    13.4498   3.834082    32.1170        231     0.9583  0.000e+00
     24.019    13.4493   3.834361    32.1199        232     0.9625  0.000e+00
     24.180    13.4500   3.834494    32.1205        233     0.9667  0.000e+00
     24.343    13.4517   3.835052    32.1242        234     0.9708  0.000e+00
     24.510    13.4551   3.834729    32.1182        235     0.9750  0.000e+00
     24.678    13.4578   3.833898    32.1082        236     0.9792  0.000e+00
     24.845    13.4552   3.833670    32.1082        237     0.9833  0.000e+00
     25.004    13.4517   3.833620    32.1106        238     0.9875  0.000e+00
     25.153    13.4490   3.833480    32.1115        239     0.9917  0.000e+00
     25.283    13.4471   3.833024    32.1088        240     0.9958  0.000e+00
     25.399    13.4447   3.832403    32.1050        241     1.0000  0.000e+00
     25.504    13.4403   3.832080    32.1056        242     1.0042  0.000e+00
     25.604    13.4354   3.831712    32.1063        243     1.0083  0.000e+00
     25.694    13.4309   3.831180    32.1050        244     1.0125  0.000e+00
     25.786    13.4259   3.830255    32.1006        245     1.0167  0.000e+00
     25.877    13.4191   3.829571    32.0999        246     1.0208  0.000e+00
     25.964    13.4114   3.828766    32.0988        247     1.0250  0.000e+00
     26.051    13.4029   3.828443    32.1030        248     1.0292  0.000e+00
     26.143    13.3956   3.828126    32.1061        249     1.0333  0.000e+00
     26.239    13.3898   3.827436    32.1045        250     1.0375  0.000e+00
     26.337    13.3836   3.826562    32.1015        251     1.0417  0.000e+00
     26.447    13.3758   3.826087    32.1036        252     1.0458  0.000e+00
     26.568    13.3681   3.825853    32.1078        253     1.0500  0.000e+00
     26.702    13.3625   3.825093    32.1054        254     1.0542  0.000e+00
     26.845    13.3569   3.824751    32.1069        255     1.0583  0.000e+00
     27.005    13.3509   3.824884    32.1132        256     1.0625  0.000e+00
     27.173    13.3468   3.824403    32.1120        257     1.0667  0.000e+00
     27.349    13.3443   3.824910    32.1188        258     1.0708  0.000e+00
     27.526    13.3428   3.825119    32.1219        259     1.0750  0.000e+00
     27.716    13.3444   3.824979    32.1192        260     1.0792  0.000e+00
     27.908    13.3453   3.824384    32.1128        261     1.0833  0.000e+00
     28.089    13.3435   3.824334    32.1137        262     1.0875  0.000e+00
     28.265    13.3408   3.823466    32.1079        263     1.0917  0.000e+00
     28.437    13.3366   3.822681    32.1040        264     1.0958  0.000e+00
     28.582    13.3296   3.822384    32.1070        265     1.1000  0.000e+00
     28.711    13.3229   3.822130    32.1103        266     1.1042  0.000e+00
     28.826    13.3179   3.821814    32.1115        267     1.1083  0.000e+00
     28.928    13.3137   3.821580    32.1128        268     1.1125  0.000e+00
     29.024    13.3099   3.821213    32.1126        269     1.1167  0.000e+00
     29.111    13.3060   3.820966    32.1135        270     1.1208  0.000e+00
     29.188    13.3026   3.820846    32.1152        271     1.1250  0.000e+00
     29.268    13.3001   3.820801    32.1169        272     1.1292  0.000e+00
     29.348    13.2981   3.820713    32.1177        273     1.1333  0.000e+00
     29.429    13.2965   3.820618    32.1181        274     1.1375  0.000e+00
     29.522    13.2951   3.820061    32.1141        275     1.1417  0.000e+00
     29.630    13.2923   3.818833    32.1048        276     1.1458  0.000e+00
     29.750    13.2853   3.817985    32.1028        277     1.1500  0.000e+00
     29.898    13.2755   3.817707    32.1084        278     1.1542  0.000e+00
     30.063    13.2680   3.817890    32.1164        279     1.1583  0.000e+00
     30.248    13.2638   3.817321    32.1145        280     1.1625  0.000e+00
     30.445    13.2603   3.816701    32.1116        281     1.1667  0.000e+00
     30.643    13.2548   3.816220    32.1116        282     1.1708  0.000e+00
     30.845    13.2487   3.815689    32.1117        283     1.1750  0.000e+00
     31.052    13.2428   3.815442    32.1143        284     1.1792  0.000e+00
     31.253    13.2372   3.815784    32.1221        285     1.1833  0.000e+00
     31.447    13.2345   3.814550    32.1128        286     1.1875  0.000e+00
     31.617    13.2307   3.813380    32.1050        287     1.1917  0.000e+00
     31.758    13.2219   3.810870    32.0888        288     1.1958  0.000e+00
     31.869    13.2047   3.809567    32.0911        289     1.2000  0.000e+00
     31.959    13.1859   3.809062    32.1022        290     1.2042  0.000e+00
     32.032    13.1711   3.808860    32.1128        291     1.2083  0.000e+00
     32.097    13.1614   3.808423    32.1168        292     1.2125  0.000e+00
     32.157    13.1547   3.808152    32.1200        293     1.2167  0.000e+00
     32.215    13.1491   3.807785    32.1212        294     1.2208  0.000e+00
     32.278    13.1443   3.807532    32.1229        295     1.2250  0.000e+00
     32.351    13.1400   3.806439    32.1162        296     1.2292  0.000e+00
     32.447    13.1335   3.805978    32.1173        297     1.2333  0.000e+00
     32.548    13.1254   3.804771    32.1128        298     1.2375  0.000e+00
     32.675    13.1151   3.803993    32.1141        299     1.2417  0.000e+00
     32.813    13.1047   3.802787    32.1116        300     1.2458  0.000e+00
     32.959    13.0925   3.802446    32.1186        301     1.2500  0.000e+00
     33.108    13.0825   3.802174    32.1245        302     1.2542  0.000e+00
     33.262    13.0755   3.802061    32.1293        303     1.2583  0.000e+00
     33.417    13.0708   3.802174    32.1343        304     1.2625  0.000e+00
     33.575    13.0685   3.801783    32.1325        305     1.2667  0.000e+00
     33.729    13.0660   3.801600    32.1328        306     1.2708  0.000e+00
     33.886    13.0634   3.801511    32.1341        307     1.2750  0.000e+00
     34.031    13.0613   3.800918    32.1302        308     1.2792  0.000e+00
     34.169    13.0579   3.800665    32.1307        309     1.2833  0.000e+00
     34.294    13.0535   3.799509    32.1235        310     1.2875  0.000e+00
     34.411    13.0459   3.798777    32.1230        311     1.2917  0.000e+00
     34.524    13.0365   3.798436    32.1277        312     1.2958  0.000e+00
     34.627    13.0286   3.798366    32.1337        313     1.3000  0.000e+00
     34.728    13.0233   3.798070    32.1353        314     1.3042  0.000e+00
     34.822    13.0193   3.797981    32.1379        315     1.3083  0.000e+00
     34.913    13.0163   3.797912    32.1397        316     1.3125  0.000e+00
     35.012    13.0141   3.797779    32.1403        317     1.3167  0.000e+00
     35.114    13.0124   3.797843    32.1423        318     1.3208  0.000e+00
     35.220    13.0117   3.797799    32.1425        319     1.3250  0.000e+00
     35.342    13.0111   3.797773    32.1427        320     1.3292  0.000e+00
     35.470    13.0109   3.797729    32.1424        321     1.3333  0.000e+00
     35.604    13.0106   3.797641    32.1417        322     1.3375  0.000e+00
     35.749    13.0099   3.797685    32.1427        323     1.3417  0.000e+00
     35.903    13.0092   3.797571    32.1421        324     1.3458  0.000e+00
     36.064    13.0087   3.797710    32.1438        325     1.3500  0.000e+00
     36.226    13.0083   3.797660    32.1436        326     1.3542  0.000e+00
     36.398    13.0085   3.797597    32.1428        327     1.3583  0.000e+00
     36.568    13.0081   3.797711    32.1441        328     1.3625  0.000e+00
     36.742    13.0080   3.797389    32.1411        329     1.3667  0.000e+00
     36.915    13.0075   3.797092    32.1387        330     1.3708  0.000e+00
     37.087    13.0053   3.796953    32.1392        331     1.3750  0.000e+00
     37.247    13.0028   3.796776    32.1396        332     1.3792  0.000e+00
     37.402    13.0004   3.796524    32.1391        333     1.3833  0.000e+00
     37.547    12.9978   3.796164    32.1379        334     1.3875  0.000e+00
     37.679    12.9945   3.796051    32.1395        335     1.3917  0.000e+00
     37.795    12.9912   3.795842    32.1403        336     1.3958  0.000e+00
     37.900    12.9886   3.795754    32.1417        337     1.4000  0.000e+00
     37.987    12.9866   3.795703    32.1428        338     1.4042  0.000e+00
     38.063    12.9851   3.795981    32.1467        339     1.4083  0.000e+00
     38.127    12.9854   3.796026    32.1469        340     1.4125  0.000e+00
     38.185    12.9860   3.796026    32.1463        341     1.4167  0.000e+00
     38.255    12.9868   3.796051    32.1459        342     1.4208  0.000e+00
     38.331    12.9871   3.795887    32.1441        343     1.4250  0.000e+00
     38.411    12.9869   3.795773    32.1431        344     1.4292  0.000e+00
     38.500    12.9858   3.795672    32.1431        345     1.4333  0.000e+00
     38.610    12.9846   3.795527    32.1426        346     1.4375  0.000e+00
     38.728    12.9831   3.795502    32.1436        347     1.4417  0.000e+00
     38.862    12.9822   3.795571    32.1450        348     1.4458  0.000e+00
     39.009    12.9817   3.795616    32.1458        349     1.4500  0.000e+00
     39.163    12.9817   3.795660    32.1461        350     1.4542  0.000e+00
     39.324    12.9820   3.795685    32.1461        351     1.4583  0.000e+00
     39.490    12.9821   3.795527    32.1445        352     1.4625  0.000e+00
     39.662    12.9816   3.795458    32.1441        353     1.4667  0.000e+00
     39.836    12.9807   3.795048    32.1409        354     1.4708  0.000e+00
     40.005    12.9786   3.795004    32.1422        355     1.4750  0.000e+00
     40.171    12.9763   3.794682    32.1411        356     1.4792  0.000e+00
     40.325    12.9735   3.794322    32.1400        357     1.4833  0.000e+00
     40.465    12.9699   3.793912    32.1392        358     1.4875  0.000e+00
     40.584    12.9656   3.793640    32.1402        359     1.4917  0.000e+00
     40.680    12.9610   3.793432    32.1421        360     1.4958  0.000e+00
     40.774    12.9573   3.792940    32.1406        361     1.5000  0.000e+00
     40.863    12.9529   3.792523    32.1404        362     1.5042  0.000e+00
     40.952    12.9482   3.792208    32.1413        363     1.5083  0.000e+00
     41.049    12.9436   3.791823    32.1416        364     1.5125  0.000e+00
     41.146    12.9388   3.791615    32.1436        365     1.5167  0.000e+00
     41.258    12.9347   3.791482    32.1458        366     1.5208  0.000e+00
     41.377    12.9310   3.791161    32.1458        367     1.5250  0.000e+00
     41.509    12.9279   3.791047    32.1474        368     1.5292  0.000e+00
     41.641    12.9247   3.790915    32.1487        369     1.5333  0.000e+00
     41.785    12.9224   3.790662    32.1483        370     1.5375  0.000e+00
     41.937    12.9198   3.790618    32.1500        371     1.5417  0.000e+00
     42.087    12.9175   3.790391    32.1498        372     1.5458  0.000e+00
     42.254    12.9152   3.790410    32.1518        373     1.5500  0.000e+00
     42.424    12.9135   3.789552    32.1451        374     1.5542  0.000e+00
     42.594    12.9094   3.789729    32.1502        375     1.5583  0.000e+00
     42.775    12.9059   3.789843    32.1542        376     1.5625  0.000e+00
     42.953    12.9051   3.789142    32.1482        377     1.5667  0.000e+00
     43.128    12.9026   3.788732    32.1463        378     1.5708  0.000e+00
     43.295    12.8972   3.788581    32.1494        379     1.5750  0.000e+00
     43.454    12.8933   3.788758    32.1543        380     1.5792  0.000e+00
     43.587    12.8911   3.788575    32.1544        381     1.5833  0.000e+00
     43.711    12.8895   3.788077    32.1511        382     1.5875  0.000e+00
     43.818    12.8864   3.787780    32.1508        383     1.5917  0.000e+00
     43.918    12.8825   3.787484    32.1513        384     1.5958  0.000e+00
     44.003    12.8785   3.787326    32.1532        385     1.6000  0.000e+00
     44.092    12.8752   3.787188    32.1546        386     1.6042  0.000e+00
     44.193    12.8725   3.787125    32.1563        387     1.6083  0.000e+00
     44.310    12.8704   3.787188    32.1586        388     1.6125  0.000e+00
     44.439    12.8695   3.787238    32.1598        389     1.6167  0.000e+00
     44.579    12.8693   3.787282    32.1603        390     1.6208  0.000e+00
     44.727    12.8693   3.787257    32.1600        391     1.6250  0.000e+00
     44.887    12.8694   3.787327    32.1606        392     1.6292  0.000e+00
     45.059    12.8697   3.787352    32.1605        393     1.6333  0.000e+00
     45.234    12.8702   3.787302    32.1595        394     1.6375  0.000e+00
     45.407    12.8702   3.787352    32.1599        395     1.6417  0.000e+00
     45.582    12.8703   3.787283    32.1591        396     1.6458  0.000e+00
     45.750    12.8703   3.787239    32.1586        397     1.6500  0.000e+00
     45.915    12.8698   3.787144    32.1581        398     1.6542  0.000e+00
     46.070    12.8691   3.786961    32.1569        399     1.6583  0.000e+00
     46.205    12.8678   3.786898    32.1574        400     1.6625  0.000e+00
     46.329    12.8663   3.786785    32.1575        401     1.6667  0.000e+00
     46.435    12.8650   3.786785    32.1585        402     1.6708  0.000e+00
     46.539    12.8643   3.786716    32.1585        403     1.6750  0.000e+00
     46.629    12.8635   3.786735    32.1593        404     1.6792  0.000e+00
     46.718    12.8629   3.786716    32.1596        405     1.6833  0.000e+00
     46.808    12.8626   3.786735    32.1600        406     1.6875  0.000e+00
     46.888    12.8625   3.786690    32.1596        407     1.6917  0.000e+00
     46.970    12.8624   3.786716    32.1599        408     1.6958  0.000e+00
     47.054    12.8622   3.786716    32.1601        409     1.7000  0.000e+00
     47.152    12.8622   3.786735    32.1602        410     1.7042  0.000e+00
     47.257    12.8623   3.786735    32.1601        411     1.7083  0.000e+00
     47.379    12.8625   3.786760    32.1600        412     1.7125  0.000e+00
     47.504    12.8624   3.786785    32.1604        413     1.7167  0.000e+00
     47.649    12.8625   3.786785    32.1602        414     1.7208  0.000e+00
     47.804    12.8628   3.786804    32.1601        415     1.7250  0.000e+00
     47.971    12.8628   3.786849    32.1605        416     1.7292  0.000e+00
     48.150    12.8630   3.786874    32.1604        417     1.7333  0.000e+00
     48.339    12.8632   3.786899    32.1604        418     1.7375  0.000e+00
     48.531    12.8635   3.786918    32.1602        419     1.7417  0.000e+00
     48.732    12.8637   3.786849    32.1594        420     1.7458  0.000e+00
