HB2407/sbe090.cnv
* Sea-Bird SBE 19plus V2 Data File:
* FileName = C:\cruise\data\sbe090.hex
* Software Version Seasave V 7.26.7.121
* Temperature SN = 7037
* Conductivity SN = 7037
* System UpLoad Time = Oct 15 2024 06:38:10
* NMEA Latitude = 41 46.73 N
* NMEA Longitude = 069 52.91 W
* NMEA UTC (Time) = Oct 15 2024  06:38:01
** Ship: Bigelow
** Cruise:  HB2407
** Program:  Spring Bottom Trawl
# nquan = 8
# nvalues = 1699                                  
# units = specified
# name 0 = depSM: Depth [salt water, m]
# name 1 = tv290C: Temperature [ITS-90, deg C]
# name 2 = c0S/m: Conductivity [S/m]
# name 3 = sal00: Salinity, Practical [PSU]
# name 4 = scan: Scan Count
# name 5 = timeM: Time, Elapsed [minutes]
# name 6 = sbeox0V: Oxygen raw, SBE 43 [V]
# name 7 = flag:  0.000e+00
# span 0 =     -0.041,     20.674                 
# span 1 =     9.2662,    14.5688                 
# span 2 =   0.000407,   3.888329                 
# span 3 =     0.0062,    32.6093                 
# span 4 =         11,       1709                 
# span 5 =     0.0417,     7.1167                 
# span 6 =     1.9036,     2.5082                 
# span 7 = 0.0000e+00, 0.0000e+00                 
# interval = seconds: 0.25
# start_time = Oct 15 2024 06:38:01 [NMEA time, header]
# bad_flag = -9.990e-29
*END*
[from data line 540]
     19.106    14.1513   3.854777    31.7264        551     2.2917     2.2805  0.000e+00
     19.080    14.1391   3.854096    31.7303        552     2.2958     2.2799  0.000e+00
     19.053    14.1279   3.856659    31.7630        553     2.3000     2.2798  0.000e+00
     19.033    14.1268   3.858656    31.7823        554     2.3042     2.2794  0.000e+00
     19.017    14.1370   3.858841    31.7755        555     2.3083     2.2786  0.000e+00
     19.003    14.1479   3.860903    31.7855        556     2.3125     2.2788  0.000e+00
     18.990    14.1606   3.861501    31.7805        557     2.3167     2.2781  0.000e+00
     18.968    14.1749   3.860496    31.7595        558     2.3208     2.2795  0.000e+00
     18.950    14.1820   3.860657    31.7552        559     2.3250     2.2802  0.000e+00
     18.921    14.1856   3.861022    31.7555        560     2.3292     2.2799  0.000e+00
     18.900    14.1890   3.860741    31.7502        561     2.3333     2.2808  0.000e+00
     18.878    14.1913   3.860819    31.7490        562     2.3375     2.2828  0.000e+00
     18.856    14.1923   3.860795    31.7480        563     2.3417     2.2831  0.000e+00
     18.831    14.1932   3.860340    31.7431        564     2.3458     2.2826  0.000e+00
     18.811    14.1919   3.861590    31.7556        565     2.3500     2.2841  0.000e+00
     18.784    14.1945   3.860382    31.7424        566     2.3542     2.2854  0.000e+00
     18.761    14.1956   3.861452    31.7513        567     2.3583     2.2860  0.000e+00
     18.728    14.1972   3.862092    31.7558        568     2.3625     2.2867  0.000e+00
     18.699    14.2009   3.862319    31.7549        569     2.3667     2.2861  0.000e+00
     18.680    14.2066   3.866368    31.7873        570     2.3708     2.2873  0.000e+00
     18.665    14.2216   3.865549    31.7675        571     2.3750     2.2874  0.000e+00
     18.652    14.2361   3.863688    31.7386        572     2.3792     2.2880  0.000e+00
     18.643    14.2384   3.864980    31.7484        573     2.3833     2.2881  0.000e+00
     18.629    14.2416   3.866577    31.7604        574     2.3875     2.2901  0.000e+00
     18.618    14.2511   3.865937    31.7468        575     2.3917     2.2905  0.000e+00
     18.595    14.2567   3.867301    31.7546        576     2.3958     2.2916  0.000e+00
     18.573    14.2644   3.867211    31.7475        577     2.4000     2.2934  0.000e+00
     18.546    14.2716   3.870310    31.7699        578     2.4042     2.2931  0.000e+00
     18.522    14.2862   3.870999    31.7643        579     2.4083     2.2937  0.000e+00
     18.501    14.3021   3.872160    31.7618        580     2.4125     2.2954  0.000e+00
     18.473    14.3181   3.871704    31.7445        581     2.4167     2.2964  0.000e+00
     18.444    14.3279   3.873141    31.7496        582     2.4208     2.2978  0.000e+00
     18.426    14.3388   3.871812    31.7285        583     2.4250     2.2989  0.000e+00
     18.403    14.3440   3.870633    31.7135        584     2.4292     2.3021  0.000e+00
     18.385    14.3419   3.869514    31.7050        585     2.4333     2.3050  0.000e+00
     18.365    14.3343   3.870519    31.7205        586     2.4375     2.3066  0.000e+00
     18.354    14.3306   3.871884    31.7360        587     2.4417     2.3078  0.000e+00
     18.336    14.3339   3.871956    31.7339        588     2.4458     2.3078  0.000e+00
     18.320    14.3389   3.872051    31.7307        589     2.4500     2.3098  0.000e+00
     18.304    14.3424   3.872686    31.7336        590     2.4542     2.3101  0.000e+00
     18.284    14.3470   3.871746    31.7213        591     2.4583     2.3108  0.000e+00
     18.273    14.3476   3.871315    31.7168        592     2.4625     2.3137  0.000e+00
     18.257    14.3458   3.871728    31.7221        593     2.4667     2.3138  0.000e+00
     18.240    14.3448   3.871740    31.7230        594     2.4708     2.3156  0.000e+00
     18.226    14.3449   3.872524    31.7301        595     2.4750     2.3154  0.000e+00
     18.222    14.3476   3.872344    31.7263        596     2.4792     2.3162  0.000e+00
     18.219    14.3503   3.873578    31.7353        597     2.4833     2.3169  0.000e+00
     18.215    14.3557   3.873943    31.7342        598     2.4875     2.3178  0.000e+00
     18.212    14.3620   3.874098    31.7304        599     2.4917     2.3166  0.000e+00
     18.208    14.3673   3.874074    31.7259        600     2.4958     2.3157  0.000e+00
     18.199    14.3707   3.873984    31.7223        601     2.5000     2.3150  0.000e+00
     18.177    14.3727   3.874032    31.7211        602     2.5042     2.3151  0.000e+00
     18.150    14.3742   3.873895    31.7186        603     2.5083     2.3166  0.000e+00
     18.114    14.3743   3.873984    31.7193        604     2.5125     2.3176  0.000e+00
     18.074    14.3746   3.874421    31.7231        605     2.5167     2.3190  0.000e+00
     18.034    14.3771   3.876523    31.7402        606     2.5208     2.3198  0.000e+00
     17.980    14.3852   3.875128    31.7209        607     2.5250     2.3202  0.000e+00
     17.939    14.3900   3.874511    31.7114        608     2.5292     2.3205  0.000e+00
     17.895    14.3884   3.874786    31.7152        609     2.5333     2.3228  0.000e+00
     17.857    14.3876   3.874738    31.7154        610     2.5375     2.3243  0.000e+00
     17.825    14.3874   3.874307    31.7117        611     2.5417     2.3256  0.000e+00
     17.799    14.3854   3.873846    31.7091        612     2.5458     2.3263  0.000e+00
     17.779    14.3825   3.873936    31.7123        613     2.5500     2.3264  0.000e+00
     17.774    14.3799   3.873846    31.7137        614     2.5542     2.3269  0.000e+00
     17.769    14.3779   3.873918    31.7160        615     2.5583     2.3256  0.000e+00
     17.761    14.3767   3.874032    31.7179        616     2.5625     2.3253  0.000e+00
     17.770    14.3764   3.873942    31.7174        617     2.5667     2.3253  0.000e+00
     17.781    14.3765   3.874008    31.7179        618     2.5708     2.3260  0.000e+00
     17.783    14.3763   3.874050    31.7185        619     2.5750     2.3263  0.000e+00
     17.788    14.3764   3.873439    31.7128        620     2.5792     2.3254  0.000e+00
     17.787    14.3745   3.873164    31.7118        621     2.5833     2.3254  0.000e+00
     17.780    14.3712   3.872524    31.7087        622     2.5875     2.3263  0.000e+00
     17.767    14.3672   3.872458    31.7114        623     2.5917     2.3261  0.000e+00
     17.727    14.3629   3.872069    31.7114        624     2.5958     2.3251  0.000e+00
     17.696    14.3588   3.871452    31.7091        625     2.6000     2.3253  0.000e+00
     17.646    14.3534   3.870746    31.7071        626     2.6042     2.3247  0.000e+00
     17.597    14.3471   3.872183    31.7255        627     2.6083     2.3237  0.000e+00
     17.546    14.3463   3.871841    31.7230        628     2.6125     2.3233  0.000e+00
     17.499    14.3468   3.873212    31.7351        629     2.6167     2.3237  0.000e+00
     17.454    14.3503   3.874326    31.7424        630     2.6208     2.3218  0.000e+00
     17.411    14.3590   3.874481    31.7367        631     2.6250     2.3192  0.000e+00
     17.376    14.3673   3.873918    31.7248        632     2.6292     2.3198  0.000e+00
     17.347    14.3705   3.873457    31.7179        633     2.6333     2.3204  0.000e+00
     17.331    14.3703   3.874786    31.7302        634     2.6375     2.3199  0.000e+00
     17.319    14.3743   3.874828    31.7273        635     2.6417     2.3207  0.000e+00
     17.306    14.3785   3.874900    31.7246        636     2.6458     2.3201  0.000e+00
     17.293    14.3815   3.875391    31.7266        637     2.6500     2.3202  0.000e+00
     17.293    14.3856   3.875744    31.7264        638     2.6542     2.3204  0.000e+00
     17.297    14.3900   3.875517    31.7208        639     2.6583     2.3215  0.000e+00
     17.304    14.3927   3.874942    31.7134        640     2.6625     2.3205  0.000e+00
     17.303    14.3924   3.874397    31.7086        641     2.6667     2.3207  0.000e+00
     17.304    14.3901   3.876409    31.7288        642     2.6708     2.3214  0.000e+00
     17.299    14.3943   3.876558    31.7267        643     2.6750     2.3230  0.000e+00
     17.294    14.3989   3.875079    31.7095        644     2.6792     2.3237  0.000e+00
     17.286    14.3980   3.874966    31.7092        645     2.6833     2.3242  0.000e+00
     17.261    14.3948   3.874804    31.7104        646     2.6875     2.3250  0.000e+00
     17.236    14.3925   3.874624    31.7106        647     2.6917     2.3257  0.000e+00
     17.216    14.3905   3.875445    31.7198        648     2.6958     2.3283  0.000e+00
     17.180    14.3911   3.875822    31.7227        649     2.7000     2.3281  0.000e+00
     17.144    14.3931   3.875445    31.7176        650     2.7042     2.3285  0.000e+00
     17.104    14.3952   3.875906    31.7202        651     2.7083     2.3292  0.000e+00
     17.068    14.3970   3.876750    31.7264        652     2.7125     2.3300  0.000e+00
     17.037    14.4012   3.876271    31.7185        653     2.7167     2.3301  0.000e+00
     17.012    14.4036   3.877139    31.7245        654     2.7208     2.3294  0.000e+00
     16.995    14.4081   3.876846    31.7182        655     2.7250     2.3283  0.000e+00
     16.974    14.4111   3.877660    31.7232        656     2.7292     2.3276  0.000e+00
     16.957    14.4151   3.877594    31.7193        657     2.7333     2.3276  0.000e+00
     16.943    14.4185   3.877319    31.7140        658     2.7375     2.3273  0.000e+00
     16.930    14.4200   3.877181    31.7115        659     2.7417     2.3291  0.000e+00
     16.921    14.4197   3.876540    31.7059        660     2.7458     2.3297  0.000e+00
     16.912    14.4169   3.875289    31.6968        661     2.7500     2.3302  0.000e+00
     16.909    14.4107   3.874959    31.6989        662     2.7542     2.3301  0.000e+00
     16.896    14.4037   3.875127    31.7061        663     2.7583     2.3314  0.000e+00
     16.883    14.3990   3.874373    31.7032        664     2.7625     2.3320  0.000e+00
     16.865    14.3944   3.875516    31.7173        665     2.7667     2.3314  0.000e+00
     16.847    14.3933   3.875175    31.7151        666     2.7708     2.3317  0.000e+00
     16.820    14.3935   3.874349    31.7074        667     2.7750     2.3321  0.000e+00
     16.786    14.3902   3.875223    31.7182        668     2.7792     2.3331  0.000e+00
     16.753    14.3900   3.875492    31.7208        669     2.7833     2.3336  0.000e+00
     16.721    14.3917   3.875037    31.7152        670     2.7875     2.3334  0.000e+00
     16.678    14.3918   3.875037    31.7151        671     2.7917     2.3343  0.000e+00
     16.647    14.3915   3.875421    31.7189        672     2.7958     2.3336  0.000e+00
     16.614    14.3925   3.875420    31.7181        673     2.8000     2.3337  0.000e+00
     16.584    14.3935   3.875367    31.7168        674     2.8042     2.3329  0.000e+00
     16.553    14.3940   3.874989    31.7130        675     2.8083     2.3327  0.000e+00
     16.536    14.3936   3.875355    31.7167        676     2.8125     2.3322  0.000e+00
     16.520    14.3932   3.875217    31.7157        677     2.8167     2.3314  0.000e+00
     16.502    14.3937   3.875127    31.7145        678     2.8208     2.3300  0.000e+00
     16.489    14.3929   3.875079    31.7147        679     2.8250     2.3303  0.000e+00
     16.479    14.3924   3.875295    31.7171        680     2.8292     2.3300  0.000e+00
     16.477    14.3924   3.875792    31.7216        681     2.8333     2.3309  0.000e+00
     16.468    14.3942   3.875810    31.7203        682     2.8375     2.3294  0.000e+00
     16.461    14.3964   3.876361    31.7236        683     2.8417     2.3296  0.000e+00
     16.442    14.3996   3.877205    31.7286        684     2.8458     2.3292  0.000e+00
     16.417    14.4058   3.876289    31.7152        685     2.8500     2.3291  0.000e+00
     16.392    14.4079   3.875558    31.7068        686     2.8542     2.3292  0.000e+00
     16.354    14.4053   3.875654    31.7098        687     2.8583     2.3285  0.000e+00
     16.314    14.4035   3.877229    31.7257        688     2.8625     2.3296  0.000e+00
     16.271    14.4075   3.878900    31.7376        689     2.8667     2.3300  0.000e+00
     16.235    14.4175   3.879445    31.7344        690     2.8708     2.3302  0.000e+00
     16.197    14.4279   3.879265    31.7243        691     2.8750     2.3323  0.000e+00
     16.161    14.4356   3.879630    31.7213        692     2.8792     2.3331  0.000e+00
     16.117    14.4411   3.879139    31.7123        693     2.8833     2.3333  0.000e+00
     16.092    14.4436   3.878941    31.7086        694     2.8875     2.3329  0.000e+00
     16.065    14.4442   3.879468    31.7129        695     2.8917     2.3338  0.000e+00
     16.036    14.4459   3.879330    31.7102        696     2.8958     2.3348  0.000e+00
     16.021    14.4471   3.879378    31.7097        697     2.9000     2.3372  0.000e+00
     16.005    14.4477   3.879492    31.7102        698     2.9042     2.3379  0.000e+00
     15.994    14.4488   3.878965    31.7045        699     2.9083     2.3383  0.000e+00
     15.991    14.4481   3.878971    31.7052        700     2.9125     2.3397  0.000e+00
     15.991    14.4469   3.878875    31.7053        701     2.9167     2.3411  0.000e+00
     16.005    14.4455   3.878899    31.7067        702     2.9208     2.3417  0.000e+00
     16.022    14.4446   3.879079    31.7090        703     2.9250     2.3425  0.000e+00
     16.050    14.4445   3.879013    31.7085        704     2.9292     2.3414  0.000e+00
     16.081    14.4448   3.878917    31.7074        705     2.9333     2.3409  0.000e+00
     16.107    14.4444   3.878755    31.7062        706     2.9375     2.3408  0.000e+00
     16.137    14.4434   3.878552    31.7051        707     2.9417     2.3400  0.000e+00
     16.159    14.4422   3.878234    31.7032        708     2.9458     2.3386  0.000e+00
     16.168    14.4397   3.878576    31.7084        709     2.9500     2.3397  0.000e+00
     16.166    14.4389   3.879492    31.7173        710     2.9542     2.3401  0.000e+00
     16.148    14.4420   3.880295    31.7222        711     2.9583     2.3387  0.000e+00
     16.121    14.4474   3.879534    31.7108        712     2.9625     2.3393  0.000e+00
     16.081    14.4500   3.879714    31.7104        713     2.9667     2.3400  0.000e+00
     16.034    14.4514   3.878989    31.7026        714     2.9708     2.3384  0.000e+00
     15.964    14.4504   3.877480    31.6897        715     2.9750     2.3397  0.000e+00
     15.906    14.4469   3.877545    31.6932        716     2.9792     2.3398  0.000e+00
     15.834    14.4414   3.877456    31.6969        717     2.9833     2.3395  0.000e+00
     15.769    14.4348   3.877294    31.7008        718     2.9875     2.3398  0.000e+00
     15.700    14.4306   3.878851    31.7185        719     2.9917     2.3395  0.000e+00
     15.631    14.4321   3.880499    31.7323        720     2.9958     2.3395  0.000e+00
     15.566    14.4412   3.880702    31.7267        721     3.0000     2.3386  0.000e+00
     15.512    14.4496   3.881733    31.7293        722     3.0042     2.3387  0.000e+00
     15.474    14.4591   3.881277    31.7173        723     3.0083     2.3383  0.000e+00
     15.438    14.4654   3.880774    31.7076        724     3.0125     2.3390  0.000e+00
     15.418    14.4675   3.880199    31.7007        725     3.0167     2.3382  0.000e+00
     15.407    14.4662   3.881247    31.7113        726     3.0208     2.3375  0.000e+00
     15.396    14.4676   3.880953    31.7075        727     3.0250     2.3382  0.000e+00
     15.404    14.4690   3.880312    31.7005        728     3.0292     2.3402  0.000e+00
     15.416    14.4676   3.880840    31.7065        729     3.0333     2.3410  0.000e+00
