HB2407/sbe046.cnv
* Sea-Bird SBE 19plus V2 Data File:
* FileName = C:\cruise\data\sbe046.hex
* Software Version Seasave V 7.26.7.121
* Temperature SN = 7143
* Conductivity SN = 7143
* System UpLoad Time = Oct 03 2024 21:39:53
* NMEA Latitude = 40 52.42 N
* NMEA Longitude = 069 44.61 W
* NMEA UTC (Time) = Oct 03 2024  21:39:31
** Ship: Bigelow
** Cruise:  HB2407
** Program:  Fall Bottom Trawl
# nquan = 7
# nvalues = 1238                                  
# units = specified
# name 0 = depSM: Depth [salt water, m]
# name 1 = tv290C: Temperature [ITS-90, deg C]
# name 2 = c0S/m: Conductivity [S/m]
# name 3 = sal00: Salinity, Practical [PSU]
# name 4 = scan: Scan Count
# name 5 = timeM: Time, Elapsed [minutes]
# name 6 = flag:  0.000e+00
# span 0 =      0.053,     23.670                 
# span 1 =    15.1656,    15.6027                 
# span 2 =  -0.000029,   3.942715                 
# span 3 =     0.0000,    31.6198                 
# span 4 =         11,       1248                 
# span 5 =     0.0417,     5.1958                 
# span 6 = 0.0000e+00, 0.0000e+00                 
# interval = seconds: 0.25
# start_time = Oct 03 2024 21:39:31 [NMEA time, header]
# bad_flag = -9.990e-29
*END*
[from data line 1026]
      1.694    15.1971   3.928063    31.5458       1037     4.3167  0.000e+00
      1.690    15.1971   3.928018    31.5454       1038     4.3208  0.000e+00
      1.736    15.1971   3.928082    31.5459       1039     4.3250  0.000e+00
      1.805    15.1971   3.928088    31.5459       1040     4.3292  0.000e+00
      1.879    15.1971   3.928108    31.5461       1041     4.3333  0.000e+00
      1.960    15.1971   3.928063    31.5456       1042     4.3375  0.000e+00
      2.040    15.1971   3.928108    31.5460       1043     4.3417  0.000e+00
      2.116    15.1973   3.928108    31.5459       1044     4.3458  0.000e+00
      2.185    15.1974   3.928108    31.5458       1045     4.3500  0.000e+00
      2.228    15.1974   3.928108    31.5457       1046     4.3542  0.000e+00
      2.237    15.1974   3.928108    31.5458       1047     4.3583  0.000e+00
      2.218    15.1974   3.928088    31.5456       1048     4.3625  0.000e+00
      2.192    15.1974   3.928108    31.5458       1049     4.3667  0.000e+00
      2.156    15.1971   3.928108    31.5460       1050     4.3708  0.000e+00
      2.100    15.1971   3.928063    31.5457       1051     4.3750  0.000e+00
      2.015    15.1971   3.928037    31.5455       1052     4.3792  0.000e+00
      1.899    15.1971   3.928063    31.5457       1053     4.3833  0.000e+00
      1.772    15.1969   3.928037    31.5457       1054     4.3875  0.000e+00
      1.631    15.1968   3.928063    31.5460       1055     4.3917  0.000e+00
      1.501    15.1972   3.928063    31.5458       1056     4.3958  0.000e+00
      1.394    15.1971   3.928063    31.5459       1057     4.4000  0.000e+00
      1.329    15.1970   3.928063    31.5460       1058     4.4042  0.000e+00
      1.309    15.1971   3.928082    31.5461       1059     4.4083  0.000e+00
      1.338    15.1970   3.928037    31.5458       1060     4.4125  0.000e+00
      1.392    15.1971   3.928063    31.5459       1061     4.4167  0.000e+00
      1.455    15.1974   3.928107    31.5460       1062     4.4208  0.000e+00
      1.544    15.1974   3.928133    31.5462       1063     4.4250  0.000e+00
      1.642    15.1975   3.928133    31.5461       1064     4.4292  0.000e+00
      1.738    15.1974   3.928108    31.5459       1065     4.4333  0.000e+00
      1.821    15.1972   3.928063    31.5456       1066     4.4375  0.000e+00
      1.887    15.1971   3.928037    31.5455       1067     4.4417  0.000e+00
      1.925    15.1968   3.928108    31.5464       1068     4.4458  0.000e+00
      1.925    15.1971   3.928133    31.5464       1069     4.4500  0.000e+00
      1.901    15.1972   3.928108    31.5460       1070     4.4542  0.000e+00
      1.836    15.1971   3.928088    31.5459       1071     4.4583  0.000e+00
      1.744    15.1972   3.928133    31.5463       1072     4.4625  0.000e+00
      1.629    15.1972   3.928107    31.5461       1073     4.4667  0.000e+00
      1.488    15.1973   3.928043    31.5455       1074     4.4708  0.000e+00
      1.325    15.1971   3.927845    31.5440       1075     4.4750  0.000e+00
      1.186    15.1961   3.927301    31.5399       1076     4.4792  0.000e+00
      1.081    15.1928   3.926481    31.5353       1077     4.4833  0.000e+00
      1.052    15.1873   3.926187    31.5371       1078     4.4875  0.000e+00
      1.063    15.1829   3.926392    31.5425       1079     4.4917  0.000e+00
      1.099    15.1810   3.926616    31.5460       1080     4.4958  0.000e+00
      1.148    15.1809   3.926686    31.5467       1081     4.5000  0.000e+00
      1.215    15.1823   3.927000    31.5484       1082     4.5042  0.000e+00
      1.280    15.1844   3.927160    31.5481       1083     4.5083  0.000e+00
      1.354    15.1862   3.927371    31.5485       1084     4.5125  0.000e+00
      1.416    15.1875   3.927544    31.5490       1085     4.5167  0.000e+00
      1.463    15.1894   3.927685    31.5487       1086     4.5208  0.000e+00
      1.476    15.1908   3.927858    31.5491       1087     4.5250  0.000e+00
      1.458    15.1924   3.927967    31.5488       1088     4.5292  0.000e+00
      1.407    15.1939   3.928037    31.5482       1089     4.5333  0.000e+00
      1.351    15.1952   3.928063    31.5474       1090     4.5375  0.000e+00
      1.286    15.1963   3.928082    31.5468       1091     4.5417  0.000e+00
      1.233    15.1968   3.928043    31.5460       1092     4.5458  0.000e+00
      1.193    15.1971   3.928037    31.5457       1093     4.5500  0.000e+00
      1.186    15.1969   3.928011    31.5457       1094     4.5542  0.000e+00
      1.214    15.1971   3.927998    31.5454       1095     4.5583  0.000e+00
      1.268    15.1967   3.928011    31.5458       1096     4.5625  0.000e+00
      1.333    15.1966   3.927941    31.5452       1097     4.5667  0.000e+00
      1.400    15.1964   3.927928    31.5453       1098     4.5708  0.000e+00
      1.447    15.1958   3.927992    31.5463       1099     4.5750  0.000e+00
      1.467    15.1962   3.928018    31.5462       1100     4.5792  0.000e+00
      1.472    15.1964   3.928011    31.5460       1101     4.5833  0.000e+00
      1.438    15.1964   3.928037    31.5462       1102     4.5875  0.000e+00
      1.340    15.1968   3.928063    31.5462       1103     4.5917  0.000e+00
      1.206    15.1968   3.928037    31.5459       1104     4.5958  0.000e+00
      1.050    15.1970   3.928062    31.5461       1105     4.6000  0.000e+00
      0.897    15.1972   3.928082    31.5461       1106     4.6042  0.000e+00
      0.707    15.1974   3.927992    31.5453       1107     4.6083  0.000e+00
      0.469    15.1974   3.927857    31.5442       1108     4.6125  0.000e+00
      0.252    15.1970   3.927896    31.5449       1109     4.6167  0.000e+00
      0.131    15.1966   3.927729    31.5438       1110     4.6208  0.000e+00
      0.086    15.1947   2.555227    19.6188       1111     4.6250  0.000e+00
      0.086    15.1907   0.593413     4.0450       1112     4.6292  0.000e+00
      0.084    15.1860   0.372598     2.4640       1113     4.6333  0.000e+00
      0.086    15.1818   0.309345     2.0230       1114     4.6375  0.000e+00
      0.086    15.1801   2.229646    16.9046       1115     4.6417  0.000e+00
      0.133    15.1801   3.849520    30.8583       1116     4.6458  0.000e+00
      0.224    15.1808   3.918022    31.4696       1117     4.6500  0.000e+00
      0.377    15.1805   3.924650    31.5291       1118     4.6542  0.000e+00
      0.533    15.1810   3.924715    31.5292       1119     4.6583  0.000e+00
      0.646    15.1818   3.924599    31.5275       1120     4.6625  0.000e+00
      0.747    15.1825   3.924491    31.5259       1121     4.6667  0.000e+00
      0.801    15.1839   3.924862    31.5281       1122     4.6708  0.000e+00
      0.812    15.1860   3.915637    31.4439       1123     4.6750  0.000e+00
      0.769    15.1880   3.927179    31.5455       1124     4.6792  0.000e+00
      0.648    15.1892   3.927563    31.5481       1125     4.6833  0.000e+00
      0.495    15.1904   3.927800    31.5492       1126     4.6875  0.000e+00
      0.345    15.1919   3.927633    31.5466       1127     4.6917  0.000e+00
      0.242    15.1926   3.927256    31.5427       1128     4.6958  0.000e+00
      0.186    15.1910   3.926750    31.5395       1129     4.7000  0.000e+00
      0.137    15.1884   3.927063    31.5445       1130     4.7042  0.000e+00
      0.099    15.1872   3.800993    30.4203       1131     4.7083  0.000e+00
      0.090    15.1870   0.875639     6.1390       1132     4.7125  0.000e+00
      0.086    15.1850   0.443212     2.9634       1133     4.7167  0.000e+00
      0.084    15.1830   0.349344     2.3013       1134     4.7208  0.000e+00
      0.084    15.1826   0.295688     1.9286       1135     4.7250  0.000e+00
      0.086    15.1829   1.137539     8.1390       1136     4.7292  0.000e+00
      0.099    15.1828   2.160646    16.3325       1137     4.7333  0.000e+00
      0.086    15.1831   1.857070    13.8461       1138     4.7375  0.000e+00
      0.088    15.1833   0.304732     1.9910       1139     4.7417  0.000e+00
      0.084    15.1822   0.232402     1.4952       1140     4.7458  0.000e+00
      0.084    15.1790   0.217030     1.3912       1141     4.7500  0.000e+00
      0.086    15.1776   0.199209     1.2712       1142     4.7542  0.000e+00
      0.083    15.1773   0.182694     1.1606       1143     4.7583  0.000e+00
      0.083    15.1777   0.172208     1.0907       1144     4.7625  0.000e+00
      0.086    15.1780   0.160811     1.0150       1145     4.7667  0.000e+00
      0.084    15.1775   0.144979     0.9104       1146     4.7708  0.000e+00
      0.086    15.1776   0.127864     0.7982       1147     4.7750  0.000e+00
      0.084    15.1779   0.112040     0.6952       1148     4.7792  0.000e+00
      0.086    15.1780   0.101541     0.6274       1149     4.7833  0.000e+00
      0.085    15.1783   0.081936     0.5018       1150     4.7875  0.000e+00
      0.081    15.1786   0.074281     0.4532       1151     4.7917  0.000e+00
      0.086    15.1790   0.072529     0.4421       1152     4.7958  0.000e+00
      0.090    15.1793   0.068919     0.4193       1153     4.8000  0.000e+00
      0.084    15.1793   0.062689     0.3801       1154     4.8042  0.000e+00
      0.083    15.1796   0.057842     0.3498       1155     4.8083  0.000e+00
      0.085    15.1800   0.053020     0.3197       1156     4.8125  0.000e+00
      0.090    15.1796   0.048415     0.2912       1157     4.8167  0.000e+00
      0.088    15.1789   0.043884     0.2632       1158     4.8208  0.000e+00
      0.084    15.1782   0.039967     0.2391       1159     4.8250  0.000e+00
      0.083    15.1779   0.036128     0.2157       1160     4.8292  0.000e+00
      0.083    15.1778   0.031253     0.1860       1161     4.8333  0.000e+00
      0.088    15.1779   0.026542     0.1576       1162     4.8375  0.000e+00
      0.090    15.1786   0.020945     0.1242       1163     4.8417  0.000e+00
      0.092    15.1786   0.015433     0.0917       1164     4.8458  0.000e+00
      0.090    15.1787   0.010029     0.0605       1165     4.8500  0.000e+00
      0.092    15.1790   0.001280     0.0128       1166     4.8542  0.000e+00
      0.092    15.1794  -0.000026     0.0000       1167     4.8583  0.000e+00
      0.094    15.1795  -0.000018     0.0000       1168     4.8625  0.000e+00
      0.090    15.1800  -0.000029     0.0000       1169     4.8667  0.000e+00
      0.094    15.1802  -0.000020     0.0000       1170     4.8708  0.000e+00
      0.094    15.1803  -0.000023     0.0000       1171     4.8750  0.000e+00
      0.088    15.1798  -0.000026     0.0000       1172     4.8792  0.000e+00
      0.087    15.1792  -0.000029     0.0000       1173     4.8833  0.000e+00
      0.088    15.1786   0.636933     4.3644       1174     4.8875  0.000e+00
      0.107    15.1792   3.426483    27.1180       1175     4.8917  0.000e+00
      0.143    15.1796   3.830344    30.6876       1176     4.8958  0.000e+00
      0.110    15.1802   3.862756    30.9763       1177     4.9000  0.000e+00
      0.094    15.1792   1.727220    12.7972       1178     4.9042  0.000e+00
      0.094    15.1781   0.448636     3.0025       1179     4.9083  0.000e+00
      0.091    15.1769   0.332633     2.1850       1180     4.9125  0.000e+00
      0.085    15.1744   0.275440     1.7895       1181     4.9167  0.000e+00
      0.087    15.1700   0.245507     1.5848       1182     4.9208  0.000e+00
      0.091    15.1685   0.216772     1.3899       1183     4.9250  0.000e+00
      0.087    15.1679   0.195617     1.2474       1184     4.9292  0.000e+00
      0.087    15.1682   0.168574     1.0668       1185     4.9333  0.000e+00
      0.091    15.1685   0.146801     0.9226       1186     4.9375  0.000e+00
      0.094    15.1687   0.133883     0.8378       1187     4.9417  0.000e+00
      0.096    15.1689   0.123150     0.7676       1188     4.9458  0.000e+00
      0.096    15.1692   0.110646     0.6863       1189     4.9500  0.000e+00
      0.096    15.1695   0.098569     0.6084       1190     4.9542  0.000e+00
      0.098    15.1696   0.091135     0.5607       1191     4.9583  0.000e+00
      0.098    15.1699   0.086112     0.5285       1192     4.9625  0.000e+00
      0.096    15.1701   0.077754     0.4753       1193     4.9667  0.000e+00
      0.093    15.1705   0.068383     0.4160       1194     4.9708  0.000e+00
      0.094    15.1708   0.061528     0.3729       1195     4.9750  0.000e+00
      0.098    15.1707   0.057436     0.3473       1196     4.9792  0.000e+00
      0.100    15.1710   0.888002     6.2348       1197     4.9833  0.000e+00
      0.134    15.1719   2.862733    22.2410       1198     4.9875  0.000e+00
      0.201    15.1716   2.521841    19.3491       1199     4.9917  0.000e+00
      0.237    15.1693   2.326517    17.7145       1200     4.9958  0.000e+00
      0.234    15.1712   3.442858    27.2671       1201     5.0000  0.000e+00
      0.207    15.1735   3.530776    28.0382       1202     5.0042  0.000e+00
      0.145    15.1749   3.683728    29.3882       1203     5.0083  0.000e+00
      0.102    15.1776   2.028942    15.2507       1204     5.0125  0.000e+00
      0.098    15.1729   0.493383     3.3230       1205     5.0167  0.000e+00
      0.102    15.1681   0.363948     2.4044       1206     5.0208  0.000e+00
      0.098    15.1659   0.285529     1.8593       1207     5.0250  0.000e+00
      0.100    15.1657   0.253974     1.6428       1208     5.0292  0.000e+00
      0.098    15.1656   0.227885     1.4652       1209     5.0333  0.000e+00
      0.100    15.1658   0.204734     1.3088       1210     5.0375  0.000e+00
      0.098    15.1661   0.181966     1.1561       1211     5.0417  0.000e+00
      0.098    15.1662   0.165219     1.0445       1212     5.0458  0.000e+00
      0.100    15.1663   0.153356     0.9659       1213     5.0500  0.000e+00
      0.098    15.1666   0.141916     0.8905       1214     5.0542  0.000e+00
      0.098    15.1669   0.130763     0.8174       1215     5.0583  0.000e+00
      0.097    15.1671   0.126175     0.7874       1216     5.0625  0.000e+00
      0.097    15.1673   0.123402     0.7693       1217     5.0667  0.000e+00
      0.097    15.1674   0.116715     0.7258       1218     5.0708  0.000e+00
      0.100    15.1675   0.106976     0.6626       1219     5.0750  0.000e+00
      0.098    15.1680   0.097910     0.6042       1220     5.0792  0.000e+00
      0.102    15.1679   0.091748     0.5646       1221     5.0833  0.000e+00
      0.107    15.1682   0.085031     0.5216       1222     5.0875  0.000e+00
      0.104    15.1684   0.077409     0.4731       1223     5.0917  0.000e+00
      0.102    15.1686   0.070796     0.4313       1224     5.0958  0.000e+00
      0.098    15.1687   0.065066     0.3952       1225     5.1000  0.000e+00
      0.100    15.1692   0.059105     0.3578       1226     5.1042  0.000e+00
      0.100    15.1691   0.051157     0.3082       1227     5.1083  0.000e+00
      0.100    15.1690   0.042947     0.2575       1228     5.1125  0.000e+00
      0.102    15.1692   0.036538     0.2182       1229     5.1167  0.000e+00
      0.095    15.1696   0.030241     0.1800       1230     5.1208  0.000e+00
      0.097    15.1696   0.018916     0.1122       1231     5.1250  0.000e+00
      0.097    15.1699   0.013352     0.0796       1232     5.1292  0.000e+00
      0.097    15.1701   0.012375     0.0740       1233     5.1333  0.000e+00
      0.095    15.1699   0.011594     0.0695       1234     5.1375  0.000e+00
      0.100    15.1705   0.011059     0.0664       1235     5.1417  0.000e+00
      0.102    15.1706   0.010754     0.0647       1236     5.1458  0.000e+00
      0.102    15.1708   0.010536     0.0634       1237     5.1500  0.000e+00
      0.102    15.1708   0.010476     0.0631       1238     5.1542  0.000e+00
      0.102    15.1707   0.010496     0.0632       1239     5.1583  0.000e+00
      0.103    15.1709   0.010598     0.0638       1240     5.1625  0.000e+00
