HB2407/sbe022.cnv
* Sea-Bird SBE 19plus V2 Data File:
* FileName = C:\cruise\data\sbe022.hex
* Software Version Seasave V 7.26.7.121
* Temperature SN = 7143
* Conductivity SN = 7143
* System UpLoad Time = Sep 17 2024 00:51:04
* NMEA Latitude = 39 15.93 N
* NMEA Longitude = 074 10.71 W
* NMEA UTC (Time) = Sep 17 2024  00:51:21
** Ship: Bigelow
** Cruise:  HB2407
** Program:  Fall Bottom Trawl
# nquan = 7
# nvalues = 1728                                  
# units = specified
# name 0 = depSM: Depth [salt water, m]
# name 1 = tv290C: Temperature [ITS-90, deg C]
# name 2 = c0S/m: Conductivity [S/m]
# name 3 = sal00: Salinity, Practical [PSU]
# name 4 = scan: Scan Count
# name 5 = timeM: Time, Elapsed [minutes]
# name 6 = flag:  0.000e+00
# span 0 =      0.032,     21.599                 
# span 1 =    20.6895,    21.3026                 
# span 2 =  -0.000029,   4.422904                 
# span 3 =     0.0000,    31.0342                 
# span 4 =         11,       1738                 
# span 5 =     0.0417,     7.2375                 
# span 6 = 0.0000e+00, 0.0000e+00                 
# interval = seconds: 0.25
# start_time = Sep 17 2024 00:51:21 [NMEA time, header]
# bad_flag = -9.990e-29
*END*
[from data line 1026]
     10.241    21.2840   4.385270    30.7470       1037     4.3167  0.000e+00
     10.256    21.2841   4.385277    30.7470       1038     4.3208  0.000e+00
     10.250    21.2843   4.385270    30.7468       1039     4.3250  0.000e+00
     10.223    21.2841   4.385304    30.7472       1040     4.3292  0.000e+00
     10.176    21.2836   4.385250    30.7471       1041     4.3333  0.000e+00
     10.109    21.2837   4.385230    30.7469       1042     4.3375  0.000e+00
     10.025    21.2837   4.385230    30.7469       1043     4.3417  0.000e+00
      9.913    21.2839   4.385223    30.7468       1044     4.3458  0.000e+00
      9.797    21.2843   4.385149    30.7460       1045     4.3500  0.000e+00
      9.680    21.2842   4.385122    30.7459       1046     4.3542  0.000e+00
      9.571    21.2844   4.385149    30.7460       1047     4.3583  0.000e+00
      9.471    21.2847   4.385122    30.7456       1048     4.3625  0.000e+00
      9.393    21.2845   4.385122    30.7458       1049     4.3667  0.000e+00
      9.339    21.2843   4.385122    30.7459       1050     4.3708  0.000e+00
      9.301    21.2844   4.385149    30.7461       1051     4.3750  0.000e+00
      9.283    21.2842   4.385176    30.7464       1052     4.3792  0.000e+00
      9.283    21.2844   4.385196    30.7464       1053     4.3833  0.000e+00
      9.308    21.2844   4.385203    30.7465       1054     4.3875  0.000e+00
      9.346    21.2848   4.385203    30.7462       1055     4.3917  0.000e+00
      9.395    21.2850   4.385223    30.7461       1056     4.3958  0.000e+00
      9.451    21.2852   4.385176    30.7456       1057     4.4000  0.000e+00
      9.516    21.2852   4.385176    30.7456       1058     4.4042  0.000e+00
      9.580    21.2850   4.385176    30.7457       1059     4.4083  0.000e+00
      9.636    21.2852   4.384975    30.7440       1060     4.4125  0.000e+00
      9.690    21.2853   4.385176    30.7455       1061     4.4167  0.000e+00
      9.732    21.2849   4.385149    30.7456       1062     4.4208  0.000e+00
      9.772    21.2845   4.385176    30.7461       1063     4.4250  0.000e+00
      9.801    21.2846   4.385176    30.7460       1064     4.4292  0.000e+00
      9.821    21.2845   4.385176    30.7460       1065     4.4333  0.000e+00
      9.823    21.2843   4.385176    30.7462       1066     4.4375  0.000e+00
      9.813    21.2842   4.385176    30.7462       1067     4.4417  0.000e+00
      9.788    21.2844   4.385149    30.7459       1068     4.4458  0.000e+00
      9.746    21.2843   4.385149    30.7460       1069     4.4500  0.000e+00
      9.687    21.2844   4.385149    30.7459       1070     4.4542  0.000e+00
      9.631    21.2844   4.385176    30.7462       1071     4.4583  0.000e+00
      9.578    21.2843   4.385176    30.7463       1072     4.4625  0.000e+00
      9.531    21.2845   4.385196    30.7463       1073     4.4667  0.000e+00
      9.495    21.2842   4.385230    30.7468       1074     4.4708  0.000e+00
      9.478    21.2839   4.385176    30.7466       1075     4.4750  0.000e+00
      9.464    21.2837   4.385102    30.7461       1076     4.4792  0.000e+00
      9.451    21.2836   4.385149    30.7466       1077     4.4833  0.000e+00
      9.444    21.2831   4.385149    30.7470       1078     4.4875  0.000e+00
      9.448    21.2832   4.385149    30.7468       1079     4.4917  0.000e+00
      9.455    21.2834   4.385149    30.7467       1080     4.4958  0.000e+00
      9.466    21.2831   4.385122    30.7467       1081     4.5000  0.000e+00
      9.466    21.2831   4.385122    30.7468       1082     4.5042  0.000e+00
      9.468    21.2834   4.385122    30.7465       1083     4.5083  0.000e+00
      9.468    21.2831   4.385096    30.7465       1084     4.5125  0.000e+00
      9.459    21.2828   4.385049    30.7464       1085     4.5167  0.000e+00
      9.459    21.2828   4.385042    30.7463       1086     4.5208  0.000e+00
      9.453    21.2826   4.385049    30.7465       1087     4.5250  0.000e+00
      9.451    21.2826   4.385096    30.7469       1088     4.5292  0.000e+00
      9.450    21.2825   4.385122    30.7472       1089     4.5333  0.000e+00
      9.439    21.2824   4.385096    30.7470       1090     4.5375  0.000e+00
      9.424    21.2829   4.385102    30.7467       1091     4.5417  0.000e+00
      9.392    21.2833   4.385069    30.7462       1092     4.5458  0.000e+00
      9.346    21.2835   4.385022    30.7457       1093     4.5500  0.000e+00
      9.303    21.2832   4.385042    30.7460       1094     4.5542  0.000e+00
      9.254    21.2834   4.384968    30.7453       1095     4.5583  0.000e+00
      9.214    21.2836   4.384854    30.7443       1096     4.5625  0.000e+00
      9.174    21.2831   4.384633    30.7430       1097     4.5667  0.000e+00
      9.136    21.2827   4.384553    30.7427       1098     4.5708  0.000e+00
      9.109    21.2822   4.384579    30.7432       1099     4.5750  0.000e+00
      9.091    21.2817   4.384553    30.7434       1100     4.5792  0.000e+00
      9.085    21.2812   4.384633    30.7444       1101     4.5833  0.000e+00
      9.096    21.2810   4.384626    30.7445       1102     4.5875  0.000e+00
      9.123    21.2809   4.384633    30.7446       1103     4.5917  0.000e+00
      9.161    21.2810   4.384579    30.7441       1104     4.5958  0.000e+00
      9.201    21.2808   4.384553    30.7440       1105     4.6000  0.000e+00
      9.234    21.2810   4.384633    30.7445       1106     4.6042  0.000e+00
      9.247    21.2812   4.384680    30.7447       1107     4.6083  0.000e+00
      9.247    21.2812   4.384680    30.7447       1108     4.6125  0.000e+00
      9.218    21.2810   4.384680    30.7449       1109     4.6167  0.000e+00
      9.158    21.2812   4.384760    30.7453       1110     4.6208  0.000e+00
      9.085    21.2816   4.384801    30.7454       1111     4.6250  0.000e+00
      8.988    21.2818   4.384861    30.7457       1112     4.6292  0.000e+00
      8.883    21.2820   4.384941    30.7463       1113     4.6333  0.000e+00
      8.777    21.2821   4.384754    30.7448       1114     4.6375  0.000e+00
      8.674    21.2824   4.384680    30.7440       1115     4.6417  0.000e+00
      8.598    21.2820   4.384727    30.7447       1116     4.6458  0.000e+00
      8.551    21.2817   4.384633    30.7442       1117     4.6500  0.000e+00
      8.531    21.2817   4.384606    30.7440       1118     4.6542  0.000e+00
      8.549    21.2813   4.384552    30.7438       1119     4.6583  0.000e+00
      8.614    21.2810   4.384532    30.7439       1120     4.6625  0.000e+00
      8.716    21.2801   4.384526    30.7444       1121     4.6667  0.000e+00
      8.848    21.2797   4.384532    30.7447       1122     4.6708  0.000e+00
      8.991    21.2801   4.384553    30.7445       1123     4.6750  0.000e+00
      9.125    21.2798   4.384526    30.7445       1124     4.6792  0.000e+00
      9.243    21.2796   4.384553    30.7448       1125     4.6833  0.000e+00
      9.348    21.2798   4.384660    30.7455       1126     4.6875  0.000e+00
      9.420    21.2804   4.384653    30.7450       1127     4.6917  0.000e+00
      9.473    21.2803   4.384633    30.7449       1128     4.6958  0.000e+00
      9.486    21.2804   4.384533    30.7440       1129     4.7000  0.000e+00
      9.460    21.2800   4.384526    30.7443       1130     4.7042  0.000e+00
      9.404    21.2798   4.384533    30.7445       1131     4.7083  0.000e+00
      9.301    21.2796   4.384425    30.7438       1132     4.7125  0.000e+00
      9.187    21.2791   4.384499    30.7448       1133     4.7167  0.000e+00
      9.033    21.2793   4.384533    30.7449       1134     4.7208  0.000e+00
      8.859    21.2793   4.384526    30.7449       1135     4.7250  0.000e+00
      8.674    21.2792   4.384532    30.7452       1136     4.7292  0.000e+00
      8.497    21.2793   4.384579    30.7455       1137     4.7333  0.000e+00
      8.341    21.2794   4.384552    30.7452       1138     4.7375  0.000e+00
      8.216    21.2798   4.384552    30.7450       1139     4.7417  0.000e+00
      8.127    21.2793   4.384552    30.7454       1140     4.7458  0.000e+00
      8.075    21.2795   4.384579    30.7455       1141     4.7500  0.000e+00
      8.053    21.2801   4.384371    30.7434       1142     4.7542  0.000e+00
      8.077    21.2803   4.384552    30.7447       1143     4.7583  0.000e+00
      8.131    21.2802   4.384345    30.7431       1144     4.7625  0.000e+00
      8.211    21.2802   4.384552    30.7447       1145     4.7667  0.000e+00
      8.319    21.2807   4.384633    30.7450       1146     4.7708  0.000e+00
      8.439    21.2804   4.384653    30.7453       1147     4.7750  0.000e+00
      8.556    21.2805   4.384814    30.7465       1148     4.7792  0.000e+00
      8.676    21.2810   4.384854    30.7464       1149     4.7833  0.000e+00
      8.799    21.2815   4.384914    30.7464       1150     4.7875  0.000e+00
      8.918    21.2816   4.385002    30.7470       1151     4.7917  0.000e+00
      9.027    21.2811   4.385042    30.7477       1152     4.7958  0.000e+00
      9.129    21.2811   4.385095    30.7481       1153     4.8000  0.000e+00
      9.199    21.2807   4.385049    30.7480       1154     4.8042  0.000e+00
      9.255    21.2806   4.385069    30.7482       1155     4.8083  0.000e+00
      9.279    21.2803   4.385075    30.7484       1156     4.8125  0.000e+00
      9.275    21.2801   4.385042    30.7483       1157     4.8167  0.000e+00
      9.223    21.2800   4.384874    30.7471       1158     4.8208  0.000e+00
      9.137    21.2806   4.384861    30.7466       1159     4.8250  0.000e+00
      8.994    21.2813   4.384854    30.7460       1160     4.8292  0.000e+00
      8.839    21.2818   4.384787    30.7452       1161     4.8333  0.000e+00
      8.656    21.2817   4.384861    30.7459       1162     4.8375  0.000e+00
      8.474    21.2811   4.384874    30.7465       1163     4.8417  0.000e+00
      8.277    21.2813   4.384941    30.7469       1164     4.8458  0.000e+00
      8.089    21.2810   4.384901    30.7469       1165     4.8500  0.000e+00
      7.926    21.2805   4.384914    30.7474       1166     4.8542  0.000e+00
      7.797    21.2803   4.384854    30.7471       1167     4.8583  0.000e+00
      7.714    21.2805   4.384840    30.7469       1168     4.8625  0.000e+00
      7.676    21.2807   4.384780    30.7463       1169     4.8667  0.000e+00
      7.681    21.2809   4.384760    30.7460       1170     4.8708  0.000e+00
      7.723    21.2812   4.384780    30.7459       1171     4.8750  0.000e+00
      7.799    21.2814   4.384787    30.7458       1172     4.8792  0.000e+00
      7.908    21.2815   4.384733    30.7453       1173     4.8833  0.000e+00
      8.018    21.2819   4.384726    30.7449       1174     4.8875  0.000e+00
      8.134    21.2818   4.384680    30.7446       1175     4.8917  0.000e+00
      8.243    21.2821   4.384780    30.7451       1176     4.8958  0.000e+00
      8.342    21.2826   4.384787    30.7448       1177     4.9000  0.000e+00
      8.437    21.2821   4.384780    30.7451       1178     4.9042  0.000e+00
      8.531    21.2823   4.384733    30.7445       1179     4.9083  0.000e+00
      8.605    21.2827   4.384653    30.7436       1180     4.9125  0.000e+00
      8.672    21.2825   4.384660    30.7438       1181     4.9167  0.000e+00
      8.721    21.2827   4.384660    30.7436       1182     4.9208  0.000e+00
      8.753    21.2827   4.384700    30.7439       1183     4.9250  0.000e+00
      8.773    21.2829   4.384707    30.7438       1184     4.9292  0.000e+00
      8.786    21.2825   4.384680    30.7439       1185     4.9333  0.000e+00
      8.773    21.2827   4.384660    30.7436       1186     4.9375  0.000e+00
      8.737    21.2826   4.384653    30.7436       1187     4.9417  0.000e+00
      8.699    21.2825   4.384660    30.7438       1188     4.9458  0.000e+00
      8.656    21.2825   4.384606    30.7434       1189     4.9500  0.000e+00
      8.609    21.2822   4.384579    30.7434       1190     4.9542  0.000e+00
      8.540    21.2821   4.384472    30.7426       1191     4.9583  0.000e+00
      8.469    21.2818   4.384579    30.7437       1192     4.9625  0.000e+00
      8.386    21.2816   4.384606    30.7441       1193     4.9667  0.000e+00
      8.306    21.2819   4.384606    30.7439       1194     4.9708  0.000e+00
      8.225    21.2817   4.384499    30.7432       1195     4.9750  0.000e+00
      8.145    21.2814   4.384505    30.7435       1196     4.9792  0.000e+00
      8.061    21.2811   4.384499    30.7437       1197     4.9833  0.000e+00
      7.978    21.2808   4.384405    30.7432       1198     4.9875  0.000e+00
      7.879    21.2805   4.384318    30.7428       1199     4.9917  0.000e+00
      7.774    21.2797   4.384398    30.7440       1200     4.9958  0.000e+00
      7.652    21.2795   4.384284    30.7433       1201     5.0000  0.000e+00
      7.533    21.2793   4.384217    30.7429       1202     5.0042  0.000e+00
      7.428    21.2790   4.384405    30.7447       1203     5.0083  0.000e+00
      7.339    21.2790   4.384244    30.7435       1204     5.0125  0.000e+00
      7.274    21.2789   4.384183    30.7431       1205     5.0167  0.000e+00
      7.232    21.2782   4.384190    30.7436       1206     5.0208  0.000e+00
      7.223    21.2779   4.384284    30.7446       1207     5.0250  0.000e+00
      7.256    21.2776   4.384270    30.7447       1208     5.0292  0.000e+00
      7.323    21.2779   4.384304    30.7447       1209     5.0333  0.000e+00
      7.417    21.2781   4.384344    30.7448       1210     5.0375  0.000e+00
      7.535    21.2779   4.384371    30.7451       1211     5.0417  0.000e+00
      7.660    21.2781   4.384304    30.7444       1212     5.0458  0.000e+00
      7.792    21.2786   4.384552    30.7460       1213     5.0500  0.000e+00
      7.915    21.2790   4.384680    30.7467       1214     5.0542  0.000e+00
      8.024    21.2793   4.384760    30.7470       1215     5.0583  0.000e+00
      8.132    21.2796   4.384780    30.7469       1216     5.0625  0.000e+00
      8.216    21.2798   4.384579    30.7452       1217     5.0667  0.000e+00
      8.277    21.2797   4.384579    30.7453       1218     5.0708  0.000e+00
      8.302    21.2797   4.384472    30.7444       1219     5.0750  0.000e+00
      8.306    21.2796   4.384660    30.7459       1220     5.0792  0.000e+00
      8.279    21.2796   4.384680    30.7461       1221     5.0833  0.000e+00
      8.230    21.2795   4.384733    30.7466       1222     5.0875  0.000e+00
      8.161    21.2800   4.384700    30.7460       1223     5.0917  0.000e+00
      8.078    21.2803   4.384706    30.7459       1224     5.0958  0.000e+00
      7.971    21.2802   4.384780    30.7466       1225     5.1000  0.000e+00
      7.859    21.2801   4.384787    30.7467       1226     5.1042  0.000e+00
      7.750    21.2801   4.384726    30.7463       1227     5.1083  0.000e+00
      7.629    21.2803   4.384659    30.7457       1228     5.1125  0.000e+00
      7.514    21.2799   4.384679    30.7461       1229     5.1167  0.000e+00
      7.404    21.2801   4.384726    30.7464       1230     5.1208  0.000e+00
      7.295    21.2804   4.384679    30.7459       1231     5.1250  0.000e+00
      7.205    21.2805   4.384605    30.7452       1232     5.1292  0.000e+00
      7.123    21.2807   4.384659    30.7456       1233     5.1333  0.000e+00
      7.058    21.2807   4.384652    30.7455       1234     5.1375  0.000e+00
      7.007    21.2810   4.384632    30.7452       1235     5.1417  0.000e+00
      6.962    21.2811   4.384679    30.7455       1236     5.1458  0.000e+00
      6.933    21.2810   4.384679    30.7456       1237     5.1500  0.000e+00
      6.911    21.2812   4.384826    30.7465       1238     5.1542  0.000e+00
      6.899    21.2812   4.384579    30.7446       1239     5.1583  0.000e+00
      6.904    21.2809   4.384605    30.7451       1240     5.1625  0.000e+00
