HB2407/sbe037.cnv
* Sea-Bird SBE 19plus V2 Data File:
* FileName = C:\cruise\data\sbe037.hex
* Software Version Seasave V 7.26.7.121
* Temperature SN = 7143
* Conductivity SN = 7143
* System UpLoad Time = Sep 23 2024 11:31:32
* NMEA Latitude = 40 17.09 N
* NMEA Longitude = 073 46.86 W
* NMEA UTC (Time) = Sep 23 2024  11:30:58
** Ship: Bigelow
** Cruise:  HB2407
** Program:  Fall Bottom Trawl
# nquan = 7
# nvalues = 1569                                  
# units = specified
# name 0 = depSM: Depth [salt water, m]
# name 1 = tv290C: Temperature [ITS-90, deg C]
# name 2 = c0S/m: Conductivity [S/m]
# name 3 = sal00: Salinity, Practical [PSU]
# name 4 = scan: Scan Count
# name 5 = timeM: Time, Elapsed [minutes]
# name 6 = flag:  0.000e+00
# span 0 =     -0.059,     51.130                 
# span 1 =    13.3560,    20.9937                 
# span 2 =   0.000002,   4.431781                 
# span 3 =     0.0085,    33.3872                 
# span 4 =         11,       1579                 
# span 5 =     0.0417,     6.5750                 
# span 6 = 0.0000e+00, 0.0000e+00                 
# interval = seconds: 0.25
# start_time = Sep 23 2024 11:30:58 [NMEA time, header]
# bad_flag = -9.990e-29
*END*
     -0.049    16.5940   0.000008     0.0086         11     0.0417  0.000e+00
     -0.049    16.5933   0.000002     0.0087         12     0.0458  0.000e+00
     -0.048    16.5864   0.000011     0.0086         13     0.0500  0.000e+00
     -0.050    16.5713   0.000008     0.0086         14     0.0542  0.000e+00
     -0.055    16.5545   0.000002     0.0086         15     0.0583  0.000e+00
     -0.055    16.5435   0.000002     0.0086         16     0.0625  0.000e+00
     -0.057    16.5403   0.000002     0.0086         17     0.0667  0.000e+00
     -0.055    16.5404   0.000008     0.0086         18     0.0708  0.000e+00
     -0.054    16.5416   0.000002     0.0086         19     0.0750  0.000e+00
     -0.059    16.5428   0.000008     0.0086         20     0.0792  0.000e+00
     -0.059    16.5441   0.000011     0.0085         21     0.0833  0.000e+00
     -0.056    16.5458   0.000008     0.0086         22     0.0875  0.000e+00
     -0.056    16.5471   0.000008     0.0086         23     0.0917  0.000e+00
     -0.057    16.5485   0.000008     0.0086         24     0.0958  0.000e+00
     -0.052    16.5501   0.000008     0.0086         25     0.1000  0.000e+00
     -0.050    16.5516   0.000008     0.0086         26     0.1042  0.000e+00
     -0.048    16.5520   0.000008     0.0086         27     0.1083  0.000e+00
     -0.050    16.5514   0.000008     0.0086         28     0.1125  0.000e+00
     -0.050    16.5516   0.000008     0.0086         29     0.1167  0.000e+00
     -0.046    16.5526   0.000008     0.0086         30     0.1208  0.000e+00
     -0.045    16.5541   0.000008     0.0086         31     0.1250  0.000e+00
     -0.050    16.5547   0.000002     0.0086         32     0.1292  0.000e+00
     -0.045    16.5557   0.000008     0.0086         33     0.1333  0.000e+00
     -0.046    16.5550   0.000002     0.0086         34     0.1375  0.000e+00
     -0.048    16.5533   0.000008     0.0086         35     0.1417  0.000e+00
     -0.043    16.5513   0.000008     0.0086         36     0.1458  0.000e+00
     -0.046    16.5514   0.000008     0.0086         37     0.1500  0.000e+00
     -0.047    16.5517   0.000008     0.0086         38     0.1542  0.000e+00
     -0.049    16.5508   0.000011     0.0085         39     0.1583  0.000e+00
     -0.050    16.5507   0.000008     0.0086         40     0.1625  0.000e+00
     -0.052    16.5517   0.000008     0.0086         41     0.1667  0.000e+00
     -0.051    16.5530   0.000002     0.0086         42     0.1708  0.000e+00
     -0.049    16.5525   0.000008     0.0086         43     0.1750  0.000e+00
     -0.054    16.5519   0.000008     0.0086         44     0.1792  0.000e+00
     -0.052    16.5521   0.000008     0.0086         45     0.1833  0.000e+00
     -0.049    16.5529   0.000008     0.0086         46     0.1875  0.000e+00
     -0.049    16.5537   0.000008     0.0086         47     0.1917  0.000e+00
     -0.049    16.5546   0.000008     0.0086         48     0.1958  0.000e+00
     -0.049    16.5562   0.000008     0.0086         49     0.2000  0.000e+00
     -0.047    16.5564   0.000011     0.0085         50     0.2042  0.000e+00
     -0.050    16.5576   0.000013     0.0085         51     0.2083  0.000e+00
     -0.056    16.5580   0.000008     0.0086         52     0.2125  0.000e+00
     -0.047    16.5520   0.000002     0.0086         53     0.2167  0.000e+00
     -0.050    16.5446   0.000008     0.0086         54     0.2208  0.000e+00
     -0.038    16.5423   0.000013     0.0085         55     0.2250  0.000e+00
     -0.043    16.5424   0.000008     0.0086         56     0.2292  0.000e+00
     -0.047    16.5432   0.000002     0.0086         57     0.2333  0.000e+00
     -0.050    16.5437   0.000008     0.0086         58     0.2375  0.000e+00
     -0.045    16.5454   0.000008     0.0086         59     0.2417  0.000e+00
     -0.050    16.5469   0.000008     0.0086         60     0.2458  0.000e+00
     -0.052    16.5478   0.000008     0.0086         61     0.2500  0.000e+00
     -0.050    16.5487   0.000008     0.0086         62     0.2542  0.000e+00
     -0.048    16.5487   0.000008     0.0086         63     0.2583  0.000e+00
     -0.050    16.5478   0.000008     0.0086         64     0.2625  0.000e+00
     -0.052    16.5462   0.000002     0.0086         65     0.2667  0.000e+00
     -0.048    16.5457   0.000002     0.0086         66     0.2708  0.000e+00
     -0.048    16.5449   0.000008     0.0086         67     0.2750  0.000e+00
     -0.050    16.5446   0.000013     0.0085         68     0.2792  0.000e+00
     -0.050    16.5445   0.000013     0.0085         69     0.2833  0.000e+00
     -0.046    16.5437   0.000008     0.0086         70     0.2875  0.000e+00
     -0.044    16.5427   0.000008     0.0086         71     0.2917  0.000e+00
     -0.044    16.5415   0.000008     0.0086         72     0.2958  0.000e+00
     -0.044    16.5403   0.000008     0.0086         73     0.3000  0.000e+00
     -0.052    16.5390   0.000002     0.0086         74     0.3042  0.000e+00
     -0.046    16.5375   0.000008     0.0086         75     0.3083  0.000e+00
     -0.046    16.5366   0.000008     0.0086         76     0.3125  0.000e+00
     -0.042    16.5367   0.000008     0.0086         77     0.3167  0.000e+00
     -0.039    16.5374   0.000008     0.0086         78     0.3208  0.000e+00
     -0.044    16.5371   0.000002     0.0086         79     0.3250  0.000e+00
     -0.046    16.5374   0.000008     0.0086         80     0.3292  0.000e+00
     -0.039    16.5388   0.000011     0.0085         81     0.3333  0.000e+00
     -0.043    16.5397   0.000008     0.0086         82     0.3375  0.000e+00
     -0.043    16.5408   0.000002     0.0086         83     0.3417  0.000e+00
     -0.046    16.5420   0.000008     0.0086         84     0.3458  0.000e+00
     -0.043    16.5432   0.000008     0.0086         85     0.3500  0.000e+00
     -0.041    16.5437   0.000008     0.0086         86     0.3542  0.000e+00
     -0.043    16.5433   0.000011     0.0085         87     0.3583  0.000e+00
     -0.043    16.5430   0.000002     0.0086         88     0.3625  0.000e+00
     -0.043    16.5437   0.000008     0.0086         89     0.3667  0.000e+00
     -0.043    16.5445   0.000002     0.0086         90     0.3708  0.000e+00
     -0.046    16.5456   0.000008     0.0086         91     0.3750  0.000e+00
     -0.043    16.5460   0.000008     0.0086         92     0.3792  0.000e+00
     -0.043    16.5466   0.000008     0.0086         93     0.3833  0.000e+00
     -0.041    16.5474   0.000008     0.0086         94     0.3875  0.000e+00
     -0.039    16.5482   0.000008     0.0086         95     0.3917  0.000e+00
     -0.034    16.5479   0.000008     0.0086         96     0.3958  0.000e+00
     -0.041    16.5472   0.000008     0.0086         97     0.4000  0.000e+00
     -0.038    16.5474   0.000011     0.0085         98     0.4042  0.000e+00
     -0.034    16.5483   0.000013     0.0085         99     0.4083  0.000e+00
     -0.038    16.5483   0.000013     0.0085        100     0.4125  0.000e+00
     -0.043    16.5438   0.000011     0.0085        101     0.4167  0.000e+00
     -0.041    16.5382   0.000008     0.0086        102     0.4208  0.000e+00
     -0.039    16.5368   0.000008     0.0086        103     0.4250  0.000e+00
     -0.038    16.5370   0.000011     0.0085        104     0.4292  0.000e+00
     -0.038    16.5377   0.000008     0.0086        105     0.4333  0.000e+00
     -0.039    16.5388   0.000008     0.0086        106     0.4375  0.000e+00
     -0.052    16.5395   1.385496     9.7366        107     0.4417  0.000e+00
     -0.036    16.5429   2.255863    16.5462        108     0.4458  0.000e+00
      0.145    16.6435   2.323252    17.0449        109     0.4500  0.000e+00
      0.353    17.3643   4.328120    33.2903        110     0.4542  0.000e+00
      0.567    18.2646   4.296272    32.2951        111     0.4583  0.000e+00
      0.770    18.9432   4.278604    31.6223        112     0.4625  0.000e+00
      0.989    19.3411   4.330639    31.7468        113     0.4667  0.000e+00
      1.232    19.5800   4.350607    31.7284        114     0.4708  0.000e+00
      1.384    19.7545   4.330013    31.4295        115     0.4750  0.000e+00
      1.538    19.8948   4.322608    31.2648        116     0.4792  0.000e+00
      1.670    19.9741   4.341075    31.3549        117     0.4833  0.000e+00
      1.601    20.0734   4.387442    31.6545        118     0.4875  0.000e+00
      1.444    20.2851   4.401202    31.6066        119     0.4917  0.000e+00
      1.273    20.4972   4.369266    31.1941        120     0.4958  0.000e+00
      1.279    20.6457   4.362261    31.0296        121     0.5000  0.000e+00
      1.429    20.6945   4.361692    30.9895        122     0.5042  0.000e+00
      1.643    20.6277   4.351401    30.9564        123     0.5083  0.000e+00
      1.866    20.5050   4.346801    31.0092        124     0.5125  0.000e+00
      2.076    20.3850   4.342811    31.0651        125     0.5167  0.000e+00
      2.289    20.3014   4.338675    31.0933        126     0.5208  0.000e+00
      2.490    20.2480   4.335528    31.1073        127     0.5250  0.000e+00
      2.682    20.2143   4.332034    31.1041        128     0.5292  0.000e+00
      2.883    20.1921   4.329448    31.0996        129     0.5333  0.000e+00
      3.079    20.1769   4.333868    31.1462        130     0.5375  0.000e+00
      3.274    20.1633   4.342995    31.2294        131     0.5417  0.000e+00
      3.470    20.1379   4.326450    31.1153        132     0.5458  0.000e+00
      3.642    20.0983   4.324978    31.1326        133     0.5500  0.000e+00
      3.779    20.0812   4.339873    31.2649        134     0.5542  0.000e+00
      3.895    20.1709   4.371487    31.4524        135     0.5583  0.000e+00
      3.975    20.3452   4.386246    31.4412        136     0.5625  0.000e+00
      4.040    20.5034   4.387980    31.3379        137     0.5667  0.000e+00
      4.105    20.6179   4.389741    31.2675        138     0.5708  0.000e+00
      4.168    20.6974   4.391624    31.2241        139     0.5750  0.000e+00
      4.212    20.7519   4.390805    31.1777        140     0.5792  0.000e+00
      4.250    20.7931   4.386394    31.1125        141     0.5833  0.000e+00
      4.295    20.8192   4.364647    30.9214        142     0.5875  0.000e+00
      4.370    20.8270   4.350084    30.8006        143     0.5917  0.000e+00
      4.485    20.8213   4.351941    30.8194        144     0.5958  0.000e+00
      4.641    20.7349   4.356833    30.9206        145     0.6000  0.000e+00
      4.835    20.6006   4.358700    31.0331        146     0.6042  0.000e+00
      5.049    20.4895   4.355426    31.0882        147     0.6083  0.000e+00
      5.255    20.4168   4.349649    31.0954        148     0.6125  0.000e+00
      5.454    20.3623   4.346258    31.1082        149     0.6167  0.000e+00
      5.644    20.3108   4.342507    31.1160        150     0.6208  0.000e+00
      5.825    20.2694   4.337523    31.1065        151     0.6250  0.000e+00
      6.001    20.2430   4.342935    31.1692        152     0.6292  0.000e+00
      6.164    20.2313   4.350934    31.2419        153     0.6333  0.000e+00
      6.305    20.2912   4.376782    31.4047        154     0.6375  0.000e+00
      6.412    20.4319   4.396545    31.4584        155     0.6417  0.000e+00
      6.481    20.5773   4.402006    31.3944        156     0.6458  0.000e+00
      6.522    20.6945   4.400024    31.2921        157     0.6500  0.000e+00
      6.582    20.7738   4.392308    31.1728        158     0.6542  0.000e+00
      6.655    20.8172   4.371727    30.9782        159     0.6583  0.000e+00
      6.749    20.8357   4.371660    30.9641        160     0.6625  0.000e+00
      6.861    20.8435   4.372075    30.9618        161     0.6667  0.000e+00
      6.997    20.8088   4.370502    30.9745        162     0.6708  0.000e+00
      7.151    20.7495   4.364215    30.9677        163     0.6750  0.000e+00
      7.326    20.6796   4.357276    30.9634        164     0.6792  0.000e+00
      7.513    20.5915   4.354450    31.0051        165     0.6833  0.000e+00
      7.710    20.4957   4.354499    31.0755        166     0.6875  0.000e+00
      7.917    20.4155   4.353858    31.1291        167     0.6917  0.000e+00
      8.117    20.3582   4.350626    31.1453        168     0.6958  0.000e+00
      8.331    20.3196   4.348196    31.1542        169     0.7000  0.000e+00
      8.538    20.2953   4.352117    31.2034        170     0.7042  0.000e+00
      8.737    20.2821   4.355017    31.2363        171     0.7083  0.000e+00
      8.913    20.3168   4.369787    31.3288        172     0.7125  0.000e+00
      9.063    20.4166   4.389981    31.4164        173     0.7167  0.000e+00
      9.199    20.5414   4.398511    31.3921        174     0.7208  0.000e+00
      9.311    20.6543   4.397429    31.3002        175     0.7250  0.000e+00
      9.407    20.7358   4.391874    31.1962        176     0.7292  0.000e+00
      9.505    20.7833   4.375511    31.0318        177     0.7333  0.000e+00
      9.597    20.8030   4.362068    30.9111        178     0.7375  0.000e+00
      9.680    20.8214   4.359815    30.8799        179     0.7417  0.000e+00
      9.764    20.8194   4.355136    30.8443        180     0.7458  0.000e+00
      9.838    20.7751   4.353961    30.8671        181     0.7500  0.000e+00
      9.919    20.7173   4.357270    30.9352        182     0.7542  0.000e+00
     10.008    20.6291   4.360914    31.0283        183     0.7583  0.000e+00
     10.104    20.5302   4.361437    31.1047        184     0.7625  0.000e+00
     10.211    20.4510   4.360569    31.1558        185     0.7667  0.000e+00
     10.325    20.4004   4.361212    31.1981        186     0.7708  0.000e+00
     10.439    20.3636   4.363118    31.2404        187     0.7750  0.000e+00
     10.566    20.3394   4.363292    31.2596        188     0.7792  0.000e+00
     10.705    20.3295   4.365573    31.2851        189     0.7833  0.000e+00
     10.843    20.3308   4.368985    31.3114        190     0.7875  0.000e+00
     10.984    20.3418   4.372626    31.3324        191     0.7917  0.000e+00
     11.130    20.3620   4.374768    31.3346        192     0.7958  0.000e+00
     11.279    20.3775   4.375316    31.3274        193     0.8000  0.000e+00
     11.427    20.3883   4.375410    31.3201        194     0.8042  0.000e+00
     11.574    20.4060   4.376628    31.3167        195     0.8083  0.000e+00
     11.719    20.4222   4.377713    31.3134        196     0.8125  0.000e+00
     11.855    20.4330   4.383373    31.3506        197     0.8167  0.000e+00
     11.996    20.4450   4.388607    31.3835        198     0.8208  0.000e+00
     12.128    20.4638   4.389231    31.3745        199     0.8250  0.000e+00
     12.262    20.4950   4.388386    31.3446        200     0.8292  0.000e+00
     12.400    20.5301   4.389464    31.3273        201     0.8333  0.000e+00
     12.543    20.5603   4.390738    31.3152        202     0.8375  0.000e+00
     12.684    20.5698   4.392575    31.3227        203     0.8417  0.000e+00
     12.836    20.5668   4.393769    31.3344        204     0.8458  0.000e+00
     12.987    20.5653   4.393065    31.3299        205     0.8500  0.000e+00
     13.133    20.5692   4.392005    31.3185        206     0.8542  0.000e+00
     13.278    20.5771   4.390959    31.3043        207     0.8583  0.000e+00
     13.421    20.5877   4.389491    31.2847        208     0.8625  0.000e+00
     13.566    20.5921   4.386052    31.2541        209     0.8667  0.000e+00
     13.700    20.5864   4.381409    31.2213        210     0.8708  0.000e+00
     13.829    20.5742   4.378402    31.2063        211     0.8750  0.000e+00
     13.953    20.5620   4.378978    31.2198        212     0.8792  0.000e+00
     14.073    20.5510   4.381101    31.2447        213     0.8833  0.000e+00
     14.196    20.5325   4.384954    31.2890        214     0.8875  0.000e+00
     14.312    20.5064   4.390766    31.3546        215     0.8917  0.000e+00
