HB2407/sbe086.cnv
* Sea-Bird SBE 19plus V2 Data File:
* FileName = C:\cruise\data\sbe086.hex
* Software Version Seasave V 7.26.7.121
* Temperature SN = 7037
* Conductivity SN = 7037
* System UpLoad Time = Oct 13 2024 12:19:03
* NMEA Latitude = 40 53.44 N
* NMEA Longitude = 069 04.63 W
* NMEA UTC (Time) = Oct 13 2024  12:18:51
** Ship: Bigelow
** Cruise:  HB2407
** Program:  Spring Bottom Trawl
# nquan = 8
# nvalues = 1724                                  
# units = specified
# name 0 = depSM: Depth [salt water, m]
# name 1 = tv290C: Temperature [ITS-90, deg C]
# name 2 = c0S/m: Conductivity [S/m]
# name 3 = sal00: Salinity, Practical [PSU]
# name 4 = scan: Scan Count
# name 5 = timeM: Time, Elapsed [minutes]
# name 6 = sbeox0V: Oxygen raw, SBE 43 [V]
# name 7 = flag:  0.000e+00
# span 0 =     -0.012,     73.594                 
# span 1 =    12.5507,    16.9412                 
# span 2 =   0.000036,   3.963546                 
# span 3 =     0.0086,    32.2495                 
# span 4 =         11,       1734                 
# span 5 =     0.0417,     7.2208                 
# span 6 =     1.9717,     2.4441                 
# span 7 = 0.0000e+00, 0.0000e+00                 
# interval = seconds: 0.25
# start_time = Oct 13 2024 12:18:51 [NMEA time, header]
# bad_flag = -9.990e-29
*END*
[from data line 1618]
      4.822    14.8448   3.925299    31.8052       1629     6.7833     2.4379  0.000e+00
      4.755    14.8451   3.925299    31.8051       1630     6.7875     2.4381  0.000e+00
      4.679    14.8454   3.925275    31.8046       1631     6.7917     2.4382  0.000e+00
      4.616    14.8453   3.925275    31.8047       1632     6.7958     2.4369  0.000e+00
      4.538    14.8453   3.925251    31.8045       1633     6.8000     2.4379  0.000e+00
      4.469    14.8452   3.925269    31.8048       1634     6.8042     2.4378  0.000e+00
      4.406    14.8454   3.925251    31.8044       1635     6.8083     2.4374  0.000e+00
      4.341    14.8453   3.925251    31.8046       1636     6.8125     2.4384  0.000e+00
      4.270    14.8454   3.925233    31.8044       1637     6.8167     2.4381  0.000e+00
      4.203    14.8452   3.925070    31.8031       1638     6.8208     2.4380  0.000e+00
      4.136    14.8445   3.925137    31.8043       1639     6.8250     2.4388  0.000e+00
      4.069    14.8443   3.925046    31.8037       1640     6.8292     2.4378  0.000e+00
      3.999    14.8437   3.924950    31.8033       1641     6.8333     2.4381  0.000e+00
      3.918    14.8430   3.924950    31.8039       1642     6.8375     2.4381  0.000e+00
      3.856    14.8427   3.925070    31.8053       1643     6.8417     2.4377  0.000e+00
      3.791    14.8427   3.925209    31.8065       1644     6.8458     2.4374  0.000e+00
      3.733    14.8434   3.925299    31.8068       1645     6.8500     2.4370  0.000e+00
      3.674    14.8443   3.925323    31.8063       1646     6.8542     2.4373  0.000e+00
      3.628    14.8451   3.925209    31.8047       1647     6.8583     2.4391  0.000e+00
      3.594    14.8451   3.925185    31.8044       1648     6.8625     2.4389  0.000e+00
      3.572    14.8448   3.925185    31.8047       1649     6.8667     2.4379  0.000e+00
      3.571    14.8447   3.925046    31.8035       1650     6.8708     2.4392  0.000e+00
      3.581    14.8441   3.924787    31.8017       1651     6.8750     2.4391  0.000e+00
      3.590    14.8427   3.924787    31.8028       1652     6.8792     2.4391  0.000e+00
      3.601    14.8417   3.924787    31.8036       1653     6.8833     2.4389  0.000e+00
      3.598    14.8409   3.924787    31.8043       1654     6.8875     2.4400  0.000e+00
      3.592    14.8406   3.924884    31.8054       1655     6.8917     2.4397  0.000e+00
      3.563    14.8406   3.924860    31.8052       1656     6.8958     2.4401  0.000e+00
      3.496    14.8407   3.924763    31.8042       1657     6.9000     2.4399  0.000e+00
      3.404    14.8406   3.924950    31.8061       1658     6.9042     2.4394  0.000e+00
      3.296    14.8410   3.924835    31.8047       1659     6.9083     2.4385  0.000e+00
      3.153    14.8411   3.924974    31.8060       1660     6.9125     2.4397  0.000e+00
      3.019    14.8411   3.924583    31.8024       1661     6.9167     2.4384  0.000e+00
      2.880    14.8405   3.924835    31.8053       1662     6.9208     2.4394  0.000e+00
      2.771    14.8404   3.924697    31.8041       1663     6.9250     2.4388  0.000e+00
      2.681    14.8401   3.924763    31.8051       1664     6.9292     2.4395  0.000e+00
      2.643    14.8401   3.924787    31.8053       1665     6.9333     2.4388  0.000e+00
      2.632    14.8402   3.924859    31.8058       1666     6.9375     2.4386  0.000e+00
      2.648    14.8404   3.924883    31.8059       1667     6.9417     2.4388  0.000e+00
      2.683    14.8411   3.924907    31.8056       1668     6.9458     2.4391  0.000e+00
      2.715    14.8411   3.924673    31.8034       1669     6.9500     2.4394  0.000e+00
      2.742    14.8404   3.924625    31.8035       1670     6.9542     2.4392  0.000e+00
      2.766    14.8397   3.924601    31.8039       1671     6.9583     2.4392  0.000e+00
      2.775    14.8391   3.924721    31.8055       1672     6.9625     2.4394  0.000e+00
      2.760    14.8394   3.924745    31.8055       1673     6.9667     2.4405  0.000e+00
      2.735    14.8395   3.924673    31.8047       1674     6.9708     2.4402  0.000e+00
      2.677    14.8396   3.924625    31.8042       1675     6.9750     2.4407  0.000e+00
      2.561    14.8392   3.924396    31.8025       1676     6.9792     2.4400  0.000e+00
      2.435    14.8383   3.924372    31.8031       1677     6.9833     2.4408  0.000e+00
      2.276    14.8374   3.924372    31.8039       1678     6.9875     2.4417  0.000e+00
      2.165    14.8367   3.924209    31.8030       1679     6.9917     2.4415  0.000e+00
      2.046    14.8358   3.924209    31.8038       1680     6.9958     2.4405  0.000e+00
      1.947    14.8350   3.924281    31.8052       1681     7.0000     2.4416  0.000e+00
      1.856    14.8349   3.924161    31.8042       1682     7.0042     2.4410  0.000e+00
      1.800    14.8345   3.924137    31.8043       1683     7.0083     2.4412  0.000e+00
      1.778    14.8341   3.924161    31.8049       1684     7.0125     2.4395  0.000e+00
      1.782    14.8338   3.924209    31.8055       1685     7.0167     2.4397  0.000e+00
      1.796    14.8339   3.924299    31.8063       1686     7.0208     2.4404  0.000e+00
      1.809    14.8344   3.924396    31.8067       1687     7.0250     2.4396  0.000e+00
      1.811    14.8350   3.924438    31.8066       1688     7.0292     2.4408  0.000e+00
      1.818    14.8357   3.924438    31.8060       1689     7.0333     2.4411  0.000e+00
      1.784    14.8364   3.924444    31.8056       1690     7.0375     2.4425  0.000e+00
      1.697    14.8364   3.924347    31.8047       1691     7.0417     2.4420  0.000e+00
      1.589    14.8363   3.924323    31.8046       1692     7.0458     2.4425  0.000e+00
      1.437    14.8361   3.924420    31.8057       1693     7.0500     2.4425  0.000e+00
      1.303    14.8361   3.924486    31.8063       1694     7.0542     2.4422  0.000e+00
      1.142    14.8366   3.924419    31.8054       1695     7.0583     2.4423  0.000e+00
      0.972    14.8367   3.924395    31.8052       1696     7.0625     2.4423  0.000e+00
      0.833    14.8368   3.924395    31.8051       1697     7.0667     2.4426  0.000e+00
      0.778    14.8367   3.924395    31.8052       1698     7.0708     2.4429  0.000e+00
      0.766    14.8368   3.924485    31.8059       1699     7.0750     2.4429  0.000e+00
      0.800    14.8369   3.924461    31.8056       1700     7.0792     2.4436  0.000e+00
      0.849    14.8370   3.924461    31.8056       1701     7.0833     2.4432  0.000e+00
      0.928    14.8371   3.924461    31.8055       1702     7.0875     2.4420  0.000e+00
      1.010    14.8373   3.924461    31.8053       1703     7.0917     2.4417  0.000e+00
      1.098    14.8374   3.924510    31.8055       1704     7.0958     2.4422  0.000e+00
      1.176    14.8375   3.924534    31.8057       1705     7.1000     2.4433  0.000e+00
      1.238    14.8377   3.924582    31.8059       1706     7.1042     2.4413  0.000e+00
      1.259    14.8381   3.924672    31.8064       1707     7.1083     2.4423  0.000e+00
      1.209    14.8385   3.924624    31.8056       1708     7.1125     2.4409  0.000e+00
      1.118    14.8387   3.924558    31.8049       1709     7.1167     2.4410  0.000e+00
      1.015    14.8387   3.924510    31.8046       1710     7.1208     2.4407  0.000e+00
      0.887    14.8382   3.924696    31.8067       1711     7.1250     2.4419  0.000e+00
      0.684    14.8387   3.924834    31.8076       1712     7.1292     2.4414  0.000e+00
      0.448    14.8397   3.924281    31.8019       1713     7.1333     2.4425  0.000e+00
      0.165    14.8389   3.924046    31.8005       1714     7.1375     2.4429  0.000e+00
      0.006    14.8366   3.203362    25.3927       1715     7.1417     2.4435  0.000e+00
     -0.006    14.8316   0.746977     5.2227       1716     7.1458     2.4438  0.000e+00
     -0.010    14.8170   0.414440     2.7849       1717     7.1500     2.4433  0.000e+00
     -0.010    14.8009   0.350722     2.3333       1718     7.1542     2.4435  0.000e+00
     -0.012    14.7932   0.316489     2.0930       1719     7.1583     2.4441  0.000e+00
     -0.012    14.7905   1.573394    11.6786       1720     7.1625     2.4422  0.000e+00
      0.035    14.7905   3.911987    31.7311       1721     7.1667     2.4427  0.000e+00
      0.133    14.7945   3.918391    31.7857       1722     7.1708     2.4405  0.000e+00
      0.252    14.8029   3.918553    31.7802       1723     7.1750     2.4376  0.000e+00
      0.389    14.8099   3.923372    31.8180       1724     7.1792     2.4320  0.000e+00
      0.520    14.8150   3.923330    31.8134       1725     7.1833     2.4237  0.000e+00
      0.619    14.8187   3.920869    31.7881       1726     7.1875     2.4127  0.000e+00
      0.715    14.8228   3.890960    31.5148       1727     7.1917     2.4008  0.000e+00
      0.760    14.8289   3.924835    31.8156       1728     7.1958     2.3892  0.000e+00
      0.702    14.8338   3.629228    29.1587       1729     7.2000     2.3799  0.000e+00
      0.578    14.8375   3.856345    31.1911       1730     7.2042     2.3728  0.000e+00
      0.417    14.8396   3.899348    31.5770       1731     7.2083     2.3696  0.000e+00
      0.118    14.8411   3.924485    31.8027       1732     7.2125     2.3689  0.000e+00
     -0.003    14.8409   1.427354    10.4942       1733     7.2167     2.3688  0.000e+00
     -0.001    14.8327   0.465486     3.1501       1734     7.2208     2.3670  0.000e+00
