HB2407/sbe045.cnv
* Sea-Bird SBE 19plus V2 Data File:
* FileName = C:\cruise\data\sbe045.hex
* Software Version Seasave V 7.26.7.121
* Temperature SN = 7143
* Conductivity SN = 7143
* System UpLoad Time = Oct 03 2024 12:58:45
* NMEA Latitude = 41 13.55 N
* NMEA Longitude = 070 30.86 W
* NMEA UTC (Time) = Oct 03 2024  12:58:22
** Ship: Bigelow
** Cruise:  HB2407
** Program:  Fall Bottom Trawl
# nquan = 7
# nvalues = 1707                                  
# units = specified
# name 0 = depSM: Depth [salt water, m]
# name 1 = tv290C: Temperature [ITS-90, deg C]
# name 2 = c0S/m: Conductivity [S/m]
# name 3 = sal00: Salinity, Practical [PSU]
# name 4 = scan: Scan Count
# name 5 = timeM: Time, Elapsed [minutes]
# name 6 = flag:  0.000e+00
# span 0 =     -0.010,     27.503                 
# span 1 =    16.9365,    20.0880                 
# span 2 =   0.000042,   4.232896                 
# span 3 =     0.0099,    32.1090                 
# span 4 =         11,       1717                 
# span 5 =     0.0417,     7.1500                 
# span 6 = 0.0000e+00, 0.0000e+00                 
# interval = seconds: 0.25
# start_time = Oct 03 2024 12:58:22 [NMEA time, header]
# bad_flag = -9.990e-29
*END*
[from data line 1026]
     15.245    17.4117   4.151690    31.7360       1037     4.3167  0.000e+00
     15.188    17.4118   4.151690    31.7359       1038     4.3208  0.000e+00
     15.129    17.4116   4.151663    31.7359       1039     4.3250  0.000e+00
     15.065    17.4115   4.151637    31.7357       1040     4.3292  0.000e+00
     14.998    17.4118   4.151663    31.7358       1041     4.3333  0.000e+00
     14.930    17.4115   4.151617    31.7356       1042     4.3375  0.000e+00
     14.865    17.4112   4.151663    31.7363       1043     4.3417  0.000e+00
     14.805    17.4114   4.151663    31.7362       1044     4.3458  0.000e+00
     14.754    17.4118   4.151663    31.7359       1045     4.3500  0.000e+00
     14.713    17.4120   4.151643    31.7356       1046     4.3542  0.000e+00
     14.667    17.4120   4.151663    31.7358       1047     4.3583  0.000e+00
     14.633    17.4118   4.151709    31.7363       1048     4.3625  0.000e+00
     14.609    17.4121   4.151709    31.7360       1049     4.3667  0.000e+00
     14.579    17.4127   4.151709    31.7356       1050     4.3708  0.000e+00
     14.557    17.4130   4.151735    31.7356       1051     4.3750  0.000e+00
     14.533    17.4131   4.151709    31.7353       1052     4.3792  0.000e+00
     14.510    17.4130   4.151689    31.7353       1053     4.3833  0.000e+00
     14.490    17.4126   4.151591    31.7347       1054     4.3875  0.000e+00
     14.463    17.4120   4.151565    31.7350       1055     4.3917  0.000e+00
     14.436    17.4112   4.151545    31.7354       1056     4.3958  0.000e+00
     14.412    17.4109   4.151617    31.7363       1057     4.4000  0.000e+00
     14.380    17.4114   4.151709    31.7367       1058     4.4042  0.000e+00
     14.345    17.4122   4.151689    31.7359       1059     4.4083  0.000e+00
     14.304    17.4126   4.151617    31.7350       1060     4.4125  0.000e+00
     14.266    17.4125   4.151591    31.7349       1061     4.4167  0.000e+00
     14.239    17.4122   4.151591    31.7351       1062     4.4208  0.000e+00
     14.208    17.4120   4.151637    31.7357       1063     4.4250  0.000e+00
     14.186    17.4122   4.151761    31.7366       1064     4.4292  0.000e+00
     14.168    17.4136   4.151879    31.7365       1065     4.4333  0.000e+00
     14.164    17.4152   4.151931    31.7357       1066     4.4375  0.000e+00
     14.163    17.4165   4.151951    31.7348       1067     4.4417  0.000e+00
     14.173    17.4177   4.151918    31.7336       1068     4.4458  0.000e+00
     14.190    17.4182   4.151931    31.7333       1069     4.4500  0.000e+00
     14.206    17.4183   4.151931    31.7333       1070     4.4542  0.000e+00
     14.239    17.4183   4.151833    31.7324       1071     4.4583  0.000e+00
     14.269    17.4177   4.151833    31.7329       1072     4.4625  0.000e+00
     14.293    17.4173   4.151905    31.7338       1073     4.4667  0.000e+00
     14.316    17.4178   4.152076    31.7349       1074     4.4708  0.000e+00
     14.329    17.4192   4.152102    31.7340       1075     4.4750  0.000e+00
     14.322    17.4199   4.152049    31.7329       1076     4.4792  0.000e+00
     14.313    17.4201   4.152003    31.7324       1077     4.4833  0.000e+00
     14.281    17.4199   4.151951    31.7322       1078     4.4875  0.000e+00
     14.233    17.4198   4.151931    31.7321       1079     4.4917  0.000e+00
     14.179    17.4192   4.151971    31.7329       1080     4.4958  0.000e+00
     14.112    17.4189   4.151951    31.7330       1081     4.5000  0.000e+00
     14.034    17.4187   4.151951    31.7332       1082     4.5042  0.000e+00
     13.942    17.4187   4.151931    31.7330       1083     4.5083  0.000e+00
     13.832    17.4189   4.152003    31.7335       1084     4.5125  0.000e+00
     13.721    17.4196   4.152049    31.7334       1085     4.5167  0.000e+00
     13.618    17.4199   4.152029    31.7330       1086     4.5208  0.000e+00
     13.519    17.4199   4.152029    31.7331       1087     4.5250  0.000e+00
     13.423    17.4204   4.152219    31.7343       1088     4.5292  0.000e+00
     13.348    17.4218   4.152245    31.7335       1089     4.5333  0.000e+00
     13.307    17.4231   4.152344    31.7333       1090     4.5375  0.000e+00
     13.287    17.4246   4.152376    31.7324       1091     4.5417  0.000e+00
     13.296    17.4260   4.152416    31.7317       1092     4.5458  0.000e+00
     13.320    17.4265   4.152317    31.7304       1093     4.5500  0.000e+00
     13.368    17.4262   4.152219    31.7298       1094     4.5542  0.000e+00
     13.435    17.4253   4.152173    31.7301       1095     4.5583  0.000e+00
     13.508    17.4240   4.152147    31.7309       1096     4.5625  0.000e+00
     13.588    17.4230   4.152147    31.7316       1097     4.5667  0.000e+00
     13.658    17.4227   4.152147    31.7319       1098     4.5708  0.000e+00
     13.720    17.4223   4.152147    31.7321       1099     4.5750  0.000e+00
     13.777    17.4218   4.152075    31.7319       1100     4.5792  0.000e+00
     13.812    17.4212   4.151977    31.7315       1101     4.5833  0.000e+00
     13.832    17.4206   4.151977    31.7320       1102     4.5875  0.000e+00
     13.841    17.4203   4.151944    31.7320       1103     4.5917  0.000e+00
     13.830    17.4197   4.151931    31.7323       1104     4.5958  0.000e+00
     13.812    17.4191   4.151951    31.7329       1105     4.6000  0.000e+00
     13.777    17.4190   4.152102    31.7343       1106     4.6042  0.000e+00
     13.727    17.4200   4.152101    31.7335       1107     4.6083  0.000e+00
     13.660    17.4205   4.151951    31.7319       1108     4.6125  0.000e+00
     13.576    17.4201   4.151905    31.7318       1109     4.6167  0.000e+00
     13.477    17.4194   4.152029    31.7335       1110     4.6208  0.000e+00
     13.376    17.4199   4.152121    31.7339       1111     4.6250  0.000e+00
     13.267    17.4205   4.152029    31.7327       1112     4.6292  0.000e+00
     13.153    17.4212   4.152029    31.7322       1113     4.6333  0.000e+00
     13.050    17.4212   4.152049    31.7324       1114     4.6375  0.000e+00
     12.945    17.4213   4.152029    31.7322       1115     4.6417  0.000e+00
     12.851    17.4211   4.151590    31.7286       1116     4.6458  0.000e+00
     12.768    17.4213   4.152121    31.7330       1117     4.6500  0.000e+00
     12.703    17.4219   4.152173    31.7330       1118     4.6542  0.000e+00
     12.654    17.4228   4.152173    31.7323       1119     4.6583  0.000e+00
     12.619    17.4233   4.152173    31.7320       1120     4.6625  0.000e+00
     12.603    17.4234   4.152121    31.7314       1121     4.6667  0.000e+00
     12.601    17.4236   4.152121    31.7313       1122     4.6708  0.000e+00
     12.618    17.4233   4.152101    31.7313       1123     4.6750  0.000e+00
     12.645    17.4229   4.152075    31.7314       1124     4.6792  0.000e+00
     12.683    17.4227   4.152094    31.7318       1125     4.6833  0.000e+00
     12.728    17.4227   4.152049    31.7313       1126     4.6875  0.000e+00
     12.779    17.4222   4.152003    31.7313       1127     4.6917  0.000e+00
     12.831    17.4218   4.152029    31.7319       1128     4.6958  0.000e+00
     12.884    17.4217   4.152075    31.7323       1129     4.7000  0.000e+00
     12.931    17.4218   4.152101    31.7324       1130     4.7042  0.000e+00
     12.973    17.4220   4.152049    31.7318       1131     4.7083  0.000e+00
     13.005    17.4216   4.152003    31.7317       1132     4.7125  0.000e+00
     13.031    17.4211   4.152003    31.7321       1133     4.7167  0.000e+00
     13.052    17.4208   4.152003    31.7323       1134     4.7208  0.000e+00
     13.060    17.4207   4.152049    31.7328       1135     4.7250  0.000e+00
     13.058    17.4209   4.152049    31.7326       1136     4.7292  0.000e+00
     13.049    17.4210   4.152023    31.7323       1137     4.7333  0.000e+00
     13.025    17.4211   4.152029    31.7323       1138     4.7375  0.000e+00
     12.991    17.4213   4.152049    31.7324       1139     4.7417  0.000e+00
     12.942    17.4215   4.152049    31.7322       1140     4.7458  0.000e+00
     12.884    17.4217   4.152049    31.7321       1141     4.7500  0.000e+00
     12.821    17.4213   4.152075    31.7326       1142     4.7542  0.000e+00
     12.746    17.4217   4.152075    31.7323       1143     4.7583  0.000e+00
     12.669    17.4220   4.152029    31.7317       1144     4.7625  0.000e+00
     12.587    17.4221   4.152219    31.7333       1145     4.7667  0.000e+00
     12.502    17.4233   4.152317    31.7333       1146     4.7708  0.000e+00
     12.413    17.4246   4.152317    31.7323       1147     4.7750  0.000e+00
     12.328    17.4255   4.152245    31.7310       1148     4.7792  0.000e+00
     12.245    17.4261   4.152291    31.7309       1149     4.7833  0.000e+00
     12.164    17.4263   4.152317    31.7310       1150     4.7875  0.000e+00
     12.097    17.4267   4.152291    31.7305       1151     4.7917  0.000e+00
     12.041    17.4268   4.152343    31.7309       1152     4.7958  0.000e+00
     11.994    17.4270   4.152343    31.7307       1153     4.8000  0.000e+00
     11.954    17.4281   4.152605    31.7321       1154     4.8042  0.000e+00
     11.928    17.4297   4.152631    31.7311       1155     4.8083  0.000e+00
     11.914    17.4311   4.152631    31.7300       1156     4.8125  0.000e+00
     11.909    17.4319   4.152559    31.7288       1157     4.8167  0.000e+00
     11.912    17.4317   4.152461    31.7281       1158     4.8208  0.000e+00
     11.917    17.4310   4.152435    31.7284       1159     4.8250  0.000e+00
     11.928    17.4301   4.152402    31.7289       1160     4.8292  0.000e+00
     11.941    17.4297   4.152389    31.7290       1161     4.8333  0.000e+00
     11.961    17.4294   4.152415    31.7295       1162     4.8375  0.000e+00
     11.977    17.4290   4.152389    31.7296       1163     4.8417  0.000e+00
     11.990    17.4289   4.152389    31.7296       1164     4.8458  0.000e+00
     12.001    17.4285   4.152363    31.7297       1165     4.8500  0.000e+00
     12.006    17.4285   4.152317    31.7293       1166     4.8542  0.000e+00
     12.012    17.4280   4.152343    31.7299       1167     4.8583  0.000e+00
     12.006    17.4278   4.152363    31.7303       1168     4.8625  0.000e+00
     11.997    17.4276   4.152343    31.7303       1169     4.8667  0.000e+00
     11.981    17.4273   4.152317    31.7303       1170     4.8708  0.000e+00
     11.966    17.4274   4.152402    31.7309       1171     4.8750  0.000e+00
     11.947    17.4279   4.152415    31.7306       1172     4.8792  0.000e+00
     11.923    17.4279   4.152389    31.7304       1173     4.8833  0.000e+00
     11.893    17.4280   4.152415    31.7306       1174     4.8875  0.000e+00
     11.864    17.4284   4.152415    31.7303       1175     4.8917  0.000e+00
     11.835    17.4287   4.152389    31.7299       1176     4.8958  0.000e+00
     11.804    17.4285   4.152389    31.7300       1177     4.9000  0.000e+00
     11.773    17.4281   4.152363    31.7301       1178     4.9042  0.000e+00
     11.745    17.4285   4.152487    31.7309       1179     4.9083  0.000e+00
     11.719    17.4292   4.152585    31.7311       1180     4.9125  0.000e+00
     11.692    17.4306   4.152605    31.7303       1181     4.9167  0.000e+00
     11.665    17.4316   4.152631    31.7297       1182     4.9208  0.000e+00
     11.634    17.4321   4.152651    31.7295       1183     4.9250  0.000e+00
     11.600    17.4332   4.152801    31.7300       1184     4.9292  0.000e+00
     11.562    17.4342   4.152801    31.7291       1185     4.9333  0.000e+00
     11.528    17.4349   4.152801    31.7286       1186     4.9375  0.000e+00
     11.489    17.4357   4.152801    31.7280       1187     4.9417  0.000e+00
     11.448    17.4357   4.152828    31.7283       1188     4.9458  0.000e+00
     11.408    17.4357   4.152729    31.7274       1189     4.9500  0.000e+00
     11.368    17.4356   4.152677    31.7271       1190     4.9542  0.000e+00
     11.332    17.4348   4.152533    31.7265       1191     4.9583  0.000e+00
     11.287    17.4337   4.152506    31.7271       1192     4.9625  0.000e+00
     11.238    17.4327   4.152461    31.7275       1193     4.9667  0.000e+00
     11.203    17.4318   4.152487    31.7285       1194     4.9708  0.000e+00
     11.160    17.4312   4.152474    31.7289       1195     4.9750  0.000e+00
     11.124    17.4309   4.152506    31.7294       1196     4.9792  0.000e+00
     11.093    17.4312   4.152533    31.7294       1197     4.9833  0.000e+00
     11.069    17.4317   4.152585    31.7295       1198     4.9875  0.000e+00
     11.044    17.4320   4.152605    31.7294       1199     4.9917  0.000e+00
     11.026    17.4323   4.152657    31.7296       1200     4.9958  0.000e+00
     11.017    17.4330   4.152631    31.7288       1201     5.0000  0.000e+00
     11.017    17.4332   4.152631    31.7287       1202     5.0042  0.000e+00
     11.013    17.4335   4.152631    31.7285       1203     5.0083  0.000e+00
     11.019    17.4333   4.152677    31.7290       1204     5.0125  0.000e+00
     11.030    17.4337   4.152677    31.7287       1205     5.0167  0.000e+00
     11.044    17.4342   4.152782    31.7291       1206     5.0208  0.000e+00
     11.061    17.4348   4.152801    31.7289       1207     5.0250  0.000e+00
     11.073    17.4352   4.152677    31.7275       1208     5.0292  0.000e+00
     11.090    17.4345   4.152533    31.7268       1209     5.0333  0.000e+00
     11.095    17.4331   4.152487    31.7275       1210     5.0375  0.000e+00
     11.104    17.4321   4.152487    31.7283       1211     5.0417  0.000e+00
     11.106    17.4313   4.152461    31.7287       1212     5.0458  0.000e+00
     11.102    17.4307   4.152533    31.7298       1213     5.0500  0.000e+00
     11.090    17.4308   4.152506    31.7295       1214     5.0542  0.000e+00
     11.073    17.4312   4.152559    31.7296       1215     5.0583  0.000e+00
     11.048    17.4313   4.152585    31.7297       1216     5.0625  0.000e+00
     11.021    17.4317   4.152585    31.7295       1217     5.0667  0.000e+00
     10.988    17.4321   4.152578    31.7291       1218     5.0708  0.000e+00
     10.951    17.4323   4.152585    31.7290       1219     5.0750  0.000e+00
     10.905    17.4322   4.152559    31.7289       1220     5.0792  0.000e+00
     10.853    17.4319   4.152533    31.7289       1221     5.0833  0.000e+00
     10.791    17.4316   4.152506    31.7290       1222     5.0875  0.000e+00
     10.730    17.4316   4.152506    31.7290       1223     5.0917  0.000e+00
     10.663    17.4315   4.152532    31.7293       1224     5.0958  0.000e+00
     10.587    17.4315   4.152506    31.7291       1225     5.1000  0.000e+00
     10.507    17.4316   4.152559    31.7295       1226     5.1042  0.000e+00
     10.433    17.4319   4.152585    31.7295       1227     5.1083  0.000e+00
     10.355    17.4322   4.152657    31.7299       1228     5.1125  0.000e+00
     10.292    17.4328   4.152650    31.7294       1229     5.1167  0.000e+00
     10.232    17.4332   4.152657    31.7291       1230     5.1208  0.000e+00
     10.189    17.4334   4.152657    31.7290       1231     5.1250  0.000e+00
     10.160    17.4342   4.152676    31.7286       1232     5.1292  0.000e+00
     10.142    17.4347   4.152775    31.7291       1233     5.1333  0.000e+00
     10.136    17.4353   4.152873    31.7294       1234     5.1375  0.000e+00
     10.154    17.4365   4.152919    31.7289       1235     5.1417  0.000e+00
     10.182    17.4377   4.152971    31.7283       1236     5.1458  0.000e+00
     10.222    17.4385   4.152991    31.7279       1237     5.1500  0.000e+00
     10.274    17.4389   4.152971    31.7274       1238     5.1542  0.000e+00
     10.323    17.4393   4.152971    31.7270       1239     5.1583  0.000e+00
     10.374    17.4395   4.152971    31.7269       1240     5.1625  0.000e+00
