HB2407/sbe055.cnv
* Sea-Bird SBE 19plus V2 Data File:
* FileName = C:\cruise\data\sbe055.hex
* Software Version Seasave V 7.26.7.121
* Temperature SN = 7143
* Conductivity SN = 7143
* System UpLoad Time = Oct 05 2024 10:26:06
* NMEA Latitude = 39 57.96 N
* NMEA Longitude = 072 03.62 W
* NMEA UTC (Time) = Oct 05 2024  10:25:46
** Ship: Bigelow
** Cruise:  HB2407
** Program:  Fall Bottom Trawl
# nquan = 7
# nvalues = 2395                                  
# units = specified
# name 0 = depSM: Depth [salt water, m]
# name 1 = tv290C: Temperature [ITS-90, deg C]
# name 2 = c0S/m: Conductivity [S/m]
# name 3 = sal00: Salinity, Practical [PSU]
# name 4 = scan: Scan Count
# name 5 = timeM: Time, Elapsed [minutes]
# name 6 = flag:  0.000e+00
# span 0 =     -0.005,     75.761                 
# span 1 =    12.5282,    22.1643                 
# span 2 =   0.000019,   4.974595                 
# span 3 =     0.0098,    34.7298                 
# span 4 =         11,       2405                 
# span 5 =     0.0417,    10.0167                 
# span 6 = 0.0000e+00, 0.0000e+00                 
# interval = seconds: 0.25
# start_time = Oct 05 2024 10:25:46 [NMEA time, header]
# bad_flag = -9.990e-29
*END*
[from data line 2257]
      6.549    22.1431   4.971283    34.6870       2268     9.4458  0.000e+00
      6.484    22.1429   4.971283    34.6871       2269     9.4500  0.000e+00
      6.413    22.1428   4.971078    34.6856       2270     9.4542  0.000e+00
      6.350    22.1425   4.970703    34.6830       2271     9.4583  0.000e+00
      6.281    22.1414   4.971452    34.6897       2272     9.4625  0.000e+00
      6.212    22.1420   4.971141    34.6868       2273     9.4667  0.000e+00
      6.145    22.1422   4.970583    34.6823       2274     9.4708  0.000e+00
      6.082    22.1414   4.970314    34.6809       2275     9.4750  0.000e+00
      6.015    22.1398   4.970314    34.6821       2276     9.4792  0.000e+00
      5.957    22.1384   4.970505    34.6848       2277     9.4833  0.000e+00
      5.899    22.1379   4.971106    34.6900       2278     9.4875  0.000e+00
      5.852    22.1390   4.970781    34.6866       2279     9.4917  0.000e+00
      5.796    22.1389   4.970703    34.6860       2280     9.4958  0.000e+00
      5.753    22.1386   4.971226    34.6904       2281     9.5000  0.000e+00
      5.700    22.1393   4.971162    34.6893       2282     9.5042  0.000e+00
      5.655    22.1404   4.971282    34.6894       2283     9.5083  0.000e+00
      5.608    22.1412   4.970922    34.6859       2284     9.5125  0.000e+00
      5.564    22.1413   4.970731    34.6844       2285     9.5167  0.000e+00
      5.517    22.1400   4.970385    34.6827       2286     9.5208  0.000e+00
      5.480    22.1381   4.970392    34.6843       2287     9.5250  0.000e+00
      5.448    22.1361   4.970145    34.6840       2288     9.5292  0.000e+00
      5.410    22.1350   4.969954    34.6834       2289     9.5333  0.000e+00
      5.370    22.1337   4.970385    34.6878       2290     9.5375  0.000e+00
      5.326    22.1338   4.971509    34.6966       2291     9.5417  0.000e+00
      5.285    22.1372   4.971586    34.6945       2292     9.5458  0.000e+00
      5.232    22.1405   4.971558    34.6916       2293     9.5500  0.000e+00
      5.189    22.1430   4.970328    34.6800       2294     9.5542  0.000e+00
      5.145    22.1417   4.970590    34.6831       2295     9.5583  0.000e+00
      5.098    22.1392   4.970837    34.6870       2296     9.5625  0.000e+00
      5.056    22.1387   4.971091    34.6895       2297     9.5667  0.000e+00
      5.009    22.1394   4.970844    34.6869       2298     9.5708  0.000e+00
      4.973    22.1399   4.970618    34.6848       2299     9.5750  0.000e+00
      4.929    22.1391   4.970505    34.6846       2300     9.5792  0.000e+00
      4.890    22.1382   4.970448    34.6849       2301     9.5833  0.000e+00
      4.861    22.1374   4.970554    34.6864       2302     9.5875  0.000e+00
      4.828    22.1368   4.970731    34.6882       2303     9.5917  0.000e+00
      4.807    22.1375   4.970893    34.6890       2304     9.5958  0.000e+00
      4.786    22.1384   4.970950    34.6887       2305     9.6000  0.000e+00
      4.779    22.1391   4.970907    34.6878       2306     9.6042  0.000e+00
      4.776    22.1394   4.970978    34.6881       2307     9.6083  0.000e+00
      4.768    22.1399   4.971197    34.6894       2308     9.6125  0.000e+00
      4.763    22.1412   4.971642    34.6919       2309     9.6167  0.000e+00
      4.760    22.1431   4.971515    34.6894       2310     9.6208  0.000e+00
      4.749    22.1442   4.971756    34.6903       2311     9.6250  0.000e+00
      4.734    22.1452   4.971925    34.6909       2312     9.6292  0.000e+00
      4.718    22.1465   4.971812    34.6890       2313     9.6333  0.000e+00
      4.687    22.1473   4.971770    34.6880       2314     9.6375  0.000e+00
      4.651    22.1475   4.971642    34.6869       2315     9.6417  0.000e+00
      4.611    22.1468   4.971586    34.6870       2316     9.6458  0.000e+00
      4.560    22.1464   4.971614    34.6876       2317     9.6500  0.000e+00
      4.508    22.1463   4.971395    34.6859       2318     9.6542  0.000e+00
      4.452    22.1455   4.971451    34.6870       2319     9.6583  0.000e+00
      4.395    22.1454   4.971034    34.6839       2320     9.6625  0.000e+00
      4.336    22.1444   4.970674    34.6818       2321     9.6667  0.000e+00
      4.269    22.1429   4.970646    34.6829       2322     9.6708  0.000e+00
      4.182    22.1417   4.971091    34.6874       2323     9.6750  0.000e+00
      4.102    22.1416   4.971119    34.6877       2324     9.6792  0.000e+00
      4.012    22.1427   4.971119    34.6869       2325     9.6833  0.000e+00
      3.925    22.1429   4.971253    34.6878       2326     9.6875  0.000e+00
      3.841    22.1436   4.971225    34.6870       2327     9.6917  0.000e+00
      3.771    22.1439   4.971366    34.6879       2328     9.6958  0.000e+00
      3.704    22.1446   4.971119    34.6854       2329     9.7000  0.000e+00
      3.649    22.1444   4.971190    34.6861       2330     9.7042  0.000e+00
      3.604    22.1442   4.970447    34.6805       2331     9.7083  0.000e+00
      3.563    22.1429   4.970447    34.6816       2332     9.7125  0.000e+00
      3.526    22.1413   4.970978    34.6870       2333     9.7167  0.000e+00
      3.488    22.1407   4.971479    34.6914       2334     9.7208  0.000e+00
      3.456    22.1427   4.971536    34.6903       2335     9.7250  0.000e+00
      3.434    22.1445   4.971479    34.6884       2336     9.7292  0.000e+00
      3.414    22.1457   4.971727    34.6894       2337     9.7333  0.000e+00
      3.398    22.1463   4.971861    34.6900       2338     9.7375  0.000e+00
      3.378    22.1474   4.972115    34.6911       2339     9.7417  0.000e+00
      3.332    22.1485   4.972030    34.6896       2340     9.7458  0.000e+00
      3.298    22.1493   4.972144    34.6898       2341     9.7500  0.000e+00
      3.269    22.1499   4.972122    34.6892       2342     9.7542  0.000e+00
      3.247    22.1506   4.971670    34.6851       2343     9.7583  0.000e+00
      3.238    22.1497   4.971670    34.6858       2344     9.7625  0.000e+00
      3.224    22.1490   4.972143    34.6901       2345     9.7667  0.000e+00
      3.209    22.1494   4.972179    34.6900       2346     9.7708  0.000e+00
      3.191    22.1504   4.971811    34.6864       2347     9.7750  0.000e+00
      3.169    22.1498   4.971422    34.6838       2348     9.7792  0.000e+00
      3.144    22.1485   4.971613    34.6864       2349     9.7833  0.000e+00
      3.115    22.1479   4.971189    34.6836       2350     9.7875  0.000e+00
      3.082    22.1469   4.971119    34.6838       2351     9.7917  0.000e+00
      3.043    22.1459   4.971119    34.6846       2352     9.7958  0.000e+00
      3.001    22.1451   4.971366    34.6872       2353     9.8000  0.000e+00
      2.948    22.1449   4.971945    34.6919       2354     9.8042  0.000e+00
      2.890    22.1465   4.971924    34.6905       2355     9.8083  0.000e+00
      2.836    22.1479   4.971394    34.6853       2356     9.8125  0.000e+00
      2.787    22.1478   4.971062    34.6827       2357     9.8167  0.000e+00
      2.740    22.1466   4.971019    34.6834       2358     9.8208  0.000e+00
      2.693    22.1453   4.971062    34.6847       2359     9.8250  0.000e+00
      2.644    22.1447   4.971062    34.6852       2360     9.8292  0.000e+00
      2.592    22.1444   4.970730    34.6829       2361     9.8333  0.000e+00
      2.548    22.1437   4.970871    34.6846       2362     9.8375  0.000e+00
      2.499    22.1430   4.971005    34.6862       2363     9.8417  0.000e+00
      2.452    22.1435   4.970836    34.6845       2364     9.8458  0.000e+00
      2.412    22.1435   4.970836    34.6846       2365     9.8500  0.000e+00
      2.378    22.1429   4.970645    34.6835       2366     9.8542  0.000e+00
      2.354    22.1428   4.970447    34.6821       2367     9.8583  0.000e+00
      2.322    22.1418   4.969924    34.6788       2368     9.8625  0.000e+00
      2.285    22.1398   4.969479    34.6769       2369     9.8667  0.000e+00
      2.245    22.1369   4.969860    34.6822       2370     9.8708  0.000e+00
      2.209    22.1351   4.969592    34.6815       2371     9.8750  0.000e+00
      2.166    22.1343   4.969281    34.6797       2372     9.8792  0.000e+00
      2.130    22.1326   4.969514    34.6830       2373     9.8833  0.000e+00
      2.083    22.1315   4.969507    34.6838       2374     9.8875  0.000e+00
      2.025    22.1314   4.969641    34.6850       2375     9.8917  0.000e+00
      1.967    22.1321   4.969033    34.6797       2376     9.8958  0.000e+00
      1.905    22.1310   4.968963    34.6800       2377     9.9000  0.000e+00
      1.836    22.1287   4.968560    34.6787       2378     9.9042  0.000e+00
      1.775    22.1266   4.969090    34.6846       2379     9.9083  0.000e+00
      1.719    22.1261   4.969253    34.6863       2380     9.9125  0.000e+00
      1.650    22.1275   4.968758    34.6813       2381     9.9167  0.000e+00
      1.557    22.1272   4.968701    34.6811       2382     9.9208  0.000e+00
      1.454    22.1257   4.968814    34.6832       2383     9.9250  0.000e+00
      1.349    22.1250   4.968920    34.6846       2384     9.9292  0.000e+00
      1.258    22.1255   4.968842    34.6837       2385     9.9333  0.000e+00
      1.181    22.1257   4.968977    34.6846       2386     9.9375  0.000e+00
      1.133    22.1261   4.969118    34.6854       2387     9.9417  0.000e+00
      1.103    22.1270   4.969203    34.6854       2388     9.9458  0.000e+00
      1.061    22.1282   4.969393    34.6859       2389     9.9500  0.000e+00
      1.008    22.1294   4.969252    34.6839       2390     9.9542  0.000e+00
      0.969    22.1298   4.968835    34.6803       2391     9.9583  0.000e+00
      0.961    22.1283   4.969174    34.6842       2392     9.9625  0.000e+00
      0.994    22.1280   4.969075    34.6836       2393     9.9667  0.000e+00
      1.050    22.1280   4.968977    34.6828       2394     9.9708  0.000e+00
      1.065    22.1274   4.968920    34.6828       2395     9.9750  0.000e+00
      1.025    22.1271   4.969174    34.6851       2396     9.9792  0.000e+00
      0.949    22.1280   4.969457    34.6866       2397     9.9833  0.000e+00
      0.855    22.1294   4.969591    34.6866       2398     9.9875  0.000e+00
      0.793    22.1311   4.968256    34.6748       2399     9.9917  0.000e+00
      0.795    22.1286   4.968340    34.6775       2400     9.9958  0.000e+00
      0.811    22.1246   4.968383    34.6810       2401    10.0000  0.000e+00
      0.808    22.1224   4.969224    34.6893       2402    10.0042  0.000e+00
      0.770    22.1241   4.969478    34.6900       2403    10.0083  0.000e+00
      0.659    22.1271   4.969563    34.6883       2404    10.0125  0.000e+00
      0.498    22.1298   4.969365    34.6846       2405    10.0167  0.000e+00
