HB2407/sbe034.cnv
* Sea-Bird SBE 19plus V2 Data File:
* FileName = C:\cruise\data\sbe034.hex
* Software Version Seasave V 7.26.7.121
* Temperature SN = 7143
* Conductivity SN = 7143
* System UpLoad Time = Sep 21 2024 22:42:34
* NMEA Latitude = 36 24.78 N
* NMEA Longitude = 075 36.05 W
* NMEA UTC (Time) = Sep 21 2024  22:42:57
** Ship: Bigelow
** Cruise:  HB2407
** Program:  Fall Bottom Trawl
# nquan = 7
# nvalues = 1557                                  
# units = specified
# name 0 = depSM: Depth [salt water, m]
# name 1 = tv290C: Temperature [ITS-90, deg C]
# name 2 = c0S/m: Conductivity [S/m]
# name 3 = sal00: Salinity, Practical [PSU]
# name 4 = scan: Scan Count
# name 5 = timeM: Time, Elapsed [minutes]
# name 6 = flag:  0.000e+00
# span 0 =     -0.052,     18.822                 
# span 1 =    21.5334,    22.6037                 
# span 2 =  -0.000037,   4.576422                 
# span 3 =     0.0000,    31.6363                 
# span 4 =         11,       1567                 
# span 5 =     0.0417,     6.5250                 
# span 6 = 0.0000e+00, 0.0000e+00                 
# interval = seconds: 0.25
# start_time = Sep 21 2024 22:42:57 [NMEA time, header]
# bad_flag = -9.990e-29
*END*
[from data line 1436]
      0.000    22.5331   0.405739     2.2656       1447     6.0250  0.000e+00
      0.000    22.5080   0.331887     1.8320       1448     6.0292  0.000e+00
     -0.005    22.4931   0.283772     1.5528       1449     6.0333  0.000e+00
      0.000    22.4728   0.249454     1.3559       1450     6.0375  0.000e+00
      0.001    22.4502   0.228453     1.2366       1451     6.0417  0.000e+00
      0.002    22.4284   0.209867     1.1315       1452     6.0458  0.000e+00
      0.004    22.4091   0.191665     1.0290       1453     6.0500  0.000e+00
      0.008    22.3910   0.178838     0.9572       1454     6.0542  0.000e+00
      0.006    22.3795   0.167901     0.8962       1455     6.0583  0.000e+00
      0.004    22.3726   0.153741     0.8173       1456     6.0625  0.000e+00
     -0.008    22.3708   0.110854     0.5810       1457     6.0667  0.000e+00
     -0.008    22.3754   2.037394    12.8897       1458     6.0708  0.000e+00
      0.012    22.3885   2.135167    13.5618       1459     6.0750  0.000e+00
      0.068    22.4303   4.128814    28.0021       1460     6.0792  0.000e+00
      0.062    22.4659   4.033919    27.2648       1461     6.0833  0.000e+00
      0.055    22.4861   3.829657    25.7239       1462     6.0875  0.000e+00
      0.035    22.4989   3.947542    26.5967       1463     6.0917  0.000e+00
      0.006    22.5067   2.294193    14.6293       1464     6.0958  0.000e+00
      0.002    22.5076   0.578451     3.3068       1465     6.1000  0.000e+00
      0.002    22.5012   0.360284     1.9987       1466     6.1042  0.000e+00
      0.002    22.4953   0.302466     1.6611       1467     6.1083  0.000e+00
     -0.002    22.4916   0.314462     1.7310       1468     6.1125  0.000e+00
      0.000    22.4887   0.244567     1.3275       1469     6.1167  0.000e+00
      0.004    22.4585   0.228565     1.2370       1470     6.1208  0.000e+00
      0.008    22.4360   0.207174     1.1160       1471     6.1250  0.000e+00
      0.004    22.4254   0.185842     0.9959       1472     6.1292  0.000e+00
      0.002    22.4077   0.165288     0.8810       1473     6.1333  0.000e+00
      0.004    22.3877   0.153562     0.8160       1474     6.1375  0.000e+00
      0.002    22.3745   0.148820     0.7899       1475     6.1417  0.000e+00
      0.004    22.3700   0.143077     0.7581       1476     6.1458  0.000e+00
      0.006    22.3678   0.131315     0.6932       1477     6.1500  0.000e+00
      0.000    22.3698   0.121976     0.6418       1478     6.1542  0.000e+00
     -0.001    22.3740   0.112891     0.5920       1479     6.1583  0.000e+00
      0.004    22.3811   0.108858     0.5699       1480     6.1625  0.000e+00
      0.006    22.3781   0.101557     0.5303       1481     6.1667  0.000e+00
      0.008    22.3657   0.100781     0.5262       1482     6.1708  0.000e+00
      0.004    22.3621   0.095236     0.4962       1483     6.1750  0.000e+00
      0.008    22.3612   0.082500     0.4276       1484     6.1792  0.000e+00
      0.008    22.3601   0.069375     0.3576       1485     6.1833  0.000e+00
      0.006    22.3521   0.045870     0.2341       1486     6.1875  0.000e+00
      0.006    22.3381   0.038631     0.1968       1487     6.1917  0.000e+00
      0.000    22.3195   0.033799     0.1721       1488     6.1958  0.000e+00
      0.002    22.3042   0.030424     0.1549       1489     6.2000  0.000e+00
      0.006    22.2894   0.027890     0.1421       1490     6.2042  0.000e+00
      0.008    22.2725   0.025241     0.1288       1491     6.2083  0.000e+00
      0.004    22.2574   0.023261     0.1188       1492     6.2125  0.000e+00
      0.007    22.2449   0.021482     0.1100       1493     6.2167  0.000e+00
      0.006    22.2372   0.020413     0.1047       1494     6.2208  0.000e+00
      0.008    22.2237   0.019302     0.0992       1495     6.2250  0.000e+00
      0.006    22.2038   0.018185     0.0937       1496     6.2292  0.000e+00
      0.008    22.1820   0.016891     0.0873       1497     6.2333  0.000e+00
      0.006    22.1694   0.015665     0.0813       1498     6.2375  0.000e+00
      0.008    22.1603   0.014502     0.0756       1499     6.2417  0.000e+00
      0.004    22.1550   0.013083     0.0687       1500     6.2458  0.000e+00
      0.004    22.1569   0.010770     0.0575       1501     6.2500  0.000e+00
      0.008    22.1525   0.003291     0.0228       1502     6.2542  0.000e+00
      0.006    22.1417  -0.000006     0.0000       1503     6.2583  0.000e+00
      0.006    22.1297  -0.000015     0.0000       1504     6.2625  0.000e+00
      0.004    22.1226  -0.000018     0.0000       1505     6.2667  0.000e+00
      0.002    22.1213  -0.000020     0.0000       1506     6.2708  0.000e+00
      0.002    22.1208  -0.000029     0.0000       1507     6.2750  0.000e+00
      0.004    22.1236  -0.000032     0.0000       1508     6.2792  0.000e+00
      0.006    22.1293  -0.000029     0.0000       1509     6.2833  0.000e+00
      0.006    22.1341  -0.000029     0.0000       1510     6.2875  0.000e+00
      0.004    22.1329  -0.000037     0.0000       1511     6.2917  0.000e+00
      0.006    22.1242  -0.000023     0.0000       1512     6.2958  0.000e+00
      0.008    22.1078  -0.000029     0.0000       1513     6.3000  0.000e+00
      0.006    22.0881  -0.000026     0.0000       1514     6.3042  0.000e+00
      0.011    22.0749  -0.000029     0.0000       1515     6.3083  0.000e+00
      0.009    22.0644  -0.000029     0.0000       1516     6.3125  0.000e+00
      0.004    22.0597  -0.000026     0.0000       1517     6.3167  0.000e+00
      0.006    22.0573  -0.000023     0.0000       1518     6.3208  0.000e+00
      0.007    22.0542  -0.000029     0.0000       1519     6.3250  0.000e+00
      0.011    22.0527  -0.000026     0.0000       1520     6.3292  0.000e+00
      0.009    22.0566  -0.000029     0.0000       1521     6.3333  0.000e+00
      0.007    22.0645  -0.000023     0.0000       1522     6.3375  0.000e+00
      0.007    22.0738  -0.000032     0.0000       1523     6.3417  0.000e+00
      0.007    22.0832  -0.000023     0.0000       1524     6.3458  0.000e+00
      0.009    22.0924  -0.000029     0.0000       1525     6.3500  0.000e+00
      0.007    22.1017  -0.000032     0.0000       1526     6.3542  0.000e+00
      0.004    22.1107  -0.000023     0.0000       1527     6.3583  0.000e+00
      0.004    22.1198  -0.000020     0.0000       1528     6.3625  0.000e+00
      0.004    22.1234  -0.000023     0.0000       1529     6.3667  0.000e+00
      0.011    22.1226  -0.000029     0.0000       1530     6.3708  0.000e+00
      0.013    22.1190  -0.000026     0.0000       1531     6.3750  0.000e+00
      0.005    22.1098  -0.000029     0.0000       1532     6.3792  0.000e+00
      0.011    22.0943  -0.000023     0.0000       1533     6.3833  0.000e+00
      0.009    22.0806  -0.000026     0.0000       1534     6.3875  0.000e+00
      0.004    22.0720  -0.000023     0.0000       1535     6.3917  0.000e+00
      0.007    22.0740  -0.000023     0.0000       1536     6.3958  0.000e+00
      0.007    22.0824  -0.000026     0.0000       1537     6.4000  0.000e+00
      0.011    22.0896  -0.000029     0.0000       1538     6.4042  0.000e+00
      0.015    22.0965  -0.000029     0.0000       1539     6.4083  0.000e+00
      0.011    22.1048  -0.000026     0.0000       1540     6.4125  0.000e+00
      0.009    22.1133  -0.000023     0.0000       1541     6.4167  0.000e+00
      0.009    22.1216  -0.000029     0.0000       1542     6.4208  0.000e+00
      0.012    22.1297  -0.000026     0.0000       1543     6.4250  0.000e+00
      0.012    22.1391  -0.000029     0.0000       1544     6.4292  0.000e+00
      0.011    22.1485  -0.000020     0.0000       1545     6.4333  0.000e+00
      0.012    22.1586  -0.000029     0.0000       1546     6.4375  0.000e+00
      0.009    22.1670  -0.000023     0.0000       1547     6.4417  0.000e+00
      0.016    22.1785  -0.000026     0.0000       1548     6.4458  0.000e+00
      0.025    22.1907  -0.000029     0.0000       1549     6.4500  0.000e+00
      0.012    22.1993  -0.000029     0.0000       1550     6.4542  0.000e+00
      0.009    22.1795  -0.000026     0.0000       1551     6.4583  0.000e+00
      0.014    22.1535  -0.000029     0.0000       1552     6.4625  0.000e+00
      0.012    22.1408  -0.000023     0.0000       1553     6.4667  0.000e+00
      0.011    22.1280  -0.000026     0.0000       1554     6.4708  0.000e+00
      0.009    22.1127  -0.000023     0.0000       1555     6.4750  0.000e+00
      0.007    22.0897  -0.000023     0.0000       1556     6.4792  0.000e+00
      0.011    22.0661  -0.000020     0.0000       1557     6.4833  0.000e+00
      0.014    22.0431  -0.000029     0.0000       1558     6.4875  0.000e+00
      0.013    22.0197  -0.000023     0.0000       1559     6.4917  0.000e+00
      0.013    21.9921  -0.000026     0.0000       1560     6.4958  0.000e+00
      0.018    21.9649  -0.000029     0.0000       1561     6.5000  0.000e+00
      0.018    21.9428  -0.000023     0.0000       1562     6.5042  0.000e+00
      0.018    21.9243  -0.000026     0.0000       1563     6.5083  0.000e+00
      0.018    21.9150  -0.000023     0.0000       1564     6.5125  0.000e+00
      0.024    21.9181  -0.000026     0.0000       1565     6.5167  0.000e+00
      0.022    21.9295  -0.000023     0.0000       1566     6.5208  0.000e+00
      0.023    21.9407  -0.000023     0.0000       1567     6.5250  0.000e+00
