HB2407/sbe024.cnv
* Sea-Bird SBE 19plus V2 Data File:
* FileName = C:\cruise\data\sbe024.hex
* Software Version Seasave V 7.26.7.121
* Temperature SN = 7143
* Conductivity SN = 7143
* System UpLoad Time = Sep 17 2024 05:00:12
* NMEA Latitude = 39 10.65 N
* NMEA Longitude = 074 29.85 W
* NMEA UTC (Time) = Sep 17 2024  05:00:30
** Ship: Bigelow
** Cruise:  HB2407
** Program:  Fall Bottom Trawl
# nquan = 7
# nvalues = 885                                   
# units = specified
# name 0 = depSM: Depth [salt water, m]
# name 1 = tv290C: Temperature [ITS-90, deg C]
# name 2 = c0S/m: Conductivity [S/m]
# name 3 = sal00: Salinity, Practical [PSU]
# name 4 = scan: Scan Count
# name 5 = timeM: Time, Elapsed [minutes]
# name 6 = flag:  0.000e+00
# span 0 =      0.028,     14.674                 
# span 1 =    20.9812,    21.8922                 
# span 2 =  -0.000029,   4.440010                 
# span 3 =     0.0000,    30.7504                 
# span 4 =         11,        895                 
# span 5 =     0.0417,     3.7250                 
# span 6 = 0.0000e+00, 0.0000e+00                 
# interval = seconds: 0.25
# start_time = Sep 17 2024 05:00:30 [NMEA time, header]
# bad_flag = -9.990e-29
*END*
[from data line 411]
     12.510    21.8914   4.439780    30.7376        422     1.7542  0.000e+00
     12.532    21.8915   4.439760    30.7373        423     1.7583  0.000e+00
     12.561    21.8912   4.439733    30.7373        424     1.7625  0.000e+00
     12.594    21.8909   4.439733    30.7375        425     1.7667  0.000e+00
     12.615    21.8905   4.439780    30.7381        426     1.7708  0.000e+00
     12.624    21.8911   4.439760    30.7376        427     1.7750  0.000e+00
     12.615    21.8909   4.439807    30.7381        428     1.7792  0.000e+00
     12.588    21.8909   4.439760    30.7377        429     1.7833  0.000e+00
     12.537    21.8908   4.439733    30.7376        430     1.7875  0.000e+00
     12.474    21.8906   4.439760    30.7380        431     1.7917  0.000e+00
     12.391    21.8905   4.439706    30.7376        432     1.7958  0.000e+00
     12.298    21.8902   4.439706    30.7379        433     1.8000  0.000e+00
     12.195    21.8902   4.439685    30.7377        434     1.8042  0.000e+00
     12.088    21.8902   4.439706    30.7379        435     1.8083  0.000e+00
     11.972    21.8900   4.439706    30.7381        436     1.8125  0.000e+00
     11.856    21.8900   4.439705    30.7381        437     1.8167  0.000e+00
     11.740    21.8900   4.439705    30.7382        438     1.8208  0.000e+00
     11.635    21.8903   4.439685    30.7378        439     1.8250  0.000e+00
     11.530    21.8902   4.439685    30.7379        440     1.8292  0.000e+00
     11.436    21.8906   4.439685    30.7377        441     1.8333  0.000e+00
     11.356    21.8903   4.439685    30.7379        442     1.8375  0.000e+00
     11.291    21.8904   4.439685    30.7379        443     1.8417  0.000e+00
     11.246    21.8903   4.439685    30.7380        444     1.8458  0.000e+00
     11.206    21.8904   4.439685    30.7379        445     1.8500  0.000e+00
     11.181    21.8905   4.439705    30.7380        446     1.8542  0.000e+00
     11.170    21.8906   4.439658    30.7376        447     1.8583  0.000e+00
     11.183    21.8906   4.439685    30.7378        448     1.8625  0.000e+00
     11.204    21.8903   4.439631    30.7376        449     1.8667  0.000e+00
     11.233    21.8903   4.439658    30.7378        450     1.8708  0.000e+00
     11.264    21.8906   4.439658    30.7375        451     1.8750  0.000e+00
     11.297    21.8903   4.439685    30.7380        452     1.8792  0.000e+00
     11.322    21.8906   4.439705    30.7379        453     1.8833  0.000e+00
     11.342    21.8905   4.439685    30.7378        454     1.8875  0.000e+00
     11.363    21.8905   4.439705    30.7379        455     1.8917  0.000e+00
     11.380    21.8905   4.439685    30.7378        456     1.8958  0.000e+00
     11.393    21.8906   4.439732    30.7381        457     1.9000  0.000e+00
     11.394    21.8910   4.439732    30.7378        458     1.9042  0.000e+00
     11.396    21.8912   4.439658    30.7371        459     1.9083  0.000e+00
     11.396    21.8906   4.439685    30.7377        460     1.9125  0.000e+00
     11.374    21.8906   4.439631    30.7373        461     1.9167  0.000e+00
     11.356    21.8904   4.439658    30.7377        462     1.9208  0.000e+00
     11.342    21.8903   4.439705    30.7381        463     1.9250  0.000e+00
     11.331    21.8906   4.439685    30.7377        464     1.9292  0.000e+00
     11.320    21.8906   4.439705    30.7379        465     1.9333  0.000e+00
     11.317    21.8906   4.439732    30.7381        466     1.9375  0.000e+00
     11.306    21.8908   4.439705    30.7378        467     1.9417  0.000e+00
     11.306    21.8909   4.439705    30.7377        468     1.9458  0.000e+00
     11.293    21.8911   4.439685    30.7374        469     1.9500  0.000e+00
     11.279    21.8907   4.439705    30.7378        470     1.9542  0.000e+00
     11.241    21.8909   4.439685    30.7376        471     1.9583  0.000e+00
     11.192    21.8909   4.439759    30.7381        472     1.9625  0.000e+00
     11.125    21.8908   4.439705    30.7378        473     1.9667  0.000e+00
     11.039    21.8908   4.439705    30.7378        474     1.9708  0.000e+00
     10.938    21.8911   4.439705    30.7377        475     1.9750  0.000e+00
     10.826    21.8908   4.439658    30.7375        476     1.9792  0.000e+00
     10.706    21.8908   4.439631    30.7374        477     1.9833  0.000e+00
     10.569    21.8906   4.439631    30.7375        478     1.9875  0.000e+00
     10.433    21.8908   4.439658    30.7377        479     1.9917  0.000e+00
     10.301    21.8905   4.439557    30.7371        480     1.9958  0.000e+00
     10.177    21.8906   4.439604    30.7375        481     2.0000  0.000e+00
     10.072    21.8906   4.439631    30.7377        482     2.0042  0.000e+00
      9.994    21.8905   4.439658    30.7380        483     2.0083  0.000e+00
      9.931    21.8907   4.439658    30.7379        484     2.0125  0.000e+00
      9.893    21.8909   4.439657    30.7378        485     2.0167  0.000e+00
      9.875    21.8912   4.439657    30.7376        486     2.0208  0.000e+00
      9.887    21.8909   4.439684    30.7380        487     2.0250  0.000e+00
      9.924    21.8911   4.439684    30.7378        488     2.0292  0.000e+00
      9.978    21.8909   4.439684    30.7379        489     2.0333  0.000e+00
     10.054    21.8910   4.439685    30.7378        490     2.0375  0.000e+00
     10.150    21.8911   4.439685    30.7377        491     2.0417  0.000e+00
     10.255    21.8910   4.439705    30.7379        492     2.0458  0.000e+00
     10.369    21.8911   4.439685    30.7377        493     2.0500  0.000e+00
     10.482    21.8911   4.439705    30.7378        494     2.0542  0.000e+00
     10.598    21.8909   4.439685    30.7377        495     2.0583  0.000e+00
     10.710    21.8909   4.439685    30.7377        496     2.0625  0.000e+00
     10.813    21.8911   4.439732    30.7379        497     2.0667  0.000e+00
     10.904    21.8913   4.439759    30.7380        498     2.0708  0.000e+00
     10.980    21.8910   4.439759    30.7381        499     2.0750  0.000e+00
     11.023    21.8913   4.439732    30.7377        500     2.0792  0.000e+00
     11.032    21.8911   4.439732    30.7378        501     2.0833  0.000e+00
     11.007    21.8913   4.439732    30.7377        502     2.0875  0.000e+00
     10.951    21.8912   4.439732    30.7378        503     2.0917  0.000e+00
     10.851    21.8914   4.439732    30.7377        504     2.0958  0.000e+00
     10.724    21.8913   4.439732    30.7378        505     2.1000  0.000e+00
     10.548    21.8914   4.439732    30.7378        506     2.1042  0.000e+00
     10.355    21.8913   4.439732    30.7379        507     2.1083  0.000e+00
     10.139    21.8915   4.439705    30.7376        508     2.1125  0.000e+00
      9.914    21.8915   4.439684    30.7375        509     2.1167  0.000e+00
      9.706    21.8913   4.439684    30.7377        510     2.1208  0.000e+00
      9.511    21.8910   4.439684    30.7380        511     2.1250  0.000e+00
      9.344    21.8910   4.439657    30.7379        512     2.1292  0.000e+00
      9.208    21.8910   4.439704    30.7383        513     2.1333  0.000e+00
      9.098    21.8907   4.439704    30.7385        514     2.1375  0.000e+00
      9.022    21.8911   4.439630    30.7377        515     2.1417  0.000e+00
      8.984    21.8911   4.439603    30.7375        516     2.1458  0.000e+00
      8.976    21.8905   4.439556    30.7375        517     2.1500  0.000e+00
      8.986    21.8902   4.439529    30.7375        518     2.1542  0.000e+00
      9.016    21.8899   4.439576    30.7381        519     2.1583  0.000e+00
      9.065    21.8898   4.439556    30.7380        520     2.1625  0.000e+00
      9.127    21.8896   4.439576    30.7383        521     2.1667  0.000e+00
      9.205    21.8897   4.439556    30.7380        522     2.1708  0.000e+00
      9.279    21.8896   4.439657    30.7388        523     2.1750  0.000e+00
      9.358    21.8898   4.439704    30.7390        524     2.1792  0.000e+00
      9.444    21.8903   4.439758    30.7391        525     2.1833  0.000e+00
      9.529    21.8909   4.439785    30.7389        526     2.1875  0.000e+00
      9.623    21.8914   4.439731    30.7381        527     2.1917  0.000e+00
      9.717    21.8914   4.439758    30.7382        528     2.1958  0.000e+00
      9.801    21.8914   4.439779    30.7384        529     2.2000  0.000e+00
      9.882    21.8916   4.439839    30.7387        530     2.2042  0.000e+00
      9.960    21.8917   4.439833    30.7385        531     2.2083  0.000e+00
     10.012    21.8918   4.439860    30.7387        532     2.2125  0.000e+00
     10.049    21.8919   4.439812    30.7382        533     2.2167  0.000e+00
     10.056    21.8917   4.439806    30.7383        534     2.2208  0.000e+00
     10.054    21.8920   4.439732    30.7375        535     2.2250  0.000e+00
     10.021    21.8913   4.439759    30.7382        536     2.2292  0.000e+00
      9.971    21.8915   4.439550    30.7365        537     2.2333  0.000e+00
      9.896    21.8907   4.439455    30.7363        538     2.2375  0.000e+00
      9.795    21.8896   4.439428    30.7369        539     2.2417  0.000e+00
      9.674    21.8891   4.439415    30.7372        540     2.2458  0.000e+00
      9.542    21.8889   4.439455    30.7377        541     2.2500  0.000e+00
      9.397    21.8888   4.439368    30.7372        542     2.2542  0.000e+00
      9.239    21.8883   4.439354    30.7375        543     2.2583  0.000e+00
      9.085    21.8881   4.439341    30.7376        544     2.2625  0.000e+00
      8.926    21.8875   4.439327    30.7379        545     2.2667  0.000e+00
      8.766    21.8876   4.439401    30.7385        546     2.2708  0.000e+00
      8.623    21.8879   4.439468    30.7388        547     2.2750  0.000e+00
      8.486    21.8882   4.439455    30.7385        548     2.2792  0.000e+00
      8.368    21.8884   4.439414    30.7381        549     2.2833  0.000e+00
      8.268    21.8886   4.439381    30.7378        550     2.2875  0.000e+00
      8.190    21.8885   4.439340    30.7375        551     2.2917  0.000e+00
      8.145    21.8885   4.439381    30.7379        552     2.2958  0.000e+00
      8.123    21.8883   4.439455    30.7386        553     2.3000  0.000e+00
      8.134    21.8887   4.439414    30.7380        554     2.3042  0.000e+00
      8.172    21.8885   4.439455    30.7384        555     2.3083  0.000e+00
      8.228    21.8887   4.439468    30.7384        556     2.3125  0.000e+00
      8.301    21.8892   4.439482    30.7381        557     2.3167  0.000e+00
      8.377    21.8890   4.439495    30.7383        558     2.3208  0.000e+00
      8.451    21.8891   4.439381    30.7373        559     2.3250  0.000e+00
      8.509    21.8889   4.439381    30.7375        560     2.3292  0.000e+00
      8.560    21.8888   4.439367    30.7374        561     2.3333  0.000e+00
      8.600    21.8884   4.439354    30.7376        562     2.3375  0.000e+00
      8.619    21.8883   4.439286    30.7371        563     2.3417  0.000e+00
      8.614    21.8877   4.439327    30.7379        564     2.3458  0.000e+00
      8.580    21.8873   4.439260    30.7376        565     2.3500  0.000e+00
      8.533    21.8872   4.439280    30.7379        566     2.3542  0.000e+00
      8.482    21.8873   4.439253    30.7376        567     2.3583  0.000e+00
      8.431    21.8871   4.439259    30.7378        568     2.3625  0.000e+00
      8.386    21.8870   4.439280    30.7381        569     2.3667  0.000e+00
      8.359    21.8867   4.439259    30.7381        570     2.3708  0.000e+00
      8.342    21.8865   4.439253    30.7382        571     2.3750  0.000e+00
      8.350    21.8869   4.439259    30.7380        572     2.3792  0.000e+00
      8.364    21.8869   4.439253    30.7379        573     2.3833  0.000e+00
      8.402    21.8868   4.439253    30.7380        574     2.3875  0.000e+00
      8.456    21.8865   4.439260    30.7382        575     2.3917  0.000e+00
      8.520    21.8864   4.439226    30.7380        576     2.3958  0.000e+00
      8.583    21.8867   4.439260    30.7380        577     2.4000  0.000e+00
      8.643    21.8867   4.439280    30.7382        578     2.4042  0.000e+00
      8.703    21.8869   4.439313    30.7383        579     2.4083  0.000e+00
      8.753    21.8869   4.439280    30.7380        580     2.4125  0.000e+00
      8.791    21.8869   4.439307    30.7382        581     2.4167  0.000e+00
      8.802    21.8875   4.439260    30.7374        582     2.4208  0.000e+00
      8.786    21.8871   4.439307    30.7381        583     2.4250  0.000e+00
      8.743    21.8867   4.439287    30.7382        584     2.4292  0.000e+00
      8.670    21.8872   4.439307    30.7380        585     2.4333  0.000e+00
      8.560    21.8870   4.439327    30.7384        586     2.4375  0.000e+00
      8.426    21.8872   4.439340    30.7384        587     2.4417  0.000e+00
      8.270    21.8875   4.439327    30.7381        588     2.4458  0.000e+00
      8.082    21.8875   4.439286    30.7379        589     2.4500  0.000e+00
      7.871    21.8878   4.439253    30.7374        590     2.4542  0.000e+00
      7.643    21.8875   4.439131    30.7368        591     2.4583  0.000e+00
      7.383    21.8874   4.439225    30.7377        592     2.4625  0.000e+00
      7.131    21.8874   4.439279    30.7382        593     2.4667  0.000e+00
      6.881    21.8873   4.439232    30.7379        594     2.4708  0.000e+00
      6.653    21.8871   4.439225    30.7381        595     2.4750  0.000e+00
      6.475    21.8870   4.439205    30.7381        596     2.4792  0.000e+00
      6.348    21.8871   4.439205    30.7380        597     2.4833  0.000e+00
      6.283    21.8870   4.439286    30.7387        598     2.4875  0.000e+00
      6.312    21.8873   4.439380    30.7393        599     2.4917  0.000e+00
      6.426    21.8880   4.439279    30.7380        600     2.4958  0.000e+00
      6.589    21.8881   4.439259    30.7377        601     2.5000  0.000e+00
      6.790    21.8879   4.439279    30.7379        602     2.5042  0.000e+00
      7.009    21.8876   4.439259    30.7379        603     2.5083  0.000e+00
      7.234    21.8876   4.439279    30.7380        604     2.5125  0.000e+00
      7.464    21.8873   4.439286    30.7382        605     2.5167  0.000e+00
      7.681    21.8875   4.439306    30.7381        606     2.5208  0.000e+00
      7.884    21.8874   4.439327    30.7383        607     2.5250  0.000e+00
      8.049    21.8876   4.439367    30.7384        608     2.5292  0.000e+00
      8.163    21.8874   4.439327    30.7382        609     2.5333  0.000e+00
      8.217    21.8874   4.439367    30.7385        610     2.5375  0.000e+00
      8.201    21.8875   4.439381    30.7385        611     2.5417  0.000e+00
      8.150    21.8880   4.439394    30.7383        612     2.5458  0.000e+00
      8.081    21.8880   4.439354    30.7380        613     2.5500  0.000e+00
      7.969    21.8879   4.439482    30.7391        614     2.5542  0.000e+00
      7.819    21.8882   4.439495    30.7391        615     2.5583  0.000e+00
      7.654    21.8887   4.439502    30.7388        616     2.5625  0.000e+00
      7.469    21.8891   4.439495    30.7385        617     2.5667  0.000e+00
      7.306    21.8895   4.439454    30.7379        618     2.5708  0.000e+00
      7.174    21.8894   4.439549    30.7388        619     2.5750  0.000e+00
      7.065    21.8895   4.439582    30.7390        620     2.5792  0.000e+00
      6.995    21.8896   4.439582    30.7390        621     2.5833  0.000e+00
      6.950    21.8899   4.439522    30.7383        622     2.5875  0.000e+00
      6.939    21.8903   4.439582    30.7385        623     2.5917  0.000e+00
      6.935    21.8902   4.439575    30.7385        624     2.5958  0.000e+00
      6.937    21.8902   4.439602    30.7387        625     2.6000  0.000e+00
