HB2407/sbe049.cnv
* Sea-Bird SBE 19plus V2 Data File:
* FileName = C:\cruise\data\sbe049.hex
* Software Version Seasave V 7.26.7.121
* Temperature SN = 7143
* Conductivity SN = 7143
* System UpLoad Time = Oct 04 2024 06:35:32
* NMEA Latitude = 40 38.43 N
* NMEA Longitude = 070 49.07 W
* NMEA UTC (Time) = Oct 04 2024  06:35:10
** Ship: Bigelow
** Cruise:  HB2407
** Program:  Fall Bottom Trawl
# nquan = 7
# nvalues = 1556                                  
# units = specified
# name 0 = depSM: Depth [salt water, m]
# name 1 = tv290C: Temperature [ITS-90, deg C]
# name 2 = c0S/m: Conductivity [S/m]
# name 3 = sal00: Salinity, Practical [PSU]
# name 4 = scan: Scan Count
# name 5 = timeM: Time, Elapsed [minutes]
# name 6 = flag:  0.000e+00
# span 0 =      0.001,     56.254                 
# span 1 =    13.8669,    17.8052                 
# span 2 =   0.000019,   4.297293                 
# span 3 =     0.0083,    33.3499                 
# span 4 =         11,       1566                 
# span 5 =     0.0417,     6.5208                 
# span 6 = 0.0000e+00, 0.0000e+00                 
# interval = seconds: 0.25
# start_time = Oct 04 2024 06:35:10 [NMEA time, header]
# bad_flag = -9.990e-29
*END*
[from data line 821]
     37.596    16.3648   4.160074    32.6383        832     3.4625  0.000e+00
     37.527    16.3608   4.159248    32.6343        833     3.4667  0.000e+00
     37.447    16.3568   4.157190    32.6196        834     3.4708  0.000e+00
     37.371    16.3523   4.156535    32.6176        835     3.4750  0.000e+00
     37.282    16.3482   4.155178    32.6090        836     3.4792  0.000e+00
     37.193    16.3450   4.154471    32.6056        837     3.4833  0.000e+00
     37.110    16.3409   4.153239    32.5981        838     3.4875  0.000e+00
     37.027    16.3364   4.152800    32.5980        839     3.4917  0.000e+00
     36.949    16.3330   4.152512    32.5983        840     3.4958  0.000e+00
     36.878    16.3316   4.150494    32.5818        841     3.5000  0.000e+00
     36.811    16.3287   4.148399    32.5658        842     3.5042  0.000e+00
     36.748    16.3242   4.148759    32.5726        843     3.5083  0.000e+00
     36.695    16.3235   4.149630    32.5809        844     3.5125  0.000e+00
     36.648    16.3279   4.149872    32.5794        845     3.5167  0.000e+00
     36.609    16.3341   4.150789    32.5824        846     3.5208  0.000e+00
     36.572    16.3431   4.151202    32.5787        847     3.5250  0.000e+00
     36.535    16.3548   4.151011    32.5675        848     3.5292  0.000e+00
     36.487    16.3646   4.150356    32.5538        849     3.5333  0.000e+00
     36.446    16.3708   4.150500    32.5500        850     3.5375  0.000e+00
     36.388    16.3747   4.150546    32.5472        851     3.5417  0.000e+00
     36.328    16.3777   4.150494    32.5443        852     3.5458  0.000e+00
     36.267    16.3802   4.150330    32.5408        853     3.5500  0.000e+00
     36.201    16.3813   4.149943    32.5366        854     3.5542  0.000e+00
     36.133    16.3818   4.150015    32.5368        855     3.5583  0.000e+00
     36.049    16.3826   4.150114    32.5371        856     3.5625  0.000e+00
     35.973    16.3840   4.150356    32.5381        857     3.5667  0.000e+00
     35.897    16.3863   4.150526    32.5377        858     3.5708  0.000e+00
     35.819    16.3893   4.150716    32.5370        859     3.5750  0.000e+00
     35.745    16.3929   4.151056    32.5371        860     3.5792  0.000e+00
     35.669    16.3961   4.151227    32.5360        861     3.5833  0.000e+00
     35.589    16.3997   4.151469    32.5352        862     3.5875  0.000e+00
     35.515    16.4034   4.151639    32.5337        863     3.5917  0.000e+00
     35.441    16.4066   4.151809    32.5326        864     3.5958  0.000e+00
     35.368    16.4109   4.151829    32.5293        865     3.6000  0.000e+00
     35.303    16.4149   4.151829    32.5260        866     3.6042  0.000e+00
     35.231    16.4175   4.151881    32.5244        867     3.6083  0.000e+00
     35.169    16.4203   4.151973    32.5230        868     3.6125  0.000e+00
     35.105    16.4227   4.152215    32.5231        869     3.6167  0.000e+00
     35.042    16.4254   4.153329    32.5307        870     3.6208  0.000e+00
     34.975    16.4316   4.154469    32.5357        871     3.6250  0.000e+00
     34.915    16.4409   4.155026    32.5330        872     3.6292  0.000e+00
     34.855    16.4494   4.155635    32.5314        873     3.6333  0.000e+00
     34.797    16.4568   4.156152    32.5299        874     3.6375  0.000e+00
     34.745    16.4635   4.156650    32.5288        875     3.6417  0.000e+00
     34.694    16.4692   4.157188    32.5289        876     3.6458  0.000e+00
     34.645    16.4748   4.157745    32.5292        877     3.6500  0.000e+00
     34.607    16.4805   4.157935    32.5263        878     3.6542  0.000e+00
     34.560    16.4844   4.158157    32.5250        879     3.6583  0.000e+00
     34.519    16.4877   4.158518    32.5255        880     3.6625  0.000e+00
     34.471    16.4909   4.158859    32.5259        881     3.6667  0.000e+00
     34.423    16.4940   4.159344    32.5276        882     3.6708  0.000e+00
     34.357    16.4979   4.159855    32.5289        883     3.6750  0.000e+00
     34.281    16.5020   4.160340    32.5298        884     3.6792  0.000e+00
     34.185    16.5067   4.160943    32.5313        885     3.6833  0.000e+00
     34.093    16.5116   4.162156    32.5380        886     3.6875  0.000e+00
     33.977    16.5187   4.163494    32.5439        887     3.6917  0.000e+00
     33.843    16.5282   4.163959    32.5403        888     3.6958  0.000e+00
     33.713    16.5376   4.163959    32.5327        889     3.7000  0.000e+00
     33.562    16.5449   4.163664    32.5242        890     3.7042  0.000e+00
     33.414    16.5502   4.164372    32.5262        891     3.7083  0.000e+00
     33.269    16.5562   4.166339    32.5385        892     3.7125  0.000e+00
     33.122    16.5688   4.166680    32.5313        893     3.7167  0.000e+00
     32.992    16.5815   4.167605    32.5290        894     3.7208  0.000e+00
     32.869    16.5909   4.167408    32.5197        895     3.7250  0.000e+00
     32.756    16.5978   4.168602    32.5245        896     3.7292  0.000e+00
     32.653    16.6048   4.169698    32.5285        897     3.7333  0.000e+00
     32.572    16.6134   4.169402    32.5189        898     3.7375  0.000e+00
     32.499    16.6202   4.169232    32.5120        899     3.7417  0.000e+00
     32.447    16.6236   4.169232    32.5092        900     3.7458  0.000e+00
     32.403    16.6253   4.169205    32.5077        901     3.7500  0.000e+00
     32.373    16.6261   4.169231    32.5072        902     3.7542  0.000e+00
     32.351    16.6264   4.169205    32.5068        903     3.7583  0.000e+00
     32.338    16.6266   4.169376    32.5080        904     3.7625  0.000e+00
     32.340    16.6269   4.169376    32.5079        905     3.7667  0.000e+00
     32.346    16.6270   4.169356    32.5075        906     3.7708  0.000e+00
     32.360    16.6274   4.169205    32.5059        907     3.7750  0.000e+00
     32.380    16.6269   4.169231    32.5066        908     3.7792  0.000e+00
     32.394    16.6268   4.169304    32.5073        909     3.7833  0.000e+00
     32.409    16.6266   4.169304    32.5074        910     3.7875  0.000e+00
     32.427    16.6266   4.169205    32.5065        911     3.7917  0.000e+00
     32.431    16.6264   4.169087    32.5057        912     3.7958  0.000e+00
     32.418    16.6260   4.168772    32.5033        913     3.8000  0.000e+00
     32.400    16.6253   4.168451    32.5010        914     3.8042  0.000e+00
     32.364    16.6248   4.168188    32.4992        915     3.8083  0.000e+00
     32.304    16.6250   4.168405    32.5009        916     3.8125  0.000e+00
     32.233    16.6276   4.168575    32.5003        917     3.8167  0.000e+00
     32.139    16.6308   4.168746    32.4993        918     3.8208  0.000e+00
     32.043    16.6334   4.169618    32.5048        919     3.8250  0.000e+00
     31.922    16.6375   4.170668    32.5106        920     3.8292  0.000e+00
     31.797    16.6449   4.171620    32.5129        921     3.8333  0.000e+00
     31.643    16.6551   4.174029    32.5257        922     3.8375  0.000e+00
     31.482    16.6707   4.175053    32.5220        923     3.8417  0.000e+00
     31.323    16.6866   4.174908    32.5079        924     3.8458  0.000e+00
     31.161    16.6974   4.176562    32.5135        925     3.8500  0.000e+00
     30.991    16.7085   4.178565    32.5221        926     3.8542  0.000e+00
     30.837    16.7221   4.179051    32.5153        927     3.8583  0.000e+00
     30.682    16.7339   4.179885    32.5130        928     3.8625  0.000e+00
     30.544    16.7431   4.181593    32.5205        929     3.8667  0.000e+00
     30.417    16.7534   4.184083    32.5338        930     3.8708  0.000e+00
     30.311    16.7675   4.183156    32.5143        931     3.8750  0.000e+00
     30.222    16.7770   4.184937    32.5221        932     3.8792  0.000e+00
     30.137    16.7854   4.185180    32.5174        933     3.8833  0.000e+00
     30.084    16.7929   4.185278    32.5122        934     3.8875  0.000e+00
     30.052    16.7973   4.185278    32.5087        935     3.8917  0.000e+00
     30.037    16.7997   4.185304    32.5070        936     3.8958  0.000e+00
     30.035    16.8009   4.185429    32.5071        937     3.9000  0.000e+00
     30.053    16.8019   4.185548    32.5073        938     3.9042  0.000e+00
     30.079    16.8028   4.185699    32.5079        939     3.9083  0.000e+00
     30.120    16.8038   4.185745    32.5074        940     3.9125  0.000e+00
     30.160    16.8048   4.185574    32.5052        941     3.9167  0.000e+00
     30.200    16.8052   4.185173    32.5013        942     3.9208  0.000e+00
     30.238    16.8034   4.183274    32.4863        943     3.9250  0.000e+00
     30.276    16.7973   4.182203    32.4820        944     3.9292  0.000e+00
     30.294    16.7885   4.181763    32.4852        945     3.9333  0.000e+00
     30.294    16.7809   4.181152    32.4861        946     3.9375  0.000e+00
     30.288    16.7748   4.180830    32.4882        947     3.9417  0.000e+00
     30.267    16.7698   4.180856    32.4925        948     3.9458  0.000e+00
     30.225    16.7670   4.181027    32.4963        949     3.9500  0.000e+00
     30.167    16.7654   4.181323    32.5002        950     3.9542  0.000e+00
     30.097    16.7662   4.182203    32.5072        951     3.9583  0.000e+00
     30.008    16.7691   4.183084    32.5125        952     3.9625  0.000e+00
     29.914    16.7745   4.183445    32.5113        953     3.9667  0.000e+00
     29.814    16.7796   4.184569    32.5170        954     3.9708  0.000e+00
     29.697    16.7860   4.185699    32.5216        955     3.9750  0.000e+00
     29.573    16.7937   4.186139    32.5192        956     3.9792  0.000e+00
     29.445    16.8003   4.186257    32.5150        957     3.9833  0.000e+00
     29.316    16.8051   4.186310    32.5116        958     3.9875  0.000e+00
     29.170    16.8078   4.186599    32.5120        959     3.9917  0.000e+00
     29.036    16.8100   4.187190    32.5154        960     3.9958  0.000e+00
     28.907    16.8130   4.187210    32.5131        961     4.0000  0.000e+00
     28.777    16.8159   4.190274    32.5374        962     4.0042  0.000e+00
     28.655    16.8247   4.192720    32.5515        963     4.0083  0.000e+00
     28.538    16.8409   4.194140    32.5508        964     4.0125  0.000e+00
     28.435    16.8569   4.194311    32.5393        965     4.0167  0.000e+00
     28.340    16.8679   4.194311    32.5304        966     4.0208  0.000e+00
     28.259    16.8740   4.194409    32.5264        967     4.0250  0.000e+00
     28.196    16.8776   4.194633    32.5255        968     4.0292  0.000e+00
     28.147    16.8803   4.194830    32.5250        969     4.0333  0.000e+00
     28.103    16.8823   4.195021    32.5250        970     4.0375  0.000e+00
     28.069    16.8845   4.195416    32.5267        971     4.0417  0.000e+00
     28.045    16.8865   4.195514    32.5259        972     4.0458  0.000e+00
     28.042    16.8885   4.195560    32.5247        973     4.0500  0.000e+00
     28.034    16.8898   4.195856    32.5262        974     4.0542  0.000e+00
     28.045    16.8913   4.195784    32.5244        975     4.0583  0.000e+00
     28.065    16.8922   4.195587    32.5219        976     4.0625  0.000e+00
     28.081    16.8921   4.195659    32.5226        977     4.0667  0.000e+00
     28.108    16.8921   4.195488    32.5211        978     4.0708  0.000e+00
     28.130    16.8918   4.195389    32.5205        979     4.0750  0.000e+00
     28.148    16.8912   4.195488    32.5219        980     4.0792  0.000e+00
     28.170    16.8909   4.195613    32.5231        981     4.0833  0.000e+00
     28.179    16.8914   4.195659    32.5232        982     4.0875  0.000e+00
     28.177    16.8919   4.195685    32.5230        983     4.0917  0.000e+00
     28.161    16.8923   4.195685    32.5227        984     4.0958  0.000e+00
     28.130    16.8925   4.195988    32.5251        985     4.1000  0.000e+00
     28.076    16.8931   4.195909    32.5240        986     4.1042  0.000e+00
     28.011    16.8939   4.196054    32.5246        987     4.1083  0.000e+00
     27.926    16.8948   4.196152    32.5248        988     4.1125  0.000e+00
     27.823    16.8959   4.196323    32.5254        989     4.1167  0.000e+00
     27.708    16.8967   4.196567    32.5269        990     4.1208  0.000e+00
     27.582    16.8985   4.197475    32.5333        991     4.1250  0.000e+00
     27.457    16.9019   4.197968    32.5349        992     4.1292  0.000e+00
     27.310    16.9061   4.198508    32.5362        993     4.1333  0.000e+00
     27.174    16.9107   4.199442    32.5406        994     4.1375  0.000e+00
     27.035    16.9164   4.200225    32.5428        995     4.1417  0.000e+00
     26.897    16.9233   4.200692    32.5414        996     4.1458  0.000e+00
     26.776    16.9290   4.201304    32.5421        997     4.1500  0.000e+00
     26.658    16.9348   4.202167    32.5449        998     4.1542  0.000e+00
     26.555    16.9410   4.202904    32.5463        999     4.1583  0.000e+00
     26.459    16.9477   4.203740    32.5482       1000     4.1625  0.000e+00
     26.383    16.9548   4.204550    32.5494       1001     4.1667  0.000e+00
     26.317    16.9622   4.204991    32.5473       1002     4.1708  0.000e+00
     26.269    16.9680   4.205188    32.5444       1003     4.1750  0.000e+00
     26.223    16.9723   4.205313    32.5419       1004     4.1792  0.000e+00
     26.193    16.9752   4.205287    32.5394       1005     4.1833  0.000e+00
     26.164    16.9768   4.205359    32.5387       1006     4.1875  0.000e+00
     26.140    16.9777   4.205386    32.5382       1007     4.1917  0.000e+00
     26.120    16.9784   4.205412    32.5379       1008     4.1958  0.000e+00
     26.104    16.9792   4.205438    32.5375       1009     4.2000  0.000e+00
     26.089    16.9793   4.205458    32.5375       1010     4.2042  0.000e+00
     26.084    16.9797   4.205511    32.5377       1011     4.2083  0.000e+00
     26.070    16.9800   4.205557    32.5379       1012     4.2125  0.000e+00
     26.057    16.9805   4.205610    32.5379       1013     4.2167  0.000e+00
     26.039    16.9807   4.205656    32.5381       1014     4.2208  0.000e+00
     26.021    16.9815   4.205728    32.5381       1015     4.2250  0.000e+00
     26.003    16.9819   4.205827    32.5387       1016     4.2292  0.000e+00
     25.972    16.9824   4.205926    32.5392       1017     4.2333  0.000e+00
     25.938    16.9832   4.205998    32.5392       1018     4.2375  0.000e+00
     25.894    16.9842   4.206209    32.5402       1019     4.2417  0.000e+00
     25.852    16.9856   4.206321    32.5400       1020     4.2458  0.000e+00
     25.789    16.9867   4.206492    32.5406       1021     4.2500  0.000e+00
     25.727    16.9881   4.206762    32.5419       1022     4.2542  0.000e+00
     25.653    16.9897   4.206959    32.5423       1023     4.2583  0.000e+00
     25.575    16.9919   4.207302    32.5435       1024     4.2625  0.000e+00
     25.494    16.9945   4.207624    32.5442       1025     4.2667  0.000e+00
     25.407    16.9973   4.208316    32.5480       1026     4.2708  0.000e+00
     25.318    17.0010   4.209100    32.5518       1027     4.2750  0.000e+00
     25.240    17.0063   4.209073    32.5473       1028     4.2792  0.000e+00
     25.155    17.0106   4.209198    32.5450       1029     4.2833  0.000e+00
     25.086    17.0133   4.209225    32.5430       1030     4.2875  0.000e+00
     25.023    17.0152   4.209422    32.5432       1031     4.2917  0.000e+00
     24.968    17.0168   4.209521    32.5428       1032     4.2958  0.000e+00
     24.925    17.0179   4.209567    32.5423       1033     4.3000  0.000e+00
     24.880    17.0189   4.210206    32.5470       1034     4.3042  0.000e+00
     24.841    17.0212   4.210430    32.5471       1035     4.3083  0.000e+00
