HB2407/sbe004.cnv
* Sea-Bird SBE 19plus V2 Data File:
* FileName = C:\cruise\data\sbe004.hex
* Software Version Seasave V 7.26.7.121
* Temperature SN = 7143
* Conductivity SN = 7143
* System UpLoad Time = Sep 08 2024 10:44:39
* NMEA Latitude = 38 32.48 N
* NMEA Longitude = 073 17.03 W
* NMEA UTC (Time) = Sep 08 2024  10:44:47
** Ship: Bigelow
** Cruise:  HB2407
** Program:  Fall Bottom Trawl
# nquan = 7
# nvalues = 3319                                  
# units = specified
# name 0 = depSM: Depth [salt water, m]
# name 1 = tv290C: Temperature [ITS-90, deg C]
# name 2 = c0S/m: Conductivity [S/m]
# name 3 = sal00: Salinity, Practical [PSU]
# name 4 = scan: Scan Count
# name 5 = timeM: Time, Elapsed [minutes]
# name 6 = flag:  0.000e+00
# span 0 =      0.085,    122.680                 
# span 1 =    11.8056,    21.8626                 
# span 2 =   0.123037,   4.708628                 
# span 3 =     0.6601,    36.2330                 
# span 4 =         11,       3329                 
# span 5 =     0.0417,    13.8667                 
# span 6 = 0.0000e+00, 0.0000e+00                 
# interval = seconds: 0.25
# start_time = Sep 08 2024 10:44:47 [NMEA time, header]
# bad_flag = -9.990e-29
*END*
[from data line 2872]
     65.378    12.3901   4.024366    34.8446       2883    12.0083  0.000e+00
     65.229    12.3639   4.021566    34.8420       2884    12.0125  0.000e+00
     65.117    12.3409   4.018826    34.8369       2885    12.0167  0.000e+00
     65.043    12.3201   4.016474    34.8334       2886    12.0208  0.000e+00
     64.994    12.3032   4.014962    34.8346       2887    12.0250  0.000e+00
     64.961    12.2884   4.013502    34.8342       2888    12.0292  0.000e+00
     64.956    12.2763   4.012411    34.8348       2889    12.0333  0.000e+00
     64.954    12.2668   4.011920    34.8389       2890    12.0375  0.000e+00
     64.960    12.2598   4.011901    34.8453       2891    12.0417  0.000e+00
     64.951    12.2549   4.011681    34.8478       2892    12.0458  0.000e+00
     64.938    12.2517   4.011669    34.8506       2893    12.0500  0.000e+00
     64.911    12.2491   4.011339    34.8498       2894    12.0542  0.000e+00
     64.877    12.2471   4.010855    34.8470       2895    12.0583  0.000e+00
     64.813    12.2446   4.009977    34.8409       2896    12.0625  0.000e+00
     64.733    12.2416   4.009486    34.8389       2897    12.0667  0.000e+00
     64.634    12.2382   4.008692    34.8344       2898    12.0708  0.000e+00
     64.516    12.2347   4.008008    34.8311       2899    12.0750  0.000e+00
     64.371    12.2308   4.007000    34.8250       2900    12.0792  0.000e+00
     64.212    12.2262   4.006161    34.8212       2901    12.0833  0.000e+00
     64.029    12.2208   4.004987    34.8150       2902    12.0875  0.000e+00
     63.830    12.2138   4.002689    34.7993       2903    12.0917  0.000e+00
     63.616    12.2015   3.997581    34.7611       2904    12.0958  0.000e+00
     63.382    12.1788   3.987719    34.6866       2905    12.1000  0.000e+00
     63.143    12.1359   3.976400    34.6166       2906    12.1042  0.000e+00
     62.892    12.0769   3.968483    34.5944       2907    12.1083  0.000e+00
     62.636    12.0169   3.963219    34.5989       2908    12.1125  0.000e+00
     62.382    11.9646   3.961832    34.6341       2909    12.1167  0.000e+00
     62.124    11.9307   3.963130    34.6784       2910    12.1208  0.000e+00
     61.879    11.9179   3.965977    34.7182       2911    12.1250  0.000e+00
     61.647    11.9222   3.967662    34.7308       2912    12.1292  0.000e+00
     61.426    11.9327   3.967970    34.7241       2913    12.1333  0.000e+00
     61.209    11.9420   3.967571    34.7116       2914    12.1375  0.000e+00
     61.021    11.9476   3.967005    34.7009       2915    12.1417  0.000e+00
     60.842    11.9512   3.967018    34.6979       2916    12.1458  0.000e+00
     60.693    11.9537   3.966934    34.6947       2917    12.1500  0.000e+00
     60.559    11.9566   3.966973    34.6924       2918    12.1542  0.000e+00
     60.434    11.9597   3.967082    34.6907       2919    12.1583  0.000e+00
     60.347    11.9627   3.967133    34.6885       2920    12.1625  0.000e+00
     60.266    11.9653   3.967101    34.6858       2921    12.1667  0.000e+00
     60.201    11.9671   3.967018    34.6833       2922    12.1708  0.000e+00
     60.146    11.9685   3.967056    34.6823       2923    12.1750  0.000e+00
     60.087    11.9696   3.967268    34.6835       2924    12.1792  0.000e+00
     60.018    11.9706   3.967294    34.6828       2925    12.1833  0.000e+00
     59.949    11.9711   3.967268    34.6821       2926    12.1875  0.000e+00
     59.877    11.9719   3.967294    34.6816       2927    12.1917  0.000e+00
     59.779    11.9717   3.966741    34.6765       2928    12.1958  0.000e+00
     59.667    11.9709   3.966574    34.6757       2929    12.2000  0.000e+00
     59.538    11.9700   3.966696    34.6777       2930    12.2042  0.000e+00
     59.404    11.9703   3.966998    34.6804       2931    12.2083  0.000e+00
     59.236    11.9720   3.967294    34.6818       2932    12.2125  0.000e+00
     59.058    11.9749   3.967634    34.6826       2933    12.2167  0.000e+00
     58.846    11.9780   3.967872    34.6820       2934    12.2208  0.000e+00
     58.638    11.9806   3.967088    34.6721       2935    12.2250  0.000e+00
     58.415    11.9810   3.965975    34.6609       2936    12.2292  0.000e+00
     58.178    11.9798   3.965551    34.6581       2937    12.2333  0.000e+00
     57.933    11.9783   3.965448    34.6585       2938    12.2375  0.000e+00
     57.671    11.9776   3.965847    34.6632       2939    12.2417  0.000e+00
     57.419    11.9787   3.966766    34.6713       2940    12.2458  0.000e+00
     57.153    11.9830   3.967588    34.6754       2941    12.2500  0.000e+00
     56.898    11.9888   3.966984    34.6642       2942    12.2542  0.000e+00
     56.653    11.9910   3.965480    34.6476       2943    12.2583  0.000e+00
     56.414    11.9880   3.963789    34.6341       2944    12.2625  0.000e+00
     56.193    11.9805   3.962093    34.6245       2945    12.2667  0.000e+00
     55.990    11.9705   3.960699    34.6203       2946    12.2708  0.000e+00
     55.811    11.9602   3.959697    34.6202       2947    12.2750  0.000e+00
     55.648    11.9512   3.959241    34.6242       2948    12.2792  0.000e+00
     55.503    11.9442   3.958785    34.6263       2949    12.2833  0.000e+00
     55.389    11.9390   3.958207    34.6256       2950    12.2875  0.000e+00
     55.279    11.9342   3.957256    34.6208       2951    12.2917  0.000e+00
     55.193    11.9285   3.955972    34.6136       2952    12.2958  0.000e+00
     55.125    11.9215   3.954765    34.6084       2953    12.3000  0.000e+00
     55.063    11.9144   3.953988    34.6074       2954    12.3042  0.000e+00
     55.000    11.9079   3.953070    34.6045       2955    12.3083  0.000e+00
     54.949    11.9022   3.952505    34.6043       2956    12.3125  0.000e+00
     54.901    11.8972   3.952184    34.6058       2957    12.3167  0.000e+00
     54.850    11.8935   3.951921    34.6067       2958    12.3208  0.000e+00
     54.781    11.8903   3.951703    34.6075       2959    12.3250  0.000e+00
     54.714    11.8879   3.951517    34.6081       2960    12.3292  0.000e+00
     54.632    11.8863   3.951408    34.6085       2961    12.3333  0.000e+00
     54.548    11.8852   3.951112    34.6067       2962    12.3375  0.000e+00
     54.441    11.8842   3.950791    34.6045       2963    12.3417  0.000e+00
     54.305    11.8834   3.950394    34.6014       2964    12.3458  0.000e+00
     54.154    11.8822   3.949861    34.5974       2965    12.3500  0.000e+00
     53.984    11.8809   3.949585    34.5959       2966    12.3542  0.000e+00
     53.776    11.8797   3.949270    34.5941       2967    12.3583  0.000e+00
     53.566    11.8789   3.948834    34.5907       2968    12.3625  0.000e+00
     53.340    11.8775   3.947743    34.5814       2969    12.3667  0.000e+00
     53.095    11.8741   3.947146    34.5788       2970    12.3708  0.000e+00
     52.840    11.8702   3.946550    34.5767       2971    12.3750  0.000e+00
     52.584    11.8658   3.945985    34.5754       2972    12.3792  0.000e+00
     52.334    11.8615   3.944452    34.5646       2973    12.3833  0.000e+00
     52.095    11.8557   3.943356    34.5593       2974    12.3875  0.000e+00
     51.858    11.8502   3.941599    34.5473       2975    12.3917  0.000e+00
     51.621    11.8417   3.938669    34.5267       2976    12.3958  0.000e+00
     51.413    11.8297   3.937240    34.5239       2977    12.4000  0.000e+00
     51.214    11.8192   3.936766    34.5291       2978    12.4042  0.000e+00
     51.031    11.8119   3.936266    34.5312       2979    12.4083  0.000e+00
     50.866    11.8074   3.936054    34.5333       2980    12.4125  0.000e+00
     50.705    11.8056   3.936099    34.5355       2981    12.4167  0.000e+00
     50.542    11.8080   3.938483    34.5567       2982    12.4208  0.000e+00
     50.394    11.8192   3.941073    34.5717       2983    12.4250  0.000e+00
     50.236    11.8366   3.943952    34.5838       2984    12.4292  0.000e+00
     50.071    11.8570   3.945375    34.5787       2985    12.4333  0.000e+00
     49.906    11.8759   3.945195    34.5595       2986    12.4375  0.000e+00
     49.716    11.8888   3.945009    34.5458       2987    12.4417  0.000e+00
     49.531    11.8973   3.945336    34.5411       2988    12.4458  0.000e+00
     49.343    11.9040   3.945124    34.5330       2989    12.4500  0.000e+00
     49.137    11.9075   3.943687    34.5158       2990    12.4542  0.000e+00
     48.940    11.9063   3.942379    34.5042       2991    12.4583  0.000e+00
     48.742    11.9020   3.941982    34.5044       2992    12.4625  0.000e+00
     48.563    11.8988   3.943116    34.5185       2993    12.4667  0.000e+00
     48.391    11.9024   3.944508    34.5288       2994    12.4708  0.000e+00
     48.242    11.9118   3.944931    34.5243       2995    12.4750  0.000e+00
     48.119    11.9221   3.945168    34.5171       2996    12.4792  0.000e+00
     48.020    11.9303   3.945361    34.5114       2997    12.4833  0.000e+00
     47.951    11.9365   3.945450    34.5066       2998    12.4875  0.000e+00
     47.891    11.9413   3.945527    34.5030       2999    12.4917  0.000e+00
     47.841    11.9445   3.945546    34.5002       3000    12.4958  0.000e+00
     47.803    11.9475   3.945777    34.4997       3001    12.5000  0.000e+00
     47.748    11.9507   3.946380    34.5026       3002    12.5042  0.000e+00
     47.685    11.9552   3.946983    34.5044       3003    12.5083  0.000e+00
     47.607    11.9604   3.947573    34.5054       3004    12.5125  0.000e+00
     47.502    11.9664   3.948029    34.5043       3005    12.5167  0.000e+00
     47.381    11.9727   3.948375    34.5018       3006    12.5208  0.000e+00
     47.225    11.9794   3.949600    34.5076       3007    12.5250  0.000e+00
     47.040    11.9885   3.951153    34.5144       3008    12.5292  0.000e+00
     46.829    12.0007   3.952469    34.5161       3009    12.5333  0.000e+00
     46.610    12.0135   3.953001    34.5095       3010    12.5375  0.000e+00
     46.349    12.0236   3.953232    34.5025       3011    12.5417  0.000e+00
     46.077    12.0316   3.953900    34.5017       3012    12.5458  0.000e+00
     45.787    12.0404   3.954805    34.5025       3013    12.5500  0.000e+00
     45.512    12.0513   3.955838    34.5027       3014    12.5542  0.000e+00
     45.230    12.0633   3.955671    34.4900       3015    12.5583  0.000e+00
     44.965    12.0727   3.954714    34.4721       3016    12.5625  0.000e+00
     44.722    12.0774   3.952659    34.4479       3017    12.5667  0.000e+00
     44.491    12.0780   3.949957    34.4212       3018    12.5708  0.000e+00
     44.292    12.0763   3.946505    34.3892       3019    12.5750  0.000e+00
     44.114    12.0724   3.944260    34.3711       3020    12.5792  0.000e+00
     43.959    12.0682   3.943042    34.3632       3021    12.5833  0.000e+00
     43.815    12.0649   3.942298    34.3591       3022    12.5875  0.000e+00
     43.702    12.0624   3.941875    34.3573       3023    12.5917  0.000e+00
     43.584    12.0607   3.941638    34.3566       3024    12.5958  0.000e+00
     43.473    12.0597   3.941567    34.3569       3025    12.6000  0.000e+00
     43.361    12.0589   3.941458    34.3566       3026    12.6042  0.000e+00
     43.229    12.0583   3.941208    34.3548       3027    12.6083  0.000e+00
     43.086    12.0579   3.940612    34.3494       3028    12.6125  0.000e+00
     42.945    12.0573   3.940163    34.3457       3029    12.6167  0.000e+00
     42.778    12.0568   3.939971    34.3443       3030    12.6208  0.000e+00
     42.606    12.0567   3.940003    34.3449       3031    12.6250  0.000e+00
     42.416    12.0565   3.939900    34.3441       3032    12.6292  0.000e+00
     42.228    12.0563   3.939688    34.3423       3033    12.6333  0.000e+00
     42.016    12.0562   3.938977    34.3356       3034    12.6375  0.000e+00
     41.808    12.0561   3.938041    34.3266       3035    12.6417  0.000e+00
     41.597    12.0560   3.937528    34.3218       3036    12.6458  0.000e+00
     41.375    12.0557   3.937214    34.3192       3037    12.6500  0.000e+00
     41.156    12.0558   3.936925    34.3164       3038    12.6542  0.000e+00
     40.951    12.0559   3.936797    34.3151       3039    12.6583  0.000e+00
     40.752    12.0561   3.936688    34.3139       3040    12.6625  0.000e+00
     40.569    12.0562   3.936502    34.3121       3041    12.6667  0.000e+00
     40.390    12.0567   3.936329    34.3101       3042    12.6708  0.000e+00
     40.230    12.0572   3.936233    34.3088       3043    12.6750  0.000e+00
     40.082    12.0578   3.936188    34.3078       3044    12.6792  0.000e+00
     39.951    12.0583   3.936143    34.3070       3045    12.6833  0.000e+00
     39.825    12.0586   3.936002    34.3054       3046    12.6875  0.000e+00
     39.705    12.0593   3.935855    34.3033       3047    12.6917  0.000e+00
     39.589    12.0606   3.935618    34.2999       3048    12.6958  0.000e+00
     39.463    12.0629   3.935457    34.2963       3049    12.7000  0.000e+00
     39.352    12.0658   3.935239    34.2915       3050    12.7042  0.000e+00
     39.218    12.0693   3.934823    34.2843       3051    12.7083  0.000e+00
     39.078    12.0731   3.934406    34.2768       3052    12.7125  0.000e+00
     38.937    12.0772   3.933714    34.2664       3053    12.7167  0.000e+00
     38.771    12.0804   3.931696    34.2439       3054    12.7208  0.000e+00
     38.597    12.0816   3.927924    34.2063       3055    12.7250  0.000e+00
     38.414    12.0800   3.924724    34.1767       3056    12.7292  0.000e+00
     38.215    12.0796   3.923847    34.1687       3057    12.7333  0.000e+00
     38.005    12.0828   3.922976    34.1574       3058    12.7375  0.000e+00
     37.791    12.0880   3.921716    34.1405       3059    12.7417  0.000e+00
     37.567    12.0916   3.919611    34.1168       3060    12.7458  0.000e+00
     37.351    12.0946   3.918453    34.1029       3061    12.7500  0.000e+00
     37.123    12.0980   3.917090    34.0867       3062    12.7542  0.000e+00
     36.904    12.1001   3.915664    34.0710       3063    12.7583  0.000e+00
     36.674    12.0995   3.914948    34.0647       3064    12.7625  0.000e+00
     36.466    12.0983   3.914200    34.0587       3065    12.7667  0.000e+00
     36.261    12.0966   3.913612    34.0546       3066    12.7708  0.000e+00
     36.051    12.0967   3.913682    34.0553       3067    12.7750  0.000e+00
     35.849    12.0996   3.914014    34.0560       3068    12.7792  0.000e+00
     35.647    12.1044   3.914602    34.0574       3069    12.7833  0.000e+00
     35.428    12.1114   3.915420    34.0590       3070    12.7875  0.000e+00
     35.220    12.1205   3.916565    34.0619       3071    12.7917  0.000e+00
     35.003    12.1319   3.918048    34.0659       3072    12.7958  0.000e+00
     34.791    12.1472   3.920927    34.0800       3073    12.8000  0.000e+00
     34.573    12.1729   3.925956    34.1055       3074    12.8042  0.000e+00
     34.360    12.2115   3.931353    34.1226       3075    12.8083  0.000e+00
     34.153    12.2586   3.936113    34.1258       3076    12.8125  0.000e+00
     33.952    12.3116   3.941227    34.1270       3077    12.8167  0.000e+00
     33.764    12.3660   3.945471    34.1185       3078    12.8208  0.000e+00
     33.581    12.4185   3.948492    34.0999       3079    12.8250  0.000e+00
     33.416    12.4658   3.951007    34.0812       3080    12.8292  0.000e+00
     33.266    12.5071   3.953317    34.0661       3081    12.8333  0.000e+00
     33.137    12.5425   3.955615    34.0560       3082    12.8375  0.000e+00
     33.020    12.5738   3.957259    34.0436       3083    12.8417  0.000e+00
     32.909    12.6008   3.958819    34.0342       3084    12.8458  0.000e+00
     32.808    12.6245   3.960315    34.0271       3085    12.8500  0.000e+00
     32.717    12.6453   3.961857    34.0231       3086    12.8542  0.000e+00
