HB2407/sbe110.cnv
* Sea-Bird SBE 19plus V2 Data File:
* FileName = C:\cruise\data\sbe110.hex
* Software Version Seasave V 7.26.7.121
* Temperature SN = 7037
* Conductivity SN = 7037
* System UpLoad Time = Oct 29 2024 22:23:27
* NMEA Latitude = 42 07.32 N
* NMEA Longitude = 067 01.74 W
* NMEA UTC (Time) = Oct 29 2024  22:22:34
** Ship: Bigelow
** Cruise:  HB2407
** Program:  Spring Bottom Trawl
# nquan = 8
# nvalues = 1567                                  
# units = specified
# name 0 = depSM: Depth [salt water, m]
# name 1 = tv290C: Temperature [ITS-90, deg C]
# name 2 = c0S/m: Conductivity [S/m]
# name 3 = sal00: Salinity, Practical [PSU]
# name 4 = scan: Scan Count
# name 5 = timeM: Time, Elapsed [minutes]
# name 6 = sbeox0V: Oxygen raw, SBE 43 [V]
# name 7 = flag:  0.000e+00
# span 0 =      0.207,     59.471                 
# span 1 =     9.8987,    12.8521                 
# span 2 =  -0.000023,   3.775594                 
# span 3 =     0.0000,    32.4537                 
# span 4 =         11,       1577                 
# span 5 =     0.0417,     6.5667                 
# span 6 =     2.1200,     2.6166                 
# span 7 = 0.0000e+00, 0.0000e+00                 
# interval = seconds: 0.25
# start_time = Oct 29 2024 22:22:34 [NMEA time, header]
# bad_flag = -9.990e-29
*END*
[from data line 1259]
     14.259    12.6882   3.763410    32.1006       1270     5.2875     2.4206  0.000e+00
     14.194    12.6887   3.763428    32.1003       1271     5.2917     2.4220  0.000e+00
     14.133    12.6890   3.763410    32.0999       1272     5.2958     2.4217  0.000e+00
     14.073    12.6892   3.763380    32.0995       1273     5.3000     2.4220  0.000e+00
     14.019    12.6889   3.763345    32.0994       1274     5.3042     2.4189  0.000e+00
     13.956    12.6891   3.763286    32.0987       1275     5.3083     2.4198  0.000e+00
     13.900    12.6888   3.763280    32.0989       1276     5.3125     2.4210  0.000e+00
     13.835    12.6885   3.763238    32.0988       1277     5.3167     2.4199  0.000e+00
     13.766    12.6882   3.763232    32.0991       1278     5.3208     2.4207  0.000e+00
     13.694    12.6881   3.763079    32.0977       1279     5.3250     2.4197  0.000e+00
     13.616    12.6879   3.763008    32.0972       1280     5.3292     2.4192  0.000e+00
     13.545    12.6878   3.762996    32.0972       1281     5.3333     2.4190  0.000e+00
     13.471    12.6877   3.763031    32.0977       1282     5.3375     2.4186  0.000e+00
     13.404    12.6875   3.762883    32.0965       1283     5.3417     2.4182  0.000e+00
     13.336    12.6877   3.762546    32.0932       1284     5.3458     2.4172  0.000e+00
     13.269    12.6874   3.762753    32.0954       1285     5.3500     2.4182  0.000e+00
     13.207    12.6874   3.762528    32.0933       1286     5.3542     2.4180  0.000e+00
     13.148    12.6871   3.762244    32.0909       1287     5.3583     2.4176  0.000e+00
     13.092    12.6864   3.762155    32.0907       1288     5.3625     2.4186  0.000e+00
     13.030    12.6854   3.762025    32.0903       1289     5.3667     2.4183  0.000e+00
     12.974    12.6851   3.762025    32.0906       1290     5.3708     2.4172  0.000e+00
     12.916    12.6846   3.761948    32.0903       1291     5.3750     2.4176  0.000e+00
     12.858    12.6842   3.761913    32.0903       1292     5.3792     2.4162  0.000e+00
     12.808    12.6839   3.761859    32.0901       1293     5.3833     2.4141  0.000e+00
     12.748    12.6836   3.761800    32.0898       1294     5.3875     2.4138  0.000e+00
     12.692    12.6831   3.761859    32.0908       1295     5.3917     2.4125  0.000e+00
     12.641    12.6831   3.761759    32.0899       1296     5.3958     2.4122  0.000e+00
     12.576    12.6828   3.761972    32.0921       1297     5.4000     2.4105  0.000e+00
     12.513    12.6837   3.762090    32.0925       1298     5.4042     2.4109  0.000e+00
     12.439    12.6851   3.762179    32.0923       1299     5.4083     2.4094  0.000e+00
     12.358    12.6866   3.762202    32.0912       1300     5.4125     2.4106  0.000e+00
     12.278    12.6876   3.762285    32.0912       1301     5.4167     2.4102  0.000e+00
     12.195    12.6887   3.762640    32.0936       1302     5.4208     2.4102  0.000e+00
     12.108    12.6907   3.763214    32.0974       1303     5.4250     2.4097  0.000e+00
     12.027    12.6940   3.762847    32.0911       1304     5.4292     2.4111  0.000e+00
     11.947    12.6959   3.763167    32.0926       1305     5.4333     2.4122  0.000e+00
     11.868    12.6983   3.763882    32.0974       1306     5.4375     2.4125  0.000e+00
     11.795    12.7016   3.764137    32.0971       1307     5.4417     2.4118  0.000e+00
     11.718    12.7061   3.764829    32.0998       1308     5.4458     2.4122  0.000e+00
     11.649    12.7118   3.764693    32.0937       1309     5.4500     2.4133  0.000e+00
     11.589    12.7158   3.764953    32.0928       1310     5.4542     2.4154  0.000e+00
     11.530    12.7191   3.764900    32.0895       1311     5.4583     2.4164  0.000e+00
     11.474    12.7211   3.764953    32.0883       1312     5.4625     2.4159  0.000e+00
     11.416    12.7225   3.765154    32.0890       1313     5.4667     2.4180  0.000e+00
     11.358    12.7244   3.765243    32.0883       1314     5.4708     2.4192  0.000e+00
     11.302    12.7258   3.765154    32.0863       1315     5.4750     2.4193  0.000e+00
     11.237    12.7265   3.765196    32.0861       1316     5.4792     2.4214  0.000e+00
     11.175    12.7270   3.765202    32.0857       1317     5.4833     2.4215  0.000e+00
     11.112    12.7273   3.765196    32.0855       1318     5.4875     2.4218  0.000e+00
     11.047    12.7276   3.765042    32.0838       1319     5.4917     2.4219  0.000e+00
     10.978    12.7273   3.764574    32.0796       1320     5.4958     2.4231  0.000e+00
     10.913    12.7255   3.764734    32.0827       1321     5.5000     2.4237  0.000e+00
     10.841    12.7239   3.764621    32.0830       1322     5.5042     2.4249  0.000e+00
     10.772    12.7227   3.764758    32.0854       1323     5.5083     2.4241  0.000e+00
     10.700    12.7224   3.764829    32.0864       1324     5.5125     2.4239  0.000e+00
     10.626    12.7227   3.764758    32.0854       1325     5.5167     2.4257  0.000e+00
     10.554    12.7227   3.764852    32.0864       1326     5.5208     2.4247  0.000e+00
     10.487    12.7229   3.765042    32.0880       1327     5.5250     2.4242  0.000e+00
     10.416    12.7242   3.764935    32.0860       1328     5.5292     2.4234  0.000e+00
     10.340    12.7247   3.764899    32.0852       1329     5.5333     2.4235  0.000e+00
     10.281    12.7247   3.764864    32.0849       1330     5.5375     2.4234  0.000e+00
     10.205    12.7246   3.764899    32.0853       1331     5.5417     2.4207  0.000e+00
     10.131    12.7247   3.764734    32.0837       1332     5.5458     2.4218  0.000e+00
     10.058    12.7241   3.764574    32.0827       1333     5.5500     2.4240  0.000e+00
      9.979    12.7232   3.764450    32.0824       1334     5.5542     2.4231  0.000e+00
      9.903    12.7216   3.764597    32.0852       1335     5.5583     2.4242  0.000e+00
      9.825    12.7209   3.764734    32.0870       1336     5.5625     2.4250  0.000e+00
      9.744    12.7214   3.764603    32.0855       1337     5.5667     2.4234  0.000e+00
      9.668    12.7214   3.764550    32.0849       1338     5.5708     2.4243  0.000e+00
      9.599    12.7211   3.764822    32.0878       1339     5.5750     2.4241  0.000e+00
      9.529    12.7218   3.765177    32.0906       1340     5.5792     2.4249  0.000e+00
      9.464    12.7234   3.764136    32.0794       1341     5.5833     2.4237  0.000e+00
      9.402    12.7214   3.764946    32.0888       1342     5.5875     2.4235  0.000e+00
      9.345    12.7222   3.766148    32.0996       1343     5.5917     2.4244  0.000e+00
      9.290    12.7281   3.765870    32.0919       1344     5.5958     2.4247  0.000e+00
      9.236    12.7322   3.765591    32.0858       1345     5.6000     2.4262  0.000e+00
      9.182    12.7331   3.766236    32.0912       1346     5.6042     2.4261  0.000e+00
      9.128    12.7363   3.766515    32.0911       1347     5.6083     2.4270  0.000e+00
      9.070    12.7399   3.766319    32.0863       1348     5.6125     2.4280  0.000e+00
      9.014    12.7417   3.766538    32.0868       1349     5.6167     2.4275  0.000e+00
      8.958    12.7435   3.766810    32.0878       1350     5.6208     2.4276  0.000e+00
      8.896    12.7461   3.767047    32.0880       1351     5.6250     2.4271  0.000e+00
      8.833    12.7487   3.767272    32.0879       1352     5.6292     2.4270  0.000e+00
      8.766    12.7512   3.767402    32.0871       1353     5.6333     2.4270  0.000e+00
      8.697    12.7535   3.767485    32.0859       1354     5.6375     2.4266  0.000e+00
      8.627    12.7553   3.767645    32.0859       1355     5.6417     2.4268  0.000e+00
      8.556    12.7570   3.767828    32.0862       1356     5.6458     2.4259  0.000e+00
      8.477    12.7593   3.768041    32.0863       1357     5.6500     2.4269  0.000e+00
      8.401    12.7617   3.768083    32.0847       1358     5.6542     2.4256  0.000e+00
      8.321    12.7637   3.768242    32.0845       1359     5.6583     2.4256  0.000e+00
      8.238    12.7656   3.768473    32.0851       1360     5.6625     2.4269  0.000e+00
      8.160    12.7675   3.768728    32.0860       1361     5.6667     2.4268  0.000e+00
      8.079    12.7700   3.768817    32.0847       1362     5.6708     2.4263  0.000e+00
      8.000    12.7724   3.768751    32.0821       1363     5.6750     2.4263  0.000e+00
      7.925    12.7739   3.768751    32.0808       1364     5.6792     2.4279  0.000e+00
      7.853    12.7749   3.768751    32.0801       1365     5.6833     2.4280  0.000e+00
      7.785    12.7756   3.768816    32.0801       1366     5.6875     2.4280  0.000e+00
      7.714    12.7763   3.768917    32.0805       1367     5.6917     2.4289  0.000e+00
      7.656    12.7772   3.768970    32.0802       1368     5.6958     2.4287  0.000e+00
      7.598    12.7783   3.769106    32.0806       1369     5.7000     2.4299  0.000e+00
      7.539    12.7795   3.769124    32.0798       1370     5.7042     2.4298  0.000e+00
      7.486    12.7806   3.769189    32.0795       1371     5.7083     2.4303  0.000e+00
      7.421    12.7814   3.769124    32.0782       1372     5.7125     2.4304  0.000e+00
      7.354    12.7819   3.769124    32.0778       1373     5.7167     2.4310  0.000e+00
      7.282    12.7821   3.769124    32.0777       1374     5.7208     2.4321  0.000e+00
      7.210    12.7821   3.769171    32.0781       1375     5.7250     2.4330  0.000e+00
      7.143    12.7824   3.769278    32.0790       1376     5.7292     2.4336  0.000e+00
      7.065    12.7828   3.769515    32.0809       1377     5.7333     2.4337  0.000e+00
      6.986    12.7839   3.769722    32.0819       1378     5.7375     2.4333  0.000e+00
      6.910    12.7856   3.769858    32.0818       1379     5.7417     2.4328  0.000e+00
      6.828    12.7875   3.769834    32.0800       1380     5.7458     2.4332  0.000e+00
      6.754    12.7890   3.769674    32.0773       1381     5.7500     2.4340  0.000e+00
      6.675    12.7895   3.769680    32.0769       1382     5.7542     2.4328  0.000e+00
      6.599    12.7902   3.769674    32.0763       1383     5.7583     2.4344  0.000e+00
      6.526    12.7906   3.769680    32.0761       1384     5.7625     2.4353  0.000e+00
      6.452    12.7908   3.769722    32.0763       1385     5.7667     2.4347  0.000e+00
      6.385    12.7913   3.770112    32.0795       1386     5.7708     2.4357  0.000e+00
      6.311    12.7929   3.770408    32.0810       1387     5.7750     2.4356  0.000e+00
      6.243    12.7954   3.770391    32.0788       1388     5.7792     2.4355  0.000e+00
      6.172    12.7971   3.770450    32.0779       1389     5.7833     2.4359  0.000e+00
      6.103    12.7983   3.770414    32.0766       1390     5.7875     2.4356  0.000e+00
      6.038    12.7997   3.770740    32.0785       1391     5.7917     2.4343  0.000e+00
      5.964    12.8009   3.770716    32.0773       1392     5.7958     2.4341  0.000e+00
      5.894    12.8021   3.770598    32.0752       1393     5.8000     2.4353  0.000e+00
      5.816    12.8024   3.770538    32.0745       1394     5.8042     2.4362  0.000e+00
      5.738    12.8021   3.770716    32.0764       1395     5.8083     2.4365  0.000e+00
      5.661    12.8026   3.771024    32.0789       1396     5.8125     2.4369  0.000e+00
      5.581    12.8041   3.771273    32.0800       1397     5.8167     2.4379  0.000e+00
      5.503    12.8063   3.772949    32.0940       1398     5.8208     2.4393  0.000e+00
      5.426    12.8127   3.773393    32.0928       1399     5.8250     2.4393  0.000e+00
      5.350    12.8204   3.773487    32.0872       1400     5.8292     2.4404  0.000e+00
      5.276    12.8262   3.773612    32.0835       1401     5.8333     2.4408  0.000e+00
      5.211    12.8301   3.773606    32.0801       1402     5.8375     2.4416  0.000e+00
      5.144    12.8328   3.773635    32.0782       1403     5.8417     2.4415  0.000e+00
      5.086    12.8347   3.773765    32.0778       1404     5.8458     2.4418  0.000e+00
      5.026    12.8360   3.773718    32.0763       1405     5.8500     2.4431  0.000e+00
      4.968    12.8368   3.773813    32.0765       1406     5.8542     2.4420  0.000e+00
      4.912    12.8378   3.773884    32.0764       1407     5.8583     2.4421  0.000e+00
      4.844    12.8384   3.773765    32.0748       1408     5.8625     2.4421  0.000e+00
      4.773    12.8386   3.773582    32.0729       1409     5.8667     2.4431  0.000e+00
      4.695    12.8381   3.773748    32.0750       1410     5.8708     2.4429  0.000e+00
      4.609    12.8381   3.774032    32.0777       1411     5.8750     2.4430  0.000e+00
      4.522    12.8390   3.773789    32.0746       1412     5.8792     2.4431  0.000e+00
      4.439    12.8390   3.773925    32.0759       1413     5.8833     2.4427  0.000e+00
      4.354    12.8394   3.774251    32.0788       1414     5.8875     2.4428  0.000e+00
      4.273    12.8407   3.773967    32.0750       1415     5.8917     2.4424  0.000e+00
      4.193    12.8412   3.773487    32.0701       1416     5.8958     2.4429  0.000e+00
      4.113    12.8392   3.772527    32.0627       1417     5.9000     2.4415  0.000e+00
      4.034    12.8348   3.772616    32.0673       1418     5.9042     2.4410  0.000e+00
      3.962    12.8309   3.772492    32.0694       1419     5.9083     2.4411  0.000e+00
      3.886    12.8284   3.772503    32.0717       1420     5.9125     2.4411  0.000e+00
      3.808    12.8266   3.772960    32.0776       1421     5.9167     2.4408  0.000e+00
      3.730    12.8265   3.772924    32.0773       1422     5.9208     2.4405  0.000e+00
      3.649    12.8267   3.772746    32.0756       1423     5.9250     2.4405  0.000e+00
      3.569    12.8273   3.772308    32.0710       1424     5.9292     2.4407  0.000e+00
      3.497    12.8257   3.773013    32.0790       1425     5.9333     2.4404  0.000e+00
      3.423    12.8263   3.773765    32.0856       1426     5.9375     2.4398  0.000e+00
      3.345    12.8293   3.772817    32.0741       1427     5.9417     2.4405  0.000e+00
      3.267    12.8299   3.773024    32.0756       1428     5.9458     2.4415  0.000e+00
      3.193    12.8295   3.773943    32.0847       1429     5.9500     2.4411  0.000e+00
      3.119    12.8320   3.773149    32.0751       1430     5.9542     2.4413  0.000e+00
      3.047    12.8330   3.772977    32.0726       1431     5.9583     2.4412  0.000e+00
      2.980    12.8322   3.774096    32.0840       1432     5.9625     2.4410  0.000e+00
      2.928    12.8342   3.774481    32.0859       1433     5.9667     2.4410  0.000e+00
      2.873    12.8381   3.774760    32.0852       1434     5.9708     2.4418  0.000e+00
      2.830    12.8422   3.774855    32.0826       1435     5.9750     2.4426  0.000e+00
      2.779    12.8454   3.774606    32.0776       1436     5.9792     2.4418  0.000e+00
      2.732    12.8470   3.774120    32.0717       1437     5.9833     2.4412  0.000e+00
      2.680    12.8462   3.773741    32.0688       1438     5.9875     2.4418  0.000e+00
      2.617    12.8437   3.773237    32.0662       1439     5.9917     2.4411  0.000e+00
      2.552    12.8402   3.773907    32.0756       1440     5.9958     2.4405  0.000e+00
      2.472    12.8391   3.773942    32.0768       1441     6.0000     2.4417  0.000e+00
      2.389    12.8393   3.773119    32.0689       1442     6.0042     2.4418  0.000e+00
      2.302    12.8376   3.773344    32.0725       1443     6.0083     2.4416  0.000e+00
      2.212    12.8359   3.773391    32.0744       1444     6.0125     2.4427  0.000e+00
      2.112    12.8355   3.774369    32.0840       1445     6.0167     2.4431  0.000e+00
      2.022    12.8377   3.774096    32.0796       1446     6.0208     2.4431  0.000e+00
      1.935    12.8403   3.774019    32.0767       1447     6.0250     2.4437  0.000e+00
      1.869    12.8404   3.773456    32.0713       1448     6.0292     2.4443  0.000e+00
