HB2407/sbe121.cnv
* Sea-Bird SBE 19plus V2 Data File:
* FileName = C:\cruise\data\sbe121.hex
* Software Version Seasave V 7.26.7.121
* Temperature SN = 7037
* Conductivity SN = 7037
* System UpLoad Time = Nov 01 2024 04:13:17
* NMEA Latitude = 42 18.79 N
* NMEA Longitude = 065 50.27 W
* NMEA UTC (Time) = Nov 01 2024  04:12:27
** Ship: Bigelow
** Cruise:  HB2407
** Program:  Spring Bottom Trawl
# nquan = 8
# nvalues = 4668                                  
# units = specified
# name 0 = depSM: Depth [salt water, m]
# name 1 = tv290C: Temperature [ITS-90, deg C]
# name 2 = c0S/m: Conductivity [S/m]
# name 3 = sal00: Salinity, Practical [PSU]
# name 4 = scan: Scan Count
# name 5 = timeM: Time, Elapsed [minutes]
# name 6 = sbeox0V: Oxygen raw, SBE 43 [V]
# name 7 = flag:  0.000e+00
# span 0 =     -0.014,    202.128                 
# span 1 =     5.6805,    14.1277                 
# span 2 =  -0.000028,   3.779250                 
# span 3 =     0.0000,    34.8758                 
# span 4 =         11,       4678                 
# span 5 =     0.0417,    19.4875                 
# span 6 =     1.8751,     2.5429                 
# span 7 = 0.0000e+00, 0.0000e+00                 
# interval = seconds: 0.25
# start_time = Nov 01 2024 04:12:27 [NMEA time, header]
# bad_flag = -9.990e-29
*END*
[from data line 1978]
    169.435     7.8242   3.575389    34.5991       1989     8.2833     1.8946  0.000e+00
    169.307     7.8285   3.575493    34.5961       1990     8.2875     1.8946  0.000e+00
    169.178     7.8325   3.575493    34.5922       1991     8.2917     1.8950  0.000e+00
    169.046     7.8355   3.575696    34.5914       1992     8.2958     1.8954  0.000e+00
    168.912     7.8384   3.575777    34.5895       1993     8.3000     1.8972  0.000e+00
    168.789     7.8420   3.575817    34.5865       1994     8.3042     1.8968  0.000e+00
    168.673     7.8457   3.575904    34.5838       1995     8.3083     1.8973  0.000e+00
    168.563     7.8492   3.575904    34.5804       1996     8.3125     1.8981  0.000e+00
    168.462     7.8524   3.575973    34.5780       1997     8.3167     1.8986  0.000e+00
    168.366     7.8551   3.575713    34.5725       1998     8.3208     1.8990  0.000e+00
    168.272     7.8588   3.575602    34.5678       1999     8.3250     1.9003  0.000e+00
    168.179     7.8625   3.575341    34.5613       2000     8.3292     1.9002  0.000e+00
    168.076     7.8655   3.574889    34.5536       2001     8.3333     1.9013  0.000e+00
    167.977     7.8692   3.574802    34.5490       2002     8.3375     1.8998  0.000e+00
    167.857     7.8720   3.574756    34.5458       2003     8.3417     1.9027  0.000e+00
    167.725     7.8742   3.574385    34.5397       2004     8.3458     1.9028  0.000e+00
    167.589     7.8763   3.574147    34.5352       2005     8.3500     1.9022  0.000e+00
    167.448     7.8780   3.574060    34.5325       2006     8.3542     1.9024  0.000e+00
    167.293     7.8798   3.574019    34.5305       2007     8.3583     1.9069  0.000e+00
    167.137     7.8811   3.573909    34.5281       2008     8.3625     1.9042  0.000e+00
    166.980     7.8823   3.573845    34.5262       2009     8.3667     1.9056  0.000e+00
    166.833     7.8835   3.573695    34.5235       2010     8.3708     1.9064  0.000e+00
    166.694     7.8845   3.573347    34.5188       2011     8.3750     1.9077  0.000e+00
    166.558     7.8852   3.573063    34.5152       2012     8.3792     1.9102  0.000e+00
    166.446     7.8860   3.572959    34.5133       2013     8.3833     1.9105  0.000e+00
    166.343     7.8865   3.572825    34.5114       2014     8.3875     1.9113  0.000e+00
    166.247     7.8869   3.572738    34.5101       2015     8.3917     1.9129  0.000e+00
    166.158     7.8872   3.572651    34.5090       2016     8.3958     1.9135  0.000e+00
    166.068     7.8877   3.572373    34.5056       2017     8.4000     1.9133  0.000e+00
    165.988     7.8882   3.572130    34.5025       2018     8.4042     1.9139  0.000e+00
    165.901     7.8885   3.572066    34.5015       2019     8.4083     1.9148  0.000e+00
    165.816     7.8888   3.572089    34.5015       2020     8.4125     1.9167  0.000e+00
    165.729     7.8894   3.572025    34.5003       2021     8.4167     1.9167  0.000e+00
    165.637     7.8899   3.572002    34.4996       2022     8.4208     1.9174  0.000e+00
    165.537     7.8904   3.571788    34.4969       2023     8.4250     1.9169  0.000e+00
    165.432     7.8905   3.571805    34.4970       2024     8.4292     1.9185  0.000e+00
    165.326     7.8910   3.571851    34.4970       2025     8.4333     1.9195  0.000e+00
    165.210     7.8918   3.571741    34.4951       2026     8.4375     1.9197  0.000e+00
    165.089     7.8924   3.571544    34.4924       2027     8.4417     1.9211  0.000e+00
    164.951     7.8927   3.571440    34.4911       2028     8.4458     1.9212  0.000e+00
    164.814     7.8928   3.571202    34.4885       2029     8.4500     1.9222  0.000e+00
    164.672     7.8928   3.570223    34.4780       2030     8.4542     1.9214  0.000e+00
    164.524     7.8925   3.569638    34.4721       2031     8.4583     1.9219  0.000e+00
    164.378     7.8919   3.569400    34.4702       2032     8.4625     1.9231  0.000e+00
    164.247     7.8915   3.568949    34.4658       2033     8.4667     1.9222  0.000e+00
    164.124     7.8916   3.568537    34.4614       2034     8.4708     1.9240  0.000e+00
    164.014     7.8921   3.568317    34.4586       2035     8.4750     1.9232  0.000e+00
    163.914     7.8935   3.568080    34.4547       2036     8.4792     1.9245  0.000e+00
    163.827     7.8948   3.567865    34.4512       2037     8.4833     1.9251  0.000e+00
    163.748     7.8962   3.567217    34.4429       2038     8.4875     1.9254  0.000e+00
    163.668     7.8983   3.566609    34.4343       2039     8.4917     1.9262  0.000e+00
    163.592     7.9018   3.566481    34.4295       2040     8.4958     1.9260  0.000e+00
    163.513     7.9051   3.565682    34.4177       2041     8.5000     1.9265  0.000e+00
    163.429     7.9089   3.565288    34.4098       2042     8.5042     1.9276  0.000e+00
    163.332     7.9129   3.565074    34.4036       2043     8.5083     1.9287  0.000e+00
    163.234     7.9160   3.564750    34.3971       2044     8.5125     1.9297  0.000e+00
    163.127     7.9183   3.564489    34.3921       2045     8.5167     1.9313  0.000e+00
    163.010     7.9201   3.564298    34.3883       2046     8.5208     1.9328  0.000e+00
    162.879     7.9215   3.563904    34.3828       2047     8.5250     1.9335  0.000e+00
    162.754     7.9222   3.561080    34.3519       2048     8.5292     1.9357  0.000e+00
    162.626     7.9221   3.561056    34.3518       2049     8.5333     1.9364  0.000e+00
    162.492     7.9216   3.560559    34.3470       2050     8.5375     1.9374  0.000e+00
    162.353     7.9208   3.557301    34.3129       2051     8.5417     1.9382  0.000e+00
    162.215     7.9181   3.555878    34.3004       2052     8.5458     1.9408  0.000e+00
    162.092     7.9158   3.554456    34.2873       2053     8.5500     1.9436  0.000e+00
    161.965     7.9165   3.552646    34.2673       2054     8.5542     1.9434  0.000e+00
    161.855     7.9183   3.552085    34.2596       2055     8.5583     1.9444  0.000e+00
    161.756     7.9192   3.552021    34.2581       2056     8.5625     1.9472  0.000e+00
    161.665     7.9196   3.551998    34.2575       2057     8.5667     1.9488  0.000e+00
    161.584     7.9200   3.551871    34.2558       2058     8.5708     1.9483  0.000e+00
    161.502     7.9199   3.551484    34.2518       2059     8.5750     1.9526  0.000e+00
    161.419     7.9195   3.551183    34.2489       2060     8.5792     1.9541  0.000e+00
    161.323     7.9187   3.551073    34.2486       2061     8.5833     1.9548  0.000e+00
    161.225     7.9177   3.550772    34.2464       2062     8.5875     1.9578  0.000e+00
    161.118     7.9167   3.550559    34.2452       2063     8.5917     1.9590  0.000e+00
    160.994     7.9155   3.550449    34.2452       2064     8.5958     1.9597  0.000e+00
    160.856     7.9146   3.550275    34.2443       2065     8.6000     1.9627  0.000e+00
    160.717     7.9138   3.550235    34.2447       2066     8.6042     1.9632  0.000e+00
    160.572     7.9130   3.550212    34.2453       2067     8.6083     1.9665  0.000e+00
    160.427     7.9124   3.550171    34.2455       2068     8.6125     1.9672  0.000e+00
    160.283     7.9122   3.550171    34.2458       2069     8.6167     1.9678  0.000e+00
    160.154     7.9118   3.550107    34.2456       2070     8.6208     1.9692  0.000e+00
    160.029     7.9117   3.549998    34.2446       2071     8.6250     1.9700  0.000e+00
    159.919     7.9113   3.549957    34.2445       2072     8.6292     1.9694  0.000e+00
    159.817     7.9110   3.549957    34.2449       2073     8.6333     1.9708  0.000e+00
    159.722     7.9108   3.549957    34.2452       2074     8.6375     1.9715  0.000e+00
    159.631     7.9106   3.549934    34.2452       2075     8.6417     1.9713  0.000e+00
    159.541     7.9105   3.549934    34.2453       2076     8.6458     1.9720  0.000e+00
    159.445     7.9104   3.549911    34.2452       2077     8.6500     1.9732  0.000e+00
    159.349     7.9103   3.549888    34.2450       2078     8.6542     1.9746  0.000e+00
    159.251     7.9103   3.549888    34.2451       2079     8.6583     1.9746  0.000e+00
    159.148     7.9102   3.549888    34.2453       2080     8.6625     1.9750  0.000e+00
    159.038     7.9101   3.549887    34.2454       2081     8.6667     1.9758  0.000e+00
    158.925     7.9102   3.549847    34.2450       2082     8.6708     1.9743  0.000e+00
    158.804     7.9100   3.549847    34.2452       2083     8.6750     1.9759  0.000e+00
    158.683     7.9100   3.549847    34.2453       2084     8.6792     1.9760  0.000e+00
    158.553     7.9100   3.549870    34.2455       2085     8.6833     1.9763  0.000e+00
    158.417     7.9100   3.549847    34.2454       2086     8.6875     1.9771  0.000e+00
    158.278     7.9100   3.549847    34.2455       2087     8.6917     1.9754  0.000e+00
    158.133     7.9100   3.549806    34.2450       2088     8.6958     1.9769  0.000e+00
    157.994     7.9100   3.549824    34.2453       2089     8.7000     1.9763  0.000e+00
    157.851     7.9100   3.549737    34.2445       2090     8.7042     1.9763  0.000e+00
    157.715     7.9100   3.549656    34.2437       2091     8.7083     1.9769  0.000e+00
    157.585     7.9095   3.549610    34.2437       2092     8.7125     1.9782  0.000e+00
    157.454     7.9094   3.549586    34.2437       2093     8.7167     1.9773  0.000e+00
    157.330     7.9092   3.549569    34.2437       2094     8.7208     1.9789  0.000e+00
    157.216     7.9090   3.549586    34.2442       2095     8.7250     1.9786  0.000e+00
    157.107     7.9089   3.549586    34.2443       2096     8.7292     1.9792  0.000e+00
    157.011     7.9089   3.549569    34.2442       2097     8.7333     1.9789  0.000e+00
    156.917     7.9089   3.549586    34.2444       2098     8.7375     1.9790  0.000e+00
    156.818     7.9088   3.549482    34.2434       2099     8.7417     1.9790  0.000e+00
    156.727     7.9086   3.549482    34.2436       2100     8.7458     1.9786  0.000e+00
    156.633     7.9084   3.549419    34.2432       2101     8.7500     1.9792  0.000e+00
    156.537     7.9083   3.549395    34.2431       2102     8.7542     1.9779  0.000e+00
    156.436     7.9081   3.549418    34.2436       2103     8.7583     1.9787  0.000e+00
    156.322     7.9081   3.549372    34.2432       2104     8.7625     1.9772  0.000e+00
    156.208     7.9079   3.549418    34.2439       2105     8.7667     1.9784  0.000e+00
    156.088     7.9078   3.549418    34.2441       2106     8.7708     1.9783  0.000e+00
    155.963     7.9079   3.549349    34.2432       2107     8.7750     1.9795  0.000e+00
    155.829     7.9079   3.549395    34.2438       2108     8.7792     1.9780  0.000e+00
    155.699     7.9076   3.549332    34.2435       2109     8.7833     1.9780  0.000e+00
    155.569     7.9077   3.549285    34.2430       2110     8.7875     1.9786  0.000e+00
    155.431     7.9076   3.549048    34.2406       2111     8.7917     1.9784  0.000e+00
    155.308     7.9071   3.549135    34.2421       2112     8.7958     1.9787  0.000e+00
    155.176     7.9068   3.549135    34.2424       2113     8.8000     1.9802  0.000e+00
    155.060     7.9066   3.548811    34.2392       2114     8.8042     1.9797  0.000e+00
    154.950     7.9061   3.548898    34.2407       2115     8.8083     1.9807  0.000e+00
    154.843     7.9057   3.548557    34.2375       2116     8.8125     1.9793  0.000e+00
    154.746     7.9049   3.548407    34.2367       2117     8.8167     1.9805  0.000e+00
    154.650     7.9041   3.548383    34.2373       2118     8.8208     1.9797  0.000e+00
    154.559     7.9033   3.548343    34.2377       2119     8.8250     1.9796  0.000e+00
    154.467     7.9027   3.548557    34.2406       2120     8.8292     1.9796  0.000e+00
    154.368     7.9025   3.548146    34.2364       2121     8.8333     1.9796  0.000e+00
    154.255     7.9021   3.546944    34.2240       2122     8.8375     1.9800  0.000e+00
    154.136     7.8995   3.544795    34.2035       2123     8.8417     1.9794  0.000e+00
    154.006     7.8936   3.543548    34.1959       2124     8.8458     1.9789  0.000e+00
    153.859     7.8866   3.542156    34.1880       2125     8.8500     1.9783  0.000e+00
    153.705     7.8786   3.541319    34.1868       2126     8.8542     1.9799  0.000e+00
    153.548     7.8708   3.539004    34.1697       2127     8.8583     1.9797  0.000e+00
    153.391     7.8606   3.536175    34.1494       2128     8.8625     1.9787  0.000e+00
    153.226     7.8476   3.534035    34.1392       2129     8.8667     1.9791  0.000e+00
    153.070     7.8332   3.532794    34.1400       2130     8.8708     1.9791  0.000e+00
    152.935     7.8203   3.532195    34.1462       2131     8.8750     1.9797  0.000e+00
    152.806     7.8100   3.531999    34.1542       2132     8.8792     1.9805  0.000e+00
    152.696     7.8029   3.531872    34.1599       2133     8.8833     1.9809  0.000e+00
    152.600     7.7982   3.531854    34.1643       2134     8.8875     1.9802  0.000e+00
    152.515     7.7954   3.531491    34.1632       2135     8.8917     1.9809  0.000e+00
    152.435     7.7932   3.531145    34.1617       2136     8.8958     1.9814  0.000e+00
    152.357     7.7912   3.531105    34.1632       2137     8.9000     1.9809  0.000e+00
    152.281     7.7895   3.530978    34.1635       2138     8.9042     1.9828  0.000e+00
    152.203     7.7885   3.530378    34.1581       2139     8.9083     1.9829  0.000e+00
    152.120     7.7871   3.530055    34.1560       2140     8.9125     1.9825  0.000e+00
    152.024     7.7857   3.529501    34.1516       2141     8.9167     1.9819  0.000e+00
    151.916     7.7838   3.529265    34.1509       2142     8.9208     1.9823  0.000e+00
    151.796     7.7820   3.528948    34.1493       2143     8.9250     1.9813  0.000e+00
    151.659     7.7801   3.528561    34.1470       2144     8.9292     1.9816  0.000e+00
    151.514     7.7782   3.528008    34.1430       2145     8.9333     1.9820  0.000e+00
    151.351     7.7758   3.527875    34.1441       2146     8.9375     1.9834  0.000e+00
    151.187     7.7737   3.527258    34.1396       2147     8.9417     1.9825  0.000e+00
    151.018     7.7712   3.526641    34.1354       2148     8.9458     1.9826  0.000e+00
    150.841     7.7682   3.526042    34.1320       2149     8.9500     1.9835  0.000e+00
    150.673     7.7647   3.525702    34.1318       2150     8.9542     1.9844  0.000e+00
    150.512     7.7616   3.524526    34.1223       2151     8.9583     1.9848  0.000e+00
    150.371     7.7575   3.524295    34.1238       2152     8.9625     1.9850  0.000e+00
    150.239     7.7537   3.524226    34.1269       2153     8.9667     1.9864  0.000e+00
    150.119     7.7507   3.524036    34.1278       2154     8.9708     1.9846  0.000e+00
    150.025     7.7485   3.523823    34.1278       2155     8.9750     1.9870  0.000e+00
    149.942     7.7466   3.523673    34.1281       2156     8.9792     1.9874  0.000e+00
    149.862     7.7449   3.523396    34.1268       2157     8.9833     1.9870  0.000e+00
    149.801     7.7435   3.523206    34.1261       2158     8.9875     1.9867  0.000e+00
    149.734     7.7421   3.522947    34.1247       2159     8.9917     1.9884  0.000e+00
    149.665     7.7404   3.522820    34.1251       2160     8.9958     1.9899  0.000e+00
    149.593     7.7392   3.522693    34.1249       2161     9.0000     1.9889  0.000e+00
    149.515     7.7381   3.522607    34.1251       2162     9.0042     1.9896  0.000e+00
    149.424     7.7370   3.522480    34.1249       2163     9.0083     1.9903  0.000e+00
    149.321     7.7361   3.522094    34.1217       2164     9.0125     1.9892  0.000e+00
    149.198     7.7347   3.521437    34.1160       2165     9.0167     1.9912  0.000e+00
    149.064     7.7327   3.520775    34.1109       2166     9.0208     1.9908  0.000e+00
    148.918     7.7296   3.520049    34.1061       2167     9.0250     1.9906  0.000e+00
