HB2407/sbe111.cnv
* Sea-Bird SBE 19plus V2 Data File:
* FileName = C:\cruise\data\sbe111.hex
* Software Version Seasave V 7.26.7.121
* Temperature SN = 7037
* Conductivity SN = 7037
* System UpLoad Time = Oct 30 2024 03:44:21
* NMEA Latitude = 41 53.66 N
* NMEA Longitude = 067 02.27 W
* NMEA UTC (Time) = Oct 30 2024  03:43:28
** Ship: Bigelow
** Cruise:  HB2407
** Program:  Spring Bottom Trawl
# nquan = 8
# nvalues = 1843                                  
# units = specified
# name 0 = depSM: Depth [salt water, m]
# name 1 = tv290C: Temperature [ITS-90, deg C]
# name 2 = c0S/m: Conductivity [S/m]
# name 3 = sal00: Salinity, Practical [PSU]
# name 4 = scan: Scan Count
# name 5 = timeM: Time, Elapsed [minutes]
# name 6 = sbeox0V: Oxygen raw, SBE 43 [V]
# name 7 = flag:  0.000e+00
# span 0 =      0.211,     53.377                 
# span 1 =     9.3104,    13.6528                 
# span 2 =  -0.000017,   3.843345                 
# span 3 =     0.0000,    32.7707                 
# span 4 =         11,       1853                 
# span 5 =     0.0417,     7.7167                 
# span 6 =     1.8135,     2.6461                 
# span 7 = 0.0000e+00, 0.0000e+00                 
# interval = seconds: 0.25
# start_time = Oct 30 2024 03:43:28 [NMEA time, header]
# bad_flag = -9.990e-29
*END*
[from data line 1798]
      1.463    13.6433   3.841748    32.0347       1809     7.5333     2.3660  0.000e+00
      1.430    13.6433   3.841611    32.0334       1810     7.5375     2.3674  0.000e+00
      1.412    13.6428   3.841725    32.0349       1811     7.5417     2.3666  0.000e+00
      1.403    13.6431   3.841796    32.0354       1812     7.5458     2.3686  0.000e+00
      1.401    13.6434   3.842154    32.0384       1813     7.5500     2.3686  0.000e+00
      1.400    13.6446   3.842226    32.0380       1814     7.5542     2.3689  0.000e+00
      1.403    13.6465   3.842405    32.0382       1815     7.5583     2.3694  0.000e+00
      1.396    13.6478   3.842154    32.0347       1816     7.5625     2.3694  0.000e+00
      1.385    13.6485   3.842381    32.0362       1817     7.5667     2.3682  0.000e+00
      1.367    13.6492   3.842458    32.0364       1818     7.5708     2.3672  0.000e+00
      1.347    13.6501   3.842429    32.0354       1819     7.5750     2.3676  0.000e+00
      1.313    13.6509   3.842494    32.0353       1820     7.5792     2.3673  0.000e+00
      1.251    13.6514   3.842446    32.0345       1821     7.5833     2.3671  0.000e+00
      1.192    13.6518   3.842249    32.0323       1822     7.5875     2.3669  0.000e+00
      1.116    13.6514   3.842226    32.0325       1823     7.5917     2.3677  0.000e+00
      1.047    13.6507   3.842267    32.0335       1824     7.5958     2.3663  0.000e+00
      0.984    13.6504   3.841975    32.0310       1825     7.6000     2.3683  0.000e+00
      0.930    13.6497   3.841939    32.0314       1826     7.6042     2.3668  0.000e+00
      0.877    13.6483   3.841480    32.0282       1827     7.6083     2.3670  0.000e+00
      0.839    13.6463   3.841116    32.0265       1828     7.6125     2.3669  0.000e+00
      0.796    13.6434   3.842267    32.0397       1829     7.6167     2.3654  0.000e+00
      0.763    13.6443   3.841939    32.0359       1830     7.6208     2.3648  0.000e+00
      0.751    13.6456   3.842088    32.0362       1831     7.6250     2.3673  0.000e+00
      0.762    13.6463   3.842154    32.0362       1832     7.6292     2.3663  0.000e+00
      0.780    13.6472   3.841432    32.0287       1833     7.6333     2.3667  0.000e+00
      0.780    13.6459   3.841963    32.0348       1834     7.6375     2.3668  0.000e+00
      0.764    13.6455   3.842225    32.0375       1835     7.6417     2.3667  0.000e+00
      0.726    13.6466   3.842112    32.0356       1836     7.6458     2.3666  0.000e+00
      0.677    13.6475   3.841593    32.0300       1837     7.6500     2.3673  0.000e+00
      0.630    13.6462   3.841611    32.0313       1838     7.6542     2.3686  0.000e+00
      0.581    13.6450   3.841480    32.0311       1839     7.6583     2.3683  0.000e+00
      0.523    13.6437   3.841593    32.0333       1840     7.6625     2.3696  0.000e+00
      0.429    13.6431   3.841068    32.0290       1841     7.6667     2.3706  0.000e+00
      0.321    13.6414   3.840477    32.0249       1842     7.6708     2.3696  0.000e+00
      0.232    13.6380   2.479968    19.7609       1843     7.6750     2.3693  0.000e+00
      0.214    13.6301   0.631479     4.4991       1844     7.6792     2.3705  0.000e+00
      0.214    13.5952   0.394977     2.7301       1845     7.6833     2.3699  0.000e+00
      0.216    13.5376   0.307153     2.0937       1846     7.6875     2.3722  0.000e+00
      0.218    13.4706   0.245827     1.6572       1847     7.6917     2.3699  0.000e+00
      0.218    13.4069   0.234512     1.5793       1848     7.6958     2.3678  0.000e+00
      0.211    13.3757   0.205932     1.3782       1849     7.7000     2.3596  0.000e+00
      0.211    13.3640   0.189525     1.2632       1850     7.7042     2.3493  0.000e+00
      0.213    13.3613   0.182384     1.2132       1851     7.7083     2.3334  0.000e+00
      0.216    13.3633   0.174485     1.1580       1852     7.7125     2.3181  0.000e+00
      0.214    13.3675   0.164785     1.0903       1853     7.7167     2.3026  0.000e+00
