HB2407/sbe129.cnv
* Sea-Bird SBE 19plus V2 Data File:
* FileName = C:\cruise\data\sbe129.hex
* Software Version Seasave V 7.26.7.121
* Temperature SN = 7037
* Conductivity SN = 7037
* System UpLoad Time = Nov 03 2024 23:12:38
* NMEA Latitude = 43 53.89 N
* NMEA Longitude = 067 10.92 W
* NMEA UTC (Time) = Nov 03 2024  23:11:51
** Ship: Bigelow
** Cruise:  HB2407
** Program:  Spring Bottom Trawl
# nquan = 8
# nvalues = 3241                                  
# units = specified
# name 0 = depSM: Depth [salt water, m]
# name 1 = tv290C: Temperature [ITS-90, deg C]
# name 2 = c0S/m: Conductivity [S/m]
# name 3 = sal00: Salinity, Practical [PSU]
# name 4 = scan: Scan Count
# name 5 = timeM: Time, Elapsed [minutes]
# name 6 = sbeox0V: Oxygen raw, SBE 43 [V]
# name 7 = flag:  0.000e+00
# span 0 =      0.156,    134.785                 
# span 1 =     7.4217,    10.4838                 
# span 2 =   0.000033,   3.625537                 
# span 3 =     0.0036,    33.8907                 
# span 4 =         11,       3251                 
# span 5 =     0.0417,    13.5417                 
# span 6 =     1.8435,     2.5779                 
# span 7 = 0.0000e+00, 0.0000e+00                 
# interval = seconds: 0.25
# start_time = Nov 03 2024 23:11:51 [NMEA time, header]
# bad_flag = -9.990e-29
*END*
[from data line 899]
    116.791     8.9892   3.579334    33.5398        910     3.7875     1.9207  0.000e+00
    116.911     8.9861   3.579305    33.5424        911     3.7917     1.9207  0.000e+00
    117.028     8.9829   3.579282    33.5451        912     3.7958     1.9205  0.000e+00
    117.153     8.9803   3.579178    33.5464        913     3.8000     1.9217  0.000e+00
    117.278     8.9779   3.579178    33.5486        914     3.8042     1.9216  0.000e+00
    117.401     8.9759   3.579195    33.5507        915     3.8083     1.9214  0.000e+00
    117.536     8.9742   3.579155    33.5517        916     3.8125     1.9209  0.000e+00
    117.661     8.9722   3.579091    33.5529        917     3.8167     1.9216  0.000e+00
    117.800     8.9697   3.579045    33.5547        918     3.8208     1.9203  0.000e+00
    117.945     8.9672   3.578958    33.5561        919     3.8250     1.9202  0.000e+00
    118.091     8.9647   3.578830    33.5570        920     3.8292     1.9197  0.000e+00
    118.242     8.9623   3.578633    33.5572        921     3.8333     1.9194  0.000e+00
    118.392     8.9594   3.578048    33.5538        922     3.8375     1.9183  0.000e+00
    118.545     8.9536   3.577613    33.5546        923     3.8417     1.9172  0.000e+00
    118.705     8.9450   3.577097    33.5573        924     3.8458     1.9174  0.000e+00
    118.858     8.9337   3.576895    33.5658        925     3.8500     1.9170  0.000e+00
    119.008     8.9233   3.576744    33.5739        926     3.8542     1.9166  0.000e+00
    119.157     8.9144   3.576877    33.5837        927     3.8583     1.9153  0.000e+00
    119.298     8.9085   3.576808    33.5885        928     3.8625     1.9145  0.000e+00
    119.439     8.9042   3.576878    33.5932        929     3.8667     1.9141  0.000e+00
    119.578     8.9011   3.576681    33.5940        930     3.8708     1.9144  0.000e+00
    119.719     8.8983   3.576507    33.5948        931     3.8750     1.9138  0.000e+00
    119.860     8.8946   3.576420    33.5973        932     3.8792     1.9134  0.000e+00
    119.996     8.8909   3.576397    33.6005        933     3.8833     1.9126  0.000e+00
    120.132     8.8876   3.576484    33.6045        934     3.8875     1.9115  0.000e+00
    120.274     8.8855   3.576530    33.6069        935     3.8917     1.9102  0.000e+00
    120.412     8.8838   3.576484    33.6079        936     3.8958     1.9093  0.000e+00
    120.553     8.8821   3.576467    33.6093        937     3.9000     1.9083  0.000e+00
    120.698     8.8799   3.576467    33.6114        938     3.9042     1.9071  0.000e+00
    120.840     8.8777   3.576484    33.6135        939     3.9083     1.9073  0.000e+00
    120.985     8.8759   3.576496    33.6153        940     3.9125     1.9067  0.000e+00
    121.126     8.8743   3.576397    33.6157        941     3.9167     1.9066  0.000e+00
    121.266     8.8726   3.576380    33.6170        942     3.9208     1.9063  0.000e+00
    121.394     8.8709   3.576357    33.6184        943     3.9250     1.9056  0.000e+00
    121.528     8.8694   3.576293    33.6190        944     3.9292     1.9025  0.000e+00
    121.645     8.8675   3.576270    33.6206        945     3.9333     1.9059  0.000e+00
    121.763     8.8661   3.576224    33.6214        946     3.9375     1.9067  0.000e+00
    121.880     8.8642   3.576247    33.6233        947     3.9417     1.9023  0.000e+00
    122.003     8.8613   3.576224    33.6258        948     3.9458     1.8998  0.000e+00
    122.121     8.8581   3.576357    33.6302        949     3.9500     1.8991  0.000e+00
    122.251     8.8548   3.576444    33.6341        950     3.9542     1.9020  0.000e+00
    122.378     8.8512   3.576555    33.6386        951     3.9583     1.9022  0.000e+00
    122.521     8.8477   3.576659    33.6429        952     3.9625     1.8993  0.000e+00
    122.662     8.8444   3.576723    33.6467        953     3.9667     1.8998  0.000e+00
    122.805     8.8416   3.576810    33.6502        954     3.9708     1.8991  0.000e+00
    122.957     8.8394   3.576955    33.6538        955     3.9750     1.8993  0.000e+00
    123.103     8.8373   3.577204    33.6583        956     3.9792     1.8977  0.000e+00
    123.246     8.8346   3.577355    33.6623        957     3.9833     1.8963  0.000e+00
    123.396     8.8318   3.577442    33.6658        958     3.9875     1.8964  0.000e+00
    123.544     8.8291   3.577529    33.6693        959     3.9917     1.8955  0.000e+00
    123.678     8.8262   3.577593    33.6726        960     3.9958     1.8957  0.000e+00
    123.816     8.8236   3.577640    33.6755        961     4.0000     1.8947  0.000e+00
    123.948     8.8217   3.577790    33.6788        962     4.0042     1.8940  0.000e+00
    124.085     8.8198   3.577988    33.6827        963     4.0083     1.8941  0.000e+00
    124.217     8.8171   3.578092    33.6862        964     4.0125     1.8932  0.000e+00
    124.346     8.8137   3.578202    33.6905        965     4.0167     1.8929  0.000e+00
    124.485     8.8099   3.578289    33.6950        966     4.0208     1.8918  0.000e+00
    124.622     8.8058   3.578336    33.6993        967     4.0250     1.8920  0.000e+00
    124.762     8.8018   3.578377    33.7035        968     4.0292     1.8913  0.000e+00
    124.901     8.7981   3.578377    33.7069        969     4.0333     1.8898  0.000e+00
    125.047     8.7952   3.578469    33.7106        970     4.0375     1.8899  0.000e+00
    125.192     8.7924   3.578510    33.7136        971     4.0417     1.8896  0.000e+00
    125.338     8.7890   3.578551    33.7172        972     4.0458     1.8889  0.000e+00
    125.478     8.7859   3.578615    33.7207        973     4.0500     1.8879  0.000e+00
    125.619     8.7829   3.578597    33.7233        974     4.0542     1.8868  0.000e+00
    125.751     8.7804   3.578638    33.7261        975     4.0583     1.8861  0.000e+00
    125.888     8.7776   3.578661    33.7289        976     4.0625     1.8867  0.000e+00
    126.020     8.7751   3.578679    33.7315        977     4.0667     1.8864  0.000e+00
    126.145     8.7731   3.578725    33.7338        978     4.0708     1.8844  0.000e+00
    126.272     8.7712   3.578725    33.7355        979     4.0750     1.8836  0.000e+00
    126.393     8.7697   3.578749    33.7371        980     4.0792     1.8824  0.000e+00
    126.518     8.7682   3.578749    33.7385        981     4.0833     1.8820  0.000e+00
    126.650     8.7667   3.578789    33.7403        982     4.0875     1.8821  0.000e+00
    126.784     8.7653   3.578789    33.7416        983     4.0917     1.8822  0.000e+00
    126.923     8.7645   3.578784    33.7423        984     4.0958     1.8820  0.000e+00
    127.064     8.7634   3.578813    33.7435        985     4.1000     1.8794  0.000e+00
    127.214     8.7629   3.578813    33.7439        986     4.1042     1.8809  0.000e+00
    127.361     8.7622   3.578836    33.7448        987     4.1083     1.8798  0.000e+00
    127.522     8.7616   3.578853    33.7454        988     4.1125     1.8789  0.000e+00
    127.679     8.7612   3.578877    33.7460        989     4.1167     1.8782  0.000e+00
    127.836     8.7607   3.578877    33.7464        990     4.1208     1.8787  0.000e+00
    127.994     8.7600   3.578877    33.7470        991     4.1250     1.8786  0.000e+00
    128.149     8.7594   3.578900    33.7477        992     4.1292     1.8760  0.000e+00
    128.303     8.7585   3.578923    33.7487        993     4.1333     1.8780  0.000e+00
    128.460     8.7576   3.578923    33.7496        994     4.1375     1.8766  0.000e+00
    128.607     8.7566   3.578923    33.7504        995     4.1417     1.8750  0.000e+00
    128.744     8.7553   3.578923    33.7516        996     4.1458     1.8746  0.000e+00
    128.878     8.7543   3.578924    33.7525        997     4.1500     1.8754  0.000e+00
    129.012     8.7534   3.578889    33.7529        998     4.1542     1.8745  0.000e+00
    129.140     8.7525   3.578924    33.7541        999     4.1583     1.8745  0.000e+00
    129.278     8.7518   3.578924    33.7547       1000     4.1625     1.8744  0.000e+00
    129.412     8.7513   3.578901    33.7549       1001     4.1667     1.8745  0.000e+00
    129.546     8.7505   3.578941    33.7559       1002     4.1708     1.8747  0.000e+00
    129.687     8.7497   3.578924    33.7565       1003     4.1750     1.8742  0.000e+00
    129.828     8.7491   3.578965    33.7574       1004     4.1792     1.8733  0.000e+00
    129.967     8.7484   3.578988    33.7583       1005     4.1833     1.8738  0.000e+00
    130.104     8.7483   3.579011    33.7586       1006     4.1875     1.8722  0.000e+00
    130.247     8.7480   3.578965    33.7583       1007     4.1917     1.8712  0.000e+00
    130.390     8.7475   3.578988    33.7589       1008     4.1958     1.8707  0.000e+00
    130.530     8.7469   3.579011    33.7597       1009     4.2000     1.8713  0.000e+00
    130.663     8.7459   3.579011    33.7606       1010     4.2042     1.8707  0.000e+00
    130.804     8.7446   3.578988    33.7615       1011     4.2083     1.8712  0.000e+00
    130.936     8.7429   3.578971    33.7628       1012     4.2125     1.8710  0.000e+00
    131.067     8.7412   3.578965    33.7644       1013     4.2167     1.8692  0.000e+00
    131.200     8.7397   3.578988    33.7660       1014     4.2208     1.8709  0.000e+00
    131.333     8.7384   3.578965    33.7669       1015     4.2250     1.8702  0.000e+00
    131.475     8.7372   3.578988    33.7683       1016     4.2292     1.8706  0.000e+00
    131.618     8.7360   3.578988    33.7693       1017     4.2333     1.8710  0.000e+00
    131.767     8.7352   3.578989    33.7700       1018     4.2375     1.8702  0.000e+00
    131.920     8.7345   3.579029    33.7711       1019     4.2417     1.8692  0.000e+00
    132.078     8.7341   3.579029    33.7714       1020     4.2458     1.8700  0.000e+00
    132.235     8.7337   3.579012    33.7715       1021     4.2500     1.8697  0.000e+00
    132.394     8.7335   3.578989    33.7713       1022     4.2542     1.8695  0.000e+00
    132.557     8.7326   3.578966    33.7719       1023     4.2583     1.8694  0.000e+00
    132.713     8.7312   3.578966    33.7731       1024     4.2625     1.8698  0.000e+00
    132.863     8.7297   3.578943    33.7742       1025     4.2667     1.8689  0.000e+00
    133.018     8.7281   3.578972    33.7760       1026     4.2708     1.8689  0.000e+00
    133.170     8.7266   3.578925    33.7769       1027     4.2750     1.8691  0.000e+00
    133.320     8.7248   3.578902    33.7783       1028     4.2792     1.8686  0.000e+00
    133.474     8.7231   3.578856    33.7794       1029     4.2833     1.8684  0.000e+00
    133.622     8.7208   3.578705    33.7799       1030     4.2875     1.8673  0.000e+00
    133.771     8.7170   3.578665    33.7830       1031     4.2917     1.8663  0.000e+00
    133.923     8.7116   3.578705    33.7885       1032     4.2958     1.8661  0.000e+00
    134.073     8.7072   3.578601    33.7915       1033     4.3000     1.8657  0.000e+00
    134.217     8.7027   3.578491    33.7947       1034     4.3042     1.8648  0.000e+00
    134.362     8.6974   3.578340    33.7980       1035     4.3083     1.8650  0.000e+00
    134.507     8.6905   3.578167    33.8027       1036     4.3125     1.8644  0.000e+00
    134.661     8.6817   3.577946    33.8087       1037     4.3167     1.8640  0.000e+00
    134.738     8.6703   3.577599    33.8160       1038     4.3208     1.8632  0.000e+00
    134.785     8.6569   3.577495    33.8276       1039     4.3250     1.8615  0.000e+00
    134.742     8.6453   3.577472    33.8385       1040     4.3292     1.8612  0.000e+00
    134.682     8.6380   3.577605    33.8469       1041     4.3333     1.8592  0.000e+00
    134.655     8.6370   3.577599    33.8478       1042     4.3375     1.8583  0.000e+00
    134.659     8.6379   3.577576    33.8467       1043     4.3417     1.8577  0.000e+00
    134.673     8.6384   3.577535    33.8458       1044     4.3458     1.8575  0.000e+00
    134.675     8.6377   3.577251    33.8435       1045     4.3500     1.8567  0.000e+00
    134.661     8.6323   3.577164    33.8477       1046     4.3542     1.8554  0.000e+00
    134.648     8.6242   3.577014    33.8539       1047     4.3583     1.8560  0.000e+00
    134.639     8.6162   3.576927    33.8606       1048     4.3625     1.8546  0.000e+00
    134.633     8.6085   3.576840    33.8671       1049     4.3667     1.8525  0.000e+00
    134.623     8.6019   3.576799    33.8731       1050     4.3708     1.8527  0.000e+00
    134.608     8.5969   3.576927    33.8792       1051     4.3750     1.8517  0.000e+00
    134.596     8.5962   3.576950    33.8801       1052     4.3792     1.8506  0.000e+00
    134.574     8.5970   3.576799    33.8777       1053     4.3833     1.8498  0.000e+00
    134.554     8.5956   3.576753    33.8786       1054     4.3875     1.8500  0.000e+00
    134.536     8.5929   3.576666    33.8803       1055     4.3917     1.8480  0.000e+00
    134.516     8.5902   3.576626    33.8824       1056     4.3958     1.8484  0.000e+00
    134.496     8.5873   3.576643    33.8855       1057     4.4000     1.8472  0.000e+00
    134.467     8.5859   3.577014    33.8907       1058     4.4042     1.8468  0.000e+00
    134.446     8.5913   3.577147    33.8869       1059     4.4083     1.8460  0.000e+00
    134.418     8.6007   3.577124    33.8777       1060     4.4125     1.8457  0.000e+00
    134.388     8.6077   3.577275    33.8726       1061     4.4167     1.8464  0.000e+00
    134.368     8.6144   3.577408    33.8676       1062     4.4208     1.8451  0.000e+00
    134.344     8.6218   3.577495    33.8614       1063     4.4250     1.8445  0.000e+00
    134.323     8.6293   3.577408    33.8533       1064     4.4292     1.8437  0.000e+00
    134.290     8.6333   3.577321    33.8486       1065     4.4333     1.8440  0.000e+00
    134.265     8.6329   3.577251    33.8482       1066     4.4375     1.8444  0.000e+00
    134.227     8.6306   3.577274    33.8507       1067     4.4417     1.8446  0.000e+00
    134.194     8.6288   3.577361    33.8534       1068     4.4458     1.8435  0.000e+00
    134.142     8.6292   3.577274    33.8521       1069     4.4500     1.8437  0.000e+00
    134.093     8.6293   3.577408    33.8535       1070     4.4542     1.8447  0.000e+00
    134.037     8.6308   3.577413    33.8521       1071     4.4583     1.8444  0.000e+00
    133.972     8.6332   3.577361    33.8493       1072     4.4625     1.8448  0.000e+00
    133.892     8.6343   3.577408    33.8487       1073     4.4667     1.8458  0.000e+00
    133.804     8.6353   3.577321    33.8469       1074     4.4708     1.8463  0.000e+00
    133.702     8.6355   3.577407    33.8477       1075     4.4750     1.8461  0.000e+00
    133.601     8.6358   3.577448    33.8479       1076     4.4792     1.8471  0.000e+00
    133.507     8.6378   3.577645    33.8481       1077     4.4833     1.8473  0.000e+00
    133.408     8.6432   3.578010    33.8469       1078     4.4875     1.8476  0.000e+00
    133.312     8.6539   3.578230    33.8390       1079     4.4917     1.8480  0.000e+00
    133.214     8.6676   3.578166    33.8252       1080     4.4958     1.8496  0.000e+00
    133.120     8.6783   3.578317    33.8166       1081     4.5000     1.8502  0.000e+00
    133.032     8.6868   3.578317    33.8085       1082     4.5042     1.8509  0.000e+00
    132.945     8.6933   3.578294    33.8021       1083     4.5083     1.8508  0.000e+00
    132.862     8.6963   3.578340    33.7998       1084     4.5125     1.8527  0.000e+00
    132.773     8.6988   3.578380    33.7979       1085     4.5167     1.8529  0.000e+00
    132.688     8.7012   3.578392    33.7958       1086     4.5208     1.8543  0.000e+00
    132.596     8.7025   3.578340    33.7940       1087     4.5250     1.8552  0.000e+00
    132.493     8.7029   3.578357    33.7938       1088     4.5292     1.8566  0.000e+00
