HB2407/sbe122.cnv
* Sea-Bird SBE 19plus V2 Data File:
* FileName = C:\cruise\data\sbe122.hex
* Software Version Seasave V 7.26.7.121
* Temperature SN = 7037
* Conductivity SN = 7037
* System UpLoad Time = Nov 01 2024 16:37:10
* NMEA Latitude = 42 28.57 N
* NMEA Longitude = 066 32.41 W
* NMEA UTC (Time) = Nov 01 2024  16:36:21
** Ship: Bigelow
** Cruise:  HB2407
** Program:  Spring Bottom Trawl
# nquan = 8
# nvalues = 5781                                  
# units = specified
# name 0 = depSM: Depth [salt water, m]
# name 1 = tv290C: Temperature [ITS-90, deg C]
# name 2 = c0S/m: Conductivity [S/m]
# name 3 = sal00: Salinity, Practical [PSU]
# name 4 = scan: Scan Count
# name 5 = timeM: Time, Elapsed [minutes]
# name 6 = sbeox0V: Oxygen raw, SBE 43 [V]
# name 7 = flag:  0.000e+00
# span 0 =     -0.083,    199.533                 
# span 1 =     6.7109,    16.2914                 
# span 2 =  -0.000017,   3.899919                 
# span 3 =     0.0000,    34.7703                 
# span 4 =         11,       5791                 
# span 5 =     0.0417,    24.1250                 
# span 6 =     1.8616,     2.4607                 
# span 7 = 0.0000e+00, 0.0000e+00                 
# interval = seconds: 0.25
# start_time = Nov 01 2024 16:36:21 [NMEA time, header]
# bad_flag = -9.990e-29
*END*
[from data line 540]
     56.738     7.5739   3.412229    33.1388        551     2.2917     2.1024  0.000e+00
     56.859     7.5748   3.412741    33.1433        552     2.2958     2.1035  0.000e+00
     56.982     7.5755   3.413088    33.1464        553     2.3000     2.0991  0.000e+00
     57.110     7.5754   3.413441    33.1502        554     2.3042     2.0993  0.000e+00
     57.233     7.5748   3.413748    33.1540        555     2.3083     2.1014  0.000e+00
     57.356     7.5744   3.414146    33.1586        556     2.3125     2.0996  0.000e+00
     57.477     7.5742   3.414431    33.1619        557     2.3167     2.0982  0.000e+00
     57.589     7.5733   3.414551    33.1639        558     2.3208     2.0986  0.000e+00
     57.698     7.5714   3.414835    33.1688        559     2.3250     2.0966  0.000e+00
     57.794     7.5677   3.414983    33.1739        560     2.3292     2.0962  0.000e+00
     57.882     7.5627   3.415154    33.1804        561     2.3333     2.0954  0.000e+00
     57.960     7.5569   3.415314    33.1876        562     2.3375     2.0938  0.000e+00
     58.032     7.5517   3.415541    33.1951        563     2.3417     2.0937  0.000e+00
     58.107     7.5477   3.415758    33.2012        564     2.3458     2.0926  0.000e+00
     58.173     7.5443   3.415826    33.2051        565     2.3500     2.0910  0.000e+00
     58.248     7.5416   3.416094    33.2106        566     2.3542     2.0902  0.000e+00
     58.329     7.5398   3.416384    33.2154        567     2.3583     2.0887  0.000e+00
     58.418     7.5384   3.416691    33.2200        568     2.3625     2.0884  0.000e+00
     58.519     7.5371   3.417079    33.2254        569     2.3667     2.0876  0.000e+00
     58.625     7.5360   3.417483    33.2307        570     2.3708     2.0863  0.000e+00
     58.752     7.5342   3.417842    33.2362        571     2.3750     2.0861  0.000e+00
     58.889     7.5339   3.418086    33.2392        572     2.3792     2.0860  0.000e+00
     59.034     7.5338   3.418400    33.2425        573     2.3833     2.0837  0.000e+00
     59.193     7.5338   3.418519    33.2438        574     2.3875     2.0835  0.000e+00
     59.354     7.5334   3.418627    33.2452        575     2.3917     2.0821  0.000e+00
     59.511     7.5314   3.418952    33.2506        576     2.3958     2.0817  0.000e+00
     59.670     7.5287   3.419157    33.2553        577     2.4000     2.0808  0.000e+00
     59.830     7.5254   3.419425    33.2613        578     2.4042     2.0793  0.000e+00
     59.978     7.5223   3.419676    33.2669        579     2.4083     2.0790  0.000e+00
     60.115     7.5196   3.419841    33.2712        580     2.4125     2.0782  0.000e+00
     60.233     7.5171   3.419943    33.2747        581     2.4167     2.0776  0.000e+00
     60.338     7.5143   3.420006    33.2779        582     2.4208     2.0779  0.000e+00
     60.428     7.5118   3.420069    33.2810        583     2.4250     2.0769  0.000e+00
     60.500     7.5094   3.420137    33.2840        584     2.4292     2.0769  0.000e+00
     60.555     7.5075   3.420274    33.2873        585     2.4333     2.0778  0.000e+00
     60.605     7.5062   3.420416    33.2901        586     2.4375     2.0767  0.000e+00
     60.650     7.5052   3.420547    33.2923        587     2.4417     2.0775  0.000e+00
     60.703     7.5043   3.420559    33.2934        588     2.4458     2.0775  0.000e+00
     60.761     7.5028   3.420416    33.2932        589     2.4500     2.0766  0.000e+00
     60.824     7.5010   3.420394    33.2947        590     2.4542     2.0772  0.000e+00
     60.895     7.4989   3.420416    33.2969        591     2.4583     2.0768  0.000e+00
     60.983     7.4972   3.420462    33.2990        592     2.4625     2.0770  0.000e+00
     61.072     7.4957   3.420622    33.3021        593     2.4667     2.0757  0.000e+00
     61.173     7.4946   3.420827    33.3053        594     2.4708     2.0766  0.000e+00
     61.287     7.4937   3.420804    33.3058        595     2.4750     2.0761  0.000e+00
     61.415     7.4926   3.420929    33.3083        596     2.4792     2.0756  0.000e+00
     61.549     7.4918   3.421117    33.3110        597     2.4833     2.0737  0.000e+00
     61.690     7.4920   3.421322    33.3130        598     2.4875     2.0732  0.000e+00
     61.833     7.4926   3.421613    33.3154        599     2.4917     2.0736  0.000e+00
     61.974     7.4936   3.421613    33.3144        600     2.4958     2.0730  0.000e+00
     62.106     7.4934   3.421801    33.3165        601     2.5000     2.0721  0.000e+00
     62.238     7.4923   3.421983    33.3195        602     2.5042     2.0718  0.000e+00
     62.361     7.4911   3.422046    33.3213        603     2.5083     2.0720  0.000e+00
     62.473     7.4881   3.422251    33.3264        604     2.5125     2.0725  0.000e+00
     62.576     7.4838   3.422433    33.3324        605     2.5167     2.0724  0.000e+00
     62.676     7.4802   3.422701    33.3387        606     2.5208     2.0711  0.000e+00
     62.759     7.4770   3.422901    33.3439        607     2.5250     2.0710  0.000e+00
     62.842     7.4739   3.423157    33.3496        608     2.5292     2.0705  0.000e+00
     62.920     7.4712   3.423425    33.3550        609     2.5333     2.0701  0.000e+00
     62.997     7.4691   3.423659    33.3596        610     2.5375     2.0698  0.000e+00
     63.073     7.4677   3.423818    33.3626        611     2.5417     2.0679  0.000e+00
     63.160     7.4668   3.424291    33.3685        612     2.5458     2.0689  0.000e+00
     63.254     7.4662   3.424604    33.3724        613     2.5500     2.0696  0.000e+00
     63.352     7.4658   3.424764    33.3745        614     2.5542     2.0687  0.000e+00
     63.460     7.4654   3.424929    33.3766        615     2.5583     2.0681  0.000e+00
     63.572     7.4653   3.425038    33.3779        616     2.5625     2.0682  0.000e+00
     63.681     7.4651   3.425157    33.3793        617     2.5667     2.0669  0.000e+00
     63.791     7.4651   3.425220    33.3799        618     2.5708     2.0679  0.000e+00
     63.898     7.4650   3.425254    33.3803        619     2.5750     2.0672  0.000e+00
     63.992     7.4640   3.425197    33.3806        620     2.5792     2.0682  0.000e+00
     64.084     7.4621   3.425146    33.3818        621     2.5833     2.0665  0.000e+00
     64.171     7.4601   3.425158    33.3838        622     2.5875     2.0672  0.000e+00
     64.250     7.4579   3.425158    33.3860        623     2.5917     2.0669  0.000e+00
     64.314     7.4555   3.425169    33.3883        624     2.5958     2.0666  0.000e+00
     64.366     7.4533   3.425181    33.3906        625     2.6000     2.0652  0.000e+00
     64.415     7.4510   3.425181    33.3928        626     2.6042     2.0650  0.000e+00
     64.460     7.4485   3.425146    33.3948        627     2.6083     2.0643  0.000e+00
     64.515     7.4464   3.425135    33.3967        628     2.6125     2.0647  0.000e+00
     64.574     7.4448   3.425095    33.3978        629     2.6167     2.0633  0.000e+00
     64.650     7.4434   3.425084    33.3990        630     2.6208     2.0627  0.000e+00
     64.739     7.4423   3.425118    33.4004        631     2.6250     2.0629  0.000e+00
     64.844     7.4413   3.425118    33.4012        632     2.6292     2.0644  0.000e+00
     64.961     7.4410   3.425147    33.4018        633     2.6333     2.0621  0.000e+00
     65.091     7.4407   3.425198    33.4025        634     2.6375     2.0612  0.000e+00
     65.227     7.4405   3.425135    33.4020        635     2.6417     2.0613  0.000e+00
     65.377     7.4395   3.425016    33.4016        636     2.6458     2.0616  0.000e+00
     65.522     7.4371   3.425016    33.4038        637     2.6500     2.0611  0.000e+00
     65.666     7.4348   3.424976    33.4056        638     2.6542     2.0614  0.000e+00
     65.807     7.4327   3.424845    33.4061        639     2.6583     2.0602  0.000e+00
     65.936     7.4299   3.424748    33.4077        640     2.6625     2.0607  0.000e+00
     66.048     7.4270   3.424765    33.4106        641     2.6667     2.0609  0.000e+00
     66.135     7.4244   3.424783    33.4133        642     2.6708     2.0613  0.000e+00
     66.194     7.4222   3.424748    33.4150        643     2.6750     2.0611  0.000e+00
     66.236     7.4196   3.424811    33.4181        644     2.6792     2.0620  0.000e+00
     66.263     7.4178   3.424783    33.4195        645     2.6833     2.0622  0.000e+00
     66.287     7.4166   3.424788    33.4208        646     2.6875     2.0605  0.000e+00
     66.294     7.4153   3.424766    33.4217        647     2.6917     2.0604  0.000e+00
     66.299     7.4146   3.424823    33.4230        648     2.6958     2.0610  0.000e+00
     66.315     7.4138   3.424828    33.4239        649     2.7000     2.0606  0.000e+00
     66.330     7.4129   3.424811    33.4245        650     2.7042     2.0600  0.000e+00
     66.364     7.4123   3.424845    33.4255        651     2.7083     2.0601  0.000e+00
     66.422     7.4118   3.424868    33.4262        652     2.7125     2.0599  0.000e+00
     66.513     7.4110   3.424789    33.4260        653     2.7167     2.0610  0.000e+00
     66.614     7.4097   3.424714    33.4265        654     2.7208     2.0599  0.000e+00
     66.735     7.4077   3.424703    33.4282        655     2.7250     2.0594  0.000e+00
     66.865     7.4055   3.424789    33.4312        656     2.7292     2.0592  0.000e+00
     66.992     7.4039   3.424891    33.4338        657     2.7333     2.0586  0.000e+00
     67.129     7.4032   3.424749    33.4329        658     2.7375     2.0592  0.000e+00
     67.257     7.4018   3.424686    33.4335        659     2.7417     2.0575  0.000e+00
     67.380     7.3999   3.424698    33.4354        660     2.7458     2.0576  0.000e+00
     67.485     7.3980   3.424601    33.4361        661     2.7500     2.0579  0.000e+00
     67.569     7.3962   3.424521    33.4370        662     2.7542     2.0573  0.000e+00
     67.637     7.3942   3.424481    33.4384        663     2.7583     2.0579  0.000e+00
     67.706     7.3923   3.424436    33.4397        664     2.7625     2.0579  0.000e+00
     67.757     7.3904   3.424419    33.4413        665     2.7667     2.0578  0.000e+00
     67.798     7.3886   3.424328    33.4421        666     2.7708     2.0578  0.000e+00
     67.842     7.3870   3.424191    33.4421        667     2.7750     2.0575  0.000e+00
     67.880     7.3851   3.424088    33.4428        668     2.7792     2.0582  0.000e+00
     67.930     7.3832   3.424003    33.4437        669     2.7833     2.0586  0.000e+00
     67.975     7.3813   3.423883    33.4442        670     2.7875     2.0566  0.000e+00
     68.021     7.3794   3.423838    33.4455        671     2.7917     2.0575  0.000e+00
     68.064     7.3776   3.423678    33.4455        672     2.7958     2.0563  0.000e+00
     68.122     7.3758   3.423633    33.4467        673     2.8000     2.0568  0.000e+00
     68.181     7.3739   3.423553    33.4477        674     2.8042     2.0563  0.000e+00
     68.239     7.3717   3.423422    33.4483        675     2.8083     2.0568  0.000e+00
     68.304     7.3697   3.423365    33.4496        676     2.8125     2.0563  0.000e+00
     68.362     7.3676   3.423348    33.4514        677     2.8167     2.0560  0.000e+00
     68.436     7.3661   3.423268    33.4520        678     2.8208     2.0550  0.000e+00
     68.503     7.3647   3.423263    33.4533        679     2.8250     2.0560  0.000e+00
     68.577     7.3638   3.423223    33.4537        680     2.8292     2.0552  0.000e+00
     68.650     7.3628   3.423206    33.4544        681     2.8333     2.0560  0.000e+00
     68.731     7.3618   3.423183    33.4551        682     2.8375     2.0550  0.000e+00
     68.805     7.3610   3.423206    33.4561        683     2.8417     2.0557  0.000e+00
     68.887     7.3603   3.423138    33.4559        684     2.8458     2.0553  0.000e+00
     68.952     7.3596   3.423138    33.4566        685     2.8500     2.0544  0.000e+00
     69.020     7.3589   3.423121    33.4570        686     2.8542     2.0545  0.000e+00
     69.080     7.3581   3.423081    33.4573        687     2.8583     2.0554  0.000e+00
     69.131     7.3575   3.423081    33.4580        688     2.8625     2.0542  0.000e+00
     69.183     7.3565   3.423035    33.4584        689     2.8667     2.0549  0.000e+00
     69.225     7.3555   3.423018    33.4592        690     2.8708     2.0541  0.000e+00
     69.279     7.3547   3.423035    33.4601        691     2.8750     2.0544  0.000e+00
     69.330     7.3538   3.423013    33.4606        692     2.8792     2.0552  0.000e+00
     69.391     7.3530   3.423081    33.4621        693     2.8833     2.0540  0.000e+00
     69.456     7.3520   3.423349    33.4660        694     2.8875     2.0542  0.000e+00
     69.527     7.3505   3.423941    33.4738        695     2.8917     2.0545  0.000e+00
     69.606     7.3494   3.424397    33.4798        696     2.8958     2.0539  0.000e+00
     69.695     7.3481   3.424483    33.4820        697     2.9000     2.0542  0.000e+00
     69.778     7.3465   3.424437    33.4829        698     2.9042     2.0542  0.000e+00
     69.852     7.3439   3.424483    33.4859        699     2.9083     2.0541  0.000e+00
     69.939     7.3411   3.424420    33.4879        700     2.9125     2.0538  0.000e+00
     70.015     7.3378   3.424221    33.4889        701     2.9167     2.0549  0.000e+00
     70.091     7.3340   3.423964    33.4898        702     2.9208     2.0541  0.000e+00
     70.156     7.3292   3.423594    33.4904        703     2.9250     2.0543  0.000e+00
     70.208     7.3235   3.423378    33.4935        704     2.9292     2.0538  0.000e+00
     70.259     7.3175   3.423287    33.4983        705     2.9333     2.0525  0.000e+00
     70.302     7.3123   3.423349    33.5040        706     2.9375     2.0526  0.000e+00
     70.340     7.3083   3.423401    33.5084        707     2.9417     2.0521  0.000e+00
     70.373     7.3053   3.423389    33.5112        708     2.9458     2.0524  0.000e+00
     70.414     7.3031   3.423407    33.5135        709     2.9500     2.0522  0.000e+00
     70.463     7.3012   3.423401    33.5152        710     2.9542     2.0514  0.000e+00
     70.503     7.2999   3.423389    33.5163        711     2.9583     2.0521  0.000e+00
     70.555     7.2986   3.423407    33.5178        712     2.9625     2.0518  0.000e+00
     70.613     7.2979   3.423401    33.5184        713     2.9667     2.0521  0.000e+00
     70.684     7.2972   3.423390    33.5189        714     2.9708     2.0531  0.000e+00
     70.756     7.2968   3.423367    33.5190        715     2.9750     2.0522  0.000e+00
     70.846     7.2960   3.423338    33.5194        716     2.9792     2.0525  0.000e+00
     70.937     7.2953   3.423304    33.5196        717     2.9833     2.0515  0.000e+00
     71.036     7.2942   3.423304    33.5207        718     2.9875     2.0522  0.000e+00
     71.145     7.2934   3.423293    33.5212        719     2.9917     2.0521  0.000e+00
     71.255     7.2926   3.423247    33.5215        720     2.9958     2.0518  0.000e+00
     71.365     7.2916   3.423185    33.5217        721     3.0000     2.0505  0.000e+00
     71.479     7.2899   3.423082    33.5222        722     3.0042     2.0492  0.000e+00
     71.604     7.2882   3.423037    33.5233        723     3.0083     2.0492  0.000e+00
     71.733     7.2861   3.422991    33.5248        724     3.0125     2.0499  0.000e+00
     71.872     7.2844   3.422957    33.5260        725     3.0167     2.0486  0.000e+00
     72.022     7.2824   3.423037    33.5287        726     3.0208     2.0492  0.000e+00
     72.172     7.2807   3.423185    33.5319        727     3.0250     2.0491  0.000e+00
     72.322     7.2793   3.423328    33.5348        728     3.0292     2.0485  0.000e+00
     72.474     7.2780   3.423533    33.5382        729     3.0333     2.0496  0.000e+00
