HB2407/sbe116.cnv
* Sea-Bird SBE 19plus V2 Data File:
* FileName = C:\cruise\data\sbe116.hex
* Software Version Seasave V 7.26.7.121
* Temperature SN = 7037
* Conductivity SN = 7037
* System UpLoad Time = Oct 31 2024 03:31:45
* NMEA Latitude = 41 42.67 N
* NMEA Longitude = 066 20.08 W
* NMEA UTC (Time) = Oct 31 2024  03:30:53
** Ship: Bigelow
** Cruise:  HB2407
** Program:  Spring Bottom Trawl
# nquan = 8
# nvalues = 1918                                  
# units = specified
# name 0 = depSM: Depth [salt water, m]
# name 1 = tv290C: Temperature [ITS-90, deg C]
# name 2 = c0S/m: Conductivity [S/m]
# name 3 = sal00: Salinity, Practical [PSU]
# name 4 = scan: Scan Count
# name 5 = timeM: Time, Elapsed [minutes]
# name 6 = sbeox0V: Oxygen raw, SBE 43 [V]
# name 7 = flag:  0.000e+00
# span 0 =      0.084,     78.720                 
# span 1 =     9.6174,    14.3344                 
# span 2 =  -0.000017,   3.778047                 
# span 3 =     0.0000,    32.6239                 
# span 4 =         11,       1928                 
# span 5 =     0.0417,     8.0292                 
# span 6 =     2.0364,     2.5642                 
# span 7 = 0.0000e+00, 0.0000e+00                 
# interval = seconds: 0.25
# start_time = Oct 31 2024 03:30:53 [NMEA time, header]
# bad_flag = -9.990e-29
*END*
[from data line 540]
     74.495     9.6985   3.549000    32.5905        551     2.2917     2.1350  0.000e+00
     74.643     9.6974   3.548959    32.5911        552     2.2958     2.1342  0.000e+00
     74.779     9.6965   3.548960    32.5918        553     2.3000     2.1352  0.000e+00
     74.902     9.6957   3.548913    32.5920        554     2.3042     2.1354  0.000e+00
     75.019     9.6952   3.548746    32.5907        555     2.3083     2.1345  0.000e+00
     75.126     9.6940   3.548659    32.5909        556     2.3125     2.1357  0.000e+00
     75.229     9.6928   3.548677    32.5921        557     2.3167     2.1354  0.000e+00
     75.334     9.6920   3.548700    32.5930        558     2.3208     2.1357  0.000e+00
     75.444     9.6915   3.547821    32.5845        559     2.3250     2.1349  0.000e+00
     75.564     9.6883   3.547197    32.5809        560     2.3292     2.1344  0.000e+00
     75.689     9.6824   3.547111    32.5854        561     2.3333     2.1361  0.000e+00
     75.817     9.6769   3.547198    32.5911        562     2.3375     2.1349  0.000e+00
     75.954     9.6737   3.547348    32.5955        563     2.3417     2.1363  0.000e+00
     76.108     9.6721   3.547371    32.5972        564     2.3458     2.1348  0.000e+00
     76.271     9.6712   3.547371    32.5979        565     2.3500     2.1357  0.000e+00
     76.445     9.6708   3.547521    32.5997        566     2.3542     2.1345  0.000e+00
     76.615     9.6708   3.547452    32.5989        567     2.3583     2.1358  0.000e+00
     76.799     9.6713   3.547735    32.6013        568     2.3625     2.1357  0.000e+00
     76.983     9.6721   3.547135    32.5943        569     2.3667     2.1351  0.000e+00
     77.168     9.6713   3.547348    32.5972        570     2.3708     2.1366  0.000e+00
     77.352     9.6705   3.547262    32.5969        571     2.3750     2.1368  0.000e+00
     77.530     9.6699   3.546811    32.5928        572     2.3792     2.1351  0.000e+00
     77.703     9.6676   3.546597    32.5926        573     2.3833     2.1361  0.000e+00
     77.863     9.6646   3.546361    32.5929        574     2.3875     2.1360  0.000e+00
     78.009     9.6615   3.546187    32.5939        575     2.3917     2.1357  0.000e+00
     78.152     9.6583   3.545997    32.5947        576     2.3958     2.1350  0.000e+00
     78.293     9.6555   3.546049    32.5977        577     2.4000     2.1360  0.000e+00
     78.441     9.6534   3.546101    32.6000        578     2.4042     2.1353  0.000e+00
     78.590     9.6523   3.546061    32.6006        579     2.4083     2.1353  0.000e+00
     78.667     9.6514   3.545500    32.5956        580     2.4125     2.1345  0.000e+00
     78.720     9.6492   3.545287    32.5955        581     2.4167     2.1356  0.000e+00
     78.702     9.6463   3.544986    32.5950        582     2.4208     2.1348  0.000e+00
     78.664     9.6426   3.545154    32.6001        583     2.4250     2.1351  0.000e+00
     78.638     9.6404   3.544813    32.5986        584     2.4292     2.1350  0.000e+00
     78.640     9.6389   3.544316    32.5949        585     2.4333     2.1342  0.000e+00
     78.629     9.6350   3.543739    32.5925        586     2.4375     2.1338  0.000e+00
     78.617     9.6295   3.543716    32.5973        587     2.4417     2.1351  0.000e+00
     78.575     9.6250   3.543999    32.6043        588     2.4458     2.1335  0.000e+00
     78.517     9.6233   3.545050    32.6166        589     2.4500     2.1341  0.000e+00
     78.441     9.6263   3.545200    32.6154        590     2.4542     2.1343  0.000e+00
     78.349     9.6311   3.544640    32.6054        591     2.4583     2.1354  0.000e+00
     78.238     9.6320   3.544472    32.6029        592     2.4625     2.1337  0.000e+00
     78.115     9.6315   3.543866    32.5973        593     2.4667     2.1344  0.000e+00
     77.989     9.6285   3.543912    32.6005        594     2.4708     2.1338  0.000e+00
     77.858     9.6256   3.544039    32.6045        595     2.4750     2.1335  0.000e+00
     77.735     9.6244   3.543975    32.6050        596     2.4792     2.1341  0.000e+00
     77.616     9.6234   3.543548    32.6016        597     2.4833     2.1343  0.000e+00
     77.507     9.6215   3.543565    32.6035        598     2.4875     2.1351  0.000e+00
     77.417     9.6196   3.543525    32.6049        599     2.4917     2.1343  0.000e+00
     77.341     9.6183   3.543588    32.6068        600     2.4958     2.1351  0.000e+00
     77.285     9.6175   3.543611    32.6077        601     2.5000     2.1345  0.000e+00
     77.243     9.6174   3.543698    32.6087        602     2.5042     2.1348  0.000e+00
     77.225     9.6175   3.543738    32.6090        603     2.5083     2.1361  0.000e+00
     77.220     9.6181   3.543762    32.6087        604     2.5125     2.1362  0.000e+00
     77.216     9.6185   3.543785    32.6086        605     2.5167     2.1365  0.000e+00
     77.213     9.6189   3.543652    32.6069        606     2.5208     2.1360  0.000e+00
     77.211     9.6186   3.543912    32.6098        607     2.5250     2.1348  0.000e+00
     77.195     9.6194   3.543952    32.6095        608     2.5292     2.1348  0.000e+00
     77.169     9.6203   3.543802    32.6071        609     2.5333     2.1350  0.000e+00
     77.137     9.6205   3.543634    32.6052        610     2.5375     2.1354  0.000e+00
     77.077     9.6198   3.543698    32.6066        611     2.5417     2.1345  0.000e+00
     77.010     9.6192   3.543611    32.6063        612     2.5458     2.1339  0.000e+00
     76.921     9.6187   3.543398    32.6046        613     2.5500     2.1332  0.000e+00
     76.818     9.6175   3.544252    32.6144        614     2.5542     2.1341  0.000e+00
     76.710     9.6193   3.545327    32.6239        615     2.5583     2.1337  0.000e+00
     76.596     9.6258   3.545327    32.6180        616     2.5625     2.1340  0.000e+00
     76.479     9.6320   3.544189    32.6008        617     2.5667     2.1347  0.000e+00
     76.352     9.6323   3.545326    32.6122        618     2.5708     2.1354  0.000e+00
     76.229     9.6340   3.545477    32.6123        619     2.5750     2.1355  0.000e+00
     76.104     9.6380   3.545240    32.6063        620     2.5792     2.1365  0.000e+00
     75.992     9.6400   3.545240    32.6045        621     2.5833     2.1363  0.000e+00
     75.891     9.6410   3.545609    32.6075        622     2.5875     2.1361  0.000e+00
     75.790     9.6430   3.545713    32.6067        623     2.5917     2.1358  0.000e+00
     75.699     9.6452   3.545713    32.6048        624     2.5958     2.1358  0.000e+00
     75.618     9.6468   3.545713    32.6033        625     2.6000     2.1361  0.000e+00
     75.540     9.6480   3.545863    32.6038        626     2.6042     2.1343  0.000e+00
     75.464     9.6492   3.545886    32.6030        627     2.6083     2.1345  0.000e+00
     75.397     9.6503   3.546320    32.6065        628     2.6125     2.1347  0.000e+00
     75.339     9.6525   3.546464    32.6060        629     2.6167     2.1338  0.000e+00
     75.285     9.6557   3.546464    32.6031        630     2.6208     2.1347  0.000e+00
     75.238     9.6577   3.546400    32.6007        631     2.6250     2.1343  0.000e+00
     75.193     9.6588   3.546100    32.5966        632     2.6292     2.1337  0.000e+00
     75.144     9.6584   3.545736    32.5933        633     2.6333     2.1328  0.000e+00
     75.104     9.6562   3.545713    32.5951        634     2.6375     2.1340  0.000e+00
     75.062     9.6542   3.545736    32.5972        635     2.6417     2.1346  0.000e+00
     75.005     9.6524   3.545672    32.5981        636     2.6458     2.1335  0.000e+00
     74.949     9.6516   3.545776    32.5999        637     2.6500     2.1333  0.000e+00
     74.884     9.6510   3.545672    32.5994        638     2.6542     2.1345  0.000e+00
     74.811     9.6506   3.545759    32.6007        639     2.6583     2.1341  0.000e+00
     74.737     9.6507   3.545690    32.6000        640     2.6625     2.1343  0.000e+00
     74.654     9.6507   3.545672    32.5998        641     2.6667     2.1340  0.000e+00
     74.572     9.6505   3.545776    32.6011        642     2.6708     2.1338  0.000e+00
     74.486     9.6508   3.545799    32.6011        643     2.6750     2.1345  0.000e+00
     74.397     9.6512   3.545822    32.6010        644     2.6792     2.1348  0.000e+00
     74.309     9.6516   3.545840    32.6009        645     2.6833     2.1350  0.000e+00
     74.218     9.6519   3.545799    32.6002        646     2.6875     2.1354  0.000e+00
     74.122     9.6520   3.545863    32.6008        647     2.6917     2.1357  0.000e+00
     74.017     9.6524   3.545799    32.5999        648     2.6958     2.1360  0.000e+00
     73.918     9.6527   3.546076    32.6025        649     2.7000     2.1364  0.000e+00
     73.813     9.6534   3.545926    32.6003        650     2.7042     2.1361  0.000e+00
     73.697     9.6539   3.545626    32.5969        651     2.7083     2.1368  0.000e+00
     73.585     9.6532   3.545972    32.6011        652     2.7125     2.1367  0.000e+00
     73.475     9.6529   3.546700    32.6088        653     2.7167     2.1354  0.000e+00
     73.372     9.6560   3.546145    32.6004        654     2.7208     2.1361  0.000e+00
     73.267     9.6577   3.545539    32.5927        655     2.7250     2.1358  0.000e+00
     73.180     9.6557   3.545712    32.5964        656     2.7292     2.1358  0.000e+00
     73.089     9.6538   3.545562    32.5965        657     2.7333     2.1351  0.000e+00
     73.006     9.6524   3.546700    32.6095        658     2.7375     2.1358  0.000e+00
     72.916     9.6549   3.547110    32.6114        659     2.7417     2.1361  0.000e+00
     72.827     9.6607   3.547584    32.6111        660     2.7458     2.1353  0.000e+00
     72.729     9.6671   3.547410    32.6035        661     2.7500     2.1358  0.000e+00
     72.630     9.6713   3.547347    32.5991        662     2.7542     2.1362  0.000e+00
     72.532     9.6734   3.547370    32.5975        663     2.7583     2.1360  0.000e+00
     72.431     9.6751   3.547670    32.5991        664     2.7625     2.1367  0.000e+00
     72.326     9.6768   3.546659    32.5873        665     2.7667     2.1366  0.000e+00
     72.228     9.6751   3.546122    32.5834        666     2.7708     2.1368  0.000e+00
     72.132     9.6700   3.546035    32.5872        667     2.7750     2.1380  0.000e+00
     72.040     9.6654   3.546035    32.5913        668     2.7792     2.1371  0.000e+00
     71.955     9.6622   3.546359    32.5976        669     2.7833     2.1368  0.000e+00
     71.877     9.6612   3.546463    32.5996        670     2.7875     2.1365  0.000e+00
     71.800     9.6618   3.546636    32.6009        671     2.7917     2.1360  0.000e+00
     71.731     9.6630   3.546422    32.5976        672     2.7958     2.1363  0.000e+00
     71.666     9.6635   3.546058    32.5935        673     2.8000     2.1361  0.000e+00
     71.603     9.6618   3.546659    32.6012        674     2.8042     2.1369  0.000e+00
     71.539     9.6624   3.546809    32.6022        675     2.8083     2.1371  0.000e+00
     71.467     9.6645   3.547219    32.6045        676     2.8125     2.1364  0.000e+00
     71.391     9.6676   3.546699    32.5964        677     2.8167     2.1364  0.000e+00
     71.306     9.6687   3.546358    32.5920        678     2.8208     2.1361  0.000e+00
     71.208     9.6672   3.546636    32.5963        679     2.8250     2.1361  0.000e+00
     71.103     9.6665   3.547023    32.6008        680     2.8292     2.1358  0.000e+00
     70.980     9.6679   3.547497    32.6045        681     2.8333     2.1364  0.000e+00
     70.854     9.6713   3.547196    32.5984        682     2.8375     2.1368  0.000e+00
     70.720     9.6738   3.547259    32.5969        683     2.8417     2.1374  0.000e+00
     70.572     9.6747   3.547219    32.5956        684     2.8458     2.1361  0.000e+00
     70.432     9.6754   3.547063    32.5935        685     2.8500     2.1366  0.000e+00
     70.290     9.6754   3.547150    32.5944        686     2.8542     2.1370  0.000e+00
     70.158     9.6751   3.546999    32.5932        687     2.8583     2.1377  0.000e+00
     70.031     9.6747   3.546895    32.5926        688     2.8625     2.1373  0.000e+00
     69.926     9.6741   3.547300    32.5973        689     2.8667     2.1368  0.000e+00
     69.823     9.6746   3.547623    32.6002        690     2.8708     2.1367  0.000e+00
     69.732     9.6770   3.547687    32.5987        691     2.8750     2.1370  0.000e+00
     69.660     9.6794   3.546571    32.5852        692     2.8792     2.1366  0.000e+00
     69.591     9.6768   3.546462    32.5865        693     2.8833     2.1371  0.000e+00
     69.542     9.6726   3.546358    32.5892        694     2.8875     2.1366  0.000e+00
     69.492     9.6695   3.546358    32.5921        695     2.8917     2.1358  0.000e+00
     69.445     9.6670   3.546358    32.5944        696     2.8958     2.1353  0.000e+00
     69.401     9.6656   3.546317    32.5952        697     2.9000     2.1361  0.000e+00
     69.358     9.6646   3.546358    32.5965        698     2.9042     2.1360  0.000e+00
     69.300     9.6641   3.546525    32.5988        699     2.9083     2.1360  0.000e+00
     69.237     9.6647   3.546635    32.5994        700     2.9125     2.1355  0.000e+00
     69.168     9.6656   3.546508    32.5973        701     2.9167     2.1361  0.000e+00
     69.083     9.6660   3.546098    32.5928        702     2.9208     2.1366  0.000e+00
     68.987     9.6647   3.545947    32.5924        703     2.9250     2.1363  0.000e+00
     68.882     9.6623   3.546057    32.5958        704     2.9292     2.1365  0.000e+00
     68.774     9.6609   3.546057    32.5971        705     2.9333     2.1368  0.000e+00
     68.658     9.6603   3.546098    32.5981        706     2.9375     2.1378  0.000e+00
     68.551     9.6600   3.546144    32.5989        707     2.9417     2.1368  0.000e+00
     68.437     9.6601   3.546271    32.6001        708     2.9458     2.1377  0.000e+00
     68.329     9.6609   3.546184    32.5986        709     2.9500     2.1384  0.000e+00
     68.228     9.6613   3.546121    32.5977        710     2.9542     2.1384  0.000e+00
     68.139     9.6612   3.546184    32.5984        711     2.9583     2.1383  0.000e+00
     68.061     9.6613   3.546311    32.5997        712     2.9625     2.1389  0.000e+00
     67.985     9.6616   3.546311    32.5994        713     2.9667     2.1394  0.000e+00
     67.922     9.6626   3.546271    32.5981        714     2.9708     2.1385  0.000e+00
     67.859     9.6628   3.546762    32.6030        715     2.9750     2.1386  0.000e+00
     67.804     9.6650   3.546744    32.6008        716     2.9792     2.1374  0.000e+00
     67.748     9.6678   3.546461    32.5955        717     2.9833     2.1389  0.000e+00
     67.685     9.6680   3.546958    32.6004        718     2.9875     2.1389  0.000e+00
     67.622     9.6693   3.547322    32.6029        719     2.9917     2.1391  0.000e+00
     67.553     9.6728   3.547559    32.6022        720     2.9958     2.1386  0.000e+00
     67.484     9.6768   3.547582    32.5989        721     3.0000     2.1382  0.000e+00
     67.405     9.6797   3.547582    32.5962        722     3.0042     2.1380  0.000e+00
     67.325     9.6819   3.547582    32.5943        723     3.0083     2.1388  0.000e+00
     67.240     9.6833   3.547559    32.5928        724     3.0125     2.1384  0.000e+00
     67.148     9.6840   3.547668    32.5933        725     3.0167     2.1375  0.000e+00
     67.043     9.6850   3.547599    32.5918        726     3.0208     2.1373  0.000e+00
     66.927     9.6856   3.547645    32.5918        727     3.0250     2.1371  0.000e+00
     66.808     9.6861   3.547645    32.5914        728     3.0292     2.1379  0.000e+00
     66.683     9.6863   3.547622    32.5910        729     3.0333     2.1377  0.000e+00
