HB2407/sbe138.cnv
* Sea-Bird SBE 19plus V2 Data File:
* FileName = C:\cruise\data\sbe138.hex
* Software Version Seasave V 7.26.7.121
* Temperature SN = 7037
* Conductivity SN = 7037
* System UpLoad Time = Nov 10 2024 08:46:39
* NMEA Latitude = 41 50.66 N
* NMEA Longitude = 070 25.34 W
* NMEA UTC (Time) = Nov 10 2024  08:44:59
** Ship: Bigelow
** Cruise:  HB2407
** Program:  Spring Bottom Trawl
# nquan = 8
# nvalues = 1839                                  
# units = specified
# name 0 = depSM: Depth [salt water, m]
# name 1 = tv290C: Temperature [ITS-90, deg C]
# name 2 = c0S/m: Conductivity [S/m]
# name 3 = sal00: Salinity, Practical [PSU]
# name 4 = scan: Scan Count
# name 5 = timeM: Time, Elapsed [minutes]
# name 6 = sbeox0V: Oxygen raw, SBE 43 [V]
# name 7 = flag:  0.000e+00
# span 0 =      0.124,     20.540                 
# span 1 =     8.6890,    12.3087                 
# span 2 =   0.000004,   3.709377                 
# span 3 =     0.0043,    33.0151                 
# span 4 =         11,       1849                 
# span 5 =     0.0417,     7.7000                 
# span 6 =     2.1496,     2.6110                 
# span 7 = 0.0000e+00, 0.0000e+00                 
# interval = seconds: 0.25
# start_time = Nov 10 2024 08:44:59 [NMEA time, header]
# bad_flag = -9.990e-29
*END*
      0.146     8.7244   0.000009     0.0044         11     0.0417     2.5397  0.000e+00
      0.146     8.7228   0.000004     0.0044         12     0.0458     2.5399  0.000e+00
      0.146     8.7214   0.000009     0.0044         13     0.0500     2.5399  0.000e+00
      0.143     8.7201   0.000015     0.0043         14     0.0542     2.5396  0.000e+00
      0.145     8.7190   0.000015     0.0043         15     0.0583     2.5400  0.000e+00
      0.141     8.7178   0.000009     0.0044         16     0.0625     2.5398  0.000e+00
      0.143     8.7165   0.000004     0.0044         17     0.0667     2.5390  0.000e+00
      0.139     8.7149   0.000004     0.0044         18     0.0708     2.5403  0.000e+00
      0.141     8.7140   0.000009     0.0044         19     0.0750     2.5397  0.000e+00
      0.141     8.7142   0.000015     0.0043         20     0.0792     2.5402  0.000e+00
      0.139     8.7141   0.000015     0.0043         21     0.0833     2.5395  0.000e+00
      0.137     8.7138   0.000015     0.0043         22     0.0875     2.5394  0.000e+00
      0.139     8.7136   0.000009     0.0044         23     0.0917     2.5403  0.000e+00
      0.145     8.7137   0.000009     0.0044         24     0.0958     2.5402  0.000e+00
      0.141     8.7135   0.000004     0.0044         25     0.1000     2.5406  0.000e+00
      0.145     8.7134   0.000009     0.0044         26     0.1042     2.5399  0.000e+00
      0.137     8.7132   0.000009     0.0044         27     0.1083     2.5396  0.000e+00
      0.139     8.7134   0.000009     0.0044         28     0.1125     2.5396  0.000e+00
      0.143     8.7137   0.000015     0.0043         29     0.1167     2.5398  0.000e+00
      0.146     8.7139   0.000009     0.0044         30     0.1208     2.5399  0.000e+00
      0.145     8.7139   0.000009     0.0044         31     0.1250     2.5406  0.000e+00
      0.143     8.7140   0.000009     0.0044         32     0.1292     2.5399  0.000e+00
      0.143     8.7138   0.000015     0.0043         33     0.1333     2.5396  0.000e+00
      0.141     8.7126   0.000015     0.0043         34     0.1375     2.5395  0.000e+00
      0.137     8.7117   0.000009     0.0044         35     0.1417     2.5401  0.000e+00
      0.143     8.7120   0.000009     0.0044         36     0.1458     2.5399  0.000e+00
      0.145     8.7138   0.000009     0.0044         37     0.1500     2.5399  0.000e+00
      0.143     8.7160   0.000015     0.0043         38     0.1542     2.5389  0.000e+00
      0.143     8.7170   0.000009     0.0044         39     0.1583     2.5405  0.000e+00
      0.145     8.7168   0.000004     0.0044         40     0.1625     2.5398  0.000e+00
      0.143     8.7168   0.000015     0.0043         41     0.1667     2.5403  0.000e+00
      0.141     8.7173   0.000004     0.0044         42     0.1708     2.5402  0.000e+00
      0.147     8.7173   0.000004     0.0044         43     0.1750     2.5402  0.000e+00
      0.143     8.7168   0.000004     0.0044         44     0.1792     2.5397  0.000e+00
      0.145     8.7160   0.000009     0.0044         45     0.1833     2.5406  0.000e+00
      0.143     8.7151   0.000009     0.0044         46     0.1875     2.5401  0.000e+00
      0.145     8.7142   0.000009     0.0044         47     0.1917     2.5405  0.000e+00
      0.143     8.7134   0.000009     0.0044         48     0.1958     2.5386  0.000e+00
      0.145     8.7129   0.000004     0.0044         49     0.2000     2.5411  0.000e+00
      0.141     8.7128   0.000015     0.0043         50     0.2042     2.5402  0.000e+00
      0.149     8.7132   0.000009     0.0044         51     0.2083     2.5411  0.000e+00
      0.145     8.7132   0.000015     0.0043         52     0.2125     2.5396  0.000e+00
      0.145     8.7128   0.000015     0.0043         53     0.2167     2.5396  0.000e+00
      0.149     8.7123   0.000009     0.0044         54     0.2208     2.5404  0.000e+00
      0.145     8.7125   0.000015     0.0043         55     0.2250     2.5409  0.000e+00
      0.147     8.7147   0.000015     0.0043         56     0.2292     2.5406  0.000e+00
      0.147     8.7161   0.000009     0.0044         57     0.2333     2.5409  0.000e+00
      0.145     8.7170   0.000009     0.0044         58     0.2375     2.5404  0.000e+00
      0.145     8.7173   0.000015     0.0043         59     0.2417     2.5412  0.000e+00
      0.145     8.7177   0.000009     0.0044         60     0.2458     2.5410  0.000e+00
      0.147     8.7175   0.000009     0.0044         61     0.2500     2.5411  0.000e+00
      0.143     8.7169   0.000009     0.0044         62     0.2542     2.5408  0.000e+00
      0.147     8.7161   0.000015     0.0043         63     0.2583     2.5411  0.000e+00
      0.145     8.7154   0.000009     0.0044         64     0.2625     2.5406  0.000e+00
      0.145     8.7152   0.000009     0.0044         65     0.2667     2.5409  0.000e+00
      0.145     8.7150   0.000015     0.0043         66     0.2708     2.5409  0.000e+00
      0.146     8.7147   0.000009     0.0044         67     0.2750     2.5411  0.000e+00
      0.144     8.7142   0.000009     0.0044         68     0.2792     2.5415  0.000e+00
      0.148     8.7134   0.000015     0.0043         69     0.2833     2.5398  0.000e+00
      0.146     8.7122   0.000009     0.0044         70     0.2875     2.5406  0.000e+00
      0.144     8.7109   0.000009     0.0044         71     0.2917     2.5412  0.000e+00
      0.150     8.7101   0.000009     0.0044         72     0.2958     2.5415  0.000e+00
      0.143     8.7098   0.000009     0.0044         73     0.3000     2.5407  0.000e+00
      0.143     8.7088   0.000009     0.0044         74     0.3042     2.5408  0.000e+00
      0.148     8.7074   0.000009     0.0044         75     0.3083     2.5410  0.000e+00
      0.152     8.7061   0.000009     0.0044         76     0.3125     2.5393  0.000e+00
      0.148     8.7045   0.000009     0.0044         77     0.3167     2.5410  0.000e+00
      0.152     8.7029   0.000015     0.0043         78     0.3208     2.5415  0.000e+00
      0.148     8.7022   0.000009     0.0044         79     0.3250     2.5409  0.000e+00
      0.150     8.7026   0.000009     0.0044         80     0.3292     2.5411  0.000e+00
      0.145     8.7036   0.000009     0.0044         81     0.3333     2.5407  0.000e+00
      0.147     8.7047   0.000009     0.0044         82     0.3375     2.5406  0.000e+00
      0.147     8.7045   0.000009     0.0044         83     0.3417     2.5409  0.000e+00
      0.147     8.7032   0.000004     0.0044         84     0.3458     2.5413  0.000e+00
      0.147     8.7013   0.000009     0.0044         85     0.3500     2.5419  0.000e+00
      0.145     8.6987   0.000009     0.0043         86     0.3542     2.5412  0.000e+00
      0.143     8.6960   0.000015     0.0043         87     0.3583     2.5406  0.000e+00
      0.145     8.6933   0.000015     0.0043         88     0.3625     2.5411  0.000e+00
      0.147     8.6909   0.000009     0.0043         89     0.3667     2.5415  0.000e+00
      0.143     8.6890   0.000009     0.0043         90     0.3708     2.5415  0.000e+00
      0.165     8.6905   0.000009     0.0043         91     0.3750     2.5411  0.000e+00
      0.367     8.6956   0.000009     0.0043         92     0.3792     2.5640  0.000e+00
      0.559     8.7046   0.000009     0.0044         93     0.3833     2.5922  0.000e+00
      0.698     8.7250   1.680455    14.7588         94     0.3875     2.6110  0.000e+00
      0.780     8.8883   1.973117    17.4977         95     0.3917     2.6052  0.000e+00
      0.779     9.5005   1.852268    16.0557         96     0.3958     2.5930  0.000e+00
      0.707    10.0606   2.372161    20.7134         97     0.4000     2.5786  0.000e+00
      0.608    10.4499   2.547692    22.1618         98     0.4042     2.5555  0.000e+00
      0.515    10.7253   1.335052    10.8787         99     0.4083     2.5282  0.000e+00
      0.445    10.9154   3.479698    30.8649        100     0.4125     2.5018  0.000e+00
      0.392    11.0508   3.709377    33.0151        101     0.4167     2.4743  0.000e+00
      0.365    11.1730   3.709081    32.9025        102     0.4208     2.4514  0.000e+00
      0.335    11.2656   3.705798    32.7876        103     0.4250     2.4289  0.000e+00
      0.380    11.3474   3.701200    32.6698        104     0.4292     2.4106  0.000e+00
      0.506    11.4235   3.697092    32.5622        105     0.4333     2.3952  0.000e+00
      0.655    11.4550   3.695635    32.5201        106     0.4375     2.3761  0.000e+00
      0.797    11.4797   3.693074    32.4733        107     0.4417     2.3599  0.000e+00
      0.949    11.5319   3.678974    32.2897        108     0.4458     2.3455  0.000e+00
      1.072    11.5787   3.665334    32.1160        109     0.4500     2.3313  0.000e+00
      1.179    11.6053   3.685507    32.2893        110     0.4542     2.3185  0.000e+00
      1.289    11.6056   3.683225    32.2669        111     0.4583     2.3059  0.000e+00
      1.367    11.6231   3.682339    32.2429        112     0.4625     2.2938  0.000e+00
      1.398    11.6301   3.680720    32.2211        113     0.4667     2.2831  0.000e+00
      1.405    11.6273   3.679125    32.2080        114     0.4708     2.2702  0.000e+00
      1.392    11.6335   3.677665    32.1884        115     0.4750     2.2596  0.000e+00
      1.389    11.6436   3.676704    32.1703        116     0.4792     2.2485  0.000e+00
      1.371    11.6470   3.675602    32.1566        117     0.4833     2.2379  0.000e+00
      1.345    11.6480   3.674371    32.1438        118     0.4875     2.2275  0.000e+00
      1.311    11.6490   3.674037    32.1397        119     0.4917     2.2151  0.000e+00
      1.284    11.6415   3.675156    32.1571        120     0.4958     2.2063  0.000e+00
      1.284    11.6380   3.675174    32.1603        121     0.5000     2.1975  0.000e+00
      1.338    11.6324   3.676188    32.1750        122     0.5042     2.1885  0.000e+00
      1.434    11.6327   3.676704    32.1797        123     0.5083     2.1797  0.000e+00
      1.564    11.6396   3.676804    32.1746        124     0.5125     2.1736  0.000e+00
      1.692    11.6503   3.675180    32.1495        125     0.5167     2.1717  0.000e+00
      1.822    11.6612   3.674283    32.1313        126     0.5208     2.1704  0.000e+00
      1.943    11.6640   3.673674    32.1228        127     0.5250     2.1733  0.000e+00
      2.054    11.6605   3.673498    32.1242        128     0.5292     2.1753  0.000e+00
      2.148    11.6525   3.672672    32.1230        129     0.5333     2.1775  0.000e+00
      2.215    11.6489   3.671512    32.1149        130     0.5375     2.1778  0.000e+00
      2.262    11.6466   3.670317    32.1051        131     0.5417     2.1774  0.000e+00
      2.274    11.6420   3.669157    32.0979        132     0.5458     2.1763  0.000e+00
      2.273    11.6380   3.668859    32.0984        133     0.5500     2.1747  0.000e+00
      2.253    11.6346   3.668572    32.0985        134     0.5542     2.1728  0.000e+00
      2.242    11.6329   3.667746    32.0920        135     0.5583     2.1694  0.000e+00
      2.251    11.6257   3.668004    32.1008        136     0.5625     2.1656  0.000e+00
      2.278    11.6209   3.668484    32.1096        137     0.5667     2.1614  0.000e+00
      2.320    11.6218   3.669292    32.1166        138     0.5708     2.1563  0.000e+00
      2.381    11.6256   3.669802    32.1183        139     0.5750     2.1532  0.000e+00
      2.445    11.6306   3.670101    32.1169        140     0.5792     2.1524  0.000e+00
      2.529    11.6344   3.669515    32.1078        141     0.5833     2.1532  0.000e+00
      2.620    11.6391   3.668888    32.0976        142     0.5875     2.1571  0.000e+00
      2.701    11.6367   3.668215    32.0931        143     0.5917     2.1608  0.000e+00
      2.764    11.6344   3.668174    32.0947        144     0.5958     2.1648  0.000e+00
      2.819    11.6354   3.667699    32.0892        145     0.6000     2.1677  0.000e+00
      2.869    11.6367   3.667254    32.0837        146     0.6042     2.1700  0.000e+00
      2.907    11.6392   3.666341    32.0726        147     0.6083     2.1713  0.000e+00
      2.922    11.6439   3.665978    32.0650        148     0.6125     2.1704  0.000e+00
      2.925    11.6482   3.665843    32.0600        149     0.6167     2.1704  0.000e+00
      2.927    11.6497   3.665802    32.0583        150     0.6208     2.1676  0.000e+00
      2.938    11.6520   3.665867    32.0570        151     0.6250     2.1656  0.000e+00
      2.972    11.6576   3.666159    32.0549        152     0.6292     2.1611  0.000e+00
      3.032    11.6636   3.666230    32.0504        153     0.6333     2.1592  0.000e+00
      3.108    11.6717   3.666136    32.0425        154     0.6375     2.1579  0.000e+00
      3.191    11.6750   3.665580    32.0342        155     0.6417     2.1583  0.000e+00
      3.285    11.6774   3.664520    32.0218        156     0.6458     2.1611  0.000e+00
      3.377    11.6820   3.664731    32.0198        157     0.6500     2.1633  0.000e+00
      3.460    11.6858   3.664637    32.0156        158     0.6542     2.1658  0.000e+00
      3.533    11.6924   3.665287    32.0161        159     0.6583     2.1691  0.000e+00
      3.600    11.6937   3.664883    32.0111        160     0.6625     2.1709  0.000e+00
      3.654    11.6937   3.664508    32.0074        161     0.6667     2.1725  0.000e+00
      3.686    11.6940   3.664350    32.0056        162     0.6708     2.1727  0.000e+00
      3.706    11.6983   3.663876    31.9973        163     0.6750     2.1726  0.000e+00
      3.710    11.7030   3.663279    31.9875        164     0.6792     2.1701  0.000e+00
      3.703    11.7072   3.663074    31.9818        165     0.6833     2.1703  0.000e+00
      3.697    11.7106   3.662957    31.9778        166     0.6875     2.1683  0.000e+00
      3.699    11.7108   3.663121    31.9792        167     0.6917     2.1662  0.000e+00
      3.699    11.7081   3.663525    31.9854        168     0.6958     2.1614  0.000e+00
      3.710    11.7098   3.663566    31.9844        169     0.7000     2.1594  0.000e+00
      3.726    11.7156   3.663940    31.9830        170     0.7042     2.1570  0.000e+00
      3.768    11.7243   3.663788    31.9740        171     0.7083     2.1541  0.000e+00
      3.816    11.7337   3.664057    31.9685        172     0.7125     2.1521  0.000e+00
      3.882    11.7399   3.664455    31.9670        173     0.7167     2.1508  0.000e+00
      3.963    11.7462   3.664818    31.9651        174     0.7208     2.1524  0.000e+00
      4.046    11.7555   3.665222    31.9610        175     0.7250     2.1539  0.000e+00
      4.131    11.7641   3.665667    31.9578        176     0.7292     2.1567  0.000e+00
      4.216    11.7681   3.666205    31.9596        177     0.7333     2.1597  0.000e+00
      4.297    11.7675   3.666205    31.9601        178     0.7375     2.1627  0.000e+00
      4.364    11.7643   3.666094    31.9617        179     0.7417     2.1668  0.000e+00
      4.431    11.7624   3.665497    31.9575        180     0.7458     2.1685  0.000e+00
      4.473    11.7653   3.665556    31.9556        181     0.7500     2.1707  0.000e+00
      4.518    11.7627   3.665286    31.9552        182     0.7542     2.1723  0.000e+00
      4.552    11.7589   3.665286    31.9584        183     0.7583     2.1707  0.000e+00
      4.571    11.7627   3.665444    31.9567        184     0.7625     2.1697  0.000e+00
      4.587    11.7689   3.665714    31.9539        185     0.7667     2.1666  0.000e+00
      4.616    11.7749   3.665620    31.9479        186     0.7708     2.1631  0.000e+00
      4.654    11.7800   3.665690    31.9442        187     0.7750     2.1575  0.000e+00
      4.690    11.7916   3.665848    31.9357        188     0.7792     2.1543  0.000e+00
      4.721    11.8014   3.665912    31.9279        189     0.7833     2.1526  0.000e+00
