HB2407/sbe126.cnv
* Sea-Bird SBE 19plus V2 Data File:
* FileName = C:\cruise\data\sbe126.hex
* Software Version Seasave V 7.26.7.121
* Temperature SN = 7037
* Conductivity SN = 7037
* System UpLoad Time = Nov 02 2024 16:37:39
* NMEA Latitude = 43 01.16 N
* NMEA Longitude = 067 36.97 W
* NMEA UTC (Time) = Nov 02 2024  16:36:51
** Ship: Bigelow
** Cruise:  HB2407
** Program:  Spring Bottom Trawl
# nquan = 8
# nvalues = 4333                                  
# units = specified
# name 0 = depSM: Depth [salt water, m]
# name 1 = tv290C: Temperature [ITS-90, deg C]
# name 2 = c0S/m: Conductivity [S/m]
# name 3 = sal00: Salinity, Practical [PSU]
# name 4 = scan: Scan Count
# name 5 = timeM: Time, Elapsed [minutes]
# name 6 = sbeox0V: Oxygen raw, SBE 43 [V]
# name 7 = flag:  0.000e+00
# span 0 =      0.046,    180.692                 
# span 1 =     6.7424,    13.3342                 
# span 2 =  -0.000017,   3.810181                 
# span 3 =     0.0000,    34.2325                 
# span 4 =         11,       4343                 
# span 5 =     0.0417,    18.0917                 
# span 6 =     1.7598,     2.6048                 
# span 7 = 0.0000e+00, 0.0000e+00                 
# interval = seconds: 0.25
# start_time = Nov 02 2024 16:36:51 [NMEA time, header]
# bad_flag = -9.990e-29
*END*
[from data line 2697]
     95.513     6.7804   3.329417    32.9783       2708    11.2792     2.0137  0.000e+00
     95.491     6.7799   3.329433    32.9790       2709    11.2833     2.0139  0.000e+00
     95.489     6.7794   3.329557    32.9808       2710    11.2875     2.0139  0.000e+00
     95.505     6.7791   3.329603    32.9816       2711    11.2917     2.0135  0.000e+00
     95.532     6.7793   3.329653    32.9819       2712    11.2958     2.0139  0.000e+00
     95.565     6.7795   3.329727    32.9825       2713    11.3000     2.0143  0.000e+00
     95.599     6.7799   3.329738    32.9823       2714    11.3042     2.0142  0.000e+00
     95.617     6.7802   3.329727    32.9818       2715    11.3083     2.0135  0.000e+00
     95.634     6.7804   3.329687    32.9812       2716    11.3125     2.0149  0.000e+00
     95.642     6.7805   3.329676    32.9810       2717    11.3167     2.0143  0.000e+00
     95.623     6.7805   3.329710    32.9814       2718    11.3208     2.0143  0.000e+00
     95.583     6.7804   3.329574    32.9800       2719    11.3250     2.0149  0.000e+00
     95.536     6.7802   3.329518    32.9796       2720    11.3292     2.0152  0.000e+00
     95.471     6.7800   3.329563    32.9803       2721    11.3333     2.0146  0.000e+00
     95.391     6.7798   3.329653    32.9815       2722    11.3375     2.0143  0.000e+00
     95.313     6.7798   3.329225    32.9769       2723    11.3417     2.0149  0.000e+00
     95.234     6.7794   3.328960    32.9744       2724    11.3458     2.0149  0.000e+00
     95.147     6.7782   3.329101    32.9771       2725    11.3500     2.0150  0.000e+00
     95.073     6.7775   3.328785    32.9744       2726    11.3542     2.0157  0.000e+00
     95.006     6.7765   3.328098    32.9678       2727    11.3583     2.0151  0.000e+00
     94.944     6.7751   3.327805    32.9660       2728    11.3625     2.0147  0.000e+00
     94.883     6.7733   3.327878    32.9685       2729    11.3667     2.0160  0.000e+00
     94.836     6.7721   3.328098    32.9721       2730    11.3708     2.0153  0.000e+00
     94.787     6.7715   3.327681    32.9682       2731    11.3750     2.0156  0.000e+00
     94.738     6.7707   3.327743    32.9696       2732    11.3792     2.0167  0.000e+00
     94.680     6.7700   3.327473    32.9673       2733    11.3833     2.0166  0.000e+00
     94.626     6.7693   3.327439    32.9677       2734    11.3875     2.0157  0.000e+00
     94.559     6.7684   3.327619    32.9705       2735    11.3917     2.0167  0.000e+00
     94.490     6.7681   3.327720    32.9720       2736    11.3958     2.0169  0.000e+00
     94.422     6.7683   3.327281    32.9670       2737    11.4000     2.0169  0.000e+00
     94.340     6.7677   3.327326    32.9681       2738    11.4042     2.0169  0.000e+00
     94.268     6.7671   3.327281    32.9682       2739    11.4083     2.0175  0.000e+00
     94.192     6.7667   3.327242    32.9682       2740    11.4125     2.0180  0.000e+00
     94.123     6.7663   3.327241    32.9686       2741    11.4167     2.0180  0.000e+00
     94.067     6.7661   3.327241    32.9688       2742    11.4208     2.0181  0.000e+00
     94.015     6.7660   3.327202    32.9685       2743    11.4250     2.0169  0.000e+00
     93.980     6.7658   3.327202    32.9687       2744    11.4292     2.0177  0.000e+00
     93.951     6.7657   3.327157    32.9684       2745    11.4333     2.0186  0.000e+00
     93.941     6.7656   3.326802    32.9645       2746    11.4375     2.0177  0.000e+00
     93.930     6.7649   3.326723    32.9644       2747    11.4417     2.0170  0.000e+00
     93.912     6.7640   3.326678    32.9648       2748    11.4458     2.0174  0.000e+00
     93.892     6.7634   3.326504    32.9634       2749    11.4500     2.0171  0.000e+00
     93.868     6.7628   3.326363    32.9625       2750    11.4542     2.0171  0.000e+00
     93.830     6.7619   3.326278    32.9624       2751    11.4583     2.0164  0.000e+00
     93.772     6.7611   3.325968    32.9598       2752    11.4625     2.0156  0.000e+00
     93.693     6.7600   3.326385    32.9654       2753    11.4667     2.0162  0.000e+00
     93.602     6.7596   3.325625    32.9575       2754    11.4708     2.0157  0.000e+00
     93.494     6.7588   3.325236    32.9541       2755    11.4750     2.0154  0.000e+00
     93.380     6.7576   3.324881    32.9513       2756    11.4792     2.0154  0.000e+00
     93.255     6.7566   3.324650    32.9498       2757    11.4833     2.0169  0.000e+00
     93.141     6.7556   3.324341    32.9475       2758    11.4875     2.0159  0.000e+00
     93.020     6.7549   3.324194    32.9466       2759    11.4917     2.0158  0.000e+00
     92.913     6.7541   3.323839    32.9435       2760    11.4958     2.0157  0.000e+00
     92.830     6.7534   3.323654    32.9422       2761    11.5000     2.0159  0.000e+00
     92.770     6.7526   3.323119    32.9371       2762    11.5042     2.0166  0.000e+00
     92.727     6.7520   3.322899    32.9353       2763    11.5083     2.0172  0.000e+00
     92.709     6.7514   3.322899    32.9359       2764    11.5125     2.0162  0.000e+00
     92.718     6.7509   3.322916    32.9365       2765    11.5167     2.0177  0.000e+00
     92.731     6.7506   3.322961    32.9374       2766    11.5208     2.0156  0.000e+00
     92.756     6.7506   3.323276    32.9408       2767    11.5250     2.0172  0.000e+00
     92.787     6.7506   3.323507    32.9433       2768    11.5292     2.0169  0.000e+00
     92.812     6.7508   3.323732    32.9456       2769    11.5333     2.0166  0.000e+00
     92.828     6.7510   3.323896    32.9471       2770    11.5375     2.0170  0.000e+00
     92.828     6.7513   3.324070    32.9488       2771    11.5417     2.0165  0.000e+00
     92.814     6.7517   3.324155    32.9494       2772    11.5458     2.0177  0.000e+00
     92.765     6.7519   3.323586    32.9429       2773    11.5500     2.0183  0.000e+00
     92.700     6.7518   3.323546    32.9426       2774    11.5542     2.0174  0.000e+00
     92.611     6.7516   3.322601    32.9324       2775    11.5583     2.0173  0.000e+00
     92.499     6.7510   3.322150    32.9282       2776    11.5625     2.0180  0.000e+00
     92.363     6.7498   3.321818    32.9257       2777    11.5667     2.0195  0.000e+00
     92.213     6.7484   3.321328    32.9218       2778    11.5708     2.0193  0.000e+00
     92.063     6.7466   3.321187    32.9220       2779    11.5750     2.0195  0.000e+00
     91.888     6.7452   3.321148    32.9230       2780    11.5792     2.0195  0.000e+00
     91.730     6.7446   3.321125    32.9234       2781    11.5833     2.0209  0.000e+00
     91.573     6.7446   3.321063    32.9228       2782    11.5875     2.0205  0.000e+00
     91.448     6.7450   3.321086    32.9227       2783    11.5917     2.0217  0.000e+00
     91.352     6.7452   3.321001    32.9216       2784    11.5958     2.0232  0.000e+00
     91.276     6.7453   3.320968    32.9212       2785    11.6000     2.0221  0.000e+00
     91.233     6.7454   3.320917    32.9205       2786    11.6042     2.0243  0.000e+00
     91.213     6.7454   3.320917    32.9206       2787    11.6083     2.0244  0.000e+00
     91.224     6.7454   3.320928    32.9207       2788    11.6125     2.0243  0.000e+00
     91.255     6.7453   3.320917    32.9207       2789    11.6167     2.0257  0.000e+00
     91.291     6.7453   3.320917    32.9206       2790    11.6208     2.0258  0.000e+00
     91.332     6.7453   3.320945    32.9210       2791    11.6250     2.0256  0.000e+00
     91.374     6.7454   3.321024    32.9217       2792    11.6292     2.0256  0.000e+00
     91.405     6.7455   3.321086    32.9222       2793    11.6333     2.0264  0.000e+00
     91.432     6.7456   3.321170    32.9230       2794    11.6375     2.0261  0.000e+00
     91.437     6.7459   3.321232    32.9235       2795    11.6417     2.0273  0.000e+00
     91.423     6.7460   3.321243    32.9234       2796    11.6458     2.0272  0.000e+00
     91.379     6.7462   3.321148    32.9223       2797    11.6500     2.0274  0.000e+00
     91.311     6.7462   3.321086    32.9216       2798    11.6542     2.0274  0.000e+00
     91.217     6.7461   3.320770    32.9183       2799    11.6583     2.0276  0.000e+00
     91.096     6.7456   3.320585    32.9168       2800    11.6625     2.0269  0.000e+00
     90.955     6.7448   3.320551    32.9173       2801    11.6667     2.0275  0.000e+00
     90.795     6.7440   3.320523    32.9178       2802    11.6708     2.0269  0.000e+00
     90.633     6.7436   3.320399    32.9169       2803    11.6750     2.0279  0.000e+00
     90.468     6.7432   3.320089    32.9140       2804    11.6792     2.0269  0.000e+00
     90.314     6.7427   3.319982    32.9133       2805    11.6833     2.0272  0.000e+00
     90.168     6.7424   3.319954    32.9134       2806    11.6875     2.0282  0.000e+00
     90.046     6.7428   3.320044    32.9141       2807    11.6917     2.0282  0.000e+00
     89.945     6.7444   3.320207    32.9143       2808    11.6958     2.0293  0.000e+00
     89.864     6.7473   3.320528    32.9151       2809    11.7000     2.0292  0.000e+00
     89.802     6.7515   3.320669    32.9127       2810    11.7042     2.0298  0.000e+00
     89.762     6.7569   3.320708    32.9080       2811    11.7083     2.0301  0.000e+00
     89.744     6.7610   3.320685    32.9037       2812    11.7125     2.0296  0.000e+00
     89.724     6.7638   3.320691    32.9011       2813    11.7167     2.0298  0.000e+00
     89.706     6.7656   3.320685    32.8993       2814    11.7208     2.0291  0.000e+00
     89.704     6.7669   3.320730    32.8986       2815    11.7250     2.0298  0.000e+00
     89.702     6.7676   3.320730    32.8980       2816    11.7292     2.0297  0.000e+00
     89.691     6.7680   3.320747    32.8978       2817    11.7333     2.0293  0.000e+00
     89.672     6.7684   3.320730    32.8972       2818    11.7375     2.0287  0.000e+00
     89.643     6.7684   3.320708    32.8969       2819    11.7417     2.0292  0.000e+00
     89.587     6.7687   3.320691    32.8965       2820    11.7458     2.0295  0.000e+00
     89.518     6.7689   3.320584    32.8952       2821    11.7500     2.0292  0.000e+00
     89.435     6.7694   3.320606    32.8950       2822    11.7542     2.0295  0.000e+00
     89.334     6.7705   3.320606    32.8940       2823    11.7583     2.0286  0.000e+00
     89.232     6.7717   3.320606    32.8929       2824    11.7625     2.0284  0.000e+00
     89.120     6.7724   3.320646    32.8927       2825    11.7667     2.0276  0.000e+00
     89.003     6.7731   3.320691    32.8926       2826    11.7708     2.0283  0.000e+00
     88.896     6.7740   3.320685    32.8917       2827    11.7750     2.0292  0.000e+00
     88.788     6.7747   3.320730    32.8915       2828    11.7792     2.0283  0.000e+00
     88.706     6.7752   3.320730    32.8911       2829    11.7833     2.0285  0.000e+00
     88.627     6.7758   3.320724    32.8906       2830    11.7875     2.0305  0.000e+00
     88.572     6.7761   3.320769    32.8908       2831    11.7917     2.0304  0.000e+00
     88.540     6.7766   3.320854    32.8913       2832    11.7958     2.0306  0.000e+00
     88.511     6.7776   3.320809    32.8898       2833    11.8000     2.0307  0.000e+00
     88.489     6.7782   3.320854    32.8897       2834    11.8042     2.0304  0.000e+00
     88.464     6.7789   3.320786    32.8884       2835    11.8083     2.0302  0.000e+00
     88.449     6.7791   3.320854    32.8889       2836    11.8125     2.0306  0.000e+00
     88.433     6.7793   3.320792    32.8880       2837    11.8167     2.0303  0.000e+00
     88.404     6.7794   3.320865    32.8888       2838    11.8208     2.0302  0.000e+00
     88.364     6.7796   3.320837    32.8882       2839    11.8250     2.0302  0.000e+00
     88.313     6.7798   3.320865    32.8884       2840    11.8292     2.0308  0.000e+00
     88.241     6.7803   3.320899    32.8884       2841    11.8333     2.0308  0.000e+00
     88.158     6.7805   3.320876    32.8880       2842    11.8375     2.0310  0.000e+00
     88.048     6.7807   3.320887    32.8879       2843    11.8417     2.0311  0.000e+00
     87.926     6.7814   3.320899    32.8874       2844    11.8458     2.0319  0.000e+00
     87.800     6.7822   3.320876    32.8865       2845    11.8500     2.0308  0.000e+00
     87.659     6.7824   3.320887    32.8865       2846    11.8542     2.0309  0.000e+00
     87.505     6.7826   3.320960    32.8872       2847    11.8583     2.0308  0.000e+00
     87.359     6.7834   3.321264    32.8898       2848    11.8625     2.0305  0.000e+00
     87.214     6.7865   3.321501    32.8895       2849    11.8667     2.0302  0.000e+00
     87.085     6.7908   3.321748    32.8881       2850    11.8708     2.0312  0.000e+00
     86.964     6.7953   3.321821    32.8847       2851    11.8750     2.0303  0.000e+00
     86.863     6.7992   3.321855    32.8814       2852    11.8792     2.0308  0.000e+00
     86.787     6.8022   3.321883    32.8789       2853    11.8833     2.0302  0.000e+00
     86.731     6.8042   3.321956    32.8777       2854    11.8875     2.0305  0.000e+00
     86.704     6.8060   3.322001    32.8766       2855    11.8917     2.0302  0.000e+00
     86.690     6.8075   3.322001    32.8751       2856    11.8958     2.0306  0.000e+00
     86.684     6.8087   3.321979    32.8737       2857    11.9000     2.0309  0.000e+00
     86.706     6.8092   3.321939    32.8728       2858    11.9042     2.0316  0.000e+00
     86.726     6.8091   3.321900    32.8725       2859    11.9083     2.0316  0.000e+00
     86.742     6.8087   3.321832    32.8722       2860    11.9125     2.0321  0.000e+00
     86.755     6.8079   3.321759    32.8720       2861    11.9167     2.0313  0.000e+00
     86.751     6.8070   3.321770    32.8730       2862    11.9208     2.0316  0.000e+00
     86.729     6.8063   3.321731    32.8733       2863    11.9250     2.0317  0.000e+00
     86.695     6.8058   3.321680    32.8732       2864    11.9292     2.0323  0.000e+00
     86.646     6.8051   3.321793    32.8751       2865    11.9333     2.0315  0.000e+00
     86.566     6.8050   3.321821    32.8756       2866    11.9375     2.0318  0.000e+00
     86.474     6.8053   3.321917    32.8765       2867    11.9417     2.0313  0.000e+00
     86.382     6.8062   3.322125    32.8779       2868    11.9458     2.0320  0.000e+00
     86.264     6.8082   3.322181    32.8767       2869    11.9500     2.0318  0.000e+00
     86.154     6.8102   3.322249    32.8755       2870    11.9542     2.0323  0.000e+00
     86.033     6.8118   3.322356    32.8752       2871    11.9583     2.0331  0.000e+00
     85.919     6.8137   3.322395    32.8739       2872    11.9625     2.0330  0.000e+00
     85.805     6.8159   3.322457    32.8726       2873    11.9667     2.0324  0.000e+00
     85.677     6.8177   3.322479    32.8711       2874    11.9708     2.0336  0.000e+00
     85.568     6.8196   3.322586    32.8705       2875    11.9750     2.0339  0.000e+00
     85.465     6.8213   3.322772    32.8710       2876    11.9792     2.0334  0.000e+00
     85.357     6.8231   3.322834    32.8700       2877    11.9833     2.0331  0.000e+00
     85.246     6.8253   3.322873    32.8684       2878    11.9875     2.0320  0.000e+00
     85.150     6.8276   3.322896    32.8665       2879    11.9917     2.0328  0.000e+00
     85.062     6.8294   3.322941    32.8653       2880    11.9958     2.0331  0.000e+00
     84.986     6.8308   3.322980    32.8644       2881    12.0000     2.0328  0.000e+00
     84.917     6.8319   3.322974    32.8634       2882    12.0042     2.0329  0.000e+00
     84.855     6.8326   3.322941    32.8623       2883    12.0083     2.0318  0.000e+00
     84.817     6.8332   3.322957    32.8620       2884    12.0125     2.0320  0.000e+00
     84.785     6.8339   3.322952    32.8612       2885    12.0167     2.0323  0.000e+00
     84.765     6.8341   3.322957    32.8611       2886    12.0208     2.0324  0.000e+00
