HB2407/sbe118.cnv
* Sea-Bird SBE 19plus V2 Data File:
* FileName = C:\cruise\data\sbe118.hex
* Software Version Seasave V 7.26.7.121
* Temperature SN = 7037
* Conductivity SN = 7037
* System UpLoad Time = Oct 31 2024 07:57:30
* NMEA Latitude = 41 54.53 N
* NMEA Longitude = 066 04.52 W
* NMEA UTC (Time) = Oct 31 2024  07:56:39
** Ship: Bigelow
** Cruise:  HB2407
** Program:  Spring Bottom Trawl
# nquan = 8
# nvalues = 1557                                  
# units = specified
# name 0 = depSM: Depth [salt water, m]
# name 1 = tv290C: Temperature [ITS-90, deg C]
# name 2 = c0S/m: Conductivity [S/m]
# name 3 = sal00: Salinity, Practical [PSU]
# name 4 = scan: Scan Count
# name 5 = timeM: Time, Elapsed [minutes]
# name 6 = sbeox0V: Oxygen raw, SBE 43 [V]
# name 7 = flag:  0.000e+00
# span 0 =      0.665,     88.736                 
# span 1 =     7.8379,    12.6244                 
# span 2 =   3.428420,   3.733800                 
# span 3 =    31.6654,    33.0509                 
# span 4 =         11,       1567                 
# span 5 =     0.0417,     6.5250                 
# span 6 =     2.0483,     2.4508                 
# span 7 = 0.0000e+00, 0.0000e+00                 
# interval = seconds: 0.25
# start_time = Oct 31 2024 07:56:39 [NMEA time, header]
# bad_flag = -9.990e-29
*END*
[from data line 1259]
     53.090     8.4998   3.457162    32.7478       1270     5.2875     2.0736  0.000e+00
     52.853     8.5022   3.457202    32.7461       1271     5.2917     2.0745  0.000e+00
     52.623     8.5040   3.457225    32.7448       1272     5.2958     2.0746  0.000e+00
     52.405     8.5054   3.457248    32.7439       1273     5.3000     2.0747  0.000e+00
     52.202     8.5067   3.457248    32.7427       1274     5.3042     2.0747  0.000e+00
     52.016     8.5078   3.457242    32.7418       1275     5.3083     2.0747  0.000e+00
     51.846     8.5085   3.457248    32.7413       1276     5.3125     2.0757  0.000e+00
     51.681     8.5089   3.457248    32.7409       1277     5.3167     2.0752  0.000e+00
     51.533     8.5094   3.457225    32.7403       1278     5.3208     2.0750  0.000e+00
     51.401     8.5096   3.457179    32.7397       1279     5.3250     2.0747  0.000e+00
     51.271     8.5094   3.457099    32.7391       1280     5.3292     2.0731  0.000e+00
     51.135     8.5086   3.457185    32.7408       1281     5.3333     2.0737  0.000e+00
     50.994     8.5083   3.457122    32.7405       1282     5.3375     2.0737  0.000e+00
     50.838     8.5082   3.457110    32.7406       1283     5.3417     2.0738  0.000e+00
     50.685     8.5080   3.457122    32.7409       1284     5.3458     2.0754  0.000e+00
     50.513     8.5079   3.457122    32.7411       1285     5.3500     2.0752  0.000e+00
     50.327     8.5079   3.457144    32.7415       1286     5.3542     2.0741  0.000e+00
     50.124     8.5081   3.457201    32.7420       1287     5.3583     2.0747  0.000e+00
     49.914     8.5087   3.457247    32.7420       1288     5.3625     2.0754  0.000e+00
     49.699     8.5097   3.457579    32.7446       1289     5.3667     2.0750  0.000e+00
     49.479     8.5120   3.458603    32.7533       1290     5.3708     2.0752  0.000e+00
     49.256     8.5187   3.460261    32.7646       1291     5.3750     2.0750  0.000e+00
     49.036     8.5325   3.461652    32.7666       1292     5.3792     2.0757  0.000e+00
     48.837     8.5513   3.462922    32.7626       1293     5.3833     2.0752  0.000e+00
     48.649     8.5724   3.463843    32.7528       1294     5.3875     2.0752  0.000e+00
     48.475     8.5927   3.464524    32.7412       1295     5.3917     2.0763  0.000e+00
     48.325     8.6106   3.464993    32.7296       1296     5.3958     2.0763  0.000e+00
     48.182     8.6257   3.465388    32.7198       1297     5.4000     2.0768  0.000e+00
     48.043     8.6381   3.465679    32.7114       1298     5.4042     2.0770  0.000e+00
     47.918     8.6482   3.465971    32.7052       1299     5.4083     2.0773  0.000e+00
     47.780     8.6565   3.466211    32.7002       1300     5.4125     2.0782  0.000e+00
     47.638     8.6635   3.466475    32.6964       1301     5.4167     2.0786  0.000e+00
     47.479     8.6703   3.466767    32.6933       1302     5.4208     2.0785  0.000e+00
     47.319     8.6770   3.467121    32.6909       1303     5.4250     2.0800  0.000e+00
     47.131     8.6839   3.467327    32.6868       1304     5.4292     2.0813  0.000e+00
     46.947     8.6901   3.467476    32.6827       1305     5.4333     2.0813  0.000e+00
     46.759     8.6954   3.467648    32.6797       1306     5.4375     2.0821  0.000e+00
     46.553     8.7001   3.467900    32.6780       1307     5.4417     2.0815  0.000e+00
     46.348     8.7052   3.468140    32.6760       1308     5.4458     2.0820  0.000e+00
     46.157     8.7099   3.468209    32.6724       1309     5.4500     2.0821  0.000e+00
     45.960     8.7144   3.468380    32.6701       1310     5.4542     2.0824  0.000e+00
     45.770     8.7191   3.468546    32.6677       1311     5.4583     2.0841  0.000e+00
     45.591     8.7244   3.468609    32.6636       1312     5.4625     2.0829  0.000e+00
     45.419     8.7293   3.468643    32.6594       1313     5.4667     2.0847  0.000e+00
     45.245     8.7341   3.468672    32.6554       1314     5.4708     2.0854  0.000e+00
     45.086     8.7381   3.468632    32.6513       1315     5.4750     2.0864  0.000e+00
     44.925     8.7416   3.468569    32.6476       1316     5.4792     2.0879  0.000e+00
     44.753     8.7450   3.468534    32.6441       1317     5.4833     2.0870  0.000e+00
     44.594     8.7478   3.468568    32.6420       1318     5.4875     2.0870  0.000e+00
     44.431     8.7502   3.468523    32.6394       1319     5.4917     2.0872  0.000e+00
     44.260     8.7521   3.468648    32.6390       1320     5.4958     2.0877  0.000e+00
     44.089     8.7543   3.468751    32.6381       1321     5.5000     2.0877  0.000e+00
     43.930     8.7575   3.468820    32.6360       1322     5.5042     2.0876  0.000e+00
     43.751     8.7613   3.468923    32.6336       1323     5.5083     2.0876  0.000e+00
     43.572     8.7656   3.469129    32.6319       1324     5.5125     2.0889  0.000e+00
     43.393     8.7703   3.469421    32.6307       1325     5.5167     2.0902  0.000e+00
     43.222     8.7753   3.469948    32.6316       1326     5.5208     2.0899  0.000e+00
     43.050     8.7817   3.470509    32.6317       1327     5.5250     2.0904  0.000e+00
     42.880     8.7904   3.471769    32.6370       1328     5.5292     2.0909  0.000e+00
     42.711     8.8050   3.474347    32.6505       1329     5.5333     2.0919  0.000e+00
     42.545     8.8304   3.478044    32.6657       1330     5.5375     2.0918  0.000e+00
     42.380     8.8668   3.482620    32.6800       1331     5.5417     2.0933  0.000e+00
     42.221     8.9190   3.488667    32.6950       1332     5.5458     2.0943  0.000e+00
     42.055     8.9868   3.491255    32.6597       1333     5.5500     2.0957  0.000e+00
     41.887     9.0546   3.496745    32.6544       1334     5.5542     2.0993  0.000e+00
     41.715     9.1229   3.502221    32.6487       1335     5.5583     2.1024  0.000e+00
     41.538     9.1986   3.511296    32.6733       1336     5.5625     2.1072  0.000e+00
     41.353     9.2854   3.527567    32.7619       1337     5.5667     2.1078  0.000e+00
     41.156     9.4113   3.544306    32.8190       1338     5.5708     2.1111  0.000e+00
     40.956     9.5694   3.564561    32.8823       1339     5.5750     2.1156  0.000e+00
     40.762     9.7656   3.573392    32.7935       1340     5.5792     2.1216  0.000e+00
     40.563     9.9496   3.577725    32.6706       1341     5.5833     2.1298  0.000e+00
     40.375    10.0961   3.582763    32.5895       1342     5.5875     2.1368  0.000e+00
     40.193    10.2107   3.586702    32.5264       1343     5.5917     2.1429  0.000e+00
     40.005    10.3036   3.590561    32.4821       1344     5.5958     2.1497  0.000e+00
     39.835    10.3813   3.605511    32.5628       1345     5.6000     2.1556  0.000e+00
     39.672    10.4827   3.624187    32.6594       1346     5.6042     2.1598  0.000e+00
     39.515    10.6374   3.633252    32.6116       1347     5.6083     2.1682  0.000e+00
     39.365    10.7982   3.637264    32.5084       1348     5.6125     2.1755  0.000e+00
     39.215    10.9309   3.639522    32.4133       1349     5.6167     2.1831  0.000e+00
     39.079    11.0310   3.641867    32.3482       1350     5.6208     2.1898  0.000e+00
     38.945    11.1058   3.644138    32.3049       1351     5.6250     2.1968  0.000e+00
     38.802    11.1652   3.644932    32.2607       1352     5.6292     2.2050  0.000e+00
     38.654    11.2095   3.645796    32.2305       1353     5.6333     2.2107  0.000e+00
     38.493    11.2410   3.646169    32.2067       1354     5.6375     2.2176  0.000e+00
     38.319    11.2631   3.646385    32.1896       1355     5.6417     2.2249  0.000e+00
     38.131    11.2782   3.646525    32.1778       1356     5.6458     2.2304  0.000e+00
     37.925    11.2880   3.646659    32.1707       1357     5.6500     2.2375  0.000e+00
     37.701    11.2946   3.646969    32.1681       1358     5.6542     2.2416  0.000e+00
     37.462    11.2997   3.647763    32.1715       1359     5.6583     2.2452  0.000e+00
     37.211    11.3063   3.648283    32.1710       1360     5.6625     2.2492  0.000e+00
     36.945    11.3135   3.648768    32.1696       1361     5.6667     2.2520  0.000e+00
     36.677    11.3212   3.648838    32.1637       1362     5.6708     2.2564  0.000e+00
     36.419    11.3271   3.649101    32.1612       1363     5.6750     2.2585  0.000e+00
     36.162    11.3319   3.649568    32.1617       1364     5.6792     2.2616  0.000e+00
     35.923    11.3374   3.650345    32.1647       1365     5.6833     2.2638  0.000e+00
     35.694    11.3446   3.651613    32.1709       1366     5.6875     2.2659  0.000e+00
     35.493    11.3553   3.652315    32.1685       1367     5.6917     2.2661  0.000e+00
     35.319    11.3676   3.652858    32.1632       1368     5.6958     2.2687  0.000e+00
     35.184    11.3787   3.653595    32.1608       1369     5.7000     2.2693  0.000e+00
     35.070    11.3895   3.654062    32.1560       1370     5.7042     2.2722  0.000e+00
     34.965    11.3995   3.654419    32.1508       1371     5.7083     2.2729  0.000e+00
     34.874    11.4081   3.654688    32.1460       1372     5.7125     2.2743  0.000e+00
     34.768    11.4147   3.655378    32.1471       1373     5.7167     2.2750  0.000e+00
     34.659    11.4216   3.655997    32.1472       1374     5.7208     2.2763  0.000e+00
     34.525    11.4297   3.656535    32.1454       1375     5.7250     2.2777  0.000e+00
     34.366    11.4377   3.657623    32.1492       1376     5.7292     2.2788  0.000e+00
     34.193    11.4481   3.659120    32.1549       1377     5.7333     2.2810  0.000e+00
     33.985    11.4622   3.660495    32.1561       1378     5.7375     2.2820  0.000e+00
     33.753    11.4795   3.661507    32.1511       1379     5.7417     2.2829  0.000e+00
     33.509    11.4973   3.662824    32.1486       1380     5.7458     2.2853  0.000e+00
     33.249    11.5156   3.663742    32.1418       1381     5.7500     2.2874  0.000e+00
     32.988    11.5332   3.664427    32.1333       1382     5.7542     2.2877  0.000e+00
     32.737    11.5486   3.665387    32.1293       1383     5.7583     2.2882  0.000e+00
     32.489    11.5640   3.667289    32.1346       1384     5.7625     2.2893  0.000e+00
     32.247    11.5829   3.668806    32.1331       1385     5.7667     2.2900  0.000e+00
     32.023    11.6044   3.670176    32.1279       1386     5.7708     2.2916  0.000e+00
     31.817    11.6263   3.671558    32.1226       1387     5.7750     2.2926  0.000e+00
     31.643    11.6482   3.672700    32.1147       1388     5.7792     2.2946  0.000e+00
     31.479    11.6694   3.674047    32.1096       1389     5.7833     2.2956  0.000e+00
     31.327    11.6900   3.674850    32.0996       1390     5.7875     2.2959  0.000e+00
     31.191    11.7091   3.675506    32.0895       1391     5.7917     2.2970  0.000e+00
     31.059    11.7249   3.676127    32.0820       1392     5.7958     2.2991  0.000e+00
     30.935    11.7385   3.676443    32.0733       1393     5.8000     2.3017  0.000e+00
     30.801    11.7497   3.676924    32.0684       1394     5.8042     2.3025  0.000e+00
     30.656    11.7588   3.677721    32.0683       1395     5.8083     2.3039  0.000e+00
     30.495    11.7680   3.678729    32.0703       1396     5.8125     2.3056  0.000e+00
     30.323    11.7793   3.679304    32.0661       1397     5.8167     2.3075  0.000e+00
     30.130    11.7906   3.680547    32.0685       1398     5.8208     2.3102  0.000e+00
     29.927    11.8031   3.682077    32.0726       1399     5.8250     2.3113  0.000e+00
     29.696    11.8192   3.684224    32.0797       1400     5.8292     2.3138  0.000e+00
     29.452    11.8406   3.686212    32.0806       1401     5.8333     2.3177  0.000e+00
     29.206    11.8664   3.687966    32.0753       1402     5.8375     2.3188  0.000e+00
     28.958    11.8942   3.689087    32.0624       1403     5.8417     2.3216  0.000e+00
     28.705    11.9196   3.690466    32.0539       1404     5.8458     2.3239  0.000e+00
     28.454    11.9441   3.691886    32.0467       1405     5.8500     2.3254  0.000e+00
     28.213    11.9703   3.692831    32.0334       1406     5.8542     2.3280  0.000e+00
     27.969    11.9945   3.694023    32.0242       1407     5.8583     2.3292  0.000e+00
     27.729    12.0180   3.695532    32.0187       1408     5.8625     2.3309  0.000e+00
     27.501    12.0421   3.696413    32.0066       1409     5.8667     2.3323  0.000e+00
     27.287    12.0651   3.696730    31.9900       1410     5.8708     2.3341  0.000e+00
     27.096    12.0837   3.696847    31.9753       1411     5.8750     2.3380  0.000e+00
     26.910    12.0967   3.697364    31.9692       1412     5.8792     2.3405  0.000e+00
     26.743    12.1078   3.698110    31.9670       1413     5.8833     2.3416  0.000e+00
     26.591    12.1201   3.698597    31.9612       1414     5.8875     2.3451  0.000e+00
     26.449    12.1327   3.699008    31.9544       1415     5.8917     2.3468  0.000e+00
     26.308    12.1440   3.699114    31.9458       1416     5.8958     2.3491  0.000e+00
     26.166    12.1527   3.699237    31.9397       1417     5.9000     2.3552  0.000e+00
     26.024    12.1586   3.699325    31.9355       1418     5.9042     2.3541  0.000e+00
     25.872    12.1633   3.699760    31.9357       1419     5.9083     2.3568  0.000e+00
     25.714    12.1685   3.700118    31.9348       1420     5.9125     2.3599  0.000e+00
     25.539    12.1749   3.700623    31.9342       1421     5.9167     2.3627  0.000e+00
     25.353    12.1826   3.701317    31.9344       1422     5.9208     2.3658  0.000e+00
     25.143    12.1924   3.701834    31.9311       1423     5.9250     2.3675  0.000e+00
     24.910    12.2034   3.702357    31.9269       1424     5.9292     2.3698  0.000e+00
     24.669    12.2144   3.702509    31.9190       1425     5.9333     2.3706  0.000e+00
     24.414    12.2238   3.702803    31.9139       1426     5.9375     2.3741  0.000e+00
     24.156    12.2315   3.703156    31.9109       1427     5.9417     2.3760  0.000e+00
     23.885    12.2387   3.703438    31.9075       1428     5.9458     2.3785  0.000e+00
     23.619    12.2459   3.703931    31.9062       1429     5.9500     2.3818  0.000e+00
     23.357    12.2537   3.704254    31.9028       1430     5.9542     2.3842  0.000e+00
     23.098    12.2612   3.704389    31.8978       1431     5.9583     2.3867  0.000e+00
     22.858    12.2678   3.704454    31.8929       1432     5.9625     2.3913  0.000e+00
     22.637    12.2727   3.704571    31.8900       1433     5.9667     2.3931  0.000e+00
     22.425    12.2763   3.704518    31.8865       1434     5.9708     2.3975  0.000e+00
     22.237    12.2788   3.704548    31.8847       1435     5.9750     2.4002  0.000e+00
     22.069    12.2804   3.704747    31.8853       1436     5.9792     2.4031  0.000e+00
     21.910    12.2821   3.705206    31.8883       1437     5.9833     2.4054  0.000e+00
     21.769    12.2864   3.705294    31.8855       1438     5.9875     2.4076  0.000e+00
     21.635    12.2904   3.705253    31.8818       1439     5.9917     2.4097  0.000e+00
     21.503    12.2930   3.705382    31.8808       1440     5.9958     2.4109  0.000e+00
     21.377    12.2952   3.705517    31.8804       1441     6.0000     2.4127  0.000e+00
     21.239    12.2976   3.705511    31.8783       1442     6.0042     2.4141  0.000e+00
     21.089    12.2993   3.705494    31.8768       1443     6.0083     2.4153  0.000e+00
     20.924    12.3000   3.705682    31.8780       1444     6.0125     2.4177  0.000e+00
     20.744    12.3013   3.705834    31.8784       1445     6.0167     2.4183  0.000e+00
     20.543    12.3031   3.705928    31.8779       1446     6.0208     2.4193  0.000e+00
     20.333    12.3051   3.706011    31.8771       1447     6.0250     2.4190  0.000e+00
     20.093    12.3072   3.706240    31.8776       1448     6.0292     2.4228  0.000e+00
