HB2407/sbe140.cnv
* Sea-Bird SBE 19plus V2 Data File:
* FileName = C:\cruise\data\sbe140.hex
* Software Version Seasave V 7.26.7.121
* Temperature SN = 7037
* Conductivity SN = 7037
* System UpLoad Time = Nov 11 2024 02:59:01
* NMEA Latitude = 42 09.25 N
* NMEA Longitude = 070 02.13 W
* NMEA UTC (Time) = Nov 11 2024  02:57:23
** Ship: Bigelow
** Cruise:  HB2407
** Program:  Spring Bottom Trawl
# nquan = 8
# nvalues = 2113                                  
# units = specified
# name 0 = depSM: Depth [salt water, m]
# name 1 = tv290C: Temperature [ITS-90, deg C]
# name 2 = c0S/m: Conductivity [S/m]
# name 3 = sal00: Salinity, Practical [PSU]
# name 4 = scan: Scan Count
# name 5 = timeM: Time, Elapsed [minutes]
# name 6 = sbeox0V: Oxygen raw, SBE 43 [V]
# name 7 = flag:  0.000e+00
# span 0 =     -0.026,     82.205                 
# span 1 =     8.0738,    13.6291                 
# span 2 =   0.000055,   3.829908                 
# span 3 =     0.0066,    33.2910                 
# span 4 =         11,       2123                 
# span 5 =     0.0417,     8.8417                 
# span 6 =     1.8151,     2.5383                 
# span 7 = 0.0000e+00, 0.0000e+00                 
# interval = seconds: 0.25
# start_time = Nov 11 2024 02:57:23 [NMEA time, header]
# bad_flag = -9.990e-29
*END*
      0.019    13.6291   0.000082     0.0071         11     0.0417     2.5369  0.000e+00
      0.021    13.6264   0.000082     0.0071         12     0.0458     2.5364  0.000e+00
      0.025    13.6255   0.000082     0.0071         13     0.0500     2.5373  0.000e+00
      0.026    13.6190   0.000084     0.0071         14     0.0542     2.5367  0.000e+00
      0.023    13.6131   0.000079     0.0071         15     0.0583     2.5374  0.000e+00
      0.023    13.6118   0.000079     0.0071         16     0.0625     2.5375  0.000e+00
      0.025    13.6133   0.000082     0.0071         17     0.0667     2.5380  0.000e+00
      0.021    13.6151   0.000082     0.0071         18     0.0708     2.5375  0.000e+00
      0.021    13.6169   0.000082     0.0071         19     0.0750     2.5370  0.000e+00
      0.021    13.6196   0.000079     0.0071         20     0.0792     2.5372  0.000e+00
      0.014    13.6213   0.000084     0.0071         21     0.0833     2.5364  0.000e+00
      0.019    13.6173   0.000079     0.0071         22     0.0875     2.5370  0.000e+00
      0.018    13.6129   0.000082     0.0071         23     0.0917     2.5381  0.000e+00
      0.019    13.6059   0.000079     0.0071         24     0.0958     2.5375  0.000e+00
      0.017    13.5946   0.000079     0.0071         25     0.1000     2.5381  0.000e+00
      0.019    13.5798   0.000068     0.0070         26     0.1042     2.5374  0.000e+00
      0.016    13.5638   0.000076     0.0070         27     0.1083     2.5364  0.000e+00
      0.017    13.5495   0.000079     0.0070         28     0.1125     2.5366  0.000e+00
      0.019    13.5368   0.000074     0.0070         29     0.1167     2.5370  0.000e+00
      0.023    13.5255   0.000074     0.0070         30     0.1208     2.5367  0.000e+00
      0.021    13.5150   0.000074     0.0070         31     0.1250     2.5365  0.000e+00
      0.016    13.5024   0.000074     0.0070         32     0.1292     2.5375  0.000e+00
      0.014    13.4934   0.000068     0.0070         33     0.1333     2.5367  0.000e+00
      0.019    13.4873   0.000071     0.0070         34     0.1375     2.5365  0.000e+00
      0.018    13.4759   0.000074     0.0070         35     0.1417     2.5370  0.000e+00
      0.016    13.4634   0.000074     0.0070         36     0.1458     2.5362  0.000e+00
      0.021    13.4495   0.000068     0.0070         37     0.1500     2.5383  0.000e+00
      0.019    13.4343   0.000068     0.0070         38     0.1542     2.5365  0.000e+00
      0.018    13.4191   0.000063     0.0070         39     0.1583     2.5370  0.000e+00
      0.021    13.4051   0.000071     0.0070         40     0.1625     2.5363  0.000e+00
      0.016    13.3940   0.000068     0.0069         41     0.1667     2.5369  0.000e+00
      0.018    13.3816   0.000068     0.0069         42     0.1708     2.5365  0.000e+00
      0.016    13.3682   0.000068     0.0069         43     0.1750     2.5366  0.000e+00
      0.018    13.3544   0.000063     0.0069         44     0.1792     2.5369  0.000e+00
      0.018    13.3404   0.000063     0.0069         45     0.1833     2.5365  0.000e+00
      0.020    13.3270   0.000063     0.0069         46     0.1875     2.5367  0.000e+00
      0.018    13.3133   0.000060     0.0069         47     0.1917     2.5370  0.000e+00
      0.018    13.2999   0.000063     0.0069         48     0.1958     2.5367  0.000e+00
      0.016    13.2879   0.000058     0.0069         49     0.2000     2.5369  0.000e+00
      0.018    13.2758   0.000063     0.0069         50     0.2042     2.5354  0.000e+00
      0.014    13.2634   0.000063     0.0069         51     0.2083     2.5365  0.000e+00
      0.013    13.2504   0.000063     0.0069         52     0.2125     2.5364  0.000e+00
      0.018    13.2380   0.000055     0.0069         53     0.2167     2.5367  0.000e+00
      0.016    13.2269   0.000063     0.0069         54     0.2208     2.5357  0.000e+00
      0.014    13.2167   0.000063     0.0069         55     0.2250     2.5357  0.000e+00
      0.018    13.2080   0.000063     0.0068         56     0.2292     2.5355  0.000e+00
      0.022    13.1997   0.000068     0.0068         57     0.2333     2.5367  0.000e+00
      0.016    13.1905   0.000068     0.0068         58     0.2375     2.5355  0.000e+00
      0.018    13.1808   0.000063     0.0068         59     0.2417     2.5369  0.000e+00
      0.022    13.1710   0.000060     0.0068         60     0.2458     2.5357  0.000e+00
      0.020    13.1614   0.000068     0.0068         61     0.2500     2.5364  0.000e+00
      0.018    13.1522   0.000063     0.0068         62     0.2542     2.5354  0.000e+00
      0.023    13.1446   0.000063     0.0068         63     0.2583     2.5371  0.000e+00
      0.020    13.1381   0.000068     0.0068         64     0.2625     2.5354  0.000e+00
      0.020    13.1334   0.000068     0.0068         65     0.2667     2.5367  0.000e+00
      0.018    13.1291   0.000068     0.0068         66     0.2708     2.5368  0.000e+00
      0.018    13.1253   0.000066     0.0068         67     0.2750     2.5367  0.000e+00
      0.018    13.1220   0.000063     0.0068         68     0.2792     2.5365  0.000e+00
      0.018    13.1186   0.000068     0.0068         69     0.2833     2.5365  0.000e+00
      0.016    13.1167   0.000068     0.0068         70     0.2875     2.5364  0.000e+00
      0.016    13.1152   0.000068     0.0068         71     0.2917     2.5357  0.000e+00
      0.021    13.1146   0.000068     0.0068         72     0.2958     2.5367  0.000e+00
      0.016    13.1122   0.000060     0.0068         73     0.3000     2.5373  0.000e+00
      0.020    13.1082   0.000063     0.0068         74     0.3042     2.5360  0.000e+00
      0.018    13.1054   0.000063     0.0068         75     0.3083     2.5370  0.000e+00
      0.018    13.1016   0.000068     0.0068         76     0.3125     2.5378  0.000e+00
      0.016    13.0968   0.000068     0.0068         77     0.3167     2.5357  0.000e+00
      0.021    13.0925   0.000068     0.0068         78     0.3208     2.5371  0.000e+00
      0.020    13.0913   0.000074     0.0068         79     0.3250     2.5370  0.000e+00
      0.016    13.0907   0.000066     0.0068         80     0.3292     2.5367  0.000e+00
      0.016    13.0896   0.000063     0.0068         81     0.3333     2.5367  0.000e+00
      0.012    13.0873   0.000068     0.0068         82     0.3375     2.5360  0.000e+00
      0.018    13.0854   0.000063     0.0068         83     0.3417     2.5370  0.000e+00
      0.016    13.0825   0.000068     0.0068         84     0.3458     2.5370  0.000e+00
      0.016    13.0786   0.000063     0.0068         85     0.3500     2.5369  0.000e+00
      0.016    13.0747   0.000066     0.0068         86     0.3542     2.5368  0.000e+00
      0.014    13.0689   0.000058     0.0068         87     0.3583     2.5369  0.000e+00
      0.014    13.0615   0.000058     0.0068         88     0.3625     2.5360  0.000e+00
      0.020    13.0532   0.000063     0.0068         89     0.3667     2.5362  0.000e+00
      0.018    13.0446   0.000063     0.0068         90     0.3708     2.5367  0.000e+00
      0.014    13.0364   0.000058     0.0068         91     0.3750     2.5355  0.000e+00
      0.012    13.0283   0.000058     0.0067         92     0.3792     2.5371  0.000e+00
      0.014    13.0202   0.000055     0.0067         93     0.3833     2.5357  0.000e+00
      0.018    13.0127   0.000058     0.0067         94     0.3875     2.5360  0.000e+00
      0.012    13.0055   0.000063     0.0067         95     0.3917     2.5352  0.000e+00
      0.018    12.9983   0.000063     0.0067         96     0.3958     2.5370  0.000e+00
      0.014    12.9912   0.000063     0.0067         97     0.4000     2.5363  0.000e+00
      0.016    12.9836   0.000058     0.0067         98     0.4042     2.5355  0.000e+00
      0.012    12.9756   0.000055     0.0067         99     0.4083     2.5370  0.000e+00
      0.012    12.9680   0.000058     0.0067        100     0.4125     2.5365  0.000e+00
      0.016    12.9619   0.000082     0.0068        101     0.4167     2.5351  0.000e+00
      0.018    12.9568   0.000063     0.0067        102     0.4208     2.5355  0.000e+00
      0.012    12.9521   0.000058     0.0067        103     0.4250     2.5355  0.000e+00
      0.014    12.9465   0.000058     0.0067        104     0.4292     2.5371  0.000e+00
      0.014    12.9410   0.000058     0.0067        105     0.4333     2.5357  0.000e+00
      0.018    12.9373   0.000060     0.0067        106     0.4375     2.5368  0.000e+00
      0.018    12.9349   0.000063     0.0067        107     0.4417     2.5370  0.000e+00
      0.016    12.9319   0.000063     0.0067        108     0.4458     2.5382  0.000e+00
      0.016    12.9281   0.000058     0.0067        109     0.4500     2.5358  0.000e+00
      0.018    12.9243   0.000058     0.0067        110     0.4542     2.5364  0.000e+00
      0.016    12.9217   0.000063     0.0067        111     0.4583     2.5362  0.000e+00
      0.016    12.9193   0.000058     0.0067        112     0.4625     2.5361  0.000e+00
      0.018    12.9163   0.000055     0.0067        113     0.4667     2.5370  0.000e+00
      0.016    12.9131   0.000058     0.0067        114     0.4708     2.5351  0.000e+00
      0.018    12.9100   0.000058     0.0067        115     0.4750     2.5366  0.000e+00
      0.019    12.9063   0.000058     0.0067        116     0.4792     2.5368  0.000e+00
      0.012    12.9023   0.000058     0.0067        117     0.4833     2.5364  0.000e+00
      0.014    12.8986   0.000058     0.0067        118     0.4875     2.5371  0.000e+00
      0.016    12.8952   0.000055     0.0067        119     0.4917     2.5364  0.000e+00
      0.014    12.8916   0.000063     0.0067        120     0.4958     2.5365  0.000e+00
      0.016    12.8883   0.000058     0.0067        121     0.5000     2.5367  0.000e+00
      0.016    12.8854   0.000063     0.0067        122     0.5042     2.5370  0.000e+00
      0.023    12.8828   0.000063     0.0067        123     0.5083     2.5362  0.000e+00
      0.016    12.8805   0.000058     0.0067        124     0.5125     2.5365  0.000e+00
      0.018    12.8778   0.000058     0.0067        125     0.5167     2.5365  0.000e+00
      0.018    12.8747   0.000060     0.0067        126     0.5208     2.5365  0.000e+00
      0.014    12.8713   0.000063     0.0067        127     0.5250     2.5370  0.000e+00
      0.019    12.8682   0.000058     0.0067        128     0.5292     2.5365  0.000e+00
      0.018    12.8652   0.000063     0.0067        129     0.5333     2.5366  0.000e+00
      0.019    12.8626   0.000058     0.0067        130     0.5375     2.5370  0.000e+00
      0.018    12.8600   0.000058     0.0067        131     0.5417     2.5369  0.000e+00
      0.018    12.8571   0.000060     0.0067        132     0.5458     2.5369  0.000e+00
      0.012    12.8535   0.000058     0.0067        133     0.5500     2.5367  0.000e+00
      0.018    12.8502   0.000058     0.0067        134     0.5542     2.5364  0.000e+00
      0.018    12.8487   0.000063     0.0067        135     0.5583     2.5363  0.000e+00
      0.018    12.8484   0.000058     0.0067        136     0.5625     2.5356  0.000e+00
      0.018    12.8473   0.000058     0.0067        137     0.5667     2.5364  0.000e+00
      0.020    12.8457   0.000058     0.0067        138     0.5708     2.5364  0.000e+00
      0.021    12.8445   0.000055     0.0067        139     0.5750     2.5367  0.000e+00
      0.021    12.8431   0.000058     0.0067        140     0.5792     2.5381  0.000e+00
      0.018    12.8422   0.000058     0.0067        141     0.5833     2.5373  0.000e+00
      0.018    12.8417   0.000058     0.0067        142     0.5875     2.5369  0.000e+00
      0.018    12.8411   0.000058     0.0067        143     0.5917     2.5370  0.000e+00
      0.023    12.8404   0.000063     0.0067        144     0.5958     2.5375  0.000e+00
      0.021    12.8396   0.000055     0.0066        145     0.6000     2.5383  0.000e+00
      0.020    12.8385   0.000058     0.0067        146     0.6042     2.5372  0.000e+00
      0.021    12.8378   0.000063     0.0067        147     0.6083     2.5382  0.000e+00
      0.025    12.8426   0.000074     0.0067        148     0.6125     2.5373  0.000e+00
      0.025    12.8574   0.000068     0.0067        149     0.6167     2.5377  0.000e+00
      0.023    12.8716   0.000063     0.0067        150     0.6208     2.5372  0.000e+00
      0.018    12.8769   0.000063     0.0067        151     0.6250     2.5378  0.000e+00
      0.020    12.8789   0.000076     0.0067        152     0.6292     2.5382  0.000e+00
      0.030    12.9027   0.000082     0.0067        153     0.6333     2.5382  0.000e+00
      0.099    12.9580   0.000087     0.0068        154     0.6375     2.5318  0.000e+00
      0.182    13.0137   0.000087     0.0068        155     0.6417     2.5109  0.000e+00
      0.238    13.0549   0.535066     3.8257        156     0.6458     2.4994  0.000e+00
      0.255    12.9480   1.568763    12.2099        157     0.6500     2.4918  0.000e+00
      0.253    12.6932   0.704789     5.1861        158     0.6542     2.4907  0.000e+00
      0.229    12.5029   0.512011     3.7033        159     0.6583     2.4827  0.000e+00
      0.173    12.3877   0.927186     7.0190        160     0.6625     2.4715  0.000e+00
      0.092    12.3026   2.833635    23.6959        161     0.6667     2.4572  0.000e+00
      0.034    12.2315   3.784167    32.6987        162     0.6708     2.4395  0.000e+00
      0.034    12.1673   1.929494    15.6119        163     0.6750     2.4211  0.000e+00
      0.036    12.0731   0.488536     3.5627        164     0.6792     2.4009  0.000e+00
      0.029    12.0144   0.391717     2.8205        165     0.6833     2.3854  0.000e+00
      0.032    11.9848   1.543641    12.3077        166     0.6875     2.3718  0.000e+00
      0.032    11.9762   2.498318    20.8136        167     0.6917     2.3622  0.000e+00
      0.027    11.9760   2.081088    17.0415        168     0.6958     2.3541  0.000e+00
      0.030    11.9788   0.525226     3.8586        169     0.7000     2.3505  0.000e+00
      0.030    11.9851   0.365488     2.6223        170     0.7042     2.3431  0.000e+00
      0.029    11.9928   0.466555     3.3993        171     0.7083     2.3349  0.000e+00
      0.029    11.9999   0.375877     2.7005        172     0.7125     2.3265  0.000e+00
      0.027    12.0062   0.314467     2.2344        173     0.7167     2.3171  0.000e+00
      0.025    12.0137   0.276436     1.9489        174     0.7208     2.3064  0.000e+00
      0.027    12.0227   0.253513     1.7780        175     0.7250     2.3001  0.000e+00
      0.029    12.0368   0.228291     1.5911        176     0.7292     2.2974  0.000e+00
      0.023    12.0566   0.211505     1.4672        177     0.7333     2.2961  0.000e+00
      0.023    12.0753   0.195144     1.3472        178     0.7375     2.2968  0.000e+00
      0.023    12.0904   0.181666     1.2489        179     0.7417     2.2964  0.000e+00
      0.025    12.1042   0.171591     1.1757        180     0.7458     2.2945  0.000e+00
      0.025    12.1187   0.153765     1.0473        181     0.7500     2.2915  0.000e+00
      0.020    12.1328   0.142360     0.9656        182     0.7542     2.2876  0.000e+00
      0.011    12.1460   0.133588     0.9030        183     0.7583     2.2814  0.000e+00
      0.018    12.1593   0.127850     0.8621        184     0.7625     2.2755  0.000e+00
      0.018    12.1723   0.119676     0.8042        185     0.7667     2.2689  0.000e+00
      0.020    12.1858   0.120513     0.8098        186     0.7708     2.2602  0.000e+00
      0.023    12.2008   0.121085     0.8135        187     0.7750     2.2502  0.000e+00
      0.023    12.2154   1.394754    10.9584        188     0.7792     2.2404  0.000e+00
      0.110    12.2365   3.770899    32.5667        189     0.7833     2.2309  0.000e+00
