HB2407/sbe136.cnv
* Sea-Bird SBE 19plus V2 Data File:
* FileName = C:\cruise\data\sbe136.hex
* Software Version Seasave V 7.26.7.121
* Temperature SN = 7037
* Conductivity SN = 7037
* System UpLoad Time = Nov 06 2024 21:49:20
* NMEA Latitude = 43 18.55 N
* NMEA Longitude = 069 41.97 W
* NMEA UTC (Time) = Nov 06 2024  21:48:36
** Ship: Bigelow
** Cruise:  HB2407
** Program:  Spring Bottom Trawl
# nquan = 8
# nvalues = 2337                                  
# units = specified
# name 0 = depSM: Depth [salt water, m]
# name 1 = tv290C: Temperature [ITS-90, deg C]
# name 2 = c0S/m: Conductivity [S/m]
# name 3 = sal00: Salinity, Practical [PSU]
# name 4 = scan: Scan Count
# name 5 = timeM: Time, Elapsed [minutes]
# name 6 = sbeox0V: Oxygen raw, SBE 43 [V]
# name 7 = flag:  0.000e+00
# span 0 =     -0.071,    153.923                 
# span 1 =     7.4687,    11.7162                 
# span 2 =   0.214243,   3.695192                 
# span 3 =     1.5008,    33.6516                 
# span 4 =         11,       2347                 
# span 5 =     0.0417,     9.7750                 
# span 6 =     1.6505,     2.4666                 
# span 7 = 0.0000e+00, 0.0000e+00                 
# interval = seconds: 0.25
# start_time = Nov 06 2024 21:48:36 [NMEA time, header]
# bad_flag = -9.990e-29
*END*
[from data line 1079]
    139.332     7.5090   3.441380    33.4761       1090     4.5375     1.6861  0.000e+00
    139.403     7.5101   3.441420    33.4755       1091     4.5417     1.6856  0.000e+00
    139.488     7.5109   3.441426    33.4747       1092     4.5458     1.6856  0.000e+00
    139.580     7.5118   3.441523    33.4748       1093     4.5500     1.6856  0.000e+00
    139.672     7.5125   3.441460    33.4734       1094     4.5542     1.6858  0.000e+00
    139.775     7.5128   3.441466    33.4732       1095     4.5583     1.6845  0.000e+00
    139.871     7.5128   3.441483    33.4733       1096     4.5625     1.6851  0.000e+00
    139.956     7.5124   3.441437    33.4731       1097     4.5667     1.6847  0.000e+00
    140.027     7.5123   3.441380    33.4726       1098     4.5708     1.6851  0.000e+00
    140.081     7.5118   3.441380    33.4731       1099     4.5750     1.6844  0.000e+00
    140.115     7.5114   3.441357    33.4732       1100     4.5792     1.6843  0.000e+00
    140.123     7.5109   3.441255    33.4725       1101     4.5833     1.6856  0.000e+00
    140.110     7.5101   3.441226    33.4730       1102     4.5875     1.6851  0.000e+00
    140.063     7.5091   3.441169    33.4734       1103     4.5917     1.6859  0.000e+00
    139.999     7.5084   3.441089    33.4732       1104     4.5958     1.6863  0.000e+00
    139.918     7.5077   3.441032    33.4733       1105     4.6000     1.6867  0.000e+00
    139.820     7.5073   3.440986    33.4732       1106     4.6042     1.6857  0.000e+00
    139.710     7.5071   3.440941    33.4730       1107     4.6083     1.6853  0.000e+00
    139.598     7.5069   3.440878    33.4725       1108     4.6125     1.6863  0.000e+00
    139.493     7.5069   3.440861    33.4724       1109     4.6167     1.6849  0.000e+00
    139.397     7.5069   3.440821    33.4720       1110     4.6208     1.6855  0.000e+00
    139.314     7.5071   3.440838    33.4721       1111     4.6250     1.6855  0.000e+00
    139.256     7.5071   3.440838    33.4721       1112     4.6292     1.6854  0.000e+00
    139.216     7.5073   3.440861    33.4722       1113     4.6333     1.6861  0.000e+00
    139.203     7.5076   3.440878    33.4721       1114     4.6375     1.6863  0.000e+00
    139.211     7.5078   3.440986    33.4731       1115     4.6417     1.6856  0.000e+00
    139.241     7.5082   3.441032    33.4732       1116     4.6458     1.6859  0.000e+00
    139.287     7.5086   3.441152    33.4741       1117     4.6500     1.6854  0.000e+00
    139.344     7.5093   3.441294    33.4749       1118     4.6542     1.6863  0.000e+00
    139.411     7.5101   3.441357    33.4748       1119     4.6583     1.6848  0.000e+00
    139.482     7.5109   3.441357    33.4740       1120     4.6625     1.6848  0.000e+00
    139.552     7.5116   3.441357    33.4732       1121     4.6667     1.6850  0.000e+00
    139.625     7.5118   3.441334    33.4728       1122     4.6708     1.6851  0.000e+00
    139.688     7.5121   3.441334    33.4725       1123     4.6750     1.6862  0.000e+00
    139.735     7.5121   3.441272    33.4718       1124     4.6792     1.6852  0.000e+00
    139.775     7.5118   3.441317    33.4725       1125     4.6833     1.6857  0.000e+00
    139.811     7.5118   3.441226    33.4716       1126     4.6875     1.6854  0.000e+00
    139.825     7.5115   3.441152    33.4710       1127     4.6917     1.6851  0.000e+00
    139.840     7.5109   3.441066    33.4706       1128     4.6958     1.6853  0.000e+00
    139.842     7.5104   3.441032    33.4708       1129     4.7000     1.6858  0.000e+00
    139.836     7.5098   3.441003    33.4710       1130     4.7042     1.6859  0.000e+00
    139.827     7.5092   3.441066    33.4723       1131     4.7083     1.6864  0.000e+00
    139.818     7.5087   3.441163    33.4738       1132     4.7125     1.6860  0.000e+00
    139.805     7.5077   3.441232    33.4756       1133     4.7167     1.6861  0.000e+00
    139.793     7.5068   3.441295    33.4771       1134     4.7208     1.6861  0.000e+00
    139.769     7.5057   3.441397    33.4793       1135     4.7250     1.6867  0.000e+00
    139.742     7.5046   3.441466    33.4811       1136     4.7292     1.6864  0.000e+00
    139.713     7.5035   3.441483    33.4823       1137     4.7333     1.6863  0.000e+00
    139.682     7.5027   3.441523    33.4836       1138     4.7375     1.6865  0.000e+00
    139.646     7.5023   3.441551    33.4843       1139     4.7417     1.6855  0.000e+00
    139.613     7.5016   3.441586    33.4853       1140     4.7458     1.6857  0.000e+00
    139.581     7.5012   3.441609    33.4860       1141     4.7500     1.6863  0.000e+00
    139.550     7.5009   3.441626    33.4865       1142     4.7542     1.6863  0.000e+00
    139.525     7.5005   3.441620    33.4867       1143     4.7583     1.6870  0.000e+00
    139.507     7.5004   3.441626    33.4869       1144     4.7625     1.6860  0.000e+00
    139.488     7.5001   3.441649    33.4875       1145     4.7667     1.6857  0.000e+00
    139.481     7.5001   3.441683    33.4879       1146     4.7708     1.6854  0.000e+00
    139.481     7.4998   3.441688    33.4882       1147     4.7750     1.6844  0.000e+00
    139.494     7.5000   3.441711    33.4883       1148     4.7792     1.6847  0.000e+00
    139.517     7.5000   3.441814    33.4894       1149     4.7833     1.6838  0.000e+00
    139.553     7.5002   3.441991    33.4911       1150     4.7875     1.6840  0.000e+00
    139.595     7.5011   3.442060    33.4909       1151     4.7917     1.6833  0.000e+00
    139.647     7.5027   3.442082    33.4896       1152     4.7958     1.6843  0.000e+00
    139.714     7.5041   3.442117    33.4886       1153     4.8000     1.6841  0.000e+00
    139.785     7.5049   3.442122    33.4879       1154     4.8042     1.6830  0.000e+00
    139.859     7.5053   3.442122    33.4874       1155     4.8083     1.6831  0.000e+00
    139.933     7.5057   3.442077    33.4865       1156     4.8125     1.6834  0.000e+00
    140.002     7.5060   3.442020    33.4856       1157     4.8167     1.6838  0.000e+00
    140.071     7.5058   3.442003    33.4855       1158     4.8208     1.6831  0.000e+00
    140.128     7.5059   3.442003    33.4854       1159     4.8250     1.6853  0.000e+00
    140.154     7.5057   3.441991    33.4855       1160     4.8292     1.6834  0.000e+00
    140.170     7.5058   3.441814    33.4834       1161     4.8333     1.6840  0.000e+00
    140.181     7.5058   3.441854    33.4839       1162     4.8375     1.6838  0.000e+00
    140.172     7.5046   3.441900    33.4855       1163     4.8417     1.6841  0.000e+00
    140.139     7.5029   3.441814    33.4863       1164     4.8458     1.6836  0.000e+00
    140.098     7.5017   3.441854    33.4879       1165     4.8500     1.6839  0.000e+00
    140.041     7.5005   3.441894    33.4895       1166     4.8542     1.6838  0.000e+00
    139.969     7.4999   3.442225    33.4937       1167     4.8583     1.6852  0.000e+00
    139.884     7.4995   3.442910    33.5016       1168     4.8625     1.6845  0.000e+00
    139.790     7.4992   3.442688    33.4995       1169     4.8667     1.6840  0.000e+00
    139.703     7.4991   3.442317    33.4955       1170     4.8708     1.6851  0.000e+00
    139.615     7.4991   3.442020    33.4924       1171     4.8750     1.6849  0.000e+00
    139.539     7.4988   3.441957    33.4921       1172     4.8792     1.6844  0.000e+00
    139.479     7.4989   3.441894    33.4913       1173     4.8833     1.6850  0.000e+00
    139.434     7.4989   3.441860    33.4910       1174     4.8875     1.6851  0.000e+00
    139.408     7.4989   3.441837    33.4907       1175     4.8917     1.6836  0.000e+00
    139.412     7.4990   3.441837    33.4907       1176     4.8958     1.6844  0.000e+00
    139.444     7.4990   3.441945    33.4918       1177     4.9000     1.6831  0.000e+00
    139.493     7.4992   3.442185    33.4942       1178     4.9042     1.6844  0.000e+00
    139.564     7.4999   3.442436    33.4962       1179     4.9083     1.6831  0.000e+00
    139.654     7.5006   3.442534    33.4965       1180     4.9125     1.6832  0.000e+00
    139.754     7.5016   3.442579    33.4960       1181     4.9167     1.6834  0.000e+00
    139.855     7.5025   3.442642    33.4958       1182     4.9208     1.6829  0.000e+00
    139.965     7.5030   3.442602    33.4947       1183     4.9250     1.6824  0.000e+00
    140.059     7.5035   3.442642    33.4947       1184     4.9292     1.6822  0.000e+00
    140.149     7.5037   3.442642    33.4945       1185     4.9333     1.6815  0.000e+00
    140.213     7.5036   3.442579    33.4939       1186     4.9375     1.6821  0.000e+00
    140.254     7.5034   3.442488    33.4930       1187     4.9417     1.6810  0.000e+00
    140.267     7.5028   3.442334    33.4919       1188     4.9458     1.6819  0.000e+00
    140.262     7.5021   3.442231    33.4915       1189     4.9500     1.6831  0.000e+00
    140.225     7.5012   3.442020    33.4901       1190     4.9542     1.6830  0.000e+00
    140.158     7.5004   3.442077    33.4916       1191     4.9583     1.6823  0.000e+00
    140.077     7.5000   3.442168    33.4929       1192     4.9625     1.6825  0.000e+00
    139.979     7.4996   3.441894    33.4904       1193     4.9667     1.6825  0.000e+00
    139.878     7.4995   3.441877    33.4904       1194     4.9708     1.6836  0.000e+00
    139.773     7.4993   3.441894    33.4908       1195     4.9750     1.6824  0.000e+00
    139.674     7.4990   3.441877    33.4909       1196     4.9792     1.6833  0.000e+00
    139.592     7.4991   3.441854    33.4907       1197     4.9833     1.6833  0.000e+00
    139.529     7.4990   3.441791    33.4901       1198     4.9875     1.6841  0.000e+00
    139.489     7.4991   3.441791    33.4900       1199     4.9917     1.6838  0.000e+00
    139.471     7.4991   3.441814    33.4903       1200     4.9958     1.6835  0.000e+00
    139.482     7.4992   3.441860    33.4907       1201     5.0000     1.6838  0.000e+00
    139.511     7.4995   3.441980    33.4917       1202     5.0042     1.6837  0.000e+00
    139.559     7.4996   3.442122    33.4930       1203     5.0083     1.6834  0.000e+00
    139.621     7.5002   3.442225    33.4935       1204     5.0125     1.6840  0.000e+00
    139.690     7.5009   3.442288    33.4935       1205     5.0167     1.6838  0.000e+00
    139.764     7.5016   3.442311    33.4930       1206     5.0208     1.6837  0.000e+00
    139.836     7.5021   3.442334    33.4928       1207     5.0250     1.6838  0.000e+00
    139.896     7.5023   3.442402    33.4934       1208     5.0292     1.6832  0.000e+00
    139.945     7.5026   3.442397    33.4929       1209     5.0333     1.6839  0.000e+00
    139.981     7.5025   3.442271    33.4917       1210     5.0375     1.6839  0.000e+00
    139.993     7.5023   3.442208    33.4912       1211     5.0417     1.6837  0.000e+00
    139.990     7.5018   3.442060    33.4901       1212     5.0458     1.6835  0.000e+00
    139.968     7.5013   3.441980    33.4897       1213     5.0500     1.6835  0.000e+00
    139.935     7.5007   3.441957    33.4900       1214     5.0542     1.6838  0.000e+00
    139.887     7.5002   3.441991    33.4909       1215     5.0583     1.6841  0.000e+00
    139.832     7.4997   3.441980    33.4913       1216     5.0625     1.6846  0.000e+00
    139.776     7.4994   3.441957    33.4914       1217     5.0667     1.6830  0.000e+00
    139.726     7.4992   3.441945    33.4915       1218     5.0708     1.6841  0.000e+00
    139.682     7.4991   3.441917    33.4912       1219     5.0750     1.6842  0.000e+00
    139.651     7.4993   3.441957    33.4916       1220     5.0792     1.6840  0.000e+00
    139.631     7.4994   3.441923    33.4911       1221     5.0833     1.6850  0.000e+00
    139.628     7.4995   3.441917    33.4910       1222     5.0875     1.6837  0.000e+00
    139.646     7.4996   3.441917    33.4908       1223     5.0917     1.6827  0.000e+00
    139.671     7.4998   3.441957    33.4911       1224     5.0958     1.6833  0.000e+00
    139.713     7.4999   3.441991    33.4913       1225     5.1000     1.6830  0.000e+00
    139.758     7.4999   3.442020    33.4915       1226     5.1042     1.6829  0.000e+00
    139.808     7.5002   3.442145    33.4926       1227     5.1083     1.6824  0.000e+00
    139.859     7.5006   3.442271    33.4936       1228     5.1125     1.6832  0.000e+00
    139.904     7.5011   3.442248    33.4928       1229     5.1167     1.6834  0.000e+00
    139.940     7.5017   3.442271    33.4925       1230     5.1208     1.6829  0.000e+00
    139.966     7.5020   3.442271    33.4922       1231     5.1250     1.6834  0.000e+00
    139.973     7.5023   3.442208    33.4912       1232     5.1292     1.6828  0.000e+00
    139.971     7.5024   3.442083    33.4898       1233     5.1333     1.6825  0.000e+00
    139.949     7.5021   3.442020    33.4894       1234     5.1375     1.6819  0.000e+00
    139.919     7.5015   3.441991    33.4896       1235     5.1417     1.6819  0.000e+00
    139.882     7.5011   3.442020    33.4904       1236     5.1458     1.6835  0.000e+00
    139.843     7.5007   3.442043    33.4910       1237     5.1500     1.6828  0.000e+00
    139.792     7.5004   3.442020    33.4911       1238     5.1542     1.6838  0.000e+00
    139.758     7.5002   3.442008    33.4912       1239     5.1583     1.6822  0.000e+00
    139.723     7.5001   3.442020    33.4914       1240     5.1625     1.6825  0.000e+00
    139.700     7.4999   3.442020    33.4916       1241     5.1667     1.6830  0.000e+00
    139.689     7.5000   3.442008    33.4914       1242     5.1708     1.6824  0.000e+00
    139.689     7.5002   3.441980    33.4909       1243     5.1750     1.6838  0.000e+00
    139.700     7.5001   3.442003    33.4912       1244     5.1792     1.6819  0.000e+00
    139.710     7.5002   3.442008    33.4912       1245     5.1833     1.6831  0.000e+00
    139.725     7.5002   3.442043    33.4915       1246     5.1875     1.6832  0.000e+00
    139.741     7.5005   3.442043    33.4912       1247     5.1917     1.6814  0.000e+00
    139.746     7.5008   3.442083    33.4914       1248     5.1958     1.6827  0.000e+00
    139.748     7.5009   3.442100    33.4915       1249     5.2000     1.6830  0.000e+00
    139.743     7.5009   3.442083    33.4914       1250     5.2042     1.6833  0.000e+00
    139.723     7.5009   3.442060    33.4911       1251     5.2083     1.6831  0.000e+00
    139.698     7.5007   3.442054    33.4912       1252     5.2125     1.6837  0.000e+00
    139.676     7.5005   3.442020    33.4911       1253     5.2167     1.6830  0.000e+00
    139.652     7.5003   3.442020    33.4912       1254     5.2208     1.6834  0.000e+00
    139.634     7.5002   3.442003    33.4911       1255     5.2250     1.6836  0.000e+00
    139.621     7.5002   3.442008    33.4913       1256     5.2292     1.6832  0.000e+00
    139.621     7.5001   3.442043    33.4917       1257     5.2333     1.6838  0.000e+00
    139.641     7.5000   3.442060    33.4920       1258     5.2375     1.6836  0.000e+00
    139.668     7.5002   3.442140    33.4926       1259     5.2417     1.6828  0.000e+00
    139.717     7.5002   3.442248    33.4937       1260     5.2458     1.6815  0.000e+00
    139.779     7.5009   3.442185    33.4924       1261     5.2500     1.6826  0.000e+00
    139.847     7.5014   3.442271    33.4928       1262     5.2542     1.6821  0.000e+00
    139.925     7.5016   3.442334    33.4932       1263     5.2583     1.6819  0.000e+00
    139.997     7.5020   3.442397    33.4935       1264     5.2625     1.6808  0.000e+00
    140.066     7.5026   3.442459    33.4936       1265     5.2667     1.6828  0.000e+00
    140.122     7.5034   3.442488    33.4931       1266     5.2708     1.6829  0.000e+00
    140.160     7.5040   3.442334    33.4909       1267     5.2750     1.6829  0.000e+00
    140.177     7.5040   3.442208    33.4894       1268     5.2792     1.6826  0.000e+00
