HB2407/sbe123.cnv
* Sea-Bird SBE 19plus V2 Data File:
* FileName = C:\cruise\data\sbe123.hex
* Software Version Seasave V 7.26.7.121
* Temperature SN = 7037
* Conductivity SN = 7037
* System UpLoad Time = Nov 02 2024 09:25:10
* NMEA Latitude = 42 53.78 N
* NMEA Longitude = 067 36.61 W
* NMEA UTC (Time) = Nov 02 2024  09:24:22
** Ship: Bigelow
** Cruise:  HB2407
** Program:  Spring Bottom Trawl
# nquan = 8
# nvalues = 4937                                  
# units = specified
# name 0 = depSM: Depth [salt water, m]
# name 1 = tv290C: Temperature [ITS-90, deg C]
# name 2 = c0S/m: Conductivity [S/m]
# name 3 = sal00: Salinity, Practical [PSU]
# name 4 = scan: Scan Count
# name 5 = timeM: Time, Elapsed [minutes]
# name 6 = sbeox0V: Oxygen raw, SBE 43 [V]
# name 7 = flag:  0.000e+00
# span 0 =      0.024,    200.215                 
# span 1 =     6.6713,    13.2903                 
# span 2 =  -0.056871,   3.805670                 
# span 3 =     0.0000,    34.2462                 
# span 4 =         11,       4947                 
# span 5 =     0.0417,    20.6083                 
# span 6 =     1.7757,     2.5802                 
# span 7 = 0.0000e+00, 0.0000e+00                 
# interval = seconds: 0.25
# start_time = Nov 02 2024 09:24:22 [NMEA time, header]
# bad_flag = -9.990e-29
*END*
[from data line 3956]
     51.696    11.4947   3.662561    32.1407       3967    16.5250     2.1529  0.000e+00
     51.629    11.4985   3.663076    32.1424       3968    16.5292     2.1529  0.000e+00
     51.566    11.5035   3.664153    32.1486       3969    16.5333     2.1532  0.000e+00
     51.519    11.5104   3.664235    32.1434       3970    16.5375     2.1527  0.000e+00
     51.482    11.5167   3.664773    32.1433       3971    16.5417     2.1519  0.000e+00
     51.444    11.5222   3.665136    32.1421       3972    16.5458     2.1521  0.000e+00
     51.414    11.5277   3.664861    32.1346       3973    16.5500     2.1532  0.000e+00
     51.387    11.5304   3.664972    32.1334       3974    16.5542     2.1520  0.000e+00
     51.351    11.5321   3.664925    32.1314       3975    16.5583     2.1532  0.000e+00
     51.322    11.5333   3.664217    32.1235       3976    16.5625     2.1552  0.000e+00
     51.287    11.5314   3.664568    32.1286       3977    16.5667     2.1548  0.000e+00
     51.257    11.5305   3.665171    32.1353       3978    16.5708     2.1566  0.000e+00
     51.220    11.5325   3.665475    32.1365       3979    16.5750     2.1562  0.000e+00
     51.175    11.5353   3.665282    32.1322       3980    16.5792     2.1549  0.000e+00
     51.130    11.5371   3.666312    32.1407       3981    16.5833     2.1565  0.000e+00
     51.068    11.5412   3.666804    32.1419       3982    16.5875     2.1571  0.000e+00
     51.011    11.5465   3.666312    32.1326       3983    16.5917     2.1563  0.000e+00
     50.951    11.5490   3.666646    32.1337       3984    16.5958     2.1560  0.000e+00
     50.881    11.5513   3.667835    32.1434       3985    16.6000     2.1554  0.000e+00
     50.814    11.5564   3.669263    32.1528       3986    16.6042     2.1545  0.000e+00
     50.739    11.5661   3.670429    32.1559       3987    16.6083     2.1550  0.000e+00
     50.663    11.5775   3.671882    32.1601       3988    16.6125     2.1573  0.000e+00
     50.586    11.5914   3.672684    32.1560       3989    16.6167     2.1572  0.000e+00
     50.513    11.6057   3.672865    32.1453       3990    16.6208     2.1589  0.000e+00
     50.436    11.6172   3.673088    32.1376       3991    16.6250     2.1586  0.000e+00
     50.365    11.6256   3.673264    32.1320       3992    16.6292     2.1604  0.000e+00
     50.289    11.6317   3.673381    32.1279       3993    16.6333     2.1604  0.000e+00
     50.226    11.6367   3.673539    32.1252       3994    16.6375     2.1621  0.000e+00
     50.173    11.6403   3.673586    32.1225       3995    16.6417     2.1638  0.000e+00
     50.117    11.6429   3.673715    32.1215       3996    16.6458     2.1641  0.000e+00
     50.065    11.6452   3.673943    32.1217       3997    16.6500     2.1643  0.000e+00
     50.023    11.6479   3.674851    32.1282       3998    16.6542     2.1640  0.000e+00
     49.985    11.6529   3.676363    32.1387       3999    16.6583     2.1650  0.000e+00
     49.933    11.6622   3.678198    32.1484       4000    16.6625     2.1653  0.000e+00
     49.893    11.6767   3.680772    32.1609       4001    16.6667     2.1668  0.000e+00
     49.839    11.6978   3.682625    32.1607       4002    16.6708     2.1668  0.000e+00
     49.783    11.7210   3.684983    32.1636       4003    16.6750     2.1658  0.000e+00
     49.720    11.7458   3.686919    32.1608       4004    16.6792     2.1681  0.000e+00
     49.656    11.7709   3.688538    32.1549       4005    16.6833     2.1684  0.000e+00
     49.593    11.7952   3.689189    32.1402       4006    16.6875     2.1698  0.000e+00
     49.523    11.8150   3.690281    32.1338       4007    16.6917     2.1715  0.000e+00
     49.461    11.8316   3.690944    32.1259       4008    16.6958     2.1734  0.000e+00
     49.405    11.8461   3.691261    32.1164       4009    16.7000     2.1747  0.000e+00
     49.345    11.8571   3.691549    32.1097       4010    16.7042     2.1773  0.000e+00
     49.297    11.8654   3.691871    32.1057       4011    16.7083     2.1783  0.000e+00
     49.248    11.8719   3.691983    32.1012       4012    16.7125     2.1795  0.000e+00
     49.208    11.8767   3.692112    32.0983       4013    16.7167     2.1818  0.000e+00
     49.165    11.8805   3.692276    32.0967       4014    16.7208     2.1827  0.000e+00
     49.127    11.8833   3.692129    32.0929       4015    16.7250     2.1827  0.000e+00
     49.091    11.8849   3.692341    32.0936       4016    16.7292     2.1834  0.000e+00
     49.044    11.8864   3.692658    32.0954       4017    16.7333     2.1840  0.000e+00
     48.993    11.8884   3.693104    32.0980       4018    16.7375     2.1850  0.000e+00
     48.937    11.8915   3.693468    32.0989       4019    16.7417     2.1855  0.000e+00
     48.879    11.8954   3.693832    32.0990       4020    16.7458     2.1865  0.000e+00
     48.818    11.8994   3.694155    32.0987       4021    16.7500     2.1864  0.000e+00
     48.754    11.9035   3.693920    32.0929       4022    16.7542     2.1860  0.000e+00
     48.691    11.9064   3.694566    32.0967       4023    16.7583     2.1871  0.000e+00
     48.628    11.9089   3.694619    32.0951       4024    16.7625     2.1881  0.000e+00
     48.565    11.9122   3.694848    32.0945       4025    16.7667     2.1883  0.000e+00
     48.500    11.9151   3.695300    32.0963       4026    16.7708     2.1886  0.000e+00
     48.451    11.9184   3.695635    32.0967       4027    16.7750     2.1902  0.000e+00
     48.398    11.9226   3.695682    32.0937       4028    16.7792     2.1898  0.000e+00
     48.340    11.9257   3.695687    32.0910       4029    16.7833     2.1905  0.000e+00
     48.293    11.9276   3.696040    32.0928       4030    16.7875     2.1908  0.000e+00
     48.250    11.9299   3.695881    32.0893       4031    16.7917     2.1904  0.000e+00
     48.217    11.9314   3.695770    32.0870       4032    16.7958     2.1908  0.000e+00
     48.179    11.9320   3.696269    32.0913       4033    16.8000     2.1911  0.000e+00
     48.150    11.9332   3.696075    32.0884       4034    16.8042     2.1932  0.000e+00
     48.127    11.9343   3.696198    32.0887       4035    16.8083     2.1934  0.000e+00
     48.096    11.9350   3.696286    32.0889       4036    16.8125     2.1941  0.000e+00
     48.065    11.9358   3.696404    32.0894       4037    16.8167     2.1941  0.000e+00
     48.033    11.9370   3.696492    32.0892       4038    16.8208     2.1941  0.000e+00
     47.993    11.9380   3.696574    32.0891       4039    16.8250     2.1949  0.000e+00
     47.955    11.9393   3.697350    32.0956       4040    16.8292     2.1946  0.000e+00
     47.910    11.9421   3.697984    32.0992       4041    16.8333     2.1944  0.000e+00
     47.863    11.9473   3.698519    32.1000       4042    16.8375     2.1930  0.000e+00
     47.814    11.9532   3.698930    32.0989       4043    16.8417     2.1932  0.000e+00
     47.762    11.9589   3.698883    32.0936       4044    16.8458     2.1921  0.000e+00
     47.702    11.9635   3.699470    32.0953       4045    16.8500     2.1925  0.000e+00
     47.637    11.9676   3.699899    32.0960       4046    16.8542     2.1925  0.000e+00
     47.579    11.9726   3.700616    32.0986       4047    16.8583     2.1939  0.000e+00
     47.512    11.9783   3.700716    32.0947       4048    16.8625     2.1940  0.000e+00
     47.456    11.9834   3.701503    32.0979       4049    16.8667     2.1950  0.000e+00
     47.400    11.9893   3.703296    32.1101       4050    16.8708     2.1946  0.000e+00
     47.346    11.9994   3.703519    32.1036       4051    16.8750     2.1944  0.000e+00
     47.297    12.0097   3.704395    32.1032       4052    16.8792     2.1953  0.000e+00
     47.257    12.0194   3.705195    32.1026       4053    16.8833     2.1951  0.000e+00
     47.223    12.0290   3.705441    32.0967       4054    16.8875     2.1949  0.000e+00
     47.188    12.0371   3.705847    32.0937       4055    16.8917     2.1960  0.000e+00
     47.156    12.0436   3.706100    32.0905       4056    16.8958     2.1960  0.000e+00
     47.127    12.0490   3.706411    32.0889       4057    16.9000     2.1966  0.000e+00
     47.100    12.0538   3.706664    32.0872       4058    16.9042     2.1966  0.000e+00
     47.083    12.0581   3.706729    32.0842       4059    16.9083     2.1983  0.000e+00
     47.055    12.0615   3.707558    32.0892       4060    16.9125     2.1998  0.000e+00
     47.027    12.0660   3.707570    32.0855       4061    16.9167     2.2004  0.000e+00
     47.004    12.0704   3.707517    32.0812       4062    16.9208     2.2027  0.000e+00
     46.975    12.0729   3.707476    32.0787       4063    16.9250     2.2036  0.000e+00
     46.935    12.0742   3.707205    32.0750       4064    16.9292     2.2044  0.000e+00
     46.896    12.0742   3.708146    32.0841       4065    16.9333     2.2053  0.000e+00
     46.852    12.0763   3.708793    32.0885       4066    16.9375     2.2053  0.000e+00
     46.809    12.0811   3.709140    32.0878       4067    16.9417     2.2073  0.000e+00
     46.760    12.0864   3.709493    32.0866       4068    16.9458     2.2074  0.000e+00
     46.722    12.0916   3.710352    32.0904       4069    16.9500     2.2076  0.000e+00
     46.688    12.0977   3.711217    32.0935       4070    16.9542     2.2086  0.000e+00
     46.655    12.1051   3.711446    32.0893       4071    16.9583     2.2086  0.000e+00
     46.630    12.1121   3.711328    32.0822       4072    16.9625     2.2098  0.000e+00
     46.612    12.1177   3.712781    32.0915       4073    16.9667     2.2098  0.000e+00
     46.596    12.1250   3.713217    32.0894       4074    16.9708     2.2095  0.000e+00
     46.583    12.1321   3.710851    32.0605       4075    16.9750     2.2092  0.000e+00
     46.574    12.1313   3.711446    32.0669       4076    16.9792     2.2097  0.000e+00
     46.561    12.1282   3.712110    32.0760       4077    16.9833     2.2105  0.000e+00
     46.550    12.1286   3.713282    32.0869       4078    16.9875     2.2111  0.000e+00
     46.539    12.1343   3.714935    32.0979       4079    16.9917     2.2108  0.000e+00
     46.514    12.1448   3.714982    32.0894       4080    16.9958     2.2114  0.000e+00
     46.491    12.1540   3.715429    32.0858       4081    17.0000     2.2124  0.000e+00
     46.451    12.1613   3.715753    32.0827       4082    17.0042     2.2129  0.000e+00
     46.406    12.1675   3.716189    32.0816       4083    17.0083     2.2127  0.000e+00
     46.351    12.1731   3.717278    32.0872       4084    17.0125     2.2137  0.000e+00
     46.290    12.1805   3.718956    32.0970       4085    17.0167     2.2141  0.000e+00
     46.223    12.1921   3.719062    32.0881       4086    17.0208     2.2144  0.000e+00
     46.149    12.2024   3.719756    32.0860       4087    17.0250     2.2153  0.000e+00
     46.082    12.2113   3.720257    32.0832       4088    17.0292     2.2150  0.000e+00
     46.011    12.2194   3.720528    32.0789       4089    17.0333     2.2147  0.000e+00
     45.954    12.2261   3.720563    32.0735       4090    17.0375     2.2161  0.000e+00
     45.899    12.2307   3.720298    32.0670       4091    17.0417     2.2151  0.000e+00
     45.852    12.2331   3.720574    32.0676       4092    17.0458     2.2158  0.000e+00
     45.811    12.2350   3.720733    32.0675       4093    17.0500     2.2187  0.000e+00
     45.776    12.2368   3.721163    32.0701       4094    17.0542     2.2178  0.000e+00
     45.751    12.2395   3.721128    32.0675       4095    17.0583     2.2197  0.000e+00
     45.728    12.2420   3.721434    32.0683       4096    17.0625     2.2201  0.000e+00
     45.709    12.2444   3.721646    32.0683       4097    17.0667     2.2198  0.000e+00
     45.695    12.2471   3.722483    32.0740       4098    17.0708     2.2198  0.000e+00
     45.677    12.2510   3.722436    32.0702       4099    17.0750     2.2198  0.000e+00
     45.661    12.2553   3.722477    32.0669       4100    17.0792     2.2241  0.000e+00
     45.645    12.2582   3.723714    32.0763       4101    17.0833     2.2201  0.000e+00
     45.626    12.2632   3.723543    32.0704       4102    17.0875     2.2201  0.000e+00
     45.603    12.2683   3.723572    32.0663       4103    17.0917     2.2199  0.000e+00
     45.590    12.2712   3.725175    32.0792       4104    17.0958     2.2235  0.000e+00
     45.567    12.2779   3.723755    32.0599       4105    17.1000     2.2243  0.000e+00
     45.549    12.2804   3.723932    32.0595       4106    17.1042     2.2241  0.000e+00
     45.532    12.2799   3.724621    32.0665       4107    17.1083     2.2243  0.000e+00
     45.516    12.2819   3.724456    32.0632       4108    17.1125     2.2261  0.000e+00
     45.496    12.2839   3.724898    32.0657       4109    17.1167     2.2272  0.000e+00
     45.482    12.2862   3.725352    32.0681       4110    17.1208     2.2282  0.000e+00
     45.458    12.2899   3.724980    32.0614       4111    17.1250     2.2289  0.000e+00
     45.437    12.2917   3.725399    32.0639       4112    17.1292     2.2289  0.000e+00
     45.409    12.2932   3.725304    32.0617       4113    17.1333     2.2298  0.000e+00
     45.375    12.2949   3.725304    32.0603       4114    17.1375     2.2302  0.000e+00
     45.335    12.2961   3.727113    32.0766       4115    17.1417     2.2300  0.000e+00
     45.279    12.3008   3.726489    32.0666       4116    17.1458     2.2304  0.000e+00
     45.227    12.3066   3.727921    32.0753       4117    17.1500     2.2294  0.000e+00
     45.163    12.3134   3.730414    32.0934       4118    17.1542     2.2315  0.000e+00
     45.111    12.3263   3.737421    32.1495       4119    17.1583     2.2312  0.000e+00
     45.053    12.3599   3.743855    32.1823       4120    17.1625     2.2327  0.000e+00
     44.995    12.4121   3.746860    32.1663       4121    17.1667     2.2337  0.000e+00
     44.948    12.4639   3.749175    32.1440       4122    17.1708     2.2359  0.000e+00
     44.903    12.5096   3.754085    32.1518       4123    17.1750     2.2364  0.000e+00
     44.865    12.5560   3.756597    32.1361       4124    17.1792     2.2379  0.000e+00
     44.838    12.6019   3.757891    32.1093       4125    17.1833     2.2407  0.000e+00
     44.816    12.6387   3.758506    32.0838       4126    17.1875     2.2451  0.000e+00
     44.800    12.6651   3.757607    32.0527       4127    17.1917     2.2488  0.000e+00
     44.785    12.6798   3.756802    32.0326       4128    17.1958     2.2515  0.000e+00
     44.762    12.6850   3.758511    32.0445       4129    17.2000     2.2546  0.000e+00
     44.744    12.6920   3.759475    32.0477       4130    17.2042     2.2586  0.000e+00
     44.715    12.7018   3.760534    32.0494       4131    17.2083     2.2611  0.000e+00
     44.682    12.7126   3.761338    32.0479       4132    17.2125     2.2645  0.000e+00
     44.644    12.7236   3.762628    32.0508       4133    17.2167     2.2661  0.000e+00
     44.603    12.7358   3.764924    32.0622       4134    17.2208     2.2688  0.000e+00
     44.558    12.7525   3.770062    32.0967       4135    17.2250     2.2701  0.000e+00
     44.509    12.7817   3.776482    32.1327       4136    17.2292     2.2723  0.000e+00
     44.453    12.8274   3.778342    32.1115       4137    17.2333     2.2754  0.000e+00
     44.409    12.8724   3.778964    32.0791       4138    17.2375     2.2784  0.000e+00
     44.355    12.9063   3.779627    32.0567       4139    17.2417     2.2815  0.000e+00
     44.308    12.9308   3.778756    32.0277       4140    17.2458     2.2861  0.000e+00
     44.265    12.9439   3.778364    32.0130       4141    17.2500     2.2890  0.000e+00
     44.223    12.9500   3.779384    32.0175       4142    17.2542     2.2924  0.000e+00
     44.189    12.9561   3.780646    32.0243       4143    17.2583     2.2962  0.000e+00
     44.156    12.9643   3.782004    32.0301       4144    17.2625     2.2991  0.000e+00
