HB2407/sbe104.cnv
* Sea-Bird SBE 19plus V2 Data File:
* FileName = C:\cruise\data\sbe104.hex
* Software Version Seasave V 7.26.7.121
* Temperature SN = 7037
* Conductivity SN = 7037
* System UpLoad Time = Oct 20 2024 20:50:10
* NMEA Latitude = 42 17.14 N
* NMEA Longitude = 068 49.17 W
* NMEA UTC (Time) = Oct 20 2024  20:49:06
** Ship: Bigelow
** Cruise:  HB2407
** Program:  Spring Bottom Trawl
# nquan = 8
# nvalues = 3842                                  
# units = specified
# name 0 = depSM: Depth [salt water, m]
# name 1 = tv290C: Temperature [ITS-90, deg C]
# name 2 = c0S/m: Conductivity [S/m]
# name 3 = sal00: Salinity, Practical [PSU]
# name 4 = scan: Scan Count
# name 5 = timeM: Time, Elapsed [minutes]
# name 6 = sbeox0V: Oxygen raw, SBE 43 [V]
# name 7 = flag:  0.000e+00
# span 0 =      0.029,    176.970                 
# span 1 =     6.4159,    16.7015                 
# span 2 =  -0.000001,   4.041871                 
# span 3 =     0.0000,    33.7538                 
# span 4 =         11,       3852                 
# span 5 =     0.0417,    16.0458                 
# span 6 =     1.6373,     2.5157                 
# span 7 = 0.0000e+00, 0.0000e+00                 
# interval = seconds: 0.25
# start_time = Oct 20 2024 20:49:06 [NMEA time, header]
# bad_flag = -9.990e-29
*END*
[from data line 3776]
      2.243    14.8757   3.931964    31.8411       3787    15.7750     2.5018  0.000e+00
      2.194    14.8761   3.931964    31.8408       3788    15.7792     2.5023  0.000e+00
      2.124    14.8763   3.931939    31.8405       3789    15.7833     2.5005  0.000e+00
      2.019    14.8764   3.931939    31.8404       3790    15.7875     2.4991  0.000e+00
      1.851    14.8765   3.931873    31.8398       3791    15.7917     2.4982  0.000e+00
      1.661    14.8764   3.931753    31.8389       3792    15.7958     2.5027  0.000e+00
      1.527    14.8759   3.931728    31.8391       3793    15.8000     2.5021  0.000e+00
      1.455    14.8755   3.931728    31.8395       3794    15.8042     2.5034  0.000e+00
      1.414    14.8752   3.931566    31.8382       3795    15.8083     2.5031  0.000e+00
      1.365    14.8745   3.931524    31.8384       3796    15.8125     2.5038  0.000e+00
      1.300    14.8739   3.931590    31.8396       3797    15.8167     2.5047  0.000e+00
      1.247    14.8735   3.931566    31.8397       3798    15.8208     2.5045  0.000e+00
      1.224    14.8733   3.931614    31.8403       3799    15.8250     2.5062  0.000e+00
      1.231    14.8733   3.931590    31.8401       3800    15.8292     2.5073  0.000e+00
      1.253    14.8734   3.931590    31.8400       3801    15.8333     2.5059  0.000e+00
      1.260    14.8732   3.931662    31.8408       3802    15.8375     2.5057  0.000e+00
      1.224    14.8735   3.931632    31.8404       3803    15.8417     2.5044  0.000e+00
      1.144    14.8735   3.931614    31.8402       3804    15.8458     2.5042  0.000e+00
      0.969    14.8736   3.931728    31.8412       3805    15.8500     2.5050  0.000e+00
      0.815    14.8737   3.931710    31.8410       3806    15.8542     2.5049  0.000e+00
      0.736    14.8742   3.931686    31.8404       3807    15.8583     2.5040  0.000e+00
      0.712    14.8745   3.931614    31.8396       3808    15.8625     2.5037  0.000e+00
      0.710    14.8745   3.931776    31.8410       3809    15.8667     2.5034  0.000e+00
      0.727    14.8748   3.931752    31.8406       3810    15.8708     2.5027  0.000e+00
      0.732    14.8752   3.931403    31.8371       3811    15.8750     2.5031  0.000e+00
      0.660    14.8744   3.931264    31.8365       3812    15.8792     2.5047  0.000e+00
      0.483    14.8734   3.931427    31.8388       3813    15.8833     2.5061  0.000e+00
      0.255    14.8728   3.931475    31.8398       3814    15.8875     2.5053  0.000e+00
      0.101    14.8726   3.289000    26.1200       3815    15.8917     2.5042  0.000e+00
      0.045    14.8725   0.956763     6.8071       3816    15.8958     2.5049  0.000e+00
      0.042    14.8704   0.472850     3.2002       3817    15.9000     2.5029  0.000e+00
      0.067    14.8646   0.600565     4.1311       3818    15.9042     2.5032  0.000e+00
      0.150    14.8590   3.839561    31.0231       3819    15.9083     2.5043  0.000e+00
      0.179    14.8606   3.859596    31.2021       3820    15.9125     2.4976  0.000e+00
      0.132    14.8646   3.876462    31.3507       3821    15.9167     2.4883  0.000e+00
      0.054    14.8680   2.736959    21.3331       3822    15.9208     2.4803  0.000e+00
      0.044    14.8695   0.621157     4.2823       3823    15.9250     2.4778  0.000e+00
      0.038    14.8699   0.599805     4.1250       3824    15.9292     2.4780  0.000e+00
      0.036    14.8702   0.739985     5.1652       3825    15.9333     2.4754  0.000e+00
      0.033    14.8705   0.460436     3.1108       3826    15.9375     2.4709  0.000e+00
      0.036    14.8707   0.332728     2.2026       3827    15.9417     2.4647  0.000e+00
      0.036    14.8698   0.279660     1.8325       3828    15.9458     2.4552  0.000e+00
      0.031    14.8698   0.244533     1.5902       3829    15.9500     2.4468  0.000e+00
      0.036    14.8702   0.214993     1.3882       3830    15.9542     2.4370  0.000e+00
      0.034    14.8702   0.194136     1.2468       3831    15.9583     2.4298  0.000e+00
      0.036    14.8693   0.182526     1.1685       3832    15.9625     2.4214  0.000e+00
      0.038    14.8687   0.163004     1.0375       3833    15.9667     2.4147  0.000e+00
      0.040    14.8688   0.153042     0.9711       3834    15.9708     2.4052  0.000e+00
      0.038    14.8694   0.145742     0.9225       3835    15.9750     2.3955  0.000e+00
      0.034    14.8702   0.141535     0.8946       3836    15.9792     2.3859  0.000e+00
      0.034    14.8712   0.132391     0.8342       3837    15.9833     2.3785  0.000e+00
      0.029    14.8722   0.126395     0.7946       3838    15.9875     2.3705  0.000e+00
      0.029    14.8732   0.122656     0.7701       3839    15.9917     2.3629  0.000e+00
      0.036    14.8742   0.118289     0.7414       3840    15.9958     2.3500  0.000e+00
      0.044    14.8744   0.117472     0.7360       3841    16.0000     2.3391  0.000e+00
      0.040    14.8735   0.109305     0.6827       3842    16.0042     2.3289  0.000e+00
      0.035    14.8728   0.104046     0.6484       3843    16.0083     2.3210  0.000e+00
      0.035    14.8732   0.097753     0.6076       3844    16.0125     2.3189  0.000e+00
      0.038    14.8736   0.091070     0.5644       3845    16.0167     2.3175  0.000e+00
      0.036    14.8735   0.087859     0.5437       3846    16.0208     2.3177  0.000e+00
      0.038    14.8733   0.086192     0.5329       3847    16.0250     2.3161  0.000e+00
      0.042    14.8738   0.083044     0.5127       3848    16.0292     2.3132  0.000e+00
      0.044    14.8742   0.076818     0.4728       3849    16.0333     2.3093  0.000e+00
      0.044    14.8744   0.069567     0.4266       3850    16.0375     2.3049  0.000e+00
      0.044    14.8747   0.064149     0.3922       3851    16.0417     2.3000  0.000e+00
      0.038    14.8749   0.061356     0.3746       3852    16.0458     2.2998  0.000e+00
