HB2407/sbe131.cnv
* Sea-Bird SBE 19plus V2 Data File:
* FileName = C:\cruise\data\sbe131.hex
* Software Version Seasave V 7.26.7.121
* Temperature SN = 7037
* Conductivity SN = 7037
* System UpLoad Time = Nov 04 2024 14:19:52
* NMEA Latitude = 44 22.63 N
* NMEA Longitude = 067 11.20 W
* NMEA UTC (Time) = Nov 04 2024  14:19:06
** Ship: Bigelow
** Cruise:  HB2407
** Program:  Spring Bottom Trawl
# nquan = 8
# nvalues = 1842                                  
# units = specified
# name 0 = depSM: Depth [salt water, m]
# name 1 = tv290C: Temperature [ITS-90, deg C]
# name 2 = c0S/m: Conductivity [S/m]
# name 3 = sal00: Salinity, Practical [PSU]
# name 4 = scan: Scan Count
# name 5 = timeM: Time, Elapsed [minutes]
# name 6 = sbeox0V: Oxygen raw, SBE 43 [V]
# name 7 = flag:  0.000e+00
# span 0 =      0.218,    127.073                 
# span 1 =     8.6789,    10.4491                 
# span 2 =   0.122689,   3.621500                 
# span 3 =     0.8725,    33.8807                 
# span 4 =         11,       1852                 
# span 5 =     0.0417,     7.7125                 
# span 6 =     1.8495,     2.3359                 
# span 7 = 0.0000e+00, 0.0000e+00                 
# interval = seconds: 0.25
# start_time = Nov 04 2024 14:19:06 [NMEA time, header]
# bad_flag = -9.990e-29
*END*
      8.199     9.5590   3.526912    32.5206         11     0.0417     2.0734  0.000e+00
      8.193     9.5562   3.527276    32.5268         12     0.0458     2.0699  0.000e+00
      8.190     9.5553   3.527806    32.5331         13     0.0500     2.0713  0.000e+00
      8.186     9.5559   3.528342    32.5381         14     0.0542     2.0697  0.000e+00
      8.190     9.5574   3.528925    32.5426         15     0.0583     2.0684  0.000e+00
      8.194     9.5609   3.529386    32.5442         16     0.0625     2.0687  0.000e+00
      8.194     9.5674   3.529599    32.5405         17     0.0667     2.0688  0.000e+00
      8.197     9.5765   3.529749    32.5338         18     0.0708     2.0684  0.000e+00
      8.203     9.5853   3.529962    32.5279         19     0.0750     2.0687  0.000e+00
      8.206     9.5914   3.530181    32.5247         20     0.0792     2.0707  0.000e+00
      8.210     9.5949   3.530245    32.5221         21     0.0833     2.0695  0.000e+00
      8.208     9.5970   3.530395    32.5218         22     0.0875     2.0692  0.000e+00
      8.212     9.5971   3.530475    32.5225         23     0.0917     2.0699  0.000e+00
      8.213     9.5953   3.530758    32.5271         24     0.0958     2.0695  0.000e+00
      8.210     9.5904   3.531035    32.5343         25     0.1000     2.0697  0.000e+00
      8.204     9.5846   3.531225    32.5415         26     0.1042     2.0691  0.000e+00
      8.202     9.5820   3.531548    32.5472         27     0.1083     2.0690  0.000e+00
      8.192     9.5818   3.531675    32.5487         28     0.1125     2.0676  0.000e+00
      8.183     9.5836   3.531802    32.5483         29     0.1167     2.0678  0.000e+00
      8.172     9.5862   3.532062    32.5486         30     0.1208     2.0657  0.000e+00
      8.165     9.5880   3.532275    32.5492         31     0.1250     2.0654  0.000e+00
      8.157     9.5877   3.532488    32.5516         32     0.1292     2.0632  0.000e+00
      8.155     9.5866   3.532823    32.5561         33     0.1333     2.0621  0.000e+00
      8.157     9.5856   3.533106    32.5598         34     0.1375     2.0606  0.000e+00
      8.161     9.5867   3.533469    32.5626         35     0.1417     2.0577  0.000e+00
      8.166     9.5880   3.533856    32.5654         36     0.1458     2.0575  0.000e+00
      8.175     9.5882   3.534352    32.5702         37     0.1500     2.0578  0.000e+00
      8.188     9.5886   3.534842    32.5749         38     0.1542     2.0572  0.000e+00
      8.197     9.5902   3.535142    32.5766         39     0.1583     2.0575  0.000e+00
      8.210     9.5917   3.535529    32.5792         40     0.1625     2.0582  0.000e+00
      8.217     9.5930   3.536169    32.5845         41     0.1667     2.0600  0.000e+00
      8.219     9.5945   3.537156    32.5933         42     0.1708     2.0613  0.000e+00
      8.217     9.5990   3.538287    32.6008         43     0.1750     2.0631  0.000e+00
      8.217     9.6092   3.539188    32.6007         44     0.1792     2.0661  0.000e+00
      8.208     9.6229   3.539852    32.5951         45     0.1833     2.0660  0.000e+00
      8.203     9.6372   3.540562    32.5893         46     0.1875     2.0687  0.000e+00
      8.197     9.6521   3.540948    32.5798         47     0.1917     2.0701  0.000e+00
      8.192     9.6682   3.541052    32.5662         48     0.1958     2.0707  0.000e+00
      8.186     9.6868   3.541052    32.5494         49     0.2000     2.0712  0.000e+00
      8.185     9.7024   3.540734    32.5320         50     0.2042     2.0727  0.000e+00
      8.185     9.7121   3.540174    32.5175         51     0.2083     2.0714  0.000e+00
      8.185     9.7166   3.539400    32.5056         52     0.2125     2.0723  0.000e+00
      8.190     9.7187   3.539400    32.5037         53     0.2167     2.0716  0.000e+00
      8.201     9.7201   3.539487    32.5033         54     0.2208     2.0697  0.000e+00
      8.210     9.7175   3.538973    32.5004         55     0.2250     2.0693  0.000e+00
      8.219     9.7098   3.537773    32.4951         56     0.2292     2.0665  0.000e+00
      8.228     9.6990   3.535741    32.4841         57     0.2333     2.0644  0.000e+00
      8.233     9.6869   3.536492    32.5027         58     0.2375     2.0618  0.000e+00
      8.235     9.6752   3.536497    32.5134         59     0.2417     2.0588  0.000e+00
      8.233     9.6602   3.539251    32.5551         60     0.2458     2.0534  0.000e+00
      8.232     9.6436   3.539701    32.5747         61     0.2500     2.0484  0.000e+00
      8.224     9.6345   3.539534    32.5813         62     0.2542     2.0410  0.000e+00
      8.214     9.6274   3.539170    32.5840         63     0.2583     2.0350  0.000e+00
      8.203     9.6245   3.538737    32.5822         64     0.2625     2.0296  0.000e+00
      8.188     9.6270   3.538651    32.5791         65     0.2667     2.0239  0.000e+00
      8.168     9.6330   3.539574    32.5831         66     0.2708     2.0169  0.000e+00
      8.167     9.6414   3.540585    32.5858         67     0.2750     2.0117  0.000e+00
      8.152     9.6488   3.540925    32.5825         68     0.2792     2.0047  0.000e+00
      8.149     9.6548   3.540989    32.5778         69     0.2833     1.9976  0.000e+00
      8.150     9.6579   3.540971    32.5748         70     0.2875     1.9905  0.000e+00
      8.158     9.6597   3.541139    32.5749         71     0.2917     1.9833  0.000e+00
      8.169     9.6621   3.541653    32.5779         72     0.2958     1.9779  0.000e+00
      8.174     9.6607   3.542340    32.5862         73     0.3000     1.9712  0.000e+00
      8.185     9.6547   3.539187    32.5595         74     0.3042     1.9649  0.000e+00
      8.145     9.6500   3.532765    32.4981         75     0.3083     1.9596  0.000e+00
      8.095     9.6471   3.529154    32.4638         76     0.3125     1.9538  0.000e+00
      8.026     9.6432   3.528341    32.4590         77     0.3167     1.9476  0.000e+00
      7.944     9.6362   3.529345    32.4757         78     0.3208     1.9427  0.000e+00
      7.859     9.6388   3.531098    32.4913         79     0.3250     1.9374  0.000e+00
      7.758     9.6788   3.537473    32.5203         80     0.3292     1.9338  0.000e+00
      7.641     9.7427   3.558500    32.6771         81     0.3333     1.9309  0.000e+00
      7.474     9.8306   3.579495    32.8113         82     0.3375     1.9301  0.000e+00
      7.292     9.9381   3.591314    32.8338         83     0.3417     1.9302  0.000e+00
      7.088    10.0427   3.596529    32.7918         84     0.3458     1.9304  0.000e+00
      6.874    10.1332   3.599480    32.7398         85     0.3500     1.9338  0.000e+00
      6.648    10.2072   3.601141    32.6898         86     0.3542     1.9407  0.000e+00
      6.413    10.2643   3.601797    32.6451         87     0.3583     1.9560  0.000e+00
      6.169    10.3065   3.601913    32.6084         88     0.3625     1.9773  0.000e+00
      5.947    10.3361   3.601535    32.5781         89     0.3667     2.0018  0.000e+00
      5.735    10.3562   3.602034    32.5652         90     0.3708     2.0289  0.000e+00
      5.511    10.3708   3.602563    32.5576         91     0.3750     2.0548  0.000e+00
      5.293    10.3814   3.603086    32.5534         92     0.3792     2.0779  0.000e+00
      5.065    10.3902   3.602935    32.5441         93     0.3833     2.1001  0.000e+00
      4.848    10.3970   3.603063    32.5394         94     0.3875     2.1160  0.000e+00
      4.638    10.4014   3.603260    32.5376         95     0.3917     2.1308  0.000e+00
      4.438    10.4044   3.603754    32.5399         96     0.3958     2.1414  0.000e+00
      4.235    10.4069   3.603830    32.5385         97     0.4000     2.1508  0.000e+00
      4.024    10.4092   3.603900    32.5373         98     0.4042     2.1589  0.000e+00
      3.800    10.4117   3.604708    32.5432         99     0.4083     2.1654  0.000e+00
      3.583    10.4140   3.605475    32.5489        100     0.4125     2.1702  0.000e+00
      3.359    10.4148   3.605999    32.5536        101     0.4167     2.1731  0.000e+00
      3.117    10.4159   3.606504    32.5578        102     0.4208     2.1785  0.000e+00
      2.867    10.4166   3.606644    32.5587        103     0.4250     2.1836  0.000e+00
      2.614    10.4176   3.606900    32.5604        104     0.4292     2.1868  0.000e+00
      2.370    10.4191   3.606812    32.5584        105     0.4333     2.1918  0.000e+00
      2.150    10.4203   3.606527    32.5545        106     0.4375     2.1960  0.000e+00
      1.942    10.4204   3.606591    32.5552        107     0.4417     2.1990  0.000e+00
      1.745    10.4208   3.606527    32.5543        108     0.4458     2.2020  0.000e+00
      1.546    10.4214   3.606940    32.5580        109     0.4500     2.2055  0.000e+00
      1.362    10.4216   3.599672    32.4849        110     0.4542     2.2055  0.000e+00
      1.288    10.4228   3.593879    32.4258        111     0.4583     2.2042  0.000e+00
      1.282    10.4161   3.595169    32.4447        112     0.4625     2.2021  0.000e+00
      1.328    10.3836   3.597923    32.5013        113     0.4667     2.2023  0.000e+00
      1.366    10.3540   3.590895    32.4572        114     0.4708     2.2026  0.000e+00
      1.373    10.3340   3.587627    32.4422        115     0.4750     2.2021  0.000e+00
      1.364    10.3249   3.597203    32.5466        116     0.4792     2.2018  0.000e+00
      1.362    10.3214   3.598122    32.5590        117     0.4833     2.2007  0.000e+00
      1.386    10.3184   3.598383    32.5643        118     0.4875     2.1966  0.000e+00
      1.413    10.3181   3.597477    32.5554        119     0.4917     2.1904  0.000e+00
      1.400    10.3183   3.596198    32.5424        120     0.4958     2.1832  0.000e+00
      1.355    10.3166   3.595170    32.5336        121     0.5000     2.1737  0.000e+00
      1.308    10.3110   3.593974    32.5267        122     0.5042     2.1658  0.000e+00
      1.268    10.3018   3.593974    32.5349        123     0.5083     2.1561  0.000e+00
      1.247    10.2920   3.594497    32.5489        124     0.5125     2.1450  0.000e+00
      1.223    10.2841   3.593817    32.5492        125     0.5167     2.1348  0.000e+00
      1.203    10.2855   3.593556    32.5454        126     0.5208     2.1230  0.000e+00
      1.192    10.2833   3.592336    32.5351        127     0.5250     2.1128  0.000e+00
      1.209    10.2706   3.589166    32.5145        128     0.5292     2.1024  0.000e+00
      1.243    10.2587   3.587297    32.5064        129     0.5333     2.0923  0.000e+00
      1.281    10.2378   3.586427    32.5162        130     0.5375     2.0820  0.000e+00
      1.310    10.2163   3.585667    32.5279        131     0.5417     2.0731  0.000e+00
      1.328    10.2023   3.584924    32.5329        132     0.5458     2.0642  0.000e+00
      1.331    10.1936   3.584054    32.5320        133     0.5500     2.0544  0.000e+00
      1.317    10.1880   3.583207    32.5285        134     0.5542     2.0463  0.000e+00
      1.293    10.1848   3.582836    32.5276        135     0.5583     2.0369  0.000e+00
      1.288    10.1816   3.582969    32.5319        136     0.5625     2.0292  0.000e+00
      1.290    10.1770   3.583010    32.5364        137     0.5667     2.0208  0.000e+00
      1.304    10.1706   3.582969    32.5417        138     0.5708     2.0136  0.000e+00
      1.321    10.1595   3.582674    32.5487        139     0.5750     2.0076  0.000e+00
      1.337    10.1464   3.582227    32.5560        140     0.5792     2.0011  0.000e+00
      1.340    10.1373   3.581798    32.5598        141     0.5833     1.9981  0.000e+00
      1.337    10.1320   3.581317    32.5597        142     0.5875     1.9929  0.000e+00
      1.333    10.1284   3.580905    32.5588        143     0.5917     1.9895  0.000e+00
      1.320    10.1251   3.580580    32.5585        144     0.5958     1.9840  0.000e+00
      1.317    10.1221   3.580470    32.5600        145     0.6000     1.9803  0.000e+00
      1.306    10.1192   3.580928    32.5673        146     0.6042     1.9747  0.000e+00
      1.297    10.1157   3.581166    32.5728        147     0.6083     1.9689  0.000e+00
      1.297    10.1116   3.580905    32.5739        148     0.6125     1.9625  0.000e+00
      1.290    10.1070   3.580557    32.5745        149     0.6167     1.9572  0.000e+00
      1.286    10.1023   3.580296    32.5761        150     0.6208     1.9532  0.000e+00
      1.290    10.0990   3.579861    32.5747        151     0.6250     1.9491  0.000e+00
      1.301    10.0964   3.583423    32.6131        152     0.6292     1.9453  0.000e+00
      1.323    10.1017   3.606903    32.8459        153     0.6333     1.9408  0.000e+00
      1.350    10.1616   3.609951    32.8224        154     0.6375     1.9371  0.000e+00
      1.377    10.2396   3.610869    32.7611        155     0.6417     1.9371  0.000e+00
      1.398    10.3003   3.611311    32.7108        156     0.6458     1.9490  0.000e+00
      1.400    10.3428   3.611613    32.6755        157     0.6500     1.9728  0.000e+00
      1.397    10.3715   3.611723    32.6508        158     0.6542     2.0025  0.000e+00
      1.375    10.3906   3.611909    32.6355        159     0.6583     2.0340  0.000e+00
      1.353    10.4030   3.612142    32.6267        160     0.6625     2.0672  0.000e+00
      1.317    10.4113   3.612380    32.6217        161     0.6667     2.0972  0.000e+00
      1.290    10.4175   3.612468    32.6170        162     0.6708     2.1253  0.000e+00
      1.290    10.4219   3.612514    32.6135        163     0.6750     2.1492  0.000e+00
      1.308    10.4250   3.612404    32.6096        164     0.6792     2.1704  0.000e+00
      1.333    10.4265   3.612223    32.6065        165     0.6833     2.1898  0.000e+00
      1.355    10.4269   3.611571    32.5996        166     0.6875     2.2049  0.000e+00
      1.370    10.4266   3.612229    32.6064        167     0.6917     2.2166  0.000e+00
      1.375    10.4262   3.612340    32.6079        168     0.6958     2.2293  0.000e+00
      1.371    10.4262   3.612427    32.6087        169     0.7000     2.2403  0.000e+00
      1.348    10.4264   3.612561    32.6099        170     0.7042     2.2477  0.000e+00
      1.308    10.4268   3.612712    32.6111        171     0.7083     2.2557  0.000e+00
      1.268    10.4276   3.612997    32.6133        172     0.7125     2.2617  0.000e+00
      1.236    10.4293   3.613131    32.6131        173     0.7167     2.2691  0.000e+00
      1.216    10.4308   3.613061    32.6111        174     0.7208     2.2748  0.000e+00
      1.230    10.4320   3.612974    32.6092        175     0.7250     2.2791  0.000e+00
      1.256    10.4322   3.612561    32.6048        176     0.7292     2.2855  0.000e+00
      1.295    10.4312   3.612665    32.6068        177     0.7333     2.2886  0.000e+00
      1.332    10.4301   3.612625    32.6073        178     0.7375     2.2911  0.000e+00
      1.342    10.4296   3.612648    32.6079        179     0.7417     2.2940  0.000e+00
      1.337    10.4294   3.612776    32.6094        180     0.7458     2.2968  0.000e+00
      1.310    10.4293   3.612846    32.6102        181     0.7500     2.2976  0.000e+00
      1.285    10.4296   3.612863    32.6102        182     0.7542     2.3001  0.000e+00
      1.248    10.4298   3.612974    32.6111        183     0.7583     2.3001  0.000e+00
      1.223    10.4304   3.613026    32.6111        184     0.7625     2.3019  0.000e+00
      1.212    10.4310   3.613108    32.6114        185     0.7667     2.3022  0.000e+00
      1.227    10.4316   3.613020    32.6099        186     0.7708     2.3028  0.000e+00
      1.249    10.4317   3.612823    32.6079        187     0.7750     2.3030  0.000e+00
      1.279    10.4312   3.612665    32.6068        188     0.7792     2.3030  0.000e+00
      1.306    10.4302   3.612735    32.6083        189     0.7833     2.3033  0.000e+00
