HB2407/sbe117.cnv
* Sea-Bird SBE 19plus V2 Data File:
* FileName = C:\cruise\data\sbe117.hex
* Software Version Seasave V 7.26.7.121
* Temperature SN = 7037
* Conductivity SN = 7037
* System UpLoad Time = Oct 31 2024 05:54:19
* NMEA Latitude = 41 49.57 N
* NMEA Longitude = 066 18.41 W
* NMEA UTC (Time) = Oct 31 2024  05:53:28
** Ship: Bigelow
** Cruise:  HB2407
** Program:  Spring Bottom Trawl
# nquan = 8
# nvalues = 1454                                  
# units = specified
# name 0 = depSM: Depth [salt water, m]
# name 1 = tv290C: Temperature [ITS-90, deg C]
# name 2 = c0S/m: Conductivity [S/m]
# name 3 = sal00: Salinity, Practical [PSU]
# name 4 = scan: Scan Count
# name 5 = timeM: Time, Elapsed [minutes]
# name 6 = sbeox0V: Oxygen raw, SBE 43 [V]
# name 7 = flag:  0.000e+00
# span 0 =      0.052,     75.857                 
# span 1 =    10.2061,    14.0898                 
# span 2 =  -0.000017,   3.793949                 
# span 3 =     0.0000,    32.6045                 
# span 4 =         11,       1464                 
# span 5 =     0.0417,     6.0958                 
# span 6 =     1.9021,     2.5375                 
# span 7 = 0.0000e+00, 0.0000e+00                 
# interval = seconds: 0.25
# start_time = Oct 31 2024 05:53:28 [NMEA time, header]
# bad_flag = -9.990e-29
*END*
[from data line 720]
     44.905    11.2037   3.650531    32.2795        731     3.0417     2.2042  0.000e+00
     44.776    11.2065   3.650426    32.2760        732     3.0458     2.2025  0.000e+00
     44.641    11.2078   3.650309    32.2738        733     3.0500     2.2035  0.000e+00
     44.510    11.2082   3.650239    32.2728        734     3.0542     2.2018  0.000e+00
     44.373    11.2080   3.650396    32.2746        735     3.0583     2.2023  0.000e+00
     44.241    11.2080   3.651168    32.2823        736     3.0625     2.2032  0.000e+00
     44.111    11.2104   3.652045    32.2888        737     3.0667     2.2033  0.000e+00
     43.977    11.2156   3.652664    32.2904        738     3.0708     2.2039  0.000e+00
     43.845    11.2221   3.653734    32.2953        739     3.0750     2.2032  0.000e+00
     43.724    11.2303   3.653488    32.2857        740     3.0792     2.2032  0.000e+00
     43.597    11.2370   3.653576    32.2808        741     3.0833     2.2042  0.000e+00
     43.483    11.2405   3.653710    32.2792        742     3.0875     2.2039  0.000e+00
     43.369    11.2434   3.652956    32.2692        743     3.0917     2.2023  0.000e+00
     43.264    11.2431   3.653196    32.2719        744     3.0958     2.2009  0.000e+00
     43.165    11.2422   3.653424    32.2749        745     3.1000     2.2015  0.000e+00
     43.069    11.2431   3.653511    32.2750        746     3.1042     2.2013  0.000e+00
     42.975    11.2446   3.653915    32.2777        747     3.1083     2.2019  0.000e+00
     42.884    11.2461   3.653932    32.2767        748     3.1125     2.2010  0.000e+00
     42.796    11.2478   3.654131    32.2772        749     3.1167     2.2022  0.000e+00
     42.709    11.2498   3.653868    32.2729        750     3.1208     2.2025  0.000e+00
     42.613    11.2503   3.653850    32.2723        751     3.1250     2.2027  0.000e+00
     42.510    11.2499   3.654090    32.2750        752     3.1292     2.2042  0.000e+00
     42.413    11.2508   3.653488    32.2684        753     3.1333     2.2045  0.000e+00
     42.313    11.2501   3.653552    32.2696        754     3.1375     2.2046  0.000e+00
     42.190    11.2487   3.653341    32.2688        755     3.1417     2.2047  0.000e+00
     42.065    11.2472   3.653377    32.2706        756     3.1458     2.2053  0.000e+00
     41.935    11.2461   3.653330    32.2711        757     3.1500     2.2055  0.000e+00
     41.794    11.2457   3.653359    32.2718        758     3.1542     2.2049  0.000e+00
     41.664    11.2451   3.653306    32.2719        759     3.1583     2.2049  0.000e+00
     41.526    11.2447   3.652996    32.2692        760     3.1625     2.2045  0.000e+00
     41.404    11.2435   3.652885    32.2693        761     3.1667     2.2042  0.000e+00
     41.284    11.2417   3.652850    32.2706        762     3.1708     2.2036  0.000e+00
     41.167    11.2409   3.653622    32.2789        763     3.1750     2.2034  0.000e+00
     41.062    11.2420   3.653663    32.2784        764     3.1792     2.2034  0.000e+00
     40.973    11.2442   3.653195    32.2719        765     3.1833     2.2042  0.000e+00
     40.886    11.2442   3.652762    32.2676        766     3.1875     2.2030  0.000e+00
     40.801    11.2426   3.652710    32.2686        767     3.1917     2.2031  0.000e+00
     40.718    11.2405   3.653329    32.2766        768     3.1958     2.2037  0.000e+00
     40.640    11.2409   3.653084    32.2738        769     3.2000     2.2032  0.000e+00
     40.554    11.2413   3.653318    32.2758        770     3.2042     2.2045  0.000e+00
     40.458    11.2426   3.654089    32.2822        771     3.2083     2.2030  0.000e+00
     40.362    11.2455   3.654446    32.2833        772     3.2125     2.2033  0.000e+00
     40.254    11.2494   3.656598    32.3010        773     3.2167     2.2043  0.000e+00
     40.138    11.2591   3.655668    32.2835        774     3.2208     2.2063  0.000e+00
     40.024    11.2659   3.655469    32.2757        775     3.2250     2.2066  0.000e+00
     39.899    11.2684   3.655311    32.2719        776     3.2292     2.2068  0.000e+00
     39.780    11.2690   3.655147    32.2698        777     3.2333     2.2068  0.000e+00
     39.646    11.2687   3.655714    32.2758        778     3.2375     2.2084  0.000e+00
     39.526    11.2690   3.655358    32.2720        779     3.2417     2.2078  0.000e+00
     39.403    11.2699   3.656112    32.2787        780     3.2458     2.2059  0.000e+00
     39.281    11.2719   3.656211    32.2779        781     3.2500     2.2068  0.000e+00
     39.163    11.2750   3.655691    32.2702        782     3.2542     2.2069  0.000e+00
     39.044    11.2758   3.655509    32.2678        783     3.2583     2.2068  0.000e+00
     38.937    11.2744   3.656147    32.2753        784     3.2625     2.2066  0.000e+00
     38.830    11.2751   3.657673    32.2897        785     3.2667     2.2074  0.000e+00
     38.715    11.2808   3.657626    32.2843        786     3.2708     2.2065  0.000e+00
     38.599    11.2872   3.658673    32.2891        787     3.2750     2.2073  0.000e+00
     38.483    11.2941   3.659071    32.2869        788     3.2792     2.2071  0.000e+00
     38.376    11.3018   3.659165    32.2811        789     3.2833     2.2079  0.000e+00
     38.264    11.3071   3.659188    32.2768        790     3.2875     2.2081  0.000e+00
     38.138    11.3111   3.659258    32.2741        791     3.2917     2.2071  0.000e+00
     38.020    11.3138   3.659346    32.2726        792     3.2958     2.2074  0.000e+00
     37.899    11.3159   3.659346    32.2708        793     3.3000     2.2084  0.000e+00
     37.787    11.3177   3.659369    32.2695        794     3.3042     2.2068  0.000e+00
     37.671    11.3188   3.659305    32.2679        795     3.3083     2.2073  0.000e+00
     37.556    11.3192   3.659521    32.2698        796     3.3125     2.2071  0.000e+00
     37.452    11.3202   3.659299    32.2668        797     3.3167     2.2071  0.000e+00
     37.342    11.3205   3.659457    32.2681        798     3.3208     2.2068  0.000e+00
     37.248    11.3208   3.659644    32.2697        799     3.3250     2.2069  0.000e+00
     37.145    11.3218   3.659521    32.2677        800     3.3292     2.2072  0.000e+00
     37.049    11.3227   3.660082    32.2724        801     3.3333     2.2072  0.000e+00
     36.953    11.3247   3.660112    32.2711        802     3.3375     2.2075  0.000e+00
     36.868    11.3273   3.660170    32.2694        803     3.3417     2.2076  0.000e+00
     36.776    11.3290   3.660814    32.2742        804     3.3458     2.2084  0.000e+00
     36.684    11.3324   3.661282    32.2759        805     3.3500     2.2087  0.000e+00
     36.599    11.3374   3.661691    32.2756        806     3.3542     2.2090  0.000e+00
     36.507    11.3424   3.662066    32.2749        807     3.3583     2.2091  0.000e+00
     36.409    11.3477   3.662335    32.2729        808     3.3625     2.2091  0.000e+00
     36.304    11.3522   3.662481    32.2705        809     3.3667     2.2091  0.000e+00
     36.192    11.3563   3.662469    32.2668        810     3.3708     2.2097  0.000e+00
     36.080    11.3591   3.662557    32.2653        811     3.3750     2.2095  0.000e+00
     35.968    11.3611   3.662645    32.2644        812     3.3792     2.2099  0.000e+00
     35.839    11.3628   3.662610    32.2627        813     3.3833     2.2110  0.000e+00
     35.722    11.3639   3.662803    32.2636        814     3.3875     2.2104  0.000e+00
     35.612    11.3652   3.663271    32.2672        815     3.3917     2.2116  0.000e+00
     35.499    11.3678   3.663335    32.2656        816     3.3958     2.2125  0.000e+00
     35.391    11.3707   3.663874    32.2684        817     3.4000     2.2115  0.000e+00
     35.299    11.3740   3.664564    32.2723        818     3.4042     2.2127  0.000e+00
     35.207    11.3799   3.665641    32.2777        819     3.4083     2.2139  0.000e+00
     35.120    11.3885   3.666531    32.2790        820     3.4125     2.2142  0.000e+00
     35.040    11.3990   3.667403    32.2784        821     3.4167     2.2124  0.000e+00
     34.957    11.4102   3.667848    32.2730        822     3.4208     2.2132  0.000e+00
     34.876    11.4199   3.668422    32.2701        823     3.4250     2.2136  0.000e+00
     34.780    11.4291   3.669283    32.2705        824     3.4292     2.2168  0.000e+00
     34.677    11.4388   3.669933    32.2685        825     3.4333     2.2156  0.000e+00
     34.574    11.4487   3.670050    32.2611        826     3.4375     2.2199  0.000e+00
     34.458    11.4565   3.670085    32.2546        827     3.4417     2.2158  0.000e+00
     34.333    11.4618   3.671965    32.2684        828     3.4458     2.2194  0.000e+00
     34.205    11.4709   3.672662    32.2673        829     3.4500     2.2200  0.000e+00
     34.076    11.4828   3.672797    32.2584        830     3.4542     2.2248  0.000e+00
     33.946    11.4923   3.672908    32.2512        831     3.4583     2.2213  0.000e+00
     33.802    11.4991   3.672919    32.2455        832     3.4625     2.2239  0.000e+00
     33.673    11.5036   3.672931    32.2417        833     3.4667     2.2245  0.000e+00
     33.539    11.5065   3.672972    32.2396        834     3.4708     2.2253  0.000e+00
     33.409    11.5085   3.673089    32.2391        835     3.4750     2.2260  0.000e+00
     33.286    11.5102   3.675058    32.2568        836     3.4792     2.2255  0.000e+00
     33.174    11.5171   3.676582    32.2658        837     3.4833     2.2270  0.000e+00
     33.062    11.5311   3.677795    32.2655        838     3.4875     2.2283  0.000e+00
     32.963    11.5472   3.678750    32.2608        839     3.4917     2.2300  0.000e+00
     32.870    11.5629   3.679383    32.2534        840     3.4958     2.2310  0.000e+00
     32.782    11.5760   3.680620    32.2540        841     3.5000     2.2323  0.000e+00
     32.695    11.5898   3.682849    32.2638        842     3.5042     2.2323  0.000e+00
     32.617    11.6082   3.684509    32.2640        843     3.5083     2.2352  0.000e+00
     32.529    11.6288   3.684784    32.2488        844     3.5125     2.2366  0.000e+00
     32.449    11.6457   3.684643    32.2327        845     3.5167     2.2379  0.000e+00
     32.357    11.6569   3.685453    32.2309        846     3.5208     2.2401  0.000e+00
     32.256    11.6660   3.688205    32.2498        847     3.5250     2.2423  0.000e+00
     32.158    11.6827   3.689232    32.2454        848     3.5292     2.2445  0.000e+00
     32.048    11.7007   3.690200    32.2391        849     3.5333     2.2455  0.000e+00
     31.941    11.7175   3.690188    32.2245        850     3.5375     2.2468  0.000e+00
     31.827    11.7301   3.690287    32.2146        851     3.5417     2.2484  0.000e+00
     31.709    11.7381   3.690645    32.2112        852     3.5458     2.2476  0.000e+00
     31.592    11.7445   3.691373    32.2128        853     3.5500     2.2484  0.000e+00
     31.480    11.7513   3.693193    32.2246        854     3.5542     2.2499  0.000e+00
     31.362    11.7632   3.693786    32.2200        855     3.5583     2.2506  0.000e+00
     31.241    11.7759   3.693622    32.2075        856     3.5625     2.2509  0.000e+00
     31.131    11.7842   3.694549    32.2094        857     3.5667     2.2521  0.000e+00
     31.020    11.7920   3.694496    32.2022        858     3.5708     2.2532  0.000e+00
     30.916    11.7992   3.693938    32.1906        859     3.5750     2.2535  0.000e+00
     30.825    11.8024   3.695583    32.2037        860     3.5792     2.2562  0.000e+00
     30.733    11.8083   3.696311    32.2057        861     3.5833     2.2564  0.000e+00
     30.642    11.8168   3.697028    32.2054        862     3.5875     2.2568  0.000e+00
     30.554    11.8251   3.697304    32.2009        863     3.5917     2.2593  0.000e+00
     30.465    11.8345   3.698361    32.2030        864     3.5958     2.2599  0.000e+00
     30.368    11.8415   3.701299    32.2255        865     3.6000     2.2618  0.000e+00
     30.272    11.8600   3.698942    32.1866        866     3.6042     2.2636  0.000e+00
     30.169    11.8683   3.700164    32.1913        867     3.6083     2.2629  0.000e+00
     30.057    11.8732   3.703086    32.2154        868     3.6125     2.2643  0.000e+00
     29.941    11.8890   3.705890    32.2289        869     3.6167     2.2658  0.000e+00
     29.825    11.9127   3.706977    32.2190        870     3.6208     2.2671  0.000e+00
     29.693    11.9361   3.706036    32.1898        871     3.6250     2.2680  0.000e+00
     29.563    11.9496   3.705683    32.1747        872     3.6292     2.2694  0.000e+00
     29.446    11.9561   3.705659    32.1690        873     3.6333     2.2715  0.000e+00
     29.314    11.9586   3.705583    32.1661        874     3.6375     2.2722  0.000e+00
     29.202    11.9608   3.709288    32.2000        875     3.6417     2.2735  0.000e+00
     29.088    11.9734   3.709482    32.1911        876     3.6458     2.2768  0.000e+00
     28.981    11.9877   3.711282    32.1961        877     3.6500     2.2784  0.000e+00
     28.883    12.0039   3.711953    32.1887        878     3.6542     2.2809  0.000e+00
     28.791    12.0190   3.712594    32.1819        879     3.6583     2.2809  0.000e+00
     28.704    12.0321   3.712753    32.1722        880     3.6625     2.2831  0.000e+00
     28.623    12.0420   3.712905    32.1652        881     3.6667     2.2838  0.000e+00
     28.554    12.0488   3.713141    32.1615        882     3.6708     2.2847  0.000e+00
     28.471    12.0542   3.713558    32.1610        883     3.6750     2.2843  0.000e+00
     28.397    12.0590   3.714318    32.1641        884     3.6792     2.2867  0.000e+00
     28.306    12.0652   3.714571    32.1613        885     3.6833     2.2867  0.000e+00
     28.221    12.0717   3.714582    32.1559        886     3.6875     2.2883  0.000e+00
     28.126    12.0762   3.714594    32.1522        887     3.6917     2.2891  0.000e+00
     28.024    12.0790   3.714582    32.1497        888     3.6958     2.2896  0.000e+00
     27.907    12.0805   3.714611    32.1487        889     3.7000     2.2919  0.000e+00
     27.786    12.0817   3.714664    32.1482        890     3.7042     2.2943  0.000e+00
     27.664    12.0827   3.714611    32.1469        891     3.7083     2.2962  0.000e+00
     27.525    12.0831   3.714753    32.1480        892     3.7125     2.2982  0.000e+00
     27.391    12.0838   3.714882    32.1486        893     3.7167     2.3003  0.000e+00
     27.252    12.0849   3.714911    32.1480        894     3.7208     2.3013  0.000e+00
     27.124    12.0858   3.714905    32.1473        895     3.7250     2.3023  0.000e+00
     26.990    12.0866   3.714911    32.1467        896     3.7292     2.3019  0.000e+00
     26.867    12.0868   3.714905    32.1465        897     3.7333     2.3024  0.000e+00
     26.757    12.0872   3.714952    32.1467        898     3.7375     2.3041  0.000e+00
     26.652    12.0876   3.714999    32.1469        899     3.7417     2.3041  0.000e+00
     26.552    12.0879   3.715058    32.1472        900     3.7458     2.3049  0.000e+00
     26.462    12.0885   3.715135    32.1475        901     3.7500     2.3048  0.000e+00
     26.370    12.0893   3.715252    32.1479        902     3.7542     2.3037  0.000e+00
     26.283    12.0902   3.715229    32.1469        903     3.7583     2.3067  0.000e+00
     26.198    12.0911   3.715276    32.1467        904     3.7625     2.3063  0.000e+00
     26.118    12.0916   3.715341    32.1469        905     3.7667     2.3066  0.000e+00
     26.041    12.0921   3.715364    32.1467        906     3.7708     2.3075  0.000e+00
     25.959    12.0930   3.715358    32.1459        907     3.7750     2.3089  0.000e+00
     25.876    12.0930   3.715340    32.1457        908     3.7792     2.3095  0.000e+00
