HB2407/sbe105.cnv
* Sea-Bird SBE 19plus V2 Data File:
* FileName = C:\cruise\data\sbe105.hex
* Software Version Seasave V 7.26.7.121
* Temperature SN = 7037
* Conductivity SN = 7037
* System UpLoad Time = Oct 21 2024 00:16:28
* NMEA Latitude = 42 10.88 N
* NMEA Longitude = 068 46.15 W
* NMEA UTC (Time) = Oct 21 2024  00:15:25
** Ship: Bigelow
** Cruise:  HB2407
** Program:  Spring Bottom Trawl
# nquan = 8
# nvalues = 4857                                  
# units = specified
# name 0 = depSM: Depth [salt water, m]
# name 1 = tv290C: Temperature [ITS-90, deg C]
# name 2 = c0S/m: Conductivity [S/m]
# name 3 = sal00: Salinity, Practical [PSU]
# name 4 = scan: Scan Count
# name 5 = timeM: Time, Elapsed [minutes]
# name 6 = sbeox0V: Oxygen raw, SBE 43 [V]
# name 7 = flag:  0.000e+00
# span 0 =      0.019,    193.727                 
# span 1 =     6.4493,    14.6641                 
# span 2 =  -0.000015,   3.914323                 
# span 3 =     0.0000,    33.8101                 
# span 4 =         11,       4867                 
# span 5 =     0.0417,    20.2750                 
# span 6 =     1.6342,     2.5073                 
# span 7 = 0.0000e+00, 0.0000e+00                 
# interval = seconds: 0.25
# start_time = Oct 21 2024 00:15:25 [NMEA time, header]
# bad_flag = -9.990e-29
*END*
[from data line 720]
     85.502     6.7710   3.302185    32.6930        731     3.0417     1.9356  0.000e+00
     85.629     6.7709   3.302404    32.6954        732     3.0458     1.9352  0.000e+00
     85.761     6.7709   3.302657    32.6982        733     3.0500     1.9348  0.000e+00
     85.891     6.7712   3.302836    32.6998        734     3.0542     1.9344  0.000e+00
     86.025     6.7715   3.303089    32.7022        735     3.0583     1.9348  0.000e+00
     86.164     6.7721   3.303275    32.7036        736     3.0625     1.9342  0.000e+00
     86.311     6.7728   3.303432    32.7046        737     3.0667     1.9347  0.000e+00
     86.463     6.7736   3.303629    32.7059        738     3.0708     1.9344  0.000e+00
     86.613     6.7746   3.303668    32.7054        739     3.0750     1.9331  0.000e+00
     86.772     6.7753   3.303848    32.7065        740     3.0792     1.9329  0.000e+00
     86.933     6.7757   3.303898    32.7067        741     3.0833     1.9329  0.000e+00
     87.092     6.7759   3.303898    32.7064        742     3.0875     1.9320  0.000e+00
     87.257     6.7759   3.303966    32.7071        743     3.0917     1.9319  0.000e+00
     87.412     6.7763   3.304045    32.7075        744     3.0958     1.9315  0.000e+00
     87.566     6.7764   3.303921    32.7059        745     3.1000     1.9312  0.000e+00
     87.710     6.7759   3.303927    32.7064        746     3.1042     1.9306  0.000e+00
     87.855     6.7751   3.304107    32.7091        747     3.1083     1.9297  0.000e+00
     87.982     6.7743   3.304477    32.7139        748     3.1125     1.9301  0.000e+00
     88.116     6.7738   3.304972    32.7197        749     3.1167     1.9299  0.000e+00
     88.237     6.7742   3.305449    32.7245        750     3.1208     1.9294  0.000e+00
     88.356     6.7744   3.305657    32.7266        751     3.1250     1.9298  0.000e+00
     88.468     6.7737   3.305843    32.7292        752     3.1292     1.9289  0.000e+00
     88.580     6.7721   3.306096    32.7334        753     3.1333     1.9283  0.000e+00
     88.692     6.7704   3.306343    32.7377        754     3.1375     1.9279  0.000e+00
     88.806     6.7692   3.306916    32.7451        755     3.1417     1.9269  0.000e+00
     88.922     6.7683   3.307360    32.7508        756     3.1458     1.9267  0.000e+00
     89.038     6.7681   3.307591    32.7535        757     3.1500     1.9267  0.000e+00
     89.161     6.7680   3.307827    32.7561        758     3.1542     1.9264  0.000e+00
     89.284     6.7681   3.308130    32.7592        759     3.1583     1.9254  0.000e+00
     89.414     6.7685   3.308355    32.7612        760     3.1625     1.9251  0.000e+00
     89.559     6.7688   3.308518    32.7627        761     3.1667     1.9245  0.000e+00
     89.698     6.7691   3.308625    32.7635        762     3.1708     1.9226  0.000e+00
     89.848     6.7696   3.308755    32.7645        763     3.1750     1.9215  0.000e+00
     89.994     6.7703   3.308732    32.7635        764     3.1792     1.9199  0.000e+00
     90.146     6.7709   3.308856    32.7642        765     3.1833     1.9197  0.000e+00
     90.293     6.7712   3.308558    32.7605        766     3.1875     1.9189  0.000e+00
     90.446     6.7708   3.308586    32.7612        767     3.1917     1.9176  0.000e+00
     90.589     6.7703   3.308856    32.7645        768     3.1958     1.9172  0.000e+00
     90.736     6.7699   3.309193    32.7685        769     3.2000     1.9151  0.000e+00
     90.873     6.7697   3.309250    32.7693        770     3.2042     1.9148  0.000e+00
     91.011     6.7696   3.309413    32.7711        771     3.2083     1.9132  0.000e+00
     91.145     6.7695   3.309947    32.7770        772     3.2125     1.9130  0.000e+00
     91.276     6.7699   3.310205    32.7794        773     3.2167     1.9131  0.000e+00
     91.412     6.7702   3.310537    32.7827        774     3.2208     1.9122  0.000e+00
     91.551     6.7703   3.311094    32.7886        775     3.2250     1.9122  0.000e+00
     91.685     6.7703   3.311532    32.7933        776     3.2292     1.9120  0.000e+00
     91.828     6.7709   3.311994    32.7978        777     3.2333     1.9109  0.000e+00
     91.965     6.7713   3.312264    32.8003        778     3.2375     1.9105  0.000e+00
     92.105     6.7713   3.312573    32.8036        779     3.2417     1.9103  0.000e+00
     92.246     6.7713   3.312860    32.8067        780     3.2458     1.9097  0.000e+00
     92.385     6.7710   3.313028    32.8088        781     3.2500     1.9090  0.000e+00
     92.526     6.7698   3.313029    32.8099        782     3.2542     1.9088  0.000e+00
     92.664     6.7681   3.312821    32.8091        783     3.2583     1.9074  0.000e+00
     92.812     6.7661   3.312635    32.8089        784     3.2625     1.9077  0.000e+00
     92.949     6.7634   3.312303    32.8078        785     3.2667     1.9067  0.000e+00
     93.092     6.7599   3.312168    32.8096        786     3.2708     1.9061  0.000e+00
     93.228     6.7563   3.311972    32.8108        787     3.2750     1.9043  0.000e+00
     93.362     6.7530   3.311949    32.8137        788     3.2792     1.9031  0.000e+00
     93.490     6.7504   3.311550    32.8117        789     3.2833     1.9025  0.000e+00
     93.620     6.7479   3.311348    32.8118        790     3.2875     1.9024  0.000e+00
     93.740     6.7453   3.311162    32.8122        791     3.2917     1.8997  0.000e+00
     93.870     6.7425   3.311095    32.8141        792     3.2958     1.8992  0.000e+00
     93.988     6.7394   3.310848    32.8142        793     3.3000     1.8987  0.000e+00
     94.114     6.7354   3.310819    32.8177        794     3.3042     1.8979  0.000e+00
     94.239     6.7315   3.310724    32.8203        795     3.3083     1.8964  0.000e+00
     94.362     6.7281   3.310724    32.8236        796     3.3125     1.8954  0.000e+00
     94.488     6.7250   3.310600    32.8251        797     3.3167     1.8944  0.000e+00
     94.615     6.7224   3.310392    32.8252        798     3.3208     1.8942  0.000e+00
     94.738     6.7196   3.310291    32.8268        799     3.3250     1.8930  0.000e+00
     94.863     6.7168   3.310303    32.8295        800     3.3292     1.8934  0.000e+00
     94.988     6.7146   3.310100    32.8293        801     3.3333     1.8910  0.000e+00
     95.111     6.7128   3.310022    32.8301        802     3.3375     1.8905  0.000e+00
     95.234     6.7111   3.310027    32.8318        803     3.3417     1.8893  0.000e+00
     95.355     6.7098   3.310022    32.8329        804     3.3458     1.8890  0.000e+00
     95.481     6.7089   3.309938    32.8328        805     3.3500     1.8887  0.000e+00
     95.602     6.7077   3.309870    32.8331        806     3.3542     1.8883  0.000e+00
     95.722     6.7061   3.309915    32.8350        807     3.3583     1.8871  0.000e+00
     95.850     6.7049   3.309876    32.8357        808     3.3625     1.8864  0.000e+00
     95.971     6.7035   3.309966    32.8380        809     3.3667     1.8857  0.000e+00
     96.102     6.7023   3.309853    32.8378        810     3.3708     1.8852  0.000e+00
     96.230     6.7010   3.309927    32.8399        811     3.3750     1.8861  0.000e+00
     96.358     6.6993   3.310163    32.8440        812     3.3792     1.8826  0.000e+00
     96.490     6.6982   3.310292    32.8464        813     3.3833     1.8841  0.000e+00
     96.619     6.6973   3.310382    32.8482        814     3.3875     1.8830  0.000e+00
     96.755     6.6966   3.310371    32.8487        815     3.3917     1.8825  0.000e+00
     96.885     6.6961   3.310500    32.8505        816     3.3958     1.8813  0.000e+00
     97.002     6.6956   3.310506    32.8510        817     3.4000     1.8797  0.000e+00
     97.132     6.6952   3.310663    32.8531        818     3.4042     1.8787  0.000e+00
     97.255     6.6938   3.310911    32.8571        819     3.4083     1.8784  0.000e+00
     97.371     6.6918   3.311215    32.8623        820     3.4125     1.8777  0.000e+00
     97.494     6.6900   3.311265    32.8645        821     3.4167     1.8773  0.000e+00
     97.619     6.6887   3.311389    32.8670        822     3.4208     1.8774  0.000e+00
     97.749     6.6879   3.311513    32.8691        823     3.4250     1.8757  0.000e+00
     97.881     6.6872   3.311580    32.8704        824     3.4292     1.8745  0.000e+00
     98.019     6.6867   3.311682    32.8720        825     3.4333     1.8750  0.000e+00
     98.158     6.6863   3.311755    32.8731        826     3.4375     1.8738  0.000e+00
     98.299     6.6863   3.311805    32.8736        827     3.4417     1.8730  0.000e+00
     98.442     6.6862   3.311850    32.8741        828     3.4458     1.8721  0.000e+00
     98.590     6.6865   3.311867    32.8740        829     3.4500     1.8712  0.000e+00
     98.737     6.6866   3.311890    32.8741        830     3.4542     1.8709  0.000e+00
     98.871     6.6869   3.311890    32.8737        831     3.4583     1.8699  0.000e+00
     99.006     6.6870   3.311789    32.8724        832     3.4625     1.8690  0.000e+00
     99.138     6.6870   3.311851    32.8730        833     3.4667     1.8687  0.000e+00
     99.260     6.6867   3.311693    32.8715        834     3.4708     1.8678  0.000e+00
     99.379     6.6862   3.311643    32.8714        835     3.4750     1.8657  0.000e+00
     99.496     6.6854   3.311620    32.8718        836     3.4792     1.8648  0.000e+00
     99.614     6.6848   3.311615    32.8723        837     3.4833     1.8646  0.000e+00
     99.742     6.6839   3.311682    32.8738        838     3.4875     1.8640  0.000e+00
     99.867     6.6835   3.311744    32.8748        839     3.4917     1.8630  0.000e+00
     99.992     6.6833   3.311795    32.8755        840     3.4958     1.8628  0.000e+00
    100.115     6.6829   3.311851    32.8765        841     3.5000     1.8637  0.000e+00
    100.243     6.6825   3.311930    32.8776        842     3.5042     1.8623  0.000e+00
    100.366     6.6824   3.311975    32.8782        843     3.5083     1.8616  0.000e+00
    100.491     6.6821   3.311997    32.8787        844     3.5125     1.8617  0.000e+00
    100.614     6.6821   3.311952    32.8782        845     3.5167     1.8622  0.000e+00
    100.732     6.6819   3.311952    32.8782        846     3.5208     1.8616  0.000e+00
    100.844     6.6815   3.311975    32.8788        847     3.5250     1.8610  0.000e+00
    100.949     6.6810   3.311992    32.8794        848     3.5292     1.8612  0.000e+00
    101.053     6.6809   3.311997    32.8796        849     3.5333     1.8611  0.000e+00
    101.155     6.6805   3.311998    32.8799        850     3.5375     1.8597  0.000e+00
    101.254     6.6803   3.312031    32.8804        851     3.5417     1.8590  0.000e+00
    101.361     6.6800   3.312037    32.8807        852     3.5458     1.8584  0.000e+00
    101.471     6.6797   3.312076    32.8814        853     3.5500     1.8586  0.000e+00
    101.598     6.6797   3.312149    32.8821        854     3.5542     1.8569  0.000e+00
    101.726     6.6794   3.312307    32.8840        855     3.5583     1.8575  0.000e+00
    101.867     6.6795   3.312408    32.8850        856     3.5625     1.8570  0.000e+00
    102.017     6.6797   3.312538    32.8862        857     3.5667     1.8560  0.000e+00
    102.169     6.6803   3.312678    32.8871        858     3.5708     1.8568  0.000e+00
    102.327     6.6812   3.313005    32.8898        859     3.5750     1.8564  0.000e+00
    102.482     6.6826   3.313078    32.8891        860     3.5792     1.8545  0.000e+00
    102.634     6.6835   3.313201    32.8895        861     3.5833     1.8551  0.000e+00
    102.783     6.6840   3.313359    32.8908        862     3.5875     1.8556  0.000e+00
    102.927     6.6846   3.313556    32.8922        863     3.5917     1.8551  0.000e+00
    103.065     6.6852   3.313410    32.8900        864     3.5958     1.8564  0.000e+00
    103.195     6.6859   3.313539    32.8907        865     3.6000     1.8548  0.000e+00
    103.314     6.6863   3.313702    32.8920        866     3.6042     1.8553  0.000e+00
    103.428     6.6867   3.313578    32.8902        867     3.6083     1.8552  0.000e+00
    103.549     6.6867   3.313511    32.8894        868     3.6125     1.8550  0.000e+00
    103.660     6.6861   3.313348    32.8882        869     3.6167     1.8545  0.000e+00
    103.781     6.6851   3.313241    32.8879        870     3.6208     1.8539  0.000e+00
    103.898     6.6840   3.313432    32.8910        871     3.6250     1.8535  0.000e+00
    104.016     6.6829   3.313680    32.8947        872     3.6292     1.8522  0.000e+00
    104.139     6.6825   3.313837    32.8968        873     3.6333     1.8527  0.000e+00
    104.266     6.6823   3.313989    32.8986        874     3.6375     1.8517  0.000e+00
    104.381     6.6821   3.314136    32.9003        875     3.6417     1.8513  0.000e+00
    104.508     6.6823   3.314254    32.9014        876     3.6458     1.8511  0.000e+00
    104.631     6.6825   3.314428    32.9031        877     3.6500     1.8508  0.000e+00
    104.748     6.6827   3.314394    32.9024        878     3.6542     1.8510  0.000e+00
    104.866     6.6829   3.314552    32.9039        879     3.6583     1.8502  0.000e+00
    104.985     6.6829   3.314760    32.9061        880     3.6625     1.8497  0.000e+00
    105.101     6.6831   3.314771    32.9061        881     3.6667     1.8494  0.000e+00
    105.215     6.6832   3.314968    32.9081        882     3.6708     1.8489  0.000e+00
    105.327     6.6834   3.315261    32.9110        883     3.6750     1.8500  0.000e+00
    105.443     6.6837   3.315385    32.9120        884     3.6792     1.8496  0.000e+00
    105.555     6.6840   3.315199    32.9096        885     3.6833     1.8474  0.000e+00
    105.664     6.6841   3.315385    32.9116        886     3.6875     1.8492  0.000e+00
    105.776     6.6843   3.315565    32.9133        887     3.6917     1.8471  0.000e+00
    105.884     6.6841   3.315632    32.9141        888     3.6958     1.8486  0.000e+00
    106.000     6.6842   3.315683    32.9146        889     3.7000     1.8479  0.000e+00
    106.116     6.6841   3.315700    32.9148        890     3.7042     1.8486  0.000e+00
    106.237     6.6842   3.315762    32.9153        891     3.7083     1.8477  0.000e+00
    106.358     6.6842   3.315886    32.9166        892     3.7125     1.8480  0.000e+00
    106.485     6.6845   3.316032    32.9179        893     3.7167     1.8477  0.000e+00
    106.618     6.6848   3.316156    32.9189        894     3.7208     1.8465  0.000e+00
    106.754     6.6854   3.316358    32.9205        895     3.7250     1.8469  0.000e+00
    106.893     6.6862   3.316403    32.9202        896     3.7292     1.8453  0.000e+00
    107.036     6.6870   3.317051    32.9264        897     3.7333     1.8463  0.000e+00
    107.179     6.6885   3.317293    32.9276        898     3.7375     1.8446  0.000e+00
    107.333     6.6901   3.319048    32.9453        899     3.7417     1.8447  0.000e+00
    107.479     6.6930   3.320872    32.9625        900     3.7458     1.8451  0.000e+00
    107.628     6.6983   3.323135    32.9823        901     3.7500     1.8455  0.000e+00
    107.771     6.7061   3.324971    32.9950        902     3.7542     1.8448  0.000e+00
    107.910     6.7147   3.326171    32.9997        903     3.7583     1.8449  0.000e+00
    108.044     6.7234   3.326931    32.9997        904     3.7625     1.8447  0.000e+00
    108.174     6.7307   3.327765    33.0018        905     3.7667     1.8461  0.000e+00
    108.292     6.7371   3.328249    33.0009        906     3.7708     1.8447  0.000e+00
    108.409     6.7425   3.328542    32.9989        907     3.7750     1.8439  0.000e+00
    108.518     6.7466   3.329083    33.0009        908     3.7792     1.8439  0.000e+00
