HB2407/sbe133.cnv
* Sea-Bird SBE 19plus V2 Data File:
* FileName = C:\cruise\data\sbe133.hex
* Software Version Seasave V 7.26.7.121
* Temperature SN = 7037
* Conductivity SN = 7037
* System UpLoad Time = Nov 05 2024 08:27:44
* NMEA Latitude = 44 01.58 N
* NMEA Longitude = 068 09.98 W
* NMEA UTC (Time) = Nov 05 2024  08:26:58
** Ship: Bigelow
** Cruise:  HB2407
** Program:  Spring Bottom Trawl
# nquan = 8
# nvalues = 2468                                  
# units = specified
# name 0 = depSM: Depth [salt water, m]
# name 1 = tv290C: Temperature [ITS-90, deg C]
# name 2 = c0S/m: Conductivity [S/m]
# name 3 = sal00: Salinity, Practical [PSU]
# name 4 = scan: Scan Count
# name 5 = timeM: Time, Elapsed [minutes]
# name 6 = sbeox0V: Oxygen raw, SBE 43 [V]
# name 7 = flag:  0.000e+00
# span 0 =      0.051,    114.793                 
# span 1 =     8.8248,    10.6531                 
# span 2 =  -0.000012,   3.646492                 
# span 3 =     0.0000,    33.5299                 
# span 4 =         11,       2478                 
# span 5 =     0.0417,    10.3208                 
# span 6 =     1.8477,     2.5352                 
# span 7 = 0.0000e+00, 0.0000e+00                 
# interval = seconds: 0.25
# start_time = Nov 05 2024 08:26:58 [NMEA time, header]
# bad_flag = -9.990e-29
*END*
[from data line 899]
     99.876     9.5837   3.600373    33.2099        910     3.7875     1.9398  0.000e+00
     99.720     9.5851   3.600483    33.2099        911     3.7917     1.9411  0.000e+00
     99.577     9.5866   3.600658    33.2104        912     3.7958     1.9422  0.000e+00
     99.438     9.5888   3.600721    33.2090        913     3.8000     1.9443  0.000e+00
     99.311     9.5910   3.600919    33.2091        914     3.8042     1.9446  0.000e+00
     99.198     9.5932   3.600942    33.2073        915     3.8083     1.9450  0.000e+00
     99.096     9.5955   3.601076    33.2066        916     3.8125     1.9459  0.000e+00
     98.997     9.5976   3.601268    33.2067        917     3.8167     1.9467  0.000e+00
     98.910     9.6002   3.601901    33.2108        918     3.8208     1.9494  0.000e+00
     98.830     9.6051   3.602256    33.2100        919     3.8250     1.9472  0.000e+00
     98.749     9.6113   3.602581    33.2076        920     3.8292     1.9498  0.000e+00
     98.669     9.6178   3.602953    33.2054        921     3.8333     1.9504  0.000e+00
     98.579     9.6245   3.603325    33.2031        922     3.8375     1.9524  0.000e+00
     98.490     9.6313   3.603523    33.1988        923     3.8417     1.9518  0.000e+00
     98.395     9.6375   3.603982    33.1979        924     3.8458     1.9517  0.000e+00
     98.295     9.6441   3.604814    33.2004        925     3.8500     1.9527  0.000e+00
     98.185     9.6532   3.605558    33.1996        926     3.8542     1.9534  0.000e+00
     98.067     9.6645   3.606831    33.2023        927     3.8583     1.9547  0.000e+00
     97.939     9.6793   3.607337    33.1939        928     3.8625     1.9564  0.000e+00
     97.807     9.6941   3.607622    33.1831        929     3.8667     1.9566  0.000e+00
     97.673     9.7065   3.607907    33.1748        930     3.8708     1.9584  0.000e+00
     97.532     9.7164   3.609163    33.1785        931     3.8750     1.9602  0.000e+00
     97.382     9.7290   3.610187    33.1775        932     3.8792     1.9617  0.000e+00
     97.232     9.7452   3.610623    33.1670        933     3.8833     1.9618  0.000e+00
     97.080     9.7601   3.610821    33.1554        934     3.8875     1.9637  0.000e+00
     96.923     9.7718   3.610931    33.1459        935     3.8917     1.9654  0.000e+00
     96.765     9.7800   3.611083    33.1399        936     3.8958     1.9681  0.000e+00
     96.608     9.7862   3.611193    33.1354        937     3.9000     1.9706  0.000e+00
     96.454     9.7911   3.611367    33.1327        938     3.9042     1.9714  0.000e+00
     96.301     9.7954   3.611501    33.1302        939     3.9083     1.9729  0.000e+00
     96.152     9.7991   3.611542    33.1273        940     3.9125     1.9761  0.000e+00
     96.006     9.8020   3.611810    33.1274        941     3.9167     1.9774  0.000e+00
     95.861     9.8054   3.611873    33.1250        942     3.9208     1.9789  0.000e+00
     95.724     9.8088   3.612310    33.1264        943     3.9250     1.9802  0.000e+00
     95.594     9.8130   3.612554    33.1251        944     3.9292     1.9820  0.000e+00
     95.471     9.8178   3.612816    33.1234        945     3.9333     1.9828  0.000e+00
     95.353     9.8232   3.613037    33.1207        946     3.9375     1.9834  0.000e+00
     95.250     9.8288   3.613037    33.1157        947     3.9417     1.9853  0.000e+00
     95.151     9.8328   3.613188    33.1135        948     3.9458     1.9866  0.000e+00
     95.055     9.8362   3.613584    33.1145        949     3.9500     1.9860  0.000e+00
     94.964     9.8406   3.613799    33.1127        950     3.9542     1.9879  0.000e+00
     94.879     9.8455   3.613654    33.1067        951     3.9583     1.9884  0.000e+00
     94.793     9.8485   3.613805    33.1056        952     3.9625     1.9894  0.000e+00
     94.711     9.8509   3.613828    33.1037        953     3.9667     1.9914  0.000e+00
     94.623     9.8526   3.613915    33.1030        954     3.9708     1.9918  0.000e+00
     94.538     9.8540   3.614067    33.1033        955     3.9750     1.9917  0.000e+00
     94.435     9.8558   3.614137    33.1024        956     3.9792     1.9930  0.000e+00
     94.333     9.8578   3.614177    33.1011        957     3.9833     1.9944  0.000e+00
     94.223     9.8591   3.614375    33.1019        958     3.9875     1.9950  0.000e+00
     94.100     9.8608   3.614707    33.1038        959     3.9917     1.9948  0.000e+00
     93.963     9.8643   3.614928    33.1029        960     3.9958     1.9963  0.000e+00
     93.825     9.8684   3.615103    33.1009        961     4.0000     1.9979  0.000e+00
     93.679     9.8724   3.615143    33.0977        962     4.0042     1.9980  0.000e+00
     93.522     9.8755   3.615324    33.0969        963     4.0083     1.9969  0.000e+00
     93.355     9.8782   3.615522    33.0965        964     4.0125     2.0012  0.000e+00
     93.187     9.8815   3.615609    33.0944        965     4.0167     1.9977  0.000e+00
     93.015     9.8848   3.616529    33.1008        966     4.0208     1.9982  0.000e+00
     92.847     9.8916   3.616662    33.0960        967     4.0250     1.9996  0.000e+00
     92.684     9.8992   3.616849    33.0910        968     4.0292     2.0018  0.000e+00
     92.522     9.9053   3.616837    33.0854        969     4.0333     2.0021  0.000e+00
     92.362     9.9094   3.616749    33.0808        970     4.0375     2.0041  0.000e+00
     92.221     9.9119   3.616883    33.0799        971     4.0417     2.0064  0.000e+00
     92.084     9.9135   3.616662    33.0763        972     4.0458     2.0063  0.000e+00
     91.945     9.9139   3.616924    33.0786        973     4.0500     2.0080  0.000e+00
     91.824     9.9151   3.616656    33.0748        974     4.0542     2.0092  0.000e+00
     91.708     9.9149   3.617011    33.0787        975     4.0583     2.0099  0.000e+00
     91.603     9.9166   3.617034    33.0774        976     4.0625     2.0102  0.000e+00
     91.502     9.9185   3.617058    33.0760        977     4.0667     2.0128  0.000e+00
     91.415     9.9197   3.617034    33.0747        978     4.0708     2.0132  0.000e+00
     91.341     9.9204   3.617011    33.0738        979     4.0750     2.0123  0.000e+00
     91.263     9.9209   3.617058    33.0739        980     4.0792     2.0135  0.000e+00
     91.193     9.9211   3.617034    33.0735        981     4.0833     2.0133  0.000e+00
     91.115     9.9214   3.617081    33.0738        982     4.0875     2.0137  0.000e+00
     91.033     9.9216   3.617232    33.0752        983     4.0917     2.0120  0.000e+00
     90.950     9.9223   3.617191    33.0741        984     4.0958     2.0133  0.000e+00
     90.844     9.9231   3.617162    33.0732        985     4.1000     2.0140  0.000e+00
     90.722     9.9232   3.617209    33.0736        986     4.1042     2.0134  0.000e+00
     90.585     9.9233   3.617191    33.0733        987     4.1083     2.0139  0.000e+00
     90.440     9.9235   3.617319    33.0745        988     4.1125     2.0128  0.000e+00
     90.287     9.9246   3.617605    33.0765        989     4.1167     2.0133  0.000e+00
     90.124     9.9273   3.617651    33.0746        990     4.1208     2.0147  0.000e+00
     89.958     9.9303   3.617622    33.0715        991     4.1250     2.0156  0.000e+00
     89.802     9.9321   3.617564    33.0694        992     4.1292     2.0167  0.000e+00
     89.647     9.9328   3.617587    33.0691        993     4.1333     2.0166  0.000e+00
     89.504     9.9332   3.617604    33.0689        994     4.1375     2.0169  0.000e+00
     89.366     9.9340   3.617651    33.0688        995     4.1417     2.0187  0.000e+00
     89.252     9.9348   3.617604    33.0676        996     4.1458     2.0196  0.000e+00
     89.147     9.9352   3.617604    33.0673        997     4.1500     2.0205  0.000e+00
     89.054     9.9355   3.617674    33.0677        998     4.1542     2.0210  0.000e+00
     88.978     9.9363   3.617651    33.0668        999     4.1583     2.0203  0.000e+00
     88.914     9.9371   3.617674    33.0664       1000     4.1625     2.0217  0.000e+00
     88.858     9.9378   3.617715    33.0661       1001     4.1667     2.0205  0.000e+00
     88.793     9.9386   3.617691    33.0653       1002     4.1708     2.0209  0.000e+00
     88.723     9.9391   3.617645    33.0643       1003     4.1750     2.0212  0.000e+00
     88.648     9.9395   3.617650    33.0641       1004     4.1792     2.0220  0.000e+00
     88.558     9.9395   3.617650    33.0641       1005     4.1833     2.0221  0.000e+00
     88.451     9.9393   3.617627    33.0640       1006     4.1875     2.0233  0.000e+00
     88.332     9.9393   3.617761    33.0655       1007     4.1917     2.0238  0.000e+00
     88.198     9.9401   3.617802    33.0652       1008     4.1958     2.0222  0.000e+00
     88.054     9.9414   3.617749    33.0635       1009     4.2000     2.0232  0.000e+00
     87.907     9.9426   3.617848    33.0636       1010     4.2042     2.0217  0.000e+00
     87.744     9.9437   3.617825    33.0623       1011     4.2083     2.0222  0.000e+00
     87.583     9.9447   3.617871    33.0620       1012     4.2125     2.0238  0.000e+00
     87.428     9.9453   3.617959    33.0624       1013     4.2167     2.0234  0.000e+00
     87.271     9.9465   3.618023    33.0620       1014     4.2208     2.0234  0.000e+00
     87.130     9.9486   3.618285    33.0628       1015     4.2250     2.0233  0.000e+00
     86.998     9.9516   3.618465    33.0620       1016     4.2292     2.0242  0.000e+00
     86.857     9.9562   3.618576    33.0589       1017     4.2333     2.0238  0.000e+00
     86.734     9.9607   3.618750    33.0567       1018     4.2375     2.0251  0.000e+00
     86.618     9.9650   3.618861    33.0539       1019     4.2417     2.0251  0.000e+00
     86.504     9.9692   3.619140    33.0530       1020     4.2458     2.0269  0.000e+00
     86.410     9.9737   3.619169    33.0492       1021     4.2500     2.0270  0.000e+00
     86.312     9.9776   3.619187    33.0458       1022     4.2542     2.0286  0.000e+00
     86.216     9.9803   3.619257    33.0441       1023     4.2583     2.0286  0.000e+00
     86.131     9.9828   3.619455    33.0439       1024     4.2625     2.0302  0.000e+00
     86.032     9.9854   3.619676    33.0438       1025     4.2667     2.0304  0.000e+00
     85.920     9.9891   3.619955    33.0432       1026     4.2708     2.0322  0.000e+00
     85.813     9.9940   3.619891    33.0382       1027     4.2750     2.0319  0.000e+00
     85.696     9.9980   3.620048    33.0362       1028     4.2792     2.0335  0.000e+00
     85.566    10.0007   3.619978    33.0331       1029     4.2833     2.0340  0.000e+00
     85.426    10.0026   3.620048    33.0321       1030     4.2875     2.0351  0.000e+00
     85.285    10.0036   3.620106    33.0318       1031     4.2917     2.0360  0.000e+00
     85.148    10.0051   3.620642    33.0360       1032     4.2958     2.0377  0.000e+00
     85.010    10.0098   3.620840    33.0338       1033     4.3000     2.0390  0.000e+00
     84.882    10.0155   3.620974    33.0300       1034     4.3042     2.0394  0.000e+00
     84.765    10.0207   3.621149    33.0270       1035     4.3083     2.0401  0.000e+00
     84.667    10.0253   3.621172    33.0231       1036     4.3125     2.0417  0.000e+00
     84.569    10.0290   3.621201    33.0201       1037     4.3167     2.0425  0.000e+00
     84.490    10.0314   3.621172    33.0176       1038     4.3208     2.0424  0.000e+00
     84.408    10.0329   3.621172    33.0163       1039     4.3250     2.0427  0.000e+00
     84.349    10.0338   3.621189    33.0157       1040     4.3292     2.0429  0.000e+00
     84.289    10.0346   3.621236    33.0155       1041     4.3333     2.0437  0.000e+00
     84.215    10.0351   3.621411    33.0168       1042     4.3375     2.0448  0.000e+00
     84.146    10.0366   3.621370    33.0150       1043     4.3417     2.0443  0.000e+00
     84.067    10.0380   3.621475    33.0148       1044     4.3458     2.0447  0.000e+00
     83.962    10.0395   3.621521    33.0140       1045     4.3500     2.0449  0.000e+00
     83.855    10.0409   3.621568    33.0132       1046     4.3542     2.0457  0.000e+00
     83.718    10.0421   3.621568    33.0122       1047     4.3583     2.0476  0.000e+00
     83.564    10.0432   3.621876    33.0144       1048     4.3625     2.0457  0.000e+00
     83.394    10.0456   3.621981    33.0133       1049     4.3667     2.0477  0.000e+00
     83.206    10.0492   3.622226    33.0126       1050     4.3708     2.0499  0.000e+00
     83.020    10.0529   3.622226    33.0093       1051     4.3750     2.0500  0.000e+00
     82.835    10.0560   3.622313    33.0075       1052     4.3792     2.0505  0.000e+00
     82.660    10.0587   3.622482    33.0068       1053     4.3833     2.0503  0.000e+00
     82.493    10.0614   3.622558    33.0052       1054     4.3875     2.0524  0.000e+00
     82.352    10.0640   3.622488    33.0022       1055     4.3917     2.0519  0.000e+00
     82.220    10.0655   3.622621    33.0023       1056     4.3958     2.0536  0.000e+00
     82.110    10.0668   3.622487    32.9997       1057     4.4000     2.0551  0.000e+00
     82.020    10.0675   3.622621    33.0005       1058     4.4042     2.0561  0.000e+00
     81.946    10.0682   3.622633    33.0000       1059     4.4083     2.0551  0.000e+00
     81.900    10.0690   3.622732    33.0003       1060     4.4125     2.0549  0.000e+00
     81.859    10.0698   3.622732    32.9996       1061     4.4167     2.0555  0.000e+00
     81.826    10.0706   3.622866    33.0002       1062     4.4208     2.0554  0.000e+00
     81.797    10.0716   3.623087    33.0016       1063     4.4250     2.0567  0.000e+00
     81.756    10.0734   3.623157    33.0006       1064     4.4292     2.0585  0.000e+00
     81.707    10.0752   3.623216    32.9996       1065     4.4333     2.0580  0.000e+00
     81.636    10.0767   3.623262    32.9988       1066     4.4375     2.0595  0.000e+00
     81.548    10.0777   3.623326    32.9986       1067     4.4417     2.0606  0.000e+00
     81.438    10.0788   3.623373    32.9981       1068     4.4458     2.0612  0.000e+00
     81.304    10.0798   3.623326    32.9968       1069     4.4500     2.0609  0.000e+00
     81.146    10.0804   3.623390    32.9969       1070     4.4542     2.0612  0.000e+00
     80.987    10.0808   3.623373    32.9965       1071     4.4583     2.0604  0.000e+00
     80.814    10.0813   3.623372    32.9960       1072     4.4625     2.0626  0.000e+00
     80.646    10.0815   3.623611    32.9983       1073     4.4667     2.0616  0.000e+00
     80.486    10.0831   3.624672    33.0077       1074     4.4708     2.0622  0.000e+00
     80.335    10.0889   3.624800    33.0038       1075     4.4750     2.0616  0.000e+00
     80.188    10.0961   3.625045    32.9997       1076     4.4792     2.0633  0.000e+00
     80.067    10.1028   3.625132    32.9946       1077     4.4833     2.0641  0.000e+00
     79.951    10.1081   3.625243    32.9910       1078     4.4875     2.0647  0.000e+00
     79.850    10.1122   3.625551    32.9903       1079     4.4917     2.0646  0.000e+00
     79.763    10.1169   3.625790    32.9885       1080     4.4958     2.0654  0.000e+00
     79.687    10.1222   3.625907    32.9849       1081     4.5000     2.0654  0.000e+00
     79.620    10.1266   3.626018    32.9821       1082     4.5042     2.0677  0.000e+00
     79.573    10.1303   3.625860    32.9772       1083     4.5083     2.0670  0.000e+00
     79.528    10.1319   3.625930    32.9764       1084     4.5125     2.0676  0.000e+00
     79.468    10.1332   3.626280    32.9788       1085     4.5167     2.0685  0.000e+00
     79.411    10.1360   3.626478    32.9783       1086     4.5208     2.0687  0.000e+00
     79.347    10.1394   3.626612    32.9766       1087     4.5250     2.0693  0.000e+00
     79.277    10.1430   3.626723    32.9744       1088     4.5292     2.0705  0.000e+00
