HB2407/sbe141.cnv
* Sea-Bird SBE 19plus V2 Data File:
* FileName = C:\cruise\data\sbe141.hex
* Software Version Seasave V 7.26.7.121
* Temperature SN = 7037
* Conductivity SN = 7037
* System UpLoad Time = Nov 11 2024 06:06:14
* NMEA Latitude = 42 21.88 N
* NMEA Longitude = 070 15.75 W
* NMEA UTC (Time) = Nov 11 2024  06:04:35
** Ship: Bigelow
** Cruise:  HB2407
** Program:  Spring Bottom Trawl
# nquan = 8
# nvalues = 941                                   
# units = specified
# name 0 = depSM: Depth [salt water, m]
# name 1 = tv290C: Temperature [ITS-90, deg C]
# name 2 = c0S/m: Conductivity [S/m]
# name 3 = sal00: Salinity, Practical [PSU]
# name 4 = scan: Scan Count
# name 5 = timeM: Time, Elapsed [minutes]
# name 6 = sbeox0V: Oxygen raw, SBE 43 [V]
# name 7 = flag:  0.000e+00
# span 0 =      0.012,     39.168                 
# span 1 =    11.1127,    11.7293                 
# span 2 =   1.049523,   3.669937                 
# span 3 =     8.2331,    32.3632                 
# span 4 =         11,        951                 
# span 5 =     0.0417,     3.9583                 
# span 6 =     1.8741,     2.3754                 
# span 7 = 0.0000e+00, 0.0000e+00                 
# interval = seconds: 0.25
# start_time = Nov 11 2024 06:04:35 [NMEA time, header]
# bad_flag = -9.990e-29
*END*
[from data line 180]
      0.413    11.4138   3.603689    31.6572        191     0.7917     2.3215  0.000e+00
      0.406    11.4138   3.602636    31.6469        192     0.7958     2.3189  0.000e+00
      0.389    11.4138   3.601352    31.6344        193     0.8000     2.3162  0.000e+00
      0.364    11.4134   3.604148    31.6620        194     0.8042     2.3148  0.000e+00
      0.312    11.4131   3.601805    31.6393        195     0.8083     2.3143  0.000e+00
      0.230    11.4131   3.605241    31.6729        196     0.8125     2.3138  0.000e+00
      0.203    11.4129   3.604299    31.6640        197     0.8167     2.3138  0.000e+00
      0.247    11.4128   3.603206    31.6533        198     0.8208     2.3135  0.000e+00
      0.288    11.4127   3.602764    31.6491        199     0.8250     2.3138  0.000e+00
      0.333    11.4130   3.601416    31.6357        200     0.8292     2.3146  0.000e+00
      0.373    11.4134   3.602375    31.6447        201     0.8333     2.3135  0.000e+00
      0.408    11.4136   3.603776    31.6582        202     0.8375     2.3130  0.000e+00
      0.413    11.4138   3.603491    31.6552        203     0.8417     2.3132  0.000e+00
      0.399    11.4139   3.603602    31.6562        204     0.8458     2.3156  0.000e+00
      0.370    11.4141   3.607103    31.6902        205     0.8500     2.3166  0.000e+00
      0.435    11.4140   3.604276    31.6626        206     0.8542     2.3185  0.000e+00
      0.534    11.4141   3.603323    31.6532        207     0.8583     2.3212  0.000e+00
      0.697    11.4142   3.607411    31.6930        208     0.8625     2.3256  0.000e+00
      0.876    11.4142   3.601497    31.6352        209     0.8667     2.3297  0.000e+00
      1.047    11.4145   3.596819    31.5893        210     0.8708     2.3349  0.000e+00
      1.190    11.4143   3.599550    31.6160        211     0.8750     2.3404  0.000e+00
      1.306    11.4141   3.613533    31.7526        212     0.8792     2.3446  0.000e+00
      1.422    11.4139   3.658214    32.1895        213     0.8833     2.3508  0.000e+00
      1.582    11.4136   3.663258    32.2391        214     0.8875     2.3539  0.000e+00
      1.780    11.4136   3.663323    32.2396        215     0.8917     2.3597  0.000e+00
      2.000    11.4138   3.663346    32.2396        216     0.8958     2.3648  0.000e+00
      2.204    11.4139   3.663364    32.2396        217     0.9000     2.3695  0.000e+00
      2.400    11.4141   3.663323    32.2389        218     0.9042     2.3718  0.000e+00
      2.584    11.4141   3.663323    32.2388        219     0.9083     2.3736  0.000e+00
      2.803    11.4140   3.663346    32.2391        220     0.9125     2.3742  0.000e+00
      3.050    11.4138   3.663370    32.2394        221     0.9167     2.3752  0.000e+00
      3.300    11.4136   3.663417    32.2399        222     0.9208     2.3740  0.000e+00
      3.531    11.4134   3.663434    32.2402        223     0.9250     2.3735  0.000e+00
      3.739    11.4136   3.663429    32.2399        224     0.9292     2.3722  0.000e+00
      3.934    11.4135   3.663417    32.2397        225     0.9333     2.3706  0.000e+00
      4.151    11.4133   3.663435    32.2400        226     0.9375     2.3685  0.000e+00
      4.392    11.4133   3.663540    32.2409        227     0.9417     2.3665  0.000e+00
      4.623    11.4136   3.663546    32.2406        228     0.9458     2.3661  0.000e+00
      4.829    11.4137   3.663570    32.2407        229     0.9500     2.3641  0.000e+00
      5.013    11.4138   3.663546    32.2403        230     0.9542     2.3620  0.000e+00
      5.189    11.4139   3.663558    32.2402        231     0.9583     2.3626  0.000e+00
      5.377    11.4140   3.663570    32.2401        232     0.9625     2.3639  0.000e+00
      5.577    11.4138   3.663593    32.2405        233     0.9667     2.3629  0.000e+00
      5.782    11.4140   3.663605    32.2404        234     0.9708     2.3611  0.000e+00
      5.971    11.4140   3.663617    32.2404        235     0.9750     2.3584  0.000e+00
      6.149    11.4141   3.663593    32.2400        236     0.9792     2.3562  0.000e+00
      6.333    11.4140   3.663582    32.2399        237     0.9833     2.3524  0.000e+00
      6.536    11.4140   3.663617    32.2402        238     0.9875     2.3501  0.000e+00
      6.756    11.4139   3.663664    32.2406        239     0.9917     2.3468  0.000e+00
      6.977    11.4140   3.663705    32.2409        240     0.9958     2.3465  0.000e+00
      7.181    11.4141   3.663734    32.2409        241     1.0000     2.3441  0.000e+00
      7.376    11.4142   3.663728    32.2407        242     1.0042     2.3420  0.000e+00
      7.568    11.4141   3.663752    32.2409        243     1.0083     2.3382  0.000e+00
      7.772    11.4140   3.663840    32.2418        244     1.0125     2.3351  0.000e+00
      7.993    11.4136   3.663840    32.2421        245     1.0167     2.3327  0.000e+00
      8.201    11.4130   3.663887    32.2430        246     1.0208     2.3294  0.000e+00
      8.403    11.4129   3.663928    32.2434        247     1.0250     2.3279  0.000e+00
      8.600    11.4127   3.664010    32.2443        248     1.0292     2.3255  0.000e+00
      8.790    11.4118   3.664109    32.2460        249     1.0333     2.3235  0.000e+00
      8.996    11.4105   3.664133    32.2472        250     1.0375     2.3212  0.000e+00
      9.206    11.4092   3.664162    32.2485        251     1.0417     2.3201  0.000e+00
      9.417    11.4081   3.664244    32.2502        252     1.0458     2.3183  0.000e+00
      9.614    11.4069   3.664244    32.2512        253     1.0500     2.3169  0.000e+00
      9.795    11.4055   3.664268    32.2526        254     1.0542     2.3160  0.000e+00
      9.983    11.4045   3.664245    32.2532        255     1.0583     2.3145  0.000e+00
     10.176    11.4030   3.664221    32.2541        256     1.0625     2.3152  0.000e+00
     10.366    11.4012   3.664245    32.2559        257     1.0667     2.3169  0.000e+00
     10.545    11.3999   3.664221    32.2567        258     1.0708     2.3195  0.000e+00
     10.702    11.3990   3.664268    32.2579        259     1.0750     2.3221  0.000e+00
     10.854    11.3983   3.664268    32.2584        260     1.0792     2.3233  0.000e+00
     11.022    11.3975   3.664204    32.2584        261     1.0833     2.3252  0.000e+00
     11.189    11.3961   3.664157    32.2591        262     1.0875     2.3279  0.000e+00
     11.368    11.3942   3.664134    32.2604        263     1.0917     2.3298  0.000e+00
     11.540    11.3926   3.664134    32.2618        264     1.0958     2.3301  0.000e+00
     11.706    11.3915   3.664140    32.2628        265     1.1000     2.3324  0.000e+00
     11.881    11.3907   3.664134    32.2633        266     1.1042     2.3353  0.000e+00
     12.076    11.3904   3.664158    32.2637        267     1.1083     2.3378  0.000e+00
     12.292    11.3898   3.664099    32.2636        268     1.1125     2.3385  0.000e+00
     12.509    11.3889   3.664134    32.2646        269     1.1167     2.3403  0.000e+00
     12.736    11.3883   3.664088    32.2646        270     1.1208     2.3420  0.000e+00
     12.962    11.3869   3.664076    32.2656        271     1.1250     2.3440  0.000e+00
     13.188    11.3856   3.664088    32.2667        272     1.1292     2.3449  0.000e+00
     13.422    11.3844   3.664041    32.2673        273     1.1333     2.3461  0.000e+00
     13.658    11.3833   3.664065    32.2683        274     1.1375     2.3481  0.000e+00
     13.895    11.3822   3.664053    32.2691        275     1.1417     2.3488  0.000e+00
     14.127    11.3814   3.664041    32.2695        276     1.1458     2.3502  0.000e+00
     14.342    11.3805   3.663977    32.2697        277     1.1500     2.3500  0.000e+00
     14.557    11.3796   3.664012    32.2707        278     1.1542     2.3501  0.000e+00
     14.768    11.3790   3.663977    32.2708        279     1.1583     2.3558  0.000e+00
     14.973    11.3783   3.663890    32.2705        280     1.1625     2.3528  0.000e+00
     15.170    11.3768   3.663866    32.2714        281     1.1667     2.3531  0.000e+00
     15.345    11.3751   3.663820    32.2724        282     1.1708     2.3552  0.000e+00
     15.526    11.3738   3.663779    32.2731        283     1.1750     2.3564  0.000e+00
     15.696    11.3721   3.663709    32.2738        284     1.1792     2.3577  0.000e+00
     15.875    11.3703   3.663650    32.2747        285     1.1833     2.3585  0.000e+00
     16.052    11.3683   3.663644    32.2763        286     1.1875     2.3592  0.000e+00
     16.224    11.3669   3.663668    32.2777        287     1.1917     2.3603  0.000e+00
     16.397    11.3661   3.663674    32.2784        288     1.1958     2.3607  0.000e+00
     16.576    11.3652   3.663645    32.2788        289     1.2000     2.3605  0.000e+00
     16.770    11.3647   3.663668    32.2794        290     1.2042     2.3618  0.000e+00
     16.972    11.3641   3.663645    32.2796        291     1.2083     2.3623  0.000e+00
     17.174    11.3637   3.663610    32.2795        292     1.2125     2.3639  0.000e+00
     17.381    11.3628   3.663645    32.2806        293     1.2167     2.3657  0.000e+00
     17.581    11.3618   3.663621    32.2811        294     1.2208     2.3655  0.000e+00
     17.787    11.3607   3.663627    32.2821        295     1.2250     2.3662  0.000e+00
     17.995    11.3598   3.663668    32.2832        296     1.2292     2.3681  0.000e+00
     18.198    11.3593   3.663552    32.2824        297     1.2333     2.3668  0.000e+00
     18.404    11.3584   3.663598    32.2836        298     1.2375     2.3692  0.000e+00
     18.603    11.3573   3.663563    32.2841        299     1.2417     2.3681  0.000e+00
     18.791    11.3565   3.663552    32.2846        300     1.2458     2.3682  0.000e+00
     18.990    11.3555   3.663511    32.2850        301     1.2500     2.3677  0.000e+00
     19.179    11.3545   3.663499    32.2856        302     1.2542     2.3682  0.000e+00
     19.373    11.3536   3.663511    32.2865        303     1.2583     2.3676  0.000e+00
     19.564    11.3529   3.663488    32.2867        304     1.2625     2.3692  0.000e+00
     19.763    11.3520   3.663400    32.2866        305     1.2667     2.3681  0.000e+00
     19.962    11.3501   3.663353    32.2877        306     1.2708     2.3689  0.000e+00
     20.159    11.3478   3.663377    32.2899        307     1.2750     2.3682  0.000e+00
     20.364    11.3464   3.663377    32.2910        308     1.2792     2.3684  0.000e+00
     20.562    11.3454   3.663371    32.2918        309     1.2833     2.3690  0.000e+00
     20.750    11.3443   3.663400    32.2930        310     1.2875     2.3684  0.000e+00
     20.938    11.3437   3.663377    32.2931        311     1.2917     2.3690  0.000e+00
     21.134    11.3429   3.663395    32.2939        312     1.2958     2.3681  0.000e+00
     21.320    11.3423   3.663424    32.2947        313     1.3000     2.3678  0.000e+00
     21.510    11.3421   3.663377    32.2943        314     1.3042     2.3701  0.000e+00
     21.698    11.3416   3.663354    32.2944        315     1.3083     2.3689  0.000e+00
     21.882    11.3409   3.663372    32.2952        316     1.3125     2.3686  0.000e+00
     22.074    11.3402   3.663424    32.2962        317     1.3167     2.3692  0.000e+00
     22.260    11.3400   3.663401    32.2961        318     1.3208     2.3692  0.000e+00
     22.450    11.3397   3.663395    32.2962        319     1.3250     2.3687  0.000e+00
     22.645    11.3393   3.663442    32.2969        320     1.3292     2.3675  0.000e+00
     22.851    11.3394   3.663442    32.2967        321     1.3333     2.3687  0.000e+00
     23.059    11.3392   3.663442    32.2968        322     1.3375     2.3676  0.000e+00
     23.265    11.3391   3.663483    32.2973        323     1.3417     2.3673  0.000e+00
     23.473    11.3389   3.663489    32.2974        324     1.3458     2.3687  0.000e+00
     23.679    11.3389   3.663466    32.2971        325     1.3500     2.3694  0.000e+00
     23.892    11.3388   3.663484    32.2973        326     1.3542     2.3681  0.000e+00
     24.102    11.3385   3.663489    32.2975        327     1.3583     2.3678  0.000e+00
     24.314    11.3382   3.663466    32.2974        328     1.3625     2.3676  0.000e+00
     24.525    11.3381   3.663513    32.2979        329     1.3667     2.3682  0.000e+00
     24.730    11.3379   3.663484    32.2977        330     1.3708     2.3678  0.000e+00
     24.929    11.3376   3.663490    32.2979        331     1.3750     2.3707  0.000e+00
     25.126    11.3374   3.663490    32.2980        332     1.3792     2.3691  0.000e+00
     25.319    11.3373   3.663461    32.2978        333     1.3833     2.3684  0.000e+00
     25.507    11.3370   3.663490    32.2982        334     1.3875     2.3697  0.000e+00
     25.693    11.3367   3.663490    32.2984        335     1.3917     2.3711  0.000e+00
     25.881    11.3367   3.663502    32.2985        336     1.3958     2.3708  0.000e+00
     26.069    11.3366   3.663490    32.2983        337     1.4000     2.3701  0.000e+00
     26.266    11.3365   3.663514    32.2985        338     1.4042     2.3706  0.000e+00
     26.467    11.3363   3.663537    32.2989        339     1.4083     2.3722  0.000e+00
     26.670    11.3362   3.663549    32.2990        340     1.4125     2.3725  0.000e+00
     26.867    11.3363   3.663555    32.2989        341     1.4167     2.3715  0.000e+00
     27.069    11.3361   3.663555    32.2990        342     1.4208     2.3724  0.000e+00
     27.273    11.3361   3.663549    32.2988        343     1.4250     2.3725  0.000e+00
     27.474    11.3359   3.663555    32.2990        344     1.4292     2.3720  0.000e+00
     27.671    11.3356   3.663579    32.2994        345     1.4333     2.3730  0.000e+00
     27.863    11.3354   3.663555    32.2993        346     1.4375     2.3724  0.000e+00
     28.051    11.3350   3.663549    32.2995        347     1.4417     2.3726  0.000e+00
     28.230    11.3345   3.663538    32.2997        348     1.4458     2.3733  0.000e+00
     28.402    11.3342   3.663555    32.3001        349     1.4500     2.3734  0.000e+00
     28.575    11.3338   3.663567    32.3005        350     1.4542     2.3730  0.000e+00
     28.743    11.3336   3.663556    32.3005        351     1.4583     2.3727  0.000e+00
     28.919    11.3335   3.663579    32.3007        352     1.4625     2.3720  0.000e+00
     29.098    11.3333   3.663567    32.3007        353     1.4667     2.3723  0.000e+00
     29.284    11.3332   3.663579    32.3008        354     1.4708     2.3723  0.000e+00
     29.470    11.3331   3.663603    32.3011        355     1.4750     2.3718  0.000e+00
     29.676    11.3331   3.663650    32.3014        356     1.4792     2.3720  0.000e+00
     29.895    11.3330   3.663614    32.3011        357     1.4833     2.3716  0.000e+00
     30.119    11.3330   3.663626    32.3011        358     1.4875     2.3713  0.000e+00
     30.332    11.3330   3.663650    32.3013        359     1.4917     2.3720  0.000e+00
     30.549    11.3331   3.663656    32.3011        360     1.4958     2.3731  0.000e+00
     30.759    11.3330   3.663673    32.3013        361     1.5000     2.3720  0.000e+00
     30.967    11.3331   3.663650    32.3009        362     1.5042     2.3713  0.000e+00
     31.170    11.3329   3.663627    32.3008        363     1.5083     2.3712  0.000e+00
     31.367    11.3327   3.663633    32.3009        364     1.5125     2.3732  0.000e+00
     31.553    11.3325   3.663650    32.3012        365     1.5167     2.3728  0.000e+00
     31.744    11.3322   3.663627    32.3011        366     1.5208     2.3726  0.000e+00
     31.932    11.3320   3.663568    32.3006        367     1.5250     2.3738  0.000e+00
     32.120    11.3315   3.663557    32.3009        368     1.5292     2.3736  0.000e+00
     32.314    11.3308   3.663492    32.3008        369     1.5333     2.3728  0.000e+00
