HB2407/sbe103.cnv
* Sea-Bird SBE 19plus V2 Data File:
* FileName = C:\cruise\data\sbe103.hex
* Software Version Seasave V 7.26.7.121
* Temperature SN = 7037
* Conductivity SN = 7037
* System UpLoad Time = Oct 20 2024 04:53:49
* NMEA Latitude = 43 12.00 N
* NMEA Longitude = 069 06.10 W
* NMEA UTC (Time) = Oct 20 2024  04:52:45
** Ship: Bigelow
** Cruise:  HB2407
** Program:  Spring Bottom Trawl
# nquan = 8
# nvalues = 3889                                  
# units = specified
# name 0 = depSM: Depth [salt water, m]
# name 1 = tv290C: Temperature [ITS-90, deg C]
# name 2 = c0S/m: Conductivity [S/m]
# name 3 = sal00: Salinity, Practical [PSU]
# name 4 = scan: Scan Count
# name 5 = timeM: Time, Elapsed [minutes]
# name 6 = sbeox0V: Oxygen raw, SBE 43 [V]
# name 7 = flag:  0.000e+00
# span 0 =      0.070,    171.082                 
# span 1 =     7.3438,    14.0345                 
# span 2 =  -0.000007,   3.772986                 
# span 3 =     0.0000,    33.4558                 
# span 4 =         11,       3899                 
# span 5 =     0.0417,    16.2417                 
# span 6 =     1.6886,     2.5573                 
# span 7 = 0.0000e+00, 0.0000e+00                 
# interval = seconds: 0.25
# start_time = Oct 20 2024 04:52:45 [NMEA time, header]
# bad_flag = -9.990e-29
*END*
[from data line 899]
    130.342     7.4058   3.420999    33.3593        910     3.7875     1.7549  0.000e+00
    130.490     7.4060   3.420959    33.3586        911     3.7917     1.7547  0.000e+00
    130.644     7.4062   3.420976    33.3585        912     3.7958     1.7542  0.000e+00
    130.790     7.4063   3.421044    33.3591        913     3.8000     1.7550  0.000e+00
    130.940     7.4068   3.421016    33.3582        914     3.8042     1.7553  0.000e+00
    131.085     7.4072   3.421056    33.3582        915     3.8083     1.7548  0.000e+00
    131.230     7.4075   3.421067    33.3580        916     3.8125     1.7551  0.000e+00
    131.378     7.4079   3.421101    33.3578        917     3.8167     1.7546  0.000e+00
    131.519     7.4087   3.421079    33.3568        918     3.8208     1.7540  0.000e+00
    131.657     7.4089   3.421130    33.3571        919     3.8250     1.7540  0.000e+00
    131.801     7.4093   3.421204    33.3575        920     3.8292     1.7539  0.000e+00
    131.946     7.4095   3.421141    33.3565        921     3.8333     1.7542  0.000e+00
    132.089     7.4097   3.421176    33.3566        922     3.8375     1.7541  0.000e+00
    132.232     7.4098   3.421267    33.3575        923     3.8417     1.7532  0.000e+00
    132.376     7.4099   3.421307    33.3577        924     3.8458     1.7522  0.000e+00
    132.521     7.4105   3.421199    33.3559        925     3.8500     1.7532  0.000e+00
    132.662     7.4106   3.421079    33.3545        926     3.8542     1.7538  0.000e+00
    132.800     7.4097   3.420999    33.3544        927     3.8583     1.7522  0.000e+00
    132.942     7.4081   3.420920    33.3549        928     3.8625     1.7524  0.000e+00
    133.082     7.4063   3.420834    33.3557        929     3.8667     1.7519  0.000e+00
    133.215     7.4042   3.420874    33.3581        930     3.8708     1.7523  0.000e+00
    133.356     7.4024   3.420897    33.3600        931     3.8750     1.7530  0.000e+00
    133.496     7.4015   3.420914    33.3610        932     3.8792     1.7517  0.000e+00
    133.637     7.4010   3.420977    33.3621        933     3.8833     1.7525  0.000e+00
    133.776     7.4011   3.420920    33.3613        934     3.8875     1.7526  0.000e+00
    133.912     7.4014   3.420954    33.3613        935     3.8917     1.7523  0.000e+00
    134.060     7.4019   3.420960    33.3609        936     3.8958     1.7515  0.000e+00
    134.205     7.4022   3.421000    33.3609        937     3.9000     1.7519  0.000e+00
    134.357     7.4027   3.421017    33.3606        938     3.9042     1.7516  0.000e+00
    134.510     7.4031   3.421006    33.3599        939     3.9083     1.7516  0.000e+00
    134.668     7.4034   3.420977    33.3593        940     3.9125     1.7510  0.000e+00
    134.827     7.4035   3.420977    33.3591        941     3.9167     1.7516  0.000e+00
    134.986     7.4036   3.420983    33.3590        942     3.9208     1.7519  0.000e+00
    135.145     7.4036   3.421017    33.3593        943     3.9250     1.7515  0.000e+00
    135.306     7.4035   3.421017    33.3593        944     3.9292     1.7511  0.000e+00
    135.463     7.4034   3.421069    33.3598        945     3.9333     1.7510  0.000e+00
    135.621     7.4035   3.421000    33.3590        946     3.9375     1.7503  0.000e+00
    135.773     7.4033   3.420955    33.3586        947     3.9417     1.7517  0.000e+00
    135.925     7.4033   3.420961    33.3586        948     3.9458     1.7493  0.000e+00
    136.078     7.4030   3.420955    33.3588        949     3.9500     1.7510  0.000e+00
    136.228     7.4025   3.420955    33.3592        950     3.9542     1.7505  0.000e+00
    136.377     7.4021   3.420984    33.3598        951     3.9583     1.7488  0.000e+00
    136.521     7.4014   3.420915    33.3596        952     3.9625     1.7505  0.000e+00
    136.666     7.4007   3.420938    33.3605        953     3.9667     1.7497  0.000e+00
    136.816     7.3999   3.420938    33.3612        954     3.9708     1.7501  0.000e+00
    136.973     7.3993   3.420915    33.3614        955     3.9750     1.7507  0.000e+00
    137.131     7.3987   3.420938    33.3622        956     3.9792     1.7498  0.000e+00
    137.290     7.3981   3.420938    33.3627        957     3.9833     1.7506  0.000e+00
    137.451     7.3977   3.420955    33.3632        958     3.9875     1.7498  0.000e+00
    137.612     7.3976   3.420961    33.3633        959     3.9917     1.7514  0.000e+00
    137.773     7.3976   3.421001    33.3636        960     3.9958     1.7500  0.000e+00
    137.932     7.3974   3.420978    33.3635        961     4.0000     1.7506  0.000e+00
    138.086     7.3973   3.420939    33.3631        962     4.0042     1.7502  0.000e+00
    138.234     7.3970   3.420939    33.3634        963     4.0083     1.7500  0.000e+00
    138.370     7.3964   3.421058    33.3651        964     4.0125     1.7504  0.000e+00
    138.507     7.3957   3.421024    33.3654        965     4.0167     1.7511  0.000e+00
    138.625     7.3951   3.421144    33.3672        966     4.0208     1.7503  0.000e+00
    138.746     7.3943   3.421167    33.3681        967     4.0250     1.7494  0.000e+00
    138.862     7.3936   3.421241    33.3695        968     4.0292     1.7499  0.000e+00
    138.981     7.3931   3.421309    33.3708        969     4.0333     1.7493  0.000e+00
    139.111     7.3926   3.421491    33.3731        970     4.0375     1.7494  0.000e+00
    139.243     7.3921   3.421697    33.3758        971     4.0417     1.7502  0.000e+00
    139.392     7.3921   3.421970    33.3787        972     4.0458     1.7508  0.000e+00
    139.545     7.3923   3.422135    33.3802        973     4.0500     1.7497  0.000e+00
    139.708     7.3929   3.422454    33.3830        974     4.0542     1.7495  0.000e+00
    139.876     7.3941   3.422751    33.3849        975     4.0583     1.7483  0.000e+00
    140.050     7.3957   3.423018    33.3862        976     4.0625     1.7480  0.000e+00
    140.234     7.3976   3.423121    33.3854        977     4.0667     1.7482  0.000e+00
    140.410     7.3993   3.423411    33.3869        978     4.0708     1.7476  0.000e+00
    140.587     7.4010   3.423679    33.3880        979     4.0750     1.7476  0.000e+00
    140.755     7.4028   3.424004    33.3897        980     4.0792     1.7475  0.000e+00
    140.920     7.4047   3.424215    33.3901        981     4.0833     1.7465  0.000e+00
    141.074     7.4065   3.424545    33.3918        982     4.0875     1.7458  0.000e+00
    141.217     7.4084   3.424836    33.3931        983     4.0917     1.7455  0.000e+00
    141.343     7.4106   3.425001    33.3928        984     4.0958     1.7449  0.000e+00
    141.464     7.4124   3.425457    33.3959        985     4.1000     1.7445  0.000e+00
    141.582     7.4145   3.425600    33.3953        986     4.1042     1.7438  0.000e+00
    141.696     7.4166   3.425805    33.3955        987     4.1083     1.7429  0.000e+00
    141.817     7.4184   3.425993    33.3957        988     4.1125     1.7429  0.000e+00
    141.946     7.4203   3.426278    33.3970        989     4.1167     1.7419  0.000e+00
    142.076     7.4220   3.426358    33.3961        990     4.1208     1.7426  0.000e+00
    142.219     7.4236   3.426449    33.3955        991     4.1250     1.7415  0.000e+00
    142.370     7.4251   3.426466    33.3942        992     4.1292     1.7418  0.000e+00
    142.526     7.4262   3.426569    33.3942        993     4.1333     1.7407  0.000e+00
    142.680     7.4268   3.426534    33.3931        994     4.1375     1.7398  0.000e+00
    142.835     7.4274   3.426546    33.3925        995     4.1417     1.7379  0.000e+00
    142.989     7.4277   3.426586    33.3926        996     4.1458     1.7382  0.000e+00
    143.141     7.4280   3.426814    33.3947        997     4.1500     1.7354  0.000e+00
    143.289     7.4286   3.426917    33.3952        998     4.1542     1.7374  0.000e+00
    143.437     7.4294   3.427971    33.4058        999     4.1583     1.7374  0.000e+00
    143.573     7.4315   3.428245    33.4066       1000     4.1625     1.7370  0.000e+00
    143.705     7.4342   3.428404    33.4057       1001     4.1667     1.7371  0.000e+00
    143.839     7.4369   3.428980    33.4093       1002     4.1708     1.7348  0.000e+00
    143.969     7.4396   3.429373    33.4109       1003     4.1750     1.7379  0.000e+00
    144.096     7.4426   3.429761    33.4121       1004     4.1792     1.7342  0.000e+00
    144.228     7.4455   3.429972    33.4116       1005     4.1833     1.7338  0.000e+00
    144.356     7.4483   3.430120    33.4104       1006     4.1875     1.7335  0.000e+00
    144.485     7.4505   3.430280    33.4099       1007     4.1917     1.7356  0.000e+00
    144.618     7.4523   3.430428    33.4098       1008     4.1958     1.7345  0.000e+00
    144.754     7.4539   3.430514    33.4091       1009     4.2000     1.7341  0.000e+00
    144.895     7.4550   3.430645    33.4094       1010     4.2042     1.7345  0.000e+00
    145.034     7.4558   3.430799    33.4102       1011     4.2083     1.7328  0.000e+00
    145.190     7.4561   3.430845    33.4104       1012     4.2125     1.7328  0.000e+00
    145.347     7.4567   3.430930    33.4106       1013     4.2167     1.7329  0.000e+00
    145.508     7.4569   3.431010    33.4112       1014     4.2208     1.7324  0.000e+00
    145.675     7.4569   3.430902    33.4100       1015     4.2250     1.7304  0.000e+00
    145.850     7.4567   3.430839    33.4094       1016     4.2292     1.7315  0.000e+00
    146.022     7.4559   3.430680    33.4083       1017     4.2333     1.7307  0.000e+00
    146.201     7.4548   3.430452    33.4069       1018     4.2375     1.7318  0.000e+00
    146.362     7.4535   3.430127    33.4045       1019     4.2417     1.7303  0.000e+00
    146.530     7.4512   3.429910    33.4043       1020     4.2458     1.7302  0.000e+00
    146.686     7.4483   3.429625    33.4039       1021     4.2500     1.7287  0.000e+00
    146.834     7.4452   3.429545    33.4059       1022     4.2542     1.7287  0.000e+00
    146.968     7.4423   3.429420    33.4073       1023     4.2583     1.7282  0.000e+00
    147.093     7.4395   3.429420    33.4100       1024     4.2625     1.7283  0.000e+00
    147.203     7.4370   3.429454    33.4127       1025     4.2667     1.7286  0.000e+00
    147.306     7.4350   3.429460    33.4146       1026     4.2708     1.7269  0.000e+00
    147.406     7.4334   3.429460    33.4162       1027     4.2750     1.7276  0.000e+00
    147.496     7.4321   3.429477    33.4175       1028     4.2792     1.7271  0.000e+00
    147.594     7.4311   3.429500    33.4187       1029     4.2833     1.7263  0.000e+00
    147.695     7.4303   3.429586    33.4204       1030     4.2875     1.7253  0.000e+00
    147.814     7.4297   3.429631    33.4214       1031     4.2917     1.7256  0.000e+00
    147.943     7.4296   3.429745    33.4227       1032     4.2958     1.7261  0.000e+00
    148.068     7.4293   3.429791    33.4233       1033     4.3000     1.7248  0.000e+00
    148.203     7.4294   3.429717    33.4224       1034     4.3042     1.7246  0.000e+00
    148.353     7.4293   3.429689    33.4222       1035     4.3083     1.7238  0.000e+00
    148.505     7.4289   3.429626    33.4218       1036     4.3125     1.7235  0.000e+00
    148.664     7.4283   3.429672    33.4227       1037     4.3167     1.7219  0.000e+00
    148.823     7.4277   3.429706    33.4236       1038     4.3208     1.7224  0.000e+00
    148.990     7.4274   3.429791    33.4248       1039     4.3250     1.7202  0.000e+00
    149.151     7.4272   3.429894    33.4260       1040     4.3292     1.7203  0.000e+00
    149.312     7.4272   3.429957    33.4266       1041     4.3333     1.7202  0.000e+00
    149.467     7.4274   3.429974    33.4265       1042     4.3375     1.7197  0.000e+00
    149.618     7.4274   3.430060    33.4273       1043     4.3417     1.7194  0.000e+00
    149.773     7.4271   3.430151    33.4285       1044     4.3458     1.7190  0.000e+00
    149.918     7.4273   3.430202    33.4289       1045     4.3500     1.7181  0.000e+00
    150.066     7.4271   3.430162    33.4285       1046     4.3542     1.7174  0.000e+00
    150.213     7.4272   3.429980    33.4264       1047     4.3583     1.7174  0.000e+00
    150.359     7.4266   3.429872    33.4257       1048     4.3625     1.7165  0.000e+00
    150.508     7.4256   3.429872    33.4267       1049     4.3667     1.7180  0.000e+00
    150.650     7.4245   3.429849    33.4274       1050     4.3708     1.7167  0.000e+00
    150.799     7.4239   3.429689    33.4262       1051     4.3750     1.7159  0.000e+00
    150.945     7.4228   3.429564    33.4258       1052     4.3792     1.7161  0.000e+00
    151.084     7.4215   3.429547    33.4267       1053     4.3833     1.7161  0.000e+00
    151.233     7.4199   3.429524    33.4280       1054     4.3875     1.7155  0.000e+00
    151.369     7.4187   3.429524    33.4291       1055     4.3917     1.7154  0.000e+00
    151.515     7.4175   3.429547    33.4305       1056     4.3958     1.7148  0.000e+00
    151.652     7.4165   3.429690    33.4329       1057     4.4000     1.7140  0.000e+00
    151.803     7.4161   3.430038    33.4369       1058     4.4042     1.7140  0.000e+00
    151.945     7.4164   3.430283    33.4393       1059     4.4083     1.7136  0.000e+00
    152.090     7.4174   3.430454    33.4401       1060     4.4125     1.7137  0.000e+00
    152.238     7.4184   3.430574    33.4403       1061     4.4167     1.7142  0.000e+00
    152.381     7.4197   3.430608    33.4394       1062     4.4208     1.7129  0.000e+00
    152.530     7.4206   3.430659    33.4390       1063     4.4250     1.7103  0.000e+00
    152.676     7.4214   3.430699    33.4386       1064     4.4292     1.7104  0.000e+00
    152.821     7.4221   3.430671    33.4375       1065     4.4333     1.7100  0.000e+00
    152.966     7.4222   3.430637    33.4370       1066     4.4375     1.7107  0.000e+00
    153.108     7.4222   3.430574    33.4362       1067     4.4417     1.7101  0.000e+00
    153.248     7.4220   3.430517    33.4358       1068     4.4458     1.7104  0.000e+00
    153.381     7.4217   3.430517    33.4360       1069     4.4500     1.7094  0.000e+00
    153.526     7.4213   3.430471    33.4358       1070     4.4542     1.7098  0.000e+00
    153.662     7.4209   3.430392    33.4353       1071     4.4583     1.7097  0.000e+00
    153.806     7.4203   3.430204    33.4338       1072     4.4625     1.7081  0.000e+00
    153.956     7.4193   3.430038    33.4328       1073     4.4667     1.7091  0.000e+00
    154.099     7.4180   3.429805    33.4315       1074     4.4708     1.7086  0.000e+00
    154.248     7.4164   3.429360    33.4281       1075     4.4750     1.7077  0.000e+00
    154.401     7.4141   3.429212    33.4287       1076     4.4792     1.7079  0.000e+00
    154.559     7.4116   3.429195    33.4309       1077     4.4833     1.7086  0.000e+00
    154.716     7.4095   3.429115    33.4320       1078     4.4875     1.7071  0.000e+00
    154.874     7.4078   3.429070    33.4330       1079     4.4917     1.7068  0.000e+00
    155.029     7.4065   3.428984    33.4333       1080     4.4958     1.7066  0.000e+00
    155.188     7.4054   3.428853    33.4328       1081     4.5000     1.7064  0.000e+00
    155.349     7.4042   3.428762    33.4329       1082     4.5042     1.7058  0.000e+00
    155.510     7.4028   3.428779    33.4343       1083     4.5083     1.7065  0.000e+00
    155.666     7.4019   3.428745    33.4348       1084     4.5125     1.7058  0.000e+00
    155.821     7.4011   3.428574    33.4337       1085     4.5167     1.7061  0.000e+00
    155.977     7.4000   3.428511    33.4339       1086     4.5208     1.7051  0.000e+00
    156.133     7.3991   3.428420    33.4338       1087     4.5250     1.7056  0.000e+00
    156.283     7.3980   3.428283    33.4332       1088     4.5292     1.7051  0.000e+00
