HB2407/sbe106.cnv
* Sea-Bird SBE 19plus V2 Data File:
* FileName = C:\cruise\data\sbe106.hex
* Software Version Seasave V 7.26.7.121
* Temperature SN = 7037
* Conductivity SN = 7037
* System UpLoad Time = Oct 21 2024 03:58:52
* NMEA Latitude = 41 57.80 N
* NMEA Longitude = 068 44.61 W
* NMEA UTC (Time) = Oct 21 2024  03:57:49
** Ship: Bigelow
** Cruise:  HB2407
** Program:  Spring Bottom Trawl
# nquan = 8
# nvalues = 2737                                  
# units = specified
# name 0 = depSM: Depth [salt water, m]
# name 1 = tv290C: Temperature [ITS-90, deg C]
# name 2 = c0S/m: Conductivity [S/m]
# name 3 = sal00: Salinity, Practical [PSU]
# name 4 = scan: Scan Count
# name 5 = timeM: Time, Elapsed [minutes]
# name 6 = sbeox0V: Oxygen raw, SBE 43 [V]
# name 7 = flag:  0.000e+00
# span 0 =      0.030,    137.665                 
# span 1 =     6.6638,    14.2433                 
# span 2 =  -0.000012,   3.886633                 
# span 3 =     0.0000,    33.4475                 
# span 4 =         11,       2747                 
# span 5 =     0.0417,    11.4417                 
# span 6 =     1.6449,     2.4856                 
# span 7 = 0.0000e+00, 0.0000e+00                 
# interval = seconds: 0.25
# start_time = Oct 21 2024 03:57:49 [NMEA time, header]
# bad_flag = -9.990e-29
*END*
[from data line 2338]
     24.687    11.6982   3.689775    32.2402       2349     9.7833     2.1570  0.000e+00
     24.582    11.7870   3.694588    32.2101       2350     9.7875     2.1604  0.000e+00
     24.484    11.8620   3.703219    32.2288       2351     9.7917     2.1646  0.000e+00
     24.386    11.9418   3.710610    32.2312       2352     9.7958     2.1697  0.000e+00
     24.289    12.0291   3.713863    32.1872       2353     9.8000     2.1752  0.000e+00
     24.198    12.1049   3.716552    32.1479       2354     9.8042     2.1809  0.000e+00
     24.122    12.1665   3.718748    32.1161       2355     9.8083     2.1851  0.000e+00
     24.050    12.2163   3.720314    32.0884       2356     9.8125     2.1922  0.000e+00
     23.990    12.2567   3.721556    32.0658       2357     9.8167     2.1981  0.000e+00
     23.936    12.2884   3.723953    32.0616       2358     9.8208     2.2029  0.000e+00
     23.893    12.3170   3.726952    32.0659       2359     9.8250     2.2080  0.000e+00
     23.851    12.3472   3.729151    32.0611       2360     9.8292     2.2118  0.000e+00
     23.817    12.3777   3.730795    32.0508       2361     9.8333     2.2169  0.000e+00
     23.780    12.4050   3.734192    32.0599       2362     9.8375     2.2210  0.000e+00
     23.748    12.4345   3.736563    32.0574       2363     9.8417     2.2235  0.000e+00
     23.710    12.4651   3.738374    32.0486       2364     9.8458     2.2261  0.000e+00
     23.668    12.4936   3.739406    32.0342       2365     9.8500     2.2284  0.000e+00
     23.634    12.5182   3.740504    32.0237       2366     9.8542     2.2316  0.000e+00
     23.596    12.5382   3.741353    32.0148       2367     9.8583     2.2321  0.000e+00
     23.547    12.5552   3.741306    31.9999       2368     9.8625     2.2346  0.000e+00
     23.502    12.5672   3.741589    31.9923       2369     9.8667     2.2366  0.000e+00
     23.442    12.5755   3.742835    31.9972       2370     9.8708     2.2380  0.000e+00
     23.386    12.5846   3.745013    32.0102       2371     9.8750     2.2403  0.000e+00
     23.325    12.5974   3.745356    32.0026       2372     9.8792     2.2437  0.000e+00
     23.258    12.6113   3.747115    32.0076       2373     9.8833     2.2433  0.000e+00
     23.182    12.6251   3.748314    32.0073       2374     9.8875     2.2449  0.000e+00
     23.099    12.6402   3.750518    32.0154       2375     9.8917     2.2481  0.000e+00
     23.014    12.6587   3.753071    32.0239       2376     9.8958     2.2496  0.000e+00
     22.921    12.6798   3.754583    32.0204       2377     9.9000     2.2513  0.000e+00
     22.822    12.7021   3.755807    32.0132       2378     9.9042     2.2533  0.000e+00
     22.722    12.7226   3.757994    32.0165       2379     9.9083     2.2554  0.000e+00
     22.616    12.7432   3.761194    32.0294       2380     9.9125     2.2583  0.000e+00
     22.507    12.7688   3.768603    32.0779       2381     9.9167     2.2601  0.000e+00
     22.402    12.8093   3.773440    32.0894       2382     9.9208     2.2631  0.000e+00
     22.303    12.8633   3.776177    32.0694       2383     9.9250     2.2656  0.000e+00
     22.205    12.9130   3.777403    32.0389       2384     9.9292     2.2682  0.000e+00
     22.118    12.9537   3.777242    32.0030       2385     9.9333     2.2708  0.000e+00
     22.039    12.9816   3.778243    31.9889       2386     9.9375     2.2735  0.000e+00
     21.968    13.0014   3.778842    31.9779       2387     9.9417     2.2772  0.000e+00
     21.911    13.0176   3.779221    31.9678       2388     9.9458     2.2805  0.000e+00
     21.854    13.0288   3.779618    31.9621       2389     9.9500     2.2828  0.000e+00
     21.809    13.0383   3.783501    31.9907       2390     9.9542     2.2852  0.000e+00
     21.764    13.0550   3.787718    32.0162       2391     9.9583     2.2882  0.000e+00
     21.722    13.0833   3.796531    32.0753       2392     9.9625     2.2921  0.000e+00
     21.675    13.1308   3.806042    32.1245       2393     9.9667     2.2937  0.000e+00
     21.636    13.2039   3.818425    32.1789       2394     9.9708     2.2972  0.000e+00
     21.592    13.3032   3.828363    32.1881       2395     9.9750     2.3019  0.000e+00
     21.549    13.4130   3.834113    32.1491       2396     9.9792     2.3075  0.000e+00
     21.504    13.5172   3.834827    32.0682       2397     9.9833     2.3116  0.000e+00
     21.456    13.5956   3.835344    32.0072       2398     9.9875     2.3180  0.000e+00
     21.406    13.6486   3.838367    31.9910       2399     9.9917     2.3239  0.000e+00
     21.361    13.6904   3.840389    31.9748       2400     9.9958     2.3299  0.000e+00
     21.301    13.7279   3.841415    31.9531       2401    10.0000     2.3358  0.000e+00
     21.249    13.7579   3.842345    31.9368       2402    10.0042     2.3419  0.000e+00
     21.191    13.7805   3.843765    31.9311       2403    10.0083     2.3456  0.000e+00
     21.120    13.8002   3.844881    31.9250       2404    10.0125     2.3524  0.000e+00
     21.050    13.8177   3.846140    31.9221       2405    10.0167     2.3556  0.000e+00
     20.970    13.8343   3.848701    31.9321       2406    10.0208     2.3602  0.000e+00
     20.883    13.8541   3.849447    31.9225       2407    10.0250     2.3644  0.000e+00
     20.791    13.8728   3.850420    31.9160       2408    10.0292     2.3668  0.000e+00
     20.699    13.8884   3.851668    31.9145       2409    10.0333     2.3717  0.000e+00
     20.594    13.9035   3.852349    31.9084       2410    10.0375     2.3726  0.000e+00
     20.495    13.9168   3.852713    31.9007       2411    10.0417     2.3764  0.000e+00
     20.388    13.9274   3.853167    31.8962       2412    10.0458     2.3785  0.000e+00
     20.281    13.9358   3.854541    31.9019       2413    10.0500     2.3817  0.000e+00
     20.178    13.9455   3.856298    31.9100       2414    10.0542     2.3833  0.000e+00
     20.077    13.9587   3.857116    31.9066       2415    10.0583     2.3866  0.000e+00
     19.970    13.9724   3.857707    31.9008       2416    10.0625     2.3891  0.000e+00
     19.874    13.9845   3.858723    31.9002       2417    10.0667     2.3916  0.000e+00
     19.782    13.9958   3.859160    31.8949       2418    10.0708     2.3938  0.000e+00
     19.692    14.0056   3.859434    31.8893       2419    10.0750     2.3965  0.000e+00
     19.612    14.0134   3.859751    31.8857       2420    10.0792     2.3987  0.000e+00
     19.547    14.0197   3.859751    31.8806       2421    10.0833     2.3991  0.000e+00
     19.494    14.0241   3.859811    31.8775       2422    10.0875     2.4015  0.000e+00
     19.438    14.0270   3.860026    31.8771       2423    10.0917     2.4014  0.000e+00
     19.395    14.0294   3.860253    31.8772       2424    10.0958     2.4039  0.000e+00
     19.361    14.0319   3.860546    31.8778       2425    10.1000     2.4049  0.000e+00
     19.328    14.0346   3.860683    31.8769       2426    10.1042     2.4061  0.000e+00
     19.297    14.0374   3.861215    31.8795       2427    10.1083     2.4065  0.000e+00
     19.270    14.0406   3.862232    31.8862       2428    10.1125     2.4075  0.000e+00
     19.248    14.0460   3.864253    31.9003       2429    10.1167     2.4084  0.000e+00
     19.223    14.0560   3.864869    31.8977       2430    10.1208     2.4092  0.000e+00
     19.190    14.0680   3.864456    31.8840       2431    10.1250     2.4108  0.000e+00
     19.158    14.0763   3.865413    31.8859       2432    10.1292     2.4119  0.000e+00
     19.118    14.0820   3.867166    31.8973       2433    10.1333     2.4126  0.000e+00
     19.069    14.0922   3.869469    31.9100       2434    10.1375     2.4136  0.000e+00
     19.004    14.1073   3.869654    31.8993       2435    10.1417     2.4163  0.000e+00
     18.932    14.1210   3.868356    31.8761       2436    10.1458     2.4193  0.000e+00
     18.843    14.1277   3.868445    31.8713       2437    10.1500     2.4210  0.000e+00
     18.744    14.1295   3.869026    31.8753       2438    10.1542     2.4248  0.000e+00
     18.641    14.1317   3.869516    31.8779       2439    10.1583     2.4267  0.000e+00
     18.523    14.1358   3.870019    31.8792       2440    10.1625     2.4280  0.000e+00
     18.402    14.1401   3.870222    31.8776       2441    10.1667     2.4303  0.000e+00
     18.277    14.1441   3.870563    31.8774       2442    10.1708     2.4308  0.000e+00
     18.147    14.1480   3.870773    31.8762       2443    10.1750     2.4326  0.000e+00
     18.029    14.1515   3.870737    31.8730       2444    10.1792     2.4346  0.000e+00
     17.908    14.1543   3.870587    31.8693       2445    10.1833     2.4352  0.000e+00
     17.805    14.1553   3.871018    31.8725       2446    10.1875     2.4355  0.000e+00
     17.711    14.1568   3.871251    31.8735       2447    10.1917     2.4368  0.000e+00
     17.630    14.1591   3.871155    31.8708       2448    10.1958     2.4377  0.000e+00
     17.563    14.1606   3.870928    31.8674       2449    10.2000     2.4392  0.000e+00
     17.501    14.1607   3.871072    31.8687       2450    10.2042     2.4396  0.000e+00
     17.458    14.1611   3.871772    31.8748       2451    10.2083     2.4402  0.000e+00
     17.425    14.1631   3.871868    31.8741       2452    10.2125     2.4407  0.000e+00
     17.393    14.1656   3.871844    31.8718       2453    10.2167     2.4405  0.000e+00
     17.368    14.1673   3.871933    31.8712       2454    10.2208     2.4411  0.000e+00
     17.349    14.1686   3.871772    31.8686       2455    10.2250     2.4432  0.000e+00
     17.321    14.1693   3.871478    31.8654       2456    10.2292     2.4432  0.000e+00
     17.297    14.1688   3.871478    31.8658       2457    10.2333     2.4435  0.000e+00
     17.266    14.1677   3.871568    31.8675       2458    10.2375     2.4427  0.000e+00
     17.230    14.1673   3.871867    31.8707       2459    10.2417     2.4427  0.000e+00
     17.183    14.1679   3.871909    31.8706       2460    10.2458     2.4430  0.000e+00
     17.131    14.1687   3.872077    31.8714       2461    10.2500     2.4432  0.000e+00
     17.062    14.1698   3.872113    31.8709       2462    10.2542     2.4441  0.000e+00
     16.984    14.1707   3.871999    31.8691       2463    10.2583     2.4442  0.000e+00
     16.896    14.1711   3.872023    31.8690       2464    10.2625     2.4440  0.000e+00
     16.802    14.1711   3.872364    31.8722       2465    10.2667     2.4431  0.000e+00
     16.702    14.1719   3.872298    31.8710       2466    10.2708     2.4420  0.000e+00
     16.599    14.1730   3.872454    31.8716       2467    10.2750     2.4435  0.000e+00
     16.496    14.1741   3.872322    31.8695       2468    10.2792     2.4435  0.000e+00
     16.386    14.1745   3.872184    31.8679       2469    10.2833     2.4437  0.000e+00
     16.286    14.1744   3.872364    31.8697       2470    10.2875     2.4440  0.000e+00
     16.190    14.1744   3.872549    31.8714       2471    10.2917     2.4451  0.000e+00
     16.100    14.1749   3.872477    31.8704       2472    10.2958     2.4448  0.000e+00
     16.017    14.1758   3.872382    31.8688       2473    10.3000     2.4461  0.000e+00
     15.943    14.1759   3.872777    31.8724       2474    10.3042     2.4483  0.000e+00
     15.874    14.1768   3.872980    31.8735       2475    10.3083     2.4468  0.000e+00
     15.811    14.1782   3.873483    31.8770       2476    10.3125     2.4480  0.000e+00
     15.749    14.1808   3.874058    31.8801       2477    10.3167     2.4481  0.000e+00
     15.688    14.1845   3.874351    31.8798       2478    10.3208     2.4490  0.000e+00
     15.632    14.1884   3.874770    31.8804       2479    10.3250     2.4492  0.000e+00
     15.572    14.1927   3.874650    31.8758       2480    10.3292     2.4493  0.000e+00
     15.516    14.1956   3.874991    31.8766       2481    10.3333     2.4502  0.000e+00
     15.453    14.1983   3.875129    31.8756       2482    10.3375     2.4512  0.000e+00
     15.391    14.2006   3.875446    31.8766       2483    10.3417     2.4521  0.000e+00
     15.326    14.2028   3.875518    31.8755       2484    10.3458     2.4522  0.000e+00
     15.259    14.2052   3.875464    31.8731       2485    10.3500     2.4529  0.000e+00
     15.194    14.2067   3.875632    31.8734       2486    10.3542     2.4534  0.000e+00
     15.123    14.2080   3.875907    31.8748       2487    10.3583     2.4538  0.000e+00
     15.058    14.2095   3.875632    31.8711       2488    10.3625     2.4544  0.000e+00
     14.995    14.2104   3.875656    31.8706       2489    10.3667     2.4560  0.000e+00
     14.932    14.2105   3.875907    31.8729       2490    10.3708     2.4565  0.000e+00
     14.865    14.2112   3.875769    31.8711       2491    10.3750     2.4565  0.000e+00
     14.803    14.2118   3.875823    31.8711       2492    10.3792     2.4564  0.000e+00
     14.742    14.2121   3.875835    31.8710       2493    10.3833     2.4567  0.000e+00
     14.671    14.2124   3.876159    31.8737       2494    10.3875     2.4554  0.000e+00
     14.604    14.2134   3.876200    31.8733       2495    10.3917     2.4562  0.000e+00
     14.525    14.2145   3.876290    31.8732       2496    10.3958     2.4572  0.000e+00
     14.447    14.2155   3.877045    31.8794       2497    10.4000     2.4570  0.000e+00
     14.357    14.2180   3.877326    31.8799       2498    10.4042     2.4579  0.000e+00
     14.265    14.2217   3.877757    31.8809       2499    10.4083     2.4589  0.000e+00
     14.169    14.2252   3.878212    31.8821       2500    10.4125     2.4591  0.000e+00
     14.071    14.2296   3.878284    31.8792       2501    10.4167     2.4596  0.000e+00
     13.973    14.2331   3.878260    31.8761       2502    10.4208     2.4602  0.000e+00
     13.881    14.2355   3.878164    31.8733       2503    10.4250     2.4615  0.000e+00
     13.798    14.2368   3.878188    31.8725       2504    10.4292     2.4606  0.000e+00
     13.727    14.2376   3.878260    31.8725       2505    10.4333     2.4613  0.000e+00
     13.664    14.2383   3.878302    31.8723       2506    10.4375     2.4618  0.000e+00
     13.614    14.2386   3.878350    31.8725       2507    10.4417     2.4607  0.000e+00
     13.570    14.2394   3.878284    31.8713       2508    10.4458     2.4621  0.000e+00
     13.530    14.2395   3.878032    31.8689       2509    10.4500     2.4618  0.000e+00
     13.487    14.2389   3.878032    31.8695       2510    10.4542     2.4630  0.000e+00
     13.449    14.2382   3.878140    31.8710       2511    10.4583     2.4644  0.000e+00
     13.409    14.2381   3.877847    31.8684       2512    10.4625     2.4628  0.000e+00
     13.353    14.2374   3.877685    31.8675       2513    10.4667     2.4631  0.000e+00
     13.302    14.2361   3.877685    31.8687       2514    10.4708     2.4639  0.000e+00
     13.239    14.2351   3.877895    31.8714       2515    10.4750     2.4639  0.000e+00
     13.172    14.2349   3.877960    31.8722       2516    10.4792     2.4647  0.000e+00
     13.102    14.2352   3.877972    31.8721       2517    10.4833     2.4643  0.000e+00
     13.020    14.2356   3.878074    31.8727       2518    10.4875     2.4652  0.000e+00
     12.941    14.2360   3.878164    31.8733       2519    10.4917     2.4654  0.000e+00
     12.859    14.2365   3.878284    31.8740       2520    10.4958     2.4660  0.000e+00
     12.783    14.2373   3.878260    31.8731       2521    10.5000     2.4653  0.000e+00
     12.707    14.2382   3.878284    31.8726       2522    10.5042     2.4656  0.000e+00
     12.635    14.2388   3.878302    31.8723       2523    10.5083     2.4656  0.000e+00
     12.556    14.2391   3.878188    31.8711       2524    10.5125     2.4670  0.000e+00
     12.476    14.2392   3.878188    31.8710       2525    10.5167     2.4686  0.000e+00
     12.400    14.2390   3.878260    31.8719       2526    10.5208     2.4688  0.000e+00
