HB2407/sbe132.cnv
* Sea-Bird SBE 19plus V2 Data File:
* FileName = C:\cruise\data\sbe132.hex
* Software Version Seasave V 7.26.7.121
* Temperature SN = 7037
* Conductivity SN = 7037
* System UpLoad Time = Nov 05 2024 07:33:29
* NMEA Latitude = 44 01.07 N
* NMEA Longitude = 068 10.09 W
* NMEA UTC (Time) = Nov 05 2024  07:32:44
** Ship: Bigelow
** Cruise:  HB2407
** Program:  Spring Bottom Trawl
# nquan = 8
# nvalues = 2979                                  
# units = specified
# name 0 = depSM: Depth [salt water, m]
# name 1 = tv290C: Temperature [ITS-90, deg C]
# name 2 = c0S/m: Conductivity [S/m]
# name 3 = sal00: Salinity, Practical [PSU]
# name 4 = scan: Scan Count
# name 5 = timeM: Time, Elapsed [minutes]
# name 6 = sbeox0V: Oxygen raw, SBE 43 [V]
# name 7 = flag:  0.000e+00
# span 0 =      0.045,     99.561                 
# span 1 =     9.3829,    11.2242                 
# span 2 =  -0.065045,   3.649856                 
# span 3 =     0.0000,    33.2909                 
# span 4 =         11,       2989                 
# span 5 =     0.0417,    12.4500                 
# span 6 =     1.8631,     2.5418                 
# span 7 = 0.0000e+00, 0.0000e+00                 
# interval = seconds: 0.25
# start_time = Nov 05 2024 07:32:44 [NMEA time, header]
# bad_flag = -9.990e-29
*END*
[from data line 720]
     74.245    10.3011   3.632463    32.8910        731     3.0417     2.1284  0.000e+00
     74.372    10.3007   3.632457    32.8913        732     3.0458     2.1291  0.000e+00
     74.502    10.2999   3.632305    32.8904        733     3.0500     2.1283  0.000e+00
     74.632    10.2987   3.632259    32.8910        734     3.0542     2.1282  0.000e+00
     74.762    10.2969   3.632171    32.8917        735     3.0583     2.1280  0.000e+00
     74.876    10.2951   3.632148    32.8930        736     3.0625     2.1278  0.000e+00
     74.994    10.2932   3.632084    32.8941        737     3.0667     2.1285  0.000e+00
     75.097    10.2914   3.632020    32.8950        738     3.0708     2.1274  0.000e+00
     75.200    10.2896   3.631950    32.8958        739     3.0750     2.1276  0.000e+00
     75.292    10.2882   3.631909    32.8966        740     3.0792     2.1271  0.000e+00
     75.382    10.2867   3.631828    32.8972        741     3.0833     2.1274  0.000e+00
     75.480    10.2851   3.631752    32.8979        742     3.0875     2.1267  0.000e+00
     75.578    10.2835   3.631688    32.8986        743     3.0917     2.1259  0.000e+00
     75.679    10.2821   3.631618    32.8991        744     3.0958     2.1251  0.000e+00
     75.791    10.2805   3.631554    32.8999        745     3.1000     2.1242  0.000e+00
     75.905    10.2789   3.631466    32.9004        746     3.1042     2.1247  0.000e+00
     76.024    10.2772   3.631379    32.9010        747     3.1083     2.1236  0.000e+00
     76.158    10.2757   3.631332    32.9018        748     3.1125     2.1236  0.000e+00
     76.301    10.2740   3.631309    32.9031        749     3.1167     2.1232  0.000e+00
     76.444    10.2728   3.631321    32.9042        750     3.1208     2.1228  0.000e+00
     76.594    10.2717   3.631332    32.9052        751     3.1250     2.1214  0.000e+00
     76.738    10.2711   3.631268    32.9051        752     3.1292     2.1214  0.000e+00
     76.879    10.2701   3.631158    32.9049        753     3.1333     2.1209  0.000e+00
     77.019    10.2685   3.631024    32.9048        754     3.1375     2.1195  0.000e+00
     77.147    10.2663   3.630965    32.9062        755     3.1417     2.1170  0.000e+00
     77.268    10.2639   3.630913    32.9078        756     3.1458     2.1182  0.000e+00
     77.373    10.2622   3.630825    32.9084        757     3.1500     2.1179  0.000e+00
     77.462    10.2602   3.630738    32.9093        758     3.1542     2.1174  0.000e+00
     77.539    10.2583   3.630581    32.9094        759     3.1583     2.1172  0.000e+00
     77.619    10.2562   3.630499    32.9105        760     3.1625     2.1180  0.000e+00
     77.702    10.2539   3.630470    32.9122        761     3.1667     2.1173  0.000e+00
     77.778    10.2519   3.630429    32.9136        762     3.1708     2.1161  0.000e+00
     77.865    10.2504   3.630382    32.9144        763     3.1750     2.1164  0.000e+00
     77.961    10.2492   3.630318    32.9149        764     3.1792     2.1155  0.000e+00
     78.064    10.2477   3.630248    32.9154        765     3.1833     2.1158  0.000e+00
     78.181    10.2462   3.630184    32.9161        766     3.1875     2.1158  0.000e+00
     78.308    10.2447   3.630161    32.9172        767     3.1917     2.1157  0.000e+00
     78.440    10.2432   3.630144    32.9183        768     3.1958     2.1161  0.000e+00
     78.581    10.2422   3.630120    32.9189        769     3.2000     2.1158  0.000e+00
     78.731    10.2412   3.630097    32.9195        770     3.2042     2.1154  0.000e+00
     78.885    10.2402   3.630074    32.9202        771     3.2083     2.1162  0.000e+00
     79.027    10.2392   3.630051    32.9208        772     3.2125     2.1147  0.000e+00
     79.170    10.2383   3.630051    32.9215        773     3.2167     2.1152  0.000e+00
     79.306    10.2376   3.630016    32.9217        774     3.2208     2.1157  0.000e+00
     79.425    10.2368   3.630010    32.9223        775     3.2250     2.1164  0.000e+00
     79.539    10.2362   3.629987    32.9225        776     3.2292     2.1155  0.000e+00
     79.646    10.2356   3.630010    32.9233        777     3.2333     2.1145  0.000e+00
     79.744    10.2352   3.629987    32.9234        778     3.2375     2.1141  0.000e+00
     79.839    10.2351   3.629969    32.9233        779     3.2417     2.1139  0.000e+00
     79.939    10.2347   3.629946    32.9234        780     3.2458     2.1141  0.000e+00
     80.035    10.2343   3.629835    32.9226        781     3.2500     2.1136  0.000e+00
     80.149    10.2333   3.629789    32.9229        782     3.2542     2.1114  0.000e+00
     80.264    10.2321   3.629701    32.9231        783     3.2583     2.1107  0.000e+00
     80.389    10.2309   3.629614    32.9233        784     3.2625     2.1120  0.000e+00
     80.517    10.2294   3.629591    32.9243        785     3.2667     2.1110  0.000e+00
     80.648    10.2282   3.629567    32.9251        786     3.2708     2.1113  0.000e+00
     80.789    10.2272   3.629544    32.9258        787     3.2750     2.1116  0.000e+00
     80.933    10.2263   3.629416    32.9252        788     3.2792     2.1112  0.000e+00
     81.080    10.2250   3.629340    32.9255        789     3.2833     2.1114  0.000e+00
     81.232    10.2237   3.629282    32.9261        790     3.2875     2.1115  0.000e+00
     81.378    10.2223   3.629194    32.9264        791     3.2917     2.1111  0.000e+00
     81.519    10.2209   3.629125    32.9269        792     3.2958     2.1107  0.000e+00
     81.660    10.2193   3.629014    32.9272        793     3.3000     2.1088  0.000e+00
     81.792    10.2174   3.628938    32.9280        794     3.3042     2.1104  0.000e+00
     81.919    10.2157   3.628862    32.9288        795     3.3083     2.1089  0.000e+00
     82.031    10.2140   3.628752    32.9292        796     3.3125     2.1074  0.000e+00
     82.139    10.2121   3.628530    32.9286        797     3.3167     2.1074  0.000e+00
     82.242    10.2095   3.628355    32.9291        798     3.3208     2.1074  0.000e+00
     82.342    10.2060   3.628221    32.9309        799     3.3250     2.1071  0.000e+00
     82.445    10.2027   3.628134    32.9330        800     3.3292     2.1067  0.000e+00
     82.557    10.1996   3.628000    32.9344        801     3.3333     2.1068  0.000e+00
     82.671    10.1968   3.627627    32.9331        802     3.3375     2.1052  0.000e+00
     82.787    10.1931   3.627341    32.9336        803     3.3417     2.1067  0.000e+00
     82.901    10.1883   3.627038    32.9348        804     3.3458     2.1062  0.000e+00
     83.024    10.1831   3.626875    32.9378        805     3.3500     2.1058  0.000e+00
     83.154    10.1785   3.626543    32.9386        806     3.3542     2.1071  0.000e+00
     83.284    10.1737   3.626345    32.9409        807     3.3583     2.1060  0.000e+00
     83.425    10.1690   3.626147    32.9431        808     3.3625     2.1023  0.000e+00
     83.575    10.1644   3.625960    32.9453        809     3.3667     2.1034  0.000e+00
     83.725    10.1594   3.625710    32.9473        810     3.3708     2.1022  0.000e+00
     83.879    10.1542   3.625488    32.9497        811     3.3750     2.1021  0.000e+00
     84.025    10.1488   3.625354    32.9533        812     3.3792     2.0986  0.000e+00
     84.168    10.1433   3.625220    32.9568        813     3.3833     2.0991  0.000e+00
     84.311    10.1382   3.624952    32.9587        814     3.3875     2.0965  0.000e+00
     84.434    10.1326   3.624737    32.9616        815     3.3917     2.0958  0.000e+00
     84.546    10.1271   3.624539    32.9645        816     3.3958     2.0946  0.000e+00
     84.653    10.1219   3.624405    32.9678        817     3.4000     2.0926  0.000e+00
     84.757    10.1171   3.624253    32.9706        818     3.4042     2.0913  0.000e+00
     84.862    10.1127   3.624119    32.9732        819     3.4083     2.0897  0.000e+00
     84.976    10.1085   3.623962    32.9754        820     3.4125     2.0876  0.000e+00
     85.097    10.1044   3.623881    32.9783        821     3.4167     2.0867  0.000e+00
     85.222    10.1009   3.623770    32.9803        822     3.4208     2.0853  0.000e+00
     85.349    10.0978   3.623747    32.9828        823     3.4250     2.0848  0.000e+00
     85.479    10.0955   3.623659    32.9839        824     3.4292     2.0819  0.000e+00
     85.613    10.0936   3.623456    32.9835        825     3.4333     2.0819  0.000e+00
     85.748    10.0914   3.623129    32.9822        826     3.4375     2.0806  0.000e+00
     85.882    10.0879   3.622687    32.9809        827     3.4417     2.0792  0.000e+00
     86.012    10.0825   3.622290    32.9817        828     3.4458     2.0792  0.000e+00
     86.146    10.0754   3.621877    32.9839        829     3.4500     2.0783  0.000e+00
     86.265    10.0677   3.621516    32.9872        830     3.4542     2.0781  0.000e+00
     86.388    10.0602   3.621347    32.9922        831     3.4583     2.0771  0.000e+00
     86.515    10.0539   3.621213    32.9967        832     3.4625     2.0760  0.000e+00
     86.642    10.0481   3.621172    33.0014        833     3.4667     2.0747  0.000e+00
     86.772    10.0425   3.620864    33.0033        834     3.4708     2.0711  0.000e+00
     86.905    10.0361   3.620666    33.0072        835     3.4750     2.0703  0.000e+00
     87.039    10.0293   3.620485    33.0115        836     3.4792     2.0690  0.000e+00
     87.182    10.0236   3.620049    33.0122        837     3.4833     2.0671  0.000e+00
     87.336    10.0170   3.619367    33.0112        838     3.4875     2.0647  0.000e+00
     87.486    10.0082   3.618727    33.0127        839     3.4917     2.0642  0.000e+00
     87.645     9.9959   3.618441    33.0210        840     3.4958     2.0624  0.000e+00
     87.795     9.9834   3.618063    33.0285        841     3.5000     2.0623  0.000e+00
     87.947     9.9712   3.616683    33.0255        842     3.5042     2.0600  0.000e+00
     88.090     9.9547   3.616287    33.0365        843     3.5083     2.0580  0.000e+00
     88.231     9.9380   3.615560    33.0444        844     3.5125     2.0564  0.000e+00
     88.356     9.9220   3.615141    33.0547        845     3.5167     2.0526  0.000e+00
     88.470     9.9077   3.614966    33.0659        846     3.5208     2.0502  0.000e+00
     88.576     9.8964   3.614786    33.0744        847     3.5250     2.0465  0.000e+00
     88.679     9.8879   3.614530    33.0796        848     3.5292     2.0428  0.000e+00
     88.779     9.8808   3.614245    33.0831        849     3.5333     2.0394  0.000e+00
     88.878     9.8741   3.614111    33.0878        850     3.5375     2.0370  0.000e+00
     88.978     9.8686   3.613960    33.0913        851     3.5417     2.0346  0.000e+00
     89.086     9.8637   3.613739    33.0935        852     3.5458     2.0307  0.000e+00
     89.200     9.8588   3.613628    33.0968        853     3.5500     2.0294  0.000e+00
     89.310     9.8548   3.613500    33.0992        854     3.5542     2.0265  0.000e+00
     89.437     9.8512   3.612400    33.0912        855     3.5583     2.0245  0.000e+00
     89.573     9.8434   3.611958    33.0938        856     3.5625     2.0226  0.000e+00
     89.710     9.8332   3.611696    33.1005        857     3.5667     2.0216  0.000e+00
     89.860     9.8249   3.611388    33.1048        858     3.5708     2.0190  0.000e+00
     90.012     9.8172   3.611039    33.1083        859     3.5750     2.0173  0.000e+00
     90.173     9.8099   3.610923    33.1137        860     3.5792     2.0144  0.000e+00
     90.338     9.8038   3.610684    33.1168        861     3.5833     2.0114  0.000e+00
     90.500     9.7986   3.610469    33.1193        862     3.5875     2.0087  0.000e+00
     90.663     9.7939   3.610271    33.1216        863     3.5917     2.0075  0.000e+00
     90.818     9.7898   3.609876    33.1212        864     3.5958     2.0052  0.000e+00
     90.967     9.7848   3.609521    33.1222        865     3.6000     2.0045  0.000e+00
     91.111     9.7788   3.608509    33.1172        866     3.6042     2.0022  0.000e+00
     91.234     9.7702   3.607793    33.1178        867     3.6083     2.0016  0.000e+00
     91.352     9.7606   3.607462    33.1232        868     3.6125     1.9997  0.000e+00
     91.459     9.7522   3.607398    33.1302        869     3.6167     1.9968  0.000e+00
     91.556     9.7459   3.607288    33.1349        870     3.6208     1.9977  0.000e+00
     91.652     9.7413   3.607049    33.1366        871     3.6250     1.9967  0.000e+00
     91.732     9.7376   3.606869    33.1381        872     3.6292     1.9949  0.000e+00
     91.817     9.7344   3.606724    33.1396        873     3.6333     1.9931  0.000e+00
     91.907     9.7315   3.606567    33.1406        874     3.6375     1.9936  0.000e+00
     92.003     9.7288   3.606369    33.1410        875     3.6417     1.9920  0.000e+00
     92.109     9.7259   3.606148    33.1414        876     3.6458     1.9926  0.000e+00
     92.222     9.7232   3.606148    33.1438        877     3.6500     1.9908  0.000e+00
     92.343     9.7210   3.606061    33.1449        878     3.6542     1.9903  0.000e+00
     92.478     9.7194   3.605863    33.1442        879     3.6583     1.9903  0.000e+00
     92.619     9.7175   3.605741    33.1447        880     3.6625     1.9887  0.000e+00
     92.770     9.7155   3.605689    33.1459        881     3.6667     1.9887  0.000e+00
     92.930     9.7136   3.605468    33.1453        882     3.6708     1.9890  0.000e+00
     93.102     9.7117   3.605142    33.1437        883     3.6750     1.9892  0.000e+00
     93.270     9.7082   3.604811    33.1435        884     3.6792     1.9877  0.000e+00
     93.442     9.7037   3.603980    33.1391        885     3.6833     1.9865  0.000e+00
     93.605     9.6967   3.603346    33.1389        886     3.6875     1.9877  0.000e+00
     93.762     9.6867   3.602712    33.1416        887     3.6917     1.9858  0.000e+00
     93.910     9.6753   3.602015    33.1449        888     3.6958     1.9852  0.000e+00
     94.039     9.6633   3.601352    33.1491        889     3.7000     1.9864  0.000e+00
     94.153     9.6507   3.601091    33.1580        890     3.7042     1.9851  0.000e+00
     94.254     9.6399   3.601027    33.1673        891     3.7083     1.9835  0.000e+00
     94.343     9.6321   3.600830    33.1724        892     3.7125     1.9829  0.000e+00
     94.420     9.6261   3.600522    33.1748        893     3.7167     1.9828  0.000e+00
     94.509     9.6205   3.600283    33.1775        894     3.7208     1.9803  0.000e+00
     94.590     9.6150   3.599923    33.1788        895     3.7250     1.9783  0.000e+00
     94.683     9.6093   3.599668    33.1814        896     3.7292     1.9781  0.000e+00
     94.777     9.6038   3.599563    33.1854        897     3.7333     1.9762  0.000e+00
     94.883     9.5991   3.599429    33.1883        898     3.7375     1.9746  0.000e+00
     94.995     9.5953   3.599366    33.1911        899     3.7417     1.9736  0.000e+00
     95.122     9.5921   3.599191    33.1922        900     3.7458     1.9734  0.000e+00
     95.261     9.5888   3.598732    33.1905        901     3.7500     1.9720  0.000e+00
     95.409     9.5838   3.598401    33.1917        902     3.7542     1.9701  0.000e+00
     95.561     9.5773   3.597727    33.1906        903     3.7583     1.9702  0.000e+00
     95.735     9.5691   3.597443    33.1953        904     3.7625     1.9678  0.000e+00
     95.901     9.5601   3.597135    33.2004        905     3.7667     1.9671  0.000e+00
     96.075     9.5522   3.596827    33.2044        906     3.7708     1.9672  0.000e+00
     96.258     9.5445   3.596461    33.2077        907     3.7750     1.9658  0.000e+00
     96.437     9.5369   3.596217    33.2122        908     3.7792     1.9645  0.000e+00
