HB2407/sbe128.cnv
* Sea-Bird SBE 19plus V2 Data File:
* FileName = C:\cruise\data\sbe128.hex
* Software Version Seasave V 7.26.7.121
* Temperature SN = 7037
* Conductivity SN = 7037
* System UpLoad Time = Nov 03 2024 12:38:43
* NMEA Latitude = 43 09.47 N
* NMEA Longitude = 066 37.20 W
* NMEA UTC (Time) = Nov 03 2024  12:37:56
** Ship: Bigelow
** Cruise:  HB2407
** Program:  Spring Bottom Trawl
# nquan = 8
# nvalues = 2711                                  
# units = specified
# name 0 = depSM: Depth [salt water, m]
# name 1 = tv290C: Temperature [ITS-90, deg C]
# name 2 = c0S/m: Conductivity [S/m]
# name 3 = sal00: Salinity, Practical [PSU]
# name 4 = scan: Scan Count
# name 5 = timeM: Time, Elapsed [minutes]
# name 6 = sbeox0V: Oxygen raw, SBE 43 [V]
# name 7 = flag:  0.000e+00
# span 0 =      0.130,    114.504                 
# span 1 =     6.6552,     9.9725                 
# span 2 =  -0.096743,   3.584276                 
# span 3 =     0.0000,    34.0224                 
# span 4 =         11,       2721                 
# span 5 =     0.0417,    11.3333                 
# span 6 =     1.9712,     2.3384                 
# span 7 = 0.0000e+00, 0.0000e+00                 
# interval = seconds: 0.25
# start_time = Nov 03 2024 12:37:56 [NMEA time, header]
# bad_flag = -9.990e-29
*END*
[from data line 540]
     69.014     9.7230   3.584152    32.9296        551     2.2917     2.1641  0.000e+00
     69.117     9.7218   3.584129    32.9304        552     2.2958     2.1629  0.000e+00
     69.218     9.7201   3.584129    32.9319        553     2.3000     2.1647  0.000e+00
     69.330     9.7186   3.584106    32.9330        554     2.3042     2.1644  0.000e+00
     69.444     9.7179   3.584071    32.9333        555     2.3083     2.1638  0.000e+00
     69.559     9.7168   3.584106    32.9345        556     2.3125     2.1631  0.000e+00
     69.673     9.7165   3.584106    32.9348        557     2.3167     2.1631  0.000e+00
     69.787     9.7165   3.583979    32.9334        558     2.3208     2.1630  0.000e+00
     69.901     9.7154   3.583410    32.9286        559     2.3250     2.1609  0.000e+00
     70.021     9.7097   3.582714    32.9267        560     2.3292     2.1599  0.000e+00
     70.133     9.6975   3.582453    32.9351        561     2.3333     2.1610  0.000e+00
     70.266     9.6840   3.582390    32.9468        562     2.3375     2.1598  0.000e+00
     70.388     9.6739   3.582431    32.9564        563     2.3417     2.1581  0.000e+00
     70.511     9.6678   3.582477    32.9624        564     2.3458     2.1561  0.000e+00
     70.644     9.6647   3.582564    32.9660        565     2.3500     2.1564  0.000e+00
     70.780     9.6637   3.582587    32.9671        566     2.3542     2.1550  0.000e+00
     70.919     9.6640   3.582703    32.9680        567     2.3583     2.1537  0.000e+00
     71.062     9.6651   3.582889    32.9688        568     2.3625     2.1529  0.000e+00
     71.207     9.6677   3.582762    32.9651        569     2.3667     2.1520  0.000e+00
     71.348     9.6691   3.582588    32.9620        570     2.3708     2.1507  0.000e+00
     71.485     9.6678   3.582280    32.9599        571     2.3750     2.1499  0.000e+00
     71.623     9.6631   3.582240    32.9637        572     2.3792     2.1496  0.000e+00
     71.751     9.6579   3.582280    32.9688        573     2.3833     2.1472  0.000e+00
     71.872     9.6545   3.582391    32.9731        574     2.3875     2.1468  0.000e+00
     71.992     9.6540   3.582391    32.9735        575     2.3917     2.1458  0.000e+00
     72.105     9.6541   3.582414    32.9736        576     2.3958     2.1458  0.000e+00
     72.218     9.6544   3.582414    32.9732        577     2.4000     2.1449  0.000e+00
     72.335     9.6547   3.582368    32.9724        578     2.4042     2.1451  0.000e+00
     72.458     9.6552   3.582478    32.9731        579     2.4083     2.1441  0.000e+00
     72.583     9.6560   3.582472    32.9722        580     2.4125     2.1434  0.000e+00
     72.709     9.6566   3.582432    32.9712        581     2.4167     2.1430  0.000e+00
     72.850     9.6570   3.582345    32.9699        582     2.4208     2.1430  0.000e+00
     72.990     9.6562   3.582414    32.9712        583     2.4250     2.1428  0.000e+00
     73.129     9.6559   3.582588    32.9733        584     2.4292     2.1418  0.000e+00
     73.281     9.6570   3.582716    32.9735        585     2.4333     2.1415  0.000e+00
     73.429     9.6598   3.582849    32.9722        586     2.4375     2.1422  0.000e+00
     73.579     9.6634   3.582803    32.9684        587     2.4417     2.1417  0.000e+00
     73.740     9.6662   3.582867    32.9664        588     2.4458     2.1415  0.000e+00
     73.888     9.6684   3.582913    32.9648        589     2.4500     2.1398  0.000e+00
     74.042     9.6701   3.583000    32.9640        590     2.4542     2.1420  0.000e+00
     74.190     9.6721   3.582890    32.9610        591     2.4583     2.1412  0.000e+00
     74.328     9.6732   3.582913    32.9602        592     2.4625     2.1423  0.000e+00
     74.456     9.6734   3.582763    32.9584        593     2.4667     2.1427  0.000e+00
     74.581     9.6721   3.582519    32.9571        594     2.4708     2.1428  0.000e+00
     74.706     9.6682   3.582542    32.9608        595     2.4750     2.1441  0.000e+00
     74.821     9.6647   3.582542    32.9639        596     2.4792     2.1436  0.000e+00
     74.930     9.6626   3.582542    32.9659        597     2.4833     2.1436  0.000e+00
     75.047     9.6609   3.582519    32.9671        598     2.4875     2.1422  0.000e+00
     75.152     9.6596   3.582171    32.9647        599     2.4917     2.1424  0.000e+00
     75.266     9.6562   3.582044    32.9665        600     2.4958     2.1428  0.000e+00
     75.386     9.6508   3.581481    32.9656        601     2.5000     2.1421  0.000e+00
     75.510     9.6428   3.581435    32.9724        602     2.5042     2.1418  0.000e+00
     75.640     9.6339   3.581261    32.9788        603     2.5083     2.1406  0.000e+00
     75.778     9.6266   3.580762    32.9802        604     2.5125     2.1391  0.000e+00
     75.924     9.6172   3.580165    32.9827        605     2.5167     2.1398  0.000e+00
     76.074     9.6043   3.580044    32.9932        606     2.5208     2.1385  0.000e+00
     76.223     9.5917   3.579783    33.0021        607     2.5250     2.1374  0.000e+00
     76.378     9.5804   3.579348    33.0079        608     2.5292     2.1368  0.000e+00
     76.536     9.5689   3.578960    33.0144        609     2.5333     2.1348  0.000e+00
     76.698     9.5568   3.578809    33.0240        610     2.5375     2.1330  0.000e+00
     76.859     9.5458   3.578398    33.0298        611     2.5417     2.1302  0.000e+00
     77.013     9.5351   3.578091    33.0364        612     2.5458     2.1271  0.000e+00
     77.174     9.5245   3.577963    33.0448        613     2.5500     2.1244  0.000e+00
     77.327     9.5155   3.577940    33.0528        614     2.5542     2.1231  0.000e+00
     77.479     9.5092   3.577940    33.0585        615     2.5583     2.1207  0.000e+00
     77.629     9.5054   3.577853    33.0611        616     2.5625     2.1191  0.000e+00
     77.779     9.5026   3.577767    33.0627        617     2.5667     2.1166  0.000e+00
     77.937     9.4998   3.577633    33.0638        618     2.5708     2.1141  0.000e+00
     78.076     9.4967   3.577575    33.0660        619     2.5750     2.1123  0.000e+00
     78.217     9.4938   3.577529    33.0682        620     2.5792     2.1111  0.000e+00
     78.355     9.4914   3.577442    33.0695        621     2.5833     2.1090  0.000e+00
     78.496     9.4890   3.577309    33.0702        622     2.5875     2.1071  0.000e+00
     78.638     9.4865   3.577292    33.0723        623     2.5917     2.1035  0.000e+00
     78.776     9.4843   3.577245    33.0738        624     2.5958     2.1028  0.000e+00
     78.922     9.4823   3.577182    33.0749        625     2.6000     2.1028  0.000e+00
     79.069     9.4806   3.577182    33.0764        626     2.6042     2.1003  0.000e+00
     79.226     9.4791   3.577095    33.0768        627     2.6083     2.1000  0.000e+00
     79.378     9.4776   3.576944    33.0766        628     2.6125     2.0999  0.000e+00
     79.546     9.4753   3.576834    33.0775        629     2.6167     2.0993  0.000e+00
     79.716     9.4722   3.576724    33.0791        630     2.6208     2.0975  0.000e+00
     79.882     9.4690   3.576614    33.0808        631     2.6250     2.0957  0.000e+00
     80.060     9.4658   3.576400    33.0815        632     2.6292     2.0950  0.000e+00
     80.240     9.4617   3.576162    33.0828        633     2.6333     2.0941  0.000e+00
     80.416     9.4564   3.575994    33.0859        634     2.6375     2.0932  0.000e+00
     80.595     9.4507   3.575554    33.0866        635     2.6417     2.0908  0.000e+00
     80.768     9.4437   3.575252    33.0898        636     2.6458     2.0903  0.000e+00
     80.937     9.4354   3.574968    33.0945        637     2.6500     2.0896  0.000e+00
     81.096     9.4270   3.574754    33.1000        638     2.6542     2.0884  0.000e+00
     81.246     9.4188   3.574470    33.1046        639     2.6583     2.0868  0.000e+00
     81.394     9.4109   3.574256    33.1096        640     2.6625     2.0848  0.000e+00
     81.526     9.4031   3.574123    33.1154        641     2.6667     2.0837  0.000e+00
     81.651     9.3967   3.573839    33.1183        642     2.6708     2.0825  0.000e+00
     81.770     9.3905   3.573688    33.1225        643     2.6750     2.0812  0.000e+00
     81.899     9.3843   3.573602    33.1273        644     2.6792     2.0801  0.000e+00
     82.027     9.3794   3.573538    33.1311        645     2.6833     2.0784  0.000e+00
     82.161     9.3754   3.573474    33.1340        646     2.6875     2.0777  0.000e+00
     82.306     9.3723   3.573428    33.1364        647     2.6917     2.0778  0.000e+00
     82.467     9.3695   3.573428    33.1389        648     2.6958     2.0755  0.000e+00
     82.626     9.3676   3.573388    33.1401        649     2.7000     2.0732  0.000e+00
     82.792     9.3660   3.573365    33.1414        650     2.7042     2.0741  0.000e+00
     82.969     9.3645   3.573301    33.1420        651     2.7083     2.0718  0.000e+00
     83.143     9.3631   3.573237    33.1426        652     2.7125     2.0707  0.000e+00
     83.324     9.3618   3.573168    33.1430        653     2.7167     2.0705  0.000e+00
     83.508     9.3602   3.573104    33.1438        654     2.7208     2.0696  0.000e+00
     83.683     9.3587   3.573081    33.1447        655     2.7250     2.0698  0.000e+00
     83.861     9.3573   3.573064    33.1458        656     2.7292     2.0693  0.000e+00
     84.029     9.3561   3.573000    33.1462        657     2.7333     2.0687  0.000e+00
     84.179     9.3549   3.573000    33.1472        658     2.7375     2.0672  0.000e+00
     84.327     9.3537   3.572977    33.1480        659     2.7417     2.0664  0.000e+00
     84.463     9.3527   3.572954    33.1487        660     2.7458     2.0671  0.000e+00
     84.586     9.3518   3.572954    33.1495        661     2.7500     2.0663  0.000e+00
     84.703     9.3509   3.572890    33.1495        662     2.7542     2.0670  0.000e+00
     84.828     9.3503   3.572890    33.1501        663     2.7583     2.0658  0.000e+00
     84.953     9.3498   3.572890    33.1505        664     2.7625     2.0660  0.000e+00
     85.087     9.3493   3.572867    33.1507        665     2.7667     2.0640  0.000e+00
     85.239     9.3488   3.572867    33.1510        666     2.7708     2.0651  0.000e+00
     85.389     9.3485   3.572914    33.1517        667     2.7750     2.0648  0.000e+00
     85.557     9.3483   3.572891    33.1516        668     2.7792     2.0644  0.000e+00
     85.731     9.3482   3.572931    33.1521        669     2.7833     2.0641  0.000e+00
     85.913     9.3480   3.572891    33.1517        670     2.7875     2.0629  0.000e+00
     86.096     9.3478   3.572891    33.1518        671     2.7917     2.0619  0.000e+00
     86.288     9.3475   3.572827    33.1513        672     2.7958     2.0613  0.000e+00
     86.483     9.3471   3.572827    33.1517        673     2.8000     2.0619  0.000e+00
     86.682     9.3466   3.572758    33.1513        674     2.8042     2.0612  0.000e+00
     86.883     9.3457   3.572740    33.1518        675     2.8083     2.0608  0.000e+00
     87.062     9.3449   3.572717    33.1522        676     2.8125     2.0605  0.000e+00
     87.237     9.3440   3.572717    33.1530        677     2.8167     2.0603  0.000e+00
     87.400     9.3434   3.572694    33.1533        678     2.8208     2.0596  0.000e+00
     87.552     9.3428   3.572694    33.1538        679     2.8250     2.0588  0.000e+00
     87.698     9.3424   3.572694    33.1541        680     2.8292     2.0603  0.000e+00
     87.836     9.3418   3.572694    33.1546        681     2.8333     2.0584  0.000e+00
     87.959     9.3412   3.572671    33.1548        682     2.8375     2.0598  0.000e+00
     88.087     9.3408   3.572608    33.1545        683     2.8417     2.0602  0.000e+00
     88.219     9.3402   3.572608    33.1550        684     2.8458     2.0592  0.000e+00
     88.353     9.3393   3.572567    33.1554        685     2.8500     2.0601  0.000e+00
     88.500     9.3386   3.572567    33.1560        686     2.8542     2.0603  0.000e+00
     88.650     9.3378   3.572515    33.1561        687     2.8583     2.0594  0.000e+00
     88.803     9.3370   3.572498    33.1565        688     2.8625     2.0595  0.000e+00
     88.970     9.3360   3.572480    33.1572        689     2.8667     2.0606  0.000e+00
     89.136     9.3351   3.572434    33.1575        690     2.8708     2.0584  0.000e+00
     89.306     9.3343   3.572434    33.1582        691     2.8750     2.0574  0.000e+00
     89.485     9.3335   3.572371    33.1581        692     2.8792     2.0567  0.000e+00
     89.657     9.3324   3.572330    33.1587        693     2.8833     2.0571  0.000e+00
     89.838     9.3310   3.572284    33.1594        694     2.8875     2.0568  0.000e+00
     90.013     9.3292   3.572220    33.1604        695     2.8917     2.0563  0.000e+00
     90.189     9.3277   3.572174    33.1612        696     2.8958     2.0566  0.000e+00
     90.355     9.3260   3.572133    33.1623        697     2.9000     2.0567  0.000e+00
     90.521     9.3245   3.572133    33.1636        698     2.9042     2.0570  0.000e+00
     90.679     9.3232   3.572087    33.1642        699     2.9083     2.0558  0.000e+00
     90.841     9.3223   3.572070    33.1648        700     2.9125     2.0558  0.000e+00
     90.997     9.3212   3.572047    33.1656        701     2.9167     2.0560  0.000e+00
     91.151     9.3203   3.572024    33.1660        702     2.9208     2.0558  0.000e+00
     91.299     9.3194   3.572000    33.1666        703     2.9250     2.0558  0.000e+00
     91.453     9.3185   3.571983    33.1672        704     2.9292     2.0554  0.000e+00
     91.604     9.3175   3.571896    33.1672        705     2.9333     2.0555  0.000e+00
     91.754     9.3163   3.571833    33.1675        706     2.9375     2.0551  0.000e+00
     91.899     9.3147   3.571746    33.1681        707     2.9417     2.0552  0.000e+00
     92.042     9.3127   3.571676    33.1691        708     2.9458     2.0558  0.000e+00
     92.185     9.3106   3.571613    33.1704        709     2.9500     2.0562  0.000e+00
     92.333     9.3086   3.571613    33.1721        710     2.9542     2.0545  0.000e+00
     92.476     9.3069   3.571613    33.1737        711     2.9583     2.0550  0.000e+00
     92.628     9.3055   3.571549    33.1742        712     2.9625     2.0536  0.000e+00
     92.774     9.3044   3.571549    33.1752        713     2.9667     2.0530  0.000e+00
     92.924     9.3033   3.571526    33.1759        714     2.9708     2.0531  0.000e+00
     93.078     9.3023   3.571503    33.1765        715     2.9750     2.0526  0.000e+00
     93.243     9.3015   3.571486    33.1770        716     2.9792     2.0527  0.000e+00
     93.411     9.3008   3.571463    33.1774        717     2.9833     2.0527  0.000e+00
     93.588     9.2998   3.571416    33.1777        718     2.9875     2.0516  0.000e+00
     93.767     9.2988   3.571399    33.1784        719     2.9917     2.0509  0.000e+00
     93.952     9.2977   3.571399    33.1793        720     2.9958     2.0508  0.000e+00
     94.142     9.2972   3.571417    33.1799        721     3.0000     2.0500  0.000e+00
     94.333     9.2967   3.571440    33.1805        722     3.0042     2.0506  0.000e+00
     94.530     9.2966   3.571486    33.1810        723     3.0083     2.0507  0.000e+00
     94.722     9.2970   3.571504    33.1807        724     3.0125     2.0488  0.000e+00
     94.910     9.2975   3.571527    33.1804        725     3.0167     2.0506  0.000e+00
     95.086     9.2981   3.571417    33.1787        726     3.0208     2.0488  0.000e+00
     95.259     9.2977   3.571162    33.1763        727     3.0250     2.0510  0.000e+00
     95.422     9.2956   3.570728    33.1737        728     3.0292     2.0488  0.000e+00
     95.578     9.2901   3.570403    33.1753        729     3.0333     2.0481  0.000e+00
