HB2407/sbe102.cnv
* Sea-Bird SBE 19plus V2 Data File:
* FileName = C:\cruise\data\sbe102.hex
* Software Version Seasave V 7.26.7.121
* Temperature SN = 7037
* Conductivity SN = 7037
* System UpLoad Time = Oct 19 2024 18:56:35
* NMEA Latitude = 43 43.40 N
* NMEA Longitude = 068 31.47 W
* NMEA UTC (Time) = Oct 19 2024  18:55:30
** Ship: Bigelow
** Cruise:  HB2407
** Program:  Spring Bottom Trawl
# nquan = 8
# nvalues = 2136                                  
# units = specified
# name 0 = depSM: Depth [salt water, m]
# name 1 = tv290C: Temperature [ITS-90, deg C]
# name 2 = c0S/m: Conductivity [S/m]
# name 3 = sal00: Salinity, Practical [PSU]
# name 4 = scan: Scan Count
# name 5 = timeM: Time, Elapsed [minutes]
# name 6 = sbeox0V: Oxygen raw, SBE 43 [V]
# name 7 = flag:  0.000e+00
# span 0 =      0.135,    130.077                 
# span 1 =     8.2999,    12.2560                 
# span 2 =   0.136009,   3.719268                 
# span 3 =     0.9180,    33.5227                 
# span 4 =         11,       2146                 
# span 5 =     0.0417,     8.9375                 
# span 6 =     1.8452,     2.5755                 
# span 7 = 0.0000e+00, 0.0000e+00                 
# interval = seconds: 0.25
# start_time = Oct 19 2024 18:55:30 [NMEA time, header]
# bad_flag = -9.990e-29
*END*
[from data line 1259]
    120.959     8.4806   3.522566    33.4233       1270     5.2875     1.8857  0.000e+00
    120.910     8.4823   3.522416    33.4202       1271     5.2917     1.8859  0.000e+00
    120.868     8.4827   3.522479    33.4205       1272     5.2958     1.8865  0.000e+00
    120.828     8.4829   3.522779    33.4235       1273     5.3000     1.8853  0.000e+00
    120.796     8.4843   3.522842    33.4228       1274     5.3042     1.8856  0.000e+00
    120.778     8.4860   3.522888    33.4217       1275     5.3083     1.8851  0.000e+00
    120.758     8.4875   3.523055    33.4221       1276     5.3125     1.8856  0.000e+00
    120.749     8.4891   3.523268    33.4228       1277     5.3167     1.8856  0.000e+00
    120.749     8.4916   3.523119    33.4188       1278     5.3208     1.8856  0.000e+00
    120.749     8.4932   3.522975    33.4158       1279     5.3250     1.8863  0.000e+00
    120.758     8.4932   3.522975    33.4158       1280     5.3292     1.8863  0.000e+00
    120.769     8.4929   3.522963    33.4159       1281     5.3333     1.8868  0.000e+00
    120.783     8.4928   3.522888    33.4152       1282     5.3375     1.8862  0.000e+00
    120.805     8.4922   3.522761    33.4144       1283     5.3417     1.8875  0.000e+00
    120.830     8.4911   3.522548    33.4132       1284     5.3458     1.8862  0.000e+00
    120.859     8.4894   3.522335    33.4126       1285     5.3500     1.8864  0.000e+00
    120.879     8.4868   3.522053    33.4120       1286     5.3542     1.8859  0.000e+00
    120.891     8.4836   3.521840    33.4129       1287     5.3583     1.8865  0.000e+00
    120.909     8.4797   3.521736    33.4154       1288     5.3625     1.8862  0.000e+00
    120.915     8.4765   3.521863    33.4198       1289     5.3667     1.8866  0.000e+00
    120.909     8.4747   3.521990    33.4228       1290     5.3708     1.8870  0.000e+00
    120.902     8.4744   3.522139    33.4247       1291     5.3750     1.8860  0.000e+00
    120.889     8.4750   3.522203    33.4248       1292     5.3792     1.8858  0.000e+00
    120.868     8.4765   3.521978    33.4211       1293     5.3833     1.8863  0.000e+00
    120.848     8.4762   3.522036    33.4219       1294     5.3875     1.8853  0.000e+00
    120.823     8.4759   3.522185    33.4238       1295     5.3917     1.8859  0.000e+00
    120.797     8.4764   3.522462    33.4263       1296     5.3958     1.8863  0.000e+00
    120.770     8.4782   3.522566    33.4257       1297     5.4000     1.8857  0.000e+00
    120.745     8.4807   3.522865    33.4265       1298     5.4042     1.8863  0.000e+00
    120.721     8.4833   3.523015    33.4256       1299     5.4083     1.8858  0.000e+00
    120.689     8.4867   3.523078    33.4231       1300     5.4125     1.8848  0.000e+00
    120.667     8.4895   3.523119    33.4209       1301     5.4167     1.8856  0.000e+00
    120.624     8.4916   3.523355    33.4214       1302     5.4208     1.8846  0.000e+00
    120.589     8.4940   3.523332    33.4189       1303     5.4250     1.8853  0.000e+00
    120.569     8.4961   3.523418    33.4178       1304     5.4292     1.8838  0.000e+00
    120.549     8.4976   3.523695    33.4193       1305     5.4333     1.8853  0.000e+00
    120.542     8.4998   3.523700    33.4173       1306     5.4375     1.8855  0.000e+00
    120.547     8.5019   3.523718    33.4155       1307     5.4417     1.8837  0.000e+00
    120.553     8.5033   3.523827    33.4153       1308     5.4458     1.8856  0.000e+00
    120.569     8.5047   3.523891    33.4147       1309     5.4500     1.8847  0.000e+00
    120.585     8.5061   3.523908    33.4135       1310     5.4542     1.8850  0.000e+00
    120.601     8.5072   3.524017    33.4136       1311     5.4583     1.8850  0.000e+00
    120.610     8.5084   3.524121    33.4135       1312     5.4625     1.8858  0.000e+00
    120.617     8.5100   3.524104    33.4119       1313     5.4667     1.8868  0.000e+00
    120.619     8.5111   3.524058    33.4104       1314     5.4708     1.8868  0.000e+00
    120.612     8.5114   3.523971    33.4091       1315     5.4750     1.8870  0.000e+00
    120.596     8.5113   3.523827    33.4078       1316     5.4792     1.8868  0.000e+00
    120.574     8.5105   3.523804    33.4082       1317     5.4833     1.8872  0.000e+00
    120.547     8.5096   3.523804    33.4091       1318     5.4875     1.8886  0.000e+00
    120.524     8.5087   3.523804    33.4099       1319     5.4917     1.8889  0.000e+00
    120.498     8.5086   3.523833    33.4104       1320     5.4958     1.8885  0.000e+00
    120.476     8.5082   3.523844    33.4108       1321     5.5000     1.8893  0.000e+00
    120.451     8.5083   3.523931    33.4117       1322     5.5042     1.8895  0.000e+00
    120.433     8.5086   3.523971    33.4118       1323     5.5083     1.8902  0.000e+00
    120.415     8.5092   3.523954    33.4111       1324     5.5125     1.8902  0.000e+00
    120.381     8.5095   3.523931    33.4106       1325     5.5167     1.8911  0.000e+00
    120.355     8.5096   3.523867    33.4098       1326     5.5208     1.8914  0.000e+00
    120.325     8.5093   3.523908    33.4106       1327     5.5250     1.8899  0.000e+00
    120.287     8.5094   3.524167    33.4133       1328     5.5292     1.8914  0.000e+00
    120.249     8.5104   3.524167    33.4123       1329     5.5333     1.8919  0.000e+00
    120.207     8.5116   3.524317    33.4127       1330     5.5375     1.8914  0.000e+00
    120.153     8.5131   3.524830    33.4167       1331     5.5417     1.8925  0.000e+00
    120.106     8.5162   3.525147    33.4172       1332     5.5458     1.8921  0.000e+00
    120.055     8.5207   3.525239    33.4140       1333     5.5500     1.8921  0.000e+00
    120.012     8.5247   3.525233    33.4101       1334     5.5542     1.8929  0.000e+00
    119.979     8.5279   3.525400    33.4089       1335     5.5583     1.8921  0.000e+00
    119.957     8.5304   3.525446    33.4070       1336     5.5625     1.8923  0.000e+00
    119.937     8.5326   3.525613    33.4067       1337     5.5667     1.8923  0.000e+00
    119.928     8.5346   3.525700    33.4057       1338     5.5708     1.8928  0.000e+00
    119.934     8.5366   3.525596    33.4027       1339     5.5750     1.8919  0.000e+00
    119.948     8.5377   3.525510    33.4008       1340     5.5792     1.8928  0.000e+00
    119.964     8.5376   3.525573    33.4015       1341     5.5833     1.8924  0.000e+00
    119.992     8.5378   3.525596    33.4016       1342     5.5875     1.8931  0.000e+00
    120.010     8.5381   3.525469    33.4000       1343     5.5917     1.8937  0.000e+00
    120.037     8.5378   3.525060    33.3959       1344     5.5958     1.8929  0.000e+00
    120.053     8.5358   3.524680    33.3938       1345     5.6000     1.8926  0.000e+00
    120.086     8.5322   3.524403    33.3942       1346     5.6042     1.8944  0.000e+00
    120.107     8.5277   3.524144    33.3958       1347     5.6083     1.8935  0.000e+00
    120.114     8.5229   3.524103    33.3998       1348     5.6125     1.8940  0.000e+00
    120.113     8.5191   3.524080    33.4032       1349     5.6167     1.8934  0.000e+00
    120.113     8.5165   3.523994    33.4048       1350     5.6208     1.8934  0.000e+00
    120.100     8.5141   3.523890    33.4060       1351     5.6250     1.8931  0.000e+00
    120.084     8.5123   3.523614    33.4048       1352     5.6292     1.8936  0.000e+00
    120.057     8.5096   3.523568    33.4068       1353     5.6333     1.8926  0.000e+00
    120.024     8.5074   3.523844    33.4119       1354     5.6375     1.8928  0.000e+00
    119.999     8.5066   3.523758    33.4117       1355     5.6417     1.8921  0.000e+00
    119.955     8.5067   3.523931    33.4134       1356     5.6458     1.8915  0.000e+00
    119.915     8.5071   3.524104    33.4149       1357     5.6500     1.8915  0.000e+00
    119.868     8.5084   3.524784    33.4209       1358     5.6542     1.8908  0.000e+00
    119.837     8.5124   3.525360    33.4232       1359     5.6583     1.8920  0.000e+00
    119.803     8.5194   3.525683    33.4200       1360     5.6625     1.8909  0.000e+00
    119.776     8.5262   3.525665    33.4134       1361     5.6667     1.8917  0.000e+00
    119.756     8.5314   3.525510    33.4068       1362     5.6708     1.8910  0.000e+00
    119.747     8.5340   3.525469    33.4039       1363     5.6750     1.8905  0.000e+00
    119.747     8.5354   3.525509    33.4031       1364     5.6792     1.8914  0.000e+00
    119.754     8.5361   3.525509    33.4024       1365     5.6833     1.8916  0.000e+00
    119.752     8.5366   3.525469    33.4014       1366     5.6875     1.8918  0.000e+00
    119.754     8.5367   3.525060    33.3971       1367     5.6917     1.8913  0.000e+00
    119.743     8.5354   3.524334    33.3907       1368     5.6958     1.8918  0.000e+00
    119.732     8.5309   3.523757    33.3888       1369     5.7000     1.8929  0.000e+00
    119.705     8.5236   3.523504    33.3931       1370     5.7042     1.8928  0.000e+00
    119.678     8.5170   3.523504    33.3994       1371     5.7083     1.8927  0.000e+00
    119.634     8.5119   3.523567    33.4049       1372     5.7125     1.8931  0.000e+00
    119.595     8.5087   3.523631    33.4085       1373     5.7167     1.8937  0.000e+00
    119.557     8.5073   3.523631    33.4099       1374     5.7208     1.8929  0.000e+00
    119.513     8.5065   3.523608    33.4104       1375     5.7250     1.8929  0.000e+00
    119.488     8.5059   3.523717    33.4122       1376     5.7292     1.8924  0.000e+00
    119.475     8.5057   3.523717    33.4124       1377     5.7333     1.8928  0.000e+00
    119.468     8.5059   3.523740    33.4125       1378     5.7375     1.8931  0.000e+00
    119.481     8.5060   3.523844    33.4134       1379     5.7417     1.8922  0.000e+00
    119.499     8.5065   3.523867    33.4131       1380     5.7458     1.8925  0.000e+00
    119.533     8.5072   3.523804    33.4119       1381     5.7500     1.8913  0.000e+00
    119.587     8.5074   3.523890    33.4125       1382     5.7542     1.8921  0.000e+00
    119.654     8.5079   3.523867    33.4118       1383     5.7583     1.8912  0.000e+00
    119.716     8.5080   3.523781    33.4108       1384     5.7625     1.8919  0.000e+00
    119.795     8.5078   3.523758    33.4107       1385     5.7667     1.8914  0.000e+00
    119.880     8.5075   3.523677    33.4101       1386     5.7708     1.8909  0.000e+00
    119.962     8.5069   3.523441    33.4081       1387     5.7750     1.8915  0.000e+00
    120.039     8.5055   3.523343    33.4083       1388     5.7792     1.8919  0.000e+00
    120.103     8.5035   3.523164    33.4083       1389     5.7833     1.8905  0.000e+00
    120.142     8.5013   3.522479    33.4031       1390     5.7875     1.8912  0.000e+00
    120.177     8.4965   3.521182    33.3940       1391     5.7917     1.8905  0.000e+00
    120.182     8.4861   3.520606    33.3978       1392     5.7958     1.8904  0.000e+00
    120.170     8.4749   3.520457    33.4068       1393     5.8000     1.8890  0.000e+00
    120.130     8.4658   3.520693    33.4180       1394     5.8042     1.8890  0.000e+00
    120.079     8.4603   3.520993    33.4264       1395     5.8083     1.8881  0.000e+00
    120.009     8.4585   3.521373    33.4321       1396     5.8125     1.8876  0.000e+00
    119.931     8.4597   3.521799    33.4355       1397     5.8167     1.8863  0.000e+00
    119.850     8.4630   3.521989    33.4344       1398     5.8208     1.8861  0.000e+00
    119.770     8.4670   3.522802    33.4392       1399     5.8250     1.8852  0.000e+00
    119.660     8.4732   3.523845    33.4445       1400     5.8292     1.8847  0.000e+00
    119.528     8.4831   3.524012    33.4368       1401     5.8333     1.8857  0.000e+00
    119.390     8.4932   3.524121    33.4285       1402     5.8375     1.8853  0.000e+00
    119.255     8.5006   3.524593    33.4265       1403     5.8417     1.8847  0.000e+00
    119.133     8.5075   3.525170    33.4262       1404     5.8458     1.8842  0.000e+00
    119.012     8.5153   3.525256    33.4197       1405     5.8500     1.8852  0.000e+00
    118.896     8.5219   3.525423    33.4153       1406     5.8542     1.8851  0.000e+00
    118.786     8.5270   3.525613    33.4126       1407     5.8583     1.8863  0.000e+00
    118.686     8.5314   3.526235    33.4150       1408     5.8625     1.8858  0.000e+00
    118.603     8.5368   3.526512    33.4128       1409     5.8667     1.8872  0.000e+00
    118.502     8.5424   3.527048    33.4132       1410     5.8708     1.8881  0.000e+00
    118.410     8.5486   3.527279    33.4098       1411     5.8750     1.8875  0.000e+00
    118.314     8.5542   3.527815    33.4102       1412     5.8792     1.8888  0.000e+00
    118.211     8.5602   3.527964    33.4061       1413     5.8833     1.8893  0.000e+00
    118.095     8.5655   3.528068    33.4023       1414     5.8875     1.8906  0.000e+00
    117.966     8.5697   3.528126    33.3990       1415     5.8917     1.8920  0.000e+00
    117.818     8.5729   3.527964    33.3944       1416     5.8958     1.8913  0.000e+00
    117.675     8.5746   3.528068    33.3939       1417     5.9000     1.8920  0.000e+00
    117.536     8.5754   3.528114    33.3937       1418     5.9042     1.8930  0.000e+00
    117.391     8.5761   3.528518    33.3973       1419     5.9083     1.8932  0.000e+00
    117.234     8.5775   3.528604    33.3970       1420     5.9125     1.8948  0.000e+00
    117.073     8.5795   3.528454    33.3936       1421     5.9167     1.8946  0.000e+00
    116.906     8.5807   3.528817    33.3963       1422     5.9208     1.8953  0.000e+00
    116.751     8.5823   3.529157    33.3985       1423     5.9250     1.8963  0.000e+00
    116.599     8.5858   3.529307    33.3968       1424     5.9292     1.8968  0.000e+00
    116.432     8.5898   3.529370    33.3938       1425     5.9333     1.8980  0.000e+00
    116.271     8.5931   3.529543    33.3926       1426     5.9375     1.8983  0.000e+00
    116.119     8.5963   3.529734    33.3916       1427     5.9417     1.8981  0.000e+00
    115.969     8.6001   3.529647    33.3872       1428     5.9458     1.8999  0.000e+00
    115.825     8.6024   3.529756    33.3862       1429     5.9500     1.8996  0.000e+00
    115.666     8.6045   3.529583    33.3825       1430     5.9542     1.9026  0.000e+00
    115.503     8.6053   3.529503    33.3810       1431     5.9583     1.9024  0.000e+00
    115.353     8.6053   3.529422    33.3802       1432     5.9625     1.9022  0.000e+00
    115.203     8.6045   3.529289    33.3796       1433     5.9667     1.9027  0.000e+00
    115.038     8.6031   3.529797    33.3863       1434     5.9708     1.9025  0.000e+00
    114.864     8.6042   3.530783    33.3958       1435     5.9750     1.9067  0.000e+00
    114.693     8.6101   3.530932    33.3918       1436     5.9792     1.9016  0.000e+00
    114.526     8.6171   3.530805    33.3840       1437     5.9833     1.9016  0.000e+00
    114.351     8.6215   3.530759    33.3794       1438     5.9875     1.9038  0.000e+00
    114.174     8.6242   3.530909    33.3786       1439     5.9917     1.9050  0.000e+00
    113.978     8.6265   3.531249    33.3801       1440     5.9958     1.9039  0.000e+00
    113.756     8.6292   3.531249    33.3776       1441     6.0000     1.9061  0.000e+00
    113.530     8.6322   3.531422    33.3767       1442     6.0042     1.9055  0.000e+00
    113.278     8.6345   3.532276    33.3836       1443     6.0083     1.9061  0.000e+00
    113.021     8.6393   3.532708    33.3837       1444     6.0125     1.9067  0.000e+00
    112.759     8.6462   3.533175    33.3823       1445     6.0167     1.9080  0.000e+00
    112.502     8.6532   3.533452    33.3787       1446     6.0208     1.9087  0.000e+00
    112.253     8.6599   3.533688    33.3749       1447     6.0250     1.9096  0.000e+00
    112.000     8.6659   3.534352    33.3763       1448     6.0292     1.9106  0.000e+00
