HB2407/sbe109.cnv
* Sea-Bird SBE 19plus V2 Data File:
* FileName = C:\cruise\data\sbe109.hex
* Software Version Seasave V 7.26.7.121
* Temperature SN = 7037
* Conductivity SN = 7037
* System UpLoad Time = Oct 29 2024 14:18:31
* NMEA Latitude = 42 11.51 N
* NMEA Longitude = 067 47.48 W
* NMEA UTC (Time) = Oct 29 2024  14:17:38
** Ship: Bigelow
** Cruise:  HB2407
** Program:  Spring Bottom Trawl
# nquan = 8
# nvalues = 2680                                  
# units = specified
# name 0 = depSM: Depth [salt water, m]
# name 1 = tv290C: Temperature [ITS-90, deg C]
# name 2 = c0S/m: Conductivity [S/m]
# name 3 = sal00: Salinity, Practical [PSU]
# name 4 = scan: Scan Count
# name 5 = timeM: Time, Elapsed [minutes]
# name 6 = sbeox0V: Oxygen raw, SBE 43 [V]
# name 7 = flag:  0.000e+00
# span 0 =      0.353,    216.395                 
# span 1 =     6.6165,    13.6204                 
# span 2 =   2.651789,   3.831415                 
# span 3 =    21.3184,    34.5932                 
# span 4 =         11,       2690                 
# span 5 =     0.0417,    11.2042                 
# span 6 =     1.7642,     2.4327                 
# span 7 = 0.0000e+00, 0.0000e+00                 
# interval = seconds: 0.25
# start_time = Oct 29 2024 14:17:38 [NMEA time, header]
# bad_flag = -9.990e-29
*END*
[from data line 720]
    106.880     6.6435   3.291287    32.6845        731     3.0417     1.9377  0.000e+00
    107.096     6.6420   3.291584    32.6891        732     3.0458     1.9369  0.000e+00
    107.307     6.6408   3.291730    32.6917        733     3.0500     1.9348  0.000e+00
    107.506     6.6402   3.291853    32.6936        734     3.0542     1.9333  0.000e+00
    107.709     6.6398   3.292055    32.6961        735     3.0583     1.9317  0.000e+00
    107.911     6.6394   3.292078    32.6966        736     3.0625     1.9304  0.000e+00
    108.116     6.6392   3.292201    32.6981        737     3.0667     1.9295  0.000e+00
    108.317     6.6387   3.292308    32.6997        738     3.0708     1.9282  0.000e+00
    108.516     6.6379   3.292432    32.7016        739     3.0750     1.9266  0.000e+00
    108.715     6.6372   3.292555    32.7036        740     3.0792     1.9259  0.000e+00
    108.919     6.6367   3.292701    32.7056        741     3.0833     1.9252  0.000e+00
    109.127     6.6364   3.292841    32.7073        742     3.0875     1.9240  0.000e+00
    109.330     6.6363   3.292987    32.7089        743     3.0917     1.9216  0.000e+00
    109.530     6.6364   3.293257    32.7117        744     3.0958     1.9211  0.000e+00
    109.726     6.6366   3.293773    32.7171        745     3.1000     1.9202  0.000e+00
    109.925     6.6374   3.294059    32.7194        746     3.1042     1.9193  0.000e+00
    110.118     6.6384   3.294351    32.7216        747     3.1083     1.9173  0.000e+00
    110.310     6.6394   3.294514    32.7222        748     3.1125     1.9172  0.000e+00
    110.495     6.6406   3.295013    32.7265        749     3.1167     1.9156  0.000e+00
    110.674     6.6419   3.295260    32.7280        750     3.1208     1.9146  0.000e+00
    110.855     6.6436   3.295541    32.7293        751     3.1250     1.9143  0.000e+00
    111.035     6.6454   3.295777    32.7301        752     3.1292     1.9143  0.000e+00
    111.220     6.6473   3.295962    32.7303        753     3.1333     1.9129  0.000e+00
    111.401     6.6488   3.296922    32.7393        754     3.1375     1.9121  0.000e+00
    111.585     6.6511   3.297427    32.7425        755     3.1417     1.9120  0.000e+00
    111.773     6.6538   3.297657    32.7424        756     3.1458     1.9111  0.000e+00
    111.965     6.6563   3.297478    32.7379        757     3.1500     1.9101  0.000e+00
    112.160     6.6579   3.298443    32.7469        758     3.1542     1.9096  0.000e+00
    112.359     6.6603   3.298921    32.7499        759     3.1583     1.9093  0.000e+00
    112.558     6.6629   3.299566    32.7543        760     3.1625     1.9077  0.000e+00
    112.757     6.6658   3.300532    32.7621        761     3.1667     1.9067  0.000e+00
    112.967     6.6695   3.300656    32.7599        762     3.1708     1.9063  0.000e+00
    113.179     6.6728   3.301032    32.7607        763     3.1750     1.9053  0.000e+00
    113.385     6.6756   3.301172    32.7595        764     3.1792     1.9057  0.000e+00
    113.588     6.6775   3.301172    32.7575        765     3.1833     1.9026  0.000e+00
    113.794     6.6788   3.301779    32.7629        766     3.1875     1.9034  0.000e+00
    113.998     6.6800   3.302144    32.7657        767     3.1917     1.9030  0.000e+00
    114.206     6.6817   3.302622    32.7692        768     3.1958     1.9002  0.000e+00
    114.403     6.6833   3.302768    32.7692        769     3.2000     1.9021  0.000e+00
    114.593     6.6847   3.302936    32.7696        770     3.2042     1.9005  0.000e+00
    114.794     6.6861   3.303060    32.7696        771     3.2083     1.9006  0.000e+00
    114.989     6.6873   3.303341    32.7714        772     3.2125     1.8996  0.000e+00
    115.181     6.6884   3.303515    32.7722        773     3.2167     1.8992  0.000e+00
    115.366     6.6895   3.303908    32.7753        774     3.2208     1.8989  0.000e+00
    115.554     6.6906   3.304094    32.7763        775     3.2250     1.8989  0.000e+00
    115.751     6.6916   3.304279    32.7772        776     3.2292     1.8983  0.000e+00
    115.950     6.6926   3.304571    32.7794        777     3.2333     1.8969  0.000e+00
    116.147     6.6938   3.304746    32.7801        778     3.2375     1.8979  0.000e+00
    116.348     6.6950   3.304841    32.7799        779     3.2417     1.8966  0.000e+00
    116.545     6.6962   3.305235    32.7830        780     3.2458     1.8968  0.000e+00
    116.755     6.6975   3.305954    32.7895        781     3.2500     1.8952  0.000e+00
    116.963     6.6992   3.306668    32.7956        782     3.2542     1.8963  0.000e+00
    117.173     6.7014   3.307393    32.8014        783     3.2583     1.8951  0.000e+00
    117.375     6.7043   3.307994    32.8051        784     3.2625     1.8951  0.000e+00
    117.573     6.7073   3.308758    32.8106        785     3.2667     1.8946  0.000e+00
    117.777     6.7108   3.309135    32.8113        786     3.2708     1.8943  0.000e+00
    117.983     6.7142   3.309540    32.8124        787     3.2750     1.8940  0.000e+00
    118.186     6.7173   3.310130    32.8158        788     3.2792     1.8934  0.000e+00
    118.385     6.7202   3.311002    32.8225        789     3.2833     1.8936  0.000e+00
    118.578     6.7235   3.312216    32.8327        790     3.2875     1.8933  0.000e+00
    118.770     6.7277   3.313538    32.8431        791     3.2917     1.8918  0.000e+00
    118.971     6.7330   3.313847    32.8413        792     3.2958     1.8913  0.000e+00
    119.161     6.7381   3.314438    32.8428        793     3.3000     1.8911  0.000e+00
    119.351     6.7421   3.314826    32.8432        794     3.3042     1.8903  0.000e+00
    119.537     6.7454   3.315765    32.8502        795     3.3083     1.8889  0.000e+00
    119.720     6.7490   3.317510    32.8659        796     3.3125     1.8888  0.000e+00
    119.911     6.7538   3.317448    32.8605        797     3.3167     1.8869  0.000e+00
    120.103     6.7581   3.317915    32.8615        798     3.3208     1.8860  0.000e+00
    120.300     6.7616   3.318967    32.8695        799     3.3250     1.8856  0.000e+00
    120.499     6.7656   3.320076    32.8778        800     3.3292     1.8838  0.000e+00
    120.698     6.7699   3.320521    32.8785        801     3.3333     1.8837  0.000e+00
    120.906     6.7740   3.321365    32.8837        802     3.3375     1.8821  0.000e+00
    121.123     6.7780   3.322013    32.8869        803     3.3417     1.8836  0.000e+00
    121.335     6.7813   3.322514    32.8891        804     3.3458     1.8818  0.000e+00
    121.539     6.7844   3.323325    32.8950        805     3.3500     1.8815  0.000e+00
    121.749     6.7871   3.323820    32.8977        806     3.3542     1.8808  0.000e+00
    121.952     6.7896   3.324057    32.8978        807     3.3583     1.8796  0.000e+00
    122.153     6.7917   3.324220    32.8975        808     3.3625     1.8788  0.000e+00
    122.333     6.7934   3.324226    32.8959        809     3.3667     1.8780  0.000e+00
    122.518     6.7947   3.324704    32.8998        810     3.3708     1.8767  0.000e+00
    122.692     6.7960   3.325155    32.9034        811     3.3750     1.8754  0.000e+00
    122.867     6.7970   3.325369    32.9047        812     3.3792     1.8747  0.000e+00
    123.035     6.7978   3.325645    32.9069        813     3.3833     1.8719  0.000e+00
    123.207     6.7989   3.325876    32.9083        814     3.3875     1.8716  0.000e+00
    123.377     6.7996   3.326062    32.9096        815     3.3917     1.8711  0.000e+00
    123.555     6.8005   3.326113    32.9091        816     3.3958     1.8704  0.000e+00
    123.739     6.8015   3.326332    32.9105        817     3.4000     1.8689  0.000e+00
    123.938     6.8024   3.326687    32.9135        818     3.4042     1.8677  0.000e+00
    124.142     6.8036   3.326913    32.9147        819     3.4083     1.8669  0.000e+00
    124.352     6.8047   3.327042    32.9149        820     3.4125     1.8650  0.000e+00
    124.578     6.8057   3.327211    32.9158        821     3.4167     1.8639  0.000e+00
    124.806     6.8063   3.327397    32.9171        822     3.4208     1.8622  0.000e+00
    125.042     6.8066   3.327544    32.9183        823     3.4250     1.8610  0.000e+00
    125.271     6.8068   3.327730    32.9201        824     3.4292     1.8608  0.000e+00
    125.494     6.8070   3.327860    32.9211        825     3.4333     1.8596  0.000e+00
    125.714     6.8075   3.327950    32.9216        826     3.4375     1.8587  0.000e+00
    125.933     6.8078   3.328068    32.9225        827     3.4417     1.8585  0.000e+00
    126.150     6.8078   3.328215    32.9240        828     3.4458     1.8574  0.000e+00
    126.346     6.8083   3.328327    32.9247        829     3.4500     1.8572  0.000e+00
    126.536     6.8085   3.328609    32.9274        830     3.4542     1.8549  0.000e+00
    126.726     6.8090   3.328806    32.9291        831     3.4583     1.8557  0.000e+00
    126.917     6.8093   3.329049    32.9314        832     3.4625     1.8543  0.000e+00
    127.104     6.8097   3.329511    32.9359        833     3.4667     1.8541  0.000e+00
    127.288     6.8106   3.330063    32.9410        834     3.4708     1.8539  0.000e+00
    127.474     6.8117   3.330824    32.9483        835     3.4750     1.8528  0.000e+00
    127.666     6.8134   3.331241    32.9511        836     3.4792     1.8515  0.000e+00
    127.858     6.8156   3.331788    32.9549        837     3.4833     1.8508  0.000e+00
    128.057     6.8180   3.332323    32.9584        838     3.4875     1.8510  0.000e+00
    128.256     6.8203   3.332628    32.9594        839     3.4917     1.8480  0.000e+00
    128.453     6.8223   3.333147    32.9631        840     3.4958     1.8494  0.000e+00
    128.650     6.8240   3.333259    32.9626        841     3.5000     1.8471  0.000e+00
    128.849     6.8255   3.333507    32.9638        842     3.5042     1.8467  0.000e+00
    129.043     6.8269   3.333818    32.9658        843     3.5083     1.8451  0.000e+00
    129.233     6.8278   3.333947    32.9662        844     3.5125     1.8440  0.000e+00
    129.414     6.8285   3.334240    32.9687        845     3.5167     1.8430  0.000e+00
    129.594     6.8293   3.334658    32.9724        846     3.5208     1.8421  0.000e+00
    129.766     6.8303   3.334866    32.9737        847     3.5250     1.8402  0.000e+00
    129.938     6.8310   3.334940    32.9737        848     3.5292     1.8401  0.000e+00
    130.101     6.8319   3.334974    32.9731        849     3.5333     1.8397  0.000e+00
    130.262     6.8328   3.335041    32.9729        850     3.5375     1.8375  0.000e+00
    130.427     6.8335   3.335137    32.9733        851     3.5417     1.8361  0.000e+00
    130.597     6.8341   3.335222    32.9735        852     3.5458     1.8354  0.000e+00
    130.774     6.8346   3.335357    32.9745        853     3.5500     1.8343  0.000e+00
    130.960     6.8351   3.335493    32.9754        854     3.5542     1.8333  0.000e+00
    131.157     6.8357   3.335577    32.9756        855     3.5583     1.8320  0.000e+00
    131.362     6.8363   3.335600    32.9751        856     3.5625     1.8305  0.000e+00
    131.590     6.8368   3.335747    32.9762        857     3.5667     1.8311  0.000e+00
    131.827     6.8369   3.335938    32.9781        858     3.5708     1.8302  0.000e+00
    132.064     6.8372   3.336102    32.9794        859     3.5750     1.8302  0.000e+00
    132.306     6.8378   3.336283    32.9807        860     3.5792     1.8287  0.000e+00
    132.556     6.8386   3.336356    32.9807        861     3.5833     1.8285  0.000e+00
    132.807     6.8392   3.336520    32.9818        862     3.5875     1.8282  0.000e+00
    133.049     6.8397   3.336751    32.9837        863     3.5917     1.8268  0.000e+00
    133.288     6.8403   3.336920    32.9849        864     3.5958     1.8257  0.000e+00
    133.513     6.8405   3.337078    32.9863        865     3.6000     1.8258  0.000e+00
    133.721     6.8411   3.337383    32.9890        866     3.6042     1.8256  0.000e+00
    133.920     6.8416   3.337400    32.9886        867     3.6083     1.8256  0.000e+00
    134.117     6.8419   3.337484    32.9891        868     3.6125     1.8236  0.000e+00
    134.292     6.8421   3.337699    32.9912        869     3.6167     1.8244  0.000e+00
    134.457     6.8423   3.337761    32.9916        870     3.6208     1.8241  0.000e+00
    134.623     6.8424   3.337761    32.9915        871     3.6250     1.8238  0.000e+00
    134.793     6.8424   3.337761    32.9914        872     3.6292     1.8230  0.000e+00
    134.965     6.8423   3.338156    32.9958        873     3.6333     1.8230  0.000e+00
    135.142     6.8426   3.338562    32.9998        874     3.6375     1.8208  0.000e+00
    135.327     6.8437   3.338664    32.9998        875     3.6417     1.8215  0.000e+00
    135.521     6.8446   3.338923    33.0017        876     3.6458     1.8202  0.000e+00
    135.725     6.8457   3.339267    33.0043        877     3.6500     1.8189  0.000e+00
    135.938     6.8471   3.339375    33.0040        878     3.6542     1.8188  0.000e+00
    136.161     6.8488   3.339363    33.0022        879     3.6583     1.8189  0.000e+00
    136.374     6.8498   3.339567    33.0033        880     3.6625     1.8197  0.000e+00
    136.597     6.8501   3.339787    33.0053        881     3.6667     1.8185  0.000e+00
    136.814     6.8511   3.339922    33.0057        882     3.6708     1.8169  0.000e+00
    137.022     6.8520   3.340046    33.0062        883     3.6750     1.8171  0.000e+00
    137.228     6.8525   3.340170    33.0070        884     3.6792     1.8156  0.000e+00
    137.413     6.8532   3.340278    33.0074        885     3.6833     1.8179  0.000e+00
    137.590     6.8535   3.340345    33.0077        886     3.6875     1.8150  0.000e+00
    137.758     6.8537   3.340216    33.0061        887     3.6917     1.8162  0.000e+00
    137.919     6.8535   3.340283    33.0069        888     3.6958     1.8155  0.000e+00
    138.086     6.8532   3.340487    33.0093        889     3.7000     1.8158  0.000e+00
    138.236     6.8532   3.340645    33.0109        890     3.7042     1.8151  0.000e+00
    138.397     6.8534   3.340927    33.0138        891     3.7083     1.8165  0.000e+00
    138.558     6.8537   3.341469    33.0194        892     3.7125     1.8149  0.000e+00
    138.737     6.8549   3.341644    33.0200        893     3.7167     1.8153  0.000e+00
    138.923     6.8563   3.341892    33.0213        894     3.7208     1.8145  0.000e+00
    139.111     6.8579   3.342270    33.0239        895     3.7250     1.8132  0.000e+00
    139.314     6.8594   3.342462    33.0244        896     3.7292     1.8120  0.000e+00
    139.535     6.8611   3.342750    33.0259        897     3.7333     1.8138  0.000e+00
    139.759     6.8626   3.342964    33.0267        898     3.7375     1.8117  0.000e+00
    139.978     6.8640   3.343410    33.0301        899     3.7417     1.8115  0.000e+00
    140.208     6.8660   3.344099    33.0356        900     3.7458     1.8118  0.000e+00
    140.436     6.8686   3.345177    33.0448        901     3.7500     1.8111  0.000e+00
    140.660     6.8719   3.346244    33.0532        902     3.7542     1.8098  0.000e+00
    140.884     6.8759   3.346182    33.0486        903     3.7583     1.8097  0.000e+00
    141.103     6.8790   3.346961    33.0540        904     3.7625     1.8099  0.000e+00
    141.317     6.8820   3.347696    33.0591        905     3.7667     1.8095  0.000e+00
    141.521     6.8853   3.349091    33.0711        906     3.7708     1.8095  0.000e+00
    141.734     6.8894   3.349864    33.0756        907     3.7750     1.8085  0.000e+00
    141.937     6.8936   3.351181    33.0858        908     3.7792     1.8071  0.000e+00
