HB2407/sbe130.cnv
* Sea-Bird SBE 19plus V2 Data File:
* FileName = C:\cruise\data\sbe130.hex
* Software Version Seasave V 7.26.7.121
* Temperature SN = 7037
* Conductivity SN = 7037
* System UpLoad Time = Nov 04 2024 10:29:03
* NMEA Latitude = 44 17.86 N
* NMEA Longitude = 066 55.80 W
* NMEA UTC (Time) = Nov 04 2024  10:28:17
** Ship: Bigelow
** Cruise:  HB2407
** Program:  Spring Bottom Trawl
# nquan = 8
# nvalues = 4025                                  
# units = specified
# name 0 = depSM: Depth [salt water, m]
# name 1 = tv290C: Temperature [ITS-90, deg C]
# name 2 = c0S/m: Conductivity [S/m]
# name 3 = sal00: Salinity, Practical [PSU]
# name 4 = scan: Scan Count
# name 5 = timeM: Time, Elapsed [minutes]
# name 6 = sbeox0V: Oxygen raw, SBE 43 [V]
# name 7 = flag:  0.000e+00
# span 0 =      0.182,    156.380                 
# span 1 =     8.6571,    10.3755                 
# span 2 =   0.132021,   3.616357                 
# span 3 =     0.9470,    33.7697                 
# span 4 =         11,       4035                 
# span 5 =     0.0417,    16.8083                 
# span 6 =     1.8555,     2.3994                 
# span 7 = 0.0000e+00, 0.0000e+00                 
# interval = seconds: 0.25
# start_time = Nov 04 2024 10:28:17 [NMEA time, header]
# bad_flag = -9.990e-29
*END*
[from data line 3416]
     33.907    10.2921   3.610903    32.6997       3427    14.2750     2.2833  0.000e+00
     33.851    10.2915   3.610816    32.6994       3428    14.2792     2.2846  0.000e+00
     33.791    10.2911   3.610851    32.7002       3429    14.2833     2.2856  0.000e+00
     33.733    10.2908   3.610839    32.7003       3430    14.2875     2.2828  0.000e+00
     33.668    10.2906   3.610839    32.7005       3431    14.2917     2.2837  0.000e+00
     33.601    10.2902   3.610746    32.7000       3432    14.2958     2.2830  0.000e+00
     33.543    10.2903   3.610769    32.7002       3433    14.3000     2.2837  0.000e+00
     33.480    10.2902   3.610729    32.6999       3434    14.3042     2.2857  0.000e+00
     33.410    10.2903   3.610659    32.6991       3435    14.3083     2.2840  0.000e+00
     33.339    10.2902   3.610432    32.6969       3436    14.3125     2.2858  0.000e+00
     33.270    10.2901   3.610420    32.6970       3437    14.3167     2.2855  0.000e+00
     33.193    10.2899   3.610397    32.6969       3438    14.3208     2.2855  0.000e+00
     33.122    10.2898   3.610286    32.6959       3439    14.3250     2.2868  0.000e+00
     33.048    10.2893   3.610088    32.6944       3440    14.3292     2.2865  0.000e+00
     32.972    10.2888   3.610001    32.6941       3441    14.3333     2.2874  0.000e+00
     32.900    10.2880   3.609908    32.6938       3442    14.3375     2.2871  0.000e+00
     32.829    10.2875   3.609827    32.6936       3443    14.3417     2.2875  0.000e+00
     32.752    10.2871   3.609786    32.6935       3444    14.3458     2.2879  0.000e+00
     32.685    10.2868   3.609762    32.6936       3445    14.3500     2.2888  0.000e+00
     32.624    10.2864   3.609693    32.6933       3446    14.3542     2.2894  0.000e+00
     32.559    10.2862   3.609652    32.6931       3447    14.3583     2.2884  0.000e+00
     32.497    10.2858   3.609652    32.6934       3448    14.3625     2.2885  0.000e+00
     32.434    10.2857   3.609658    32.6936       3449    14.3667     2.2898  0.000e+00
     32.381    10.2856   3.609629    32.6934       3450    14.3708     2.2897  0.000e+00
     32.318    10.2855   3.609629    32.6936       3451    14.3750     2.2900  0.000e+00
     32.264    10.2854   3.609652    32.6939       3452    14.3792     2.2910  0.000e+00
     32.203    10.2853   3.609652    32.6940       3453    14.3833     2.2906  0.000e+00
     32.137    10.2854   3.609431    32.6917       3454    14.3875     2.2907  0.000e+00
     32.080    10.2852   3.609320    32.6908       3455    14.3917     2.2912  0.000e+00
     32.011    10.2847   3.609279    32.6909       3456    14.3958     2.2915  0.000e+00
     31.939    10.2845   3.609233    32.6906       3457    14.4000     2.2907  0.000e+00
     31.866    10.2843   3.609209    32.6906       3458    14.4042     2.2908  0.000e+00
     31.798    10.2843   3.609122    32.6898       3459    14.4083     2.2911  0.000e+00
     31.724    10.2840   3.608820    32.6870       3460    14.4125     2.2913  0.000e+00
     31.653    10.2833   3.608773    32.6872       3461    14.4167     2.2919  0.000e+00
     31.584    10.2826   3.608814    32.6883       3462    14.4208     2.2919  0.000e+00
     31.509    10.2820   3.608773    32.6884       3463    14.4250     2.2920  0.000e+00
     31.434    10.2819   3.608796    32.6888       3464    14.4292     2.2920  0.000e+00
     31.367    10.2817   3.608796    32.6890       3465    14.4333     2.2927  0.000e+00
     31.297    10.2815   3.608796    32.6892       3466    14.4375     2.2921  0.000e+00
     31.226    10.2816   3.608796    32.6891       3467    14.4417     2.2929  0.000e+00
     31.165    10.2815   3.608796    32.6893       3468    14.4458     2.2930  0.000e+00
     31.096    10.2815   3.608814    32.6895       3469    14.4500     2.2937  0.000e+00
     31.037    10.2816   3.608662    32.6879       3470    14.4542     2.2941  0.000e+00
     30.977    10.2814   3.608622    32.6877       3471    14.4583     2.2948  0.000e+00
     30.908    10.2811   3.608639    32.6882       3472    14.4625     2.2953  0.000e+00
     30.843    10.2811   3.608662    32.6884       3473    14.4667     2.2952  0.000e+00
     30.786    10.2811   3.608709    32.6889       3474    14.4708     2.2947  0.000e+00
     30.722    10.2810   3.608651    32.6884       3475    14.4750     2.2952  0.000e+00
     30.654    10.2810   3.608685    32.6888       3476    14.4792     2.2948  0.000e+00
     30.581    10.2810   3.608575    32.6877       3477    14.4833     2.2950  0.000e+00
     30.505    10.2809   3.608598    32.6881       3478    14.4875     2.2952  0.000e+00
     30.430    10.2809   3.608575    32.6879       3479    14.4917     2.2957  0.000e+00
     30.346    10.2807   3.608488    32.6873       3480    14.4958     2.2960  0.000e+00
     30.271    10.2805   3.608534    32.6879       3481    14.5000     2.2952  0.000e+00
     30.189    10.2805   3.608546    32.6880       3482    14.5042     2.2972  0.000e+00
     30.115    10.2805   3.608511    32.6877       3483    14.5083     2.2961  0.000e+00
     30.039    10.2804   3.608487    32.6876       3484    14.5125     2.2976  0.000e+00
     29.967    10.2805   3.608464    32.6874       3485    14.5167     2.2987  0.000e+00
     29.895    10.2803   3.608447    32.6874       3486    14.5208     2.2994  0.000e+00
     29.828    10.2801   3.608447    32.6876       3487    14.5250     2.2991  0.000e+00
     29.763    10.2801   3.608464    32.6878       3488    14.5292     2.2982  0.000e+00
     29.698    10.2801   3.608482    32.6880       3489    14.5333     2.2990  0.000e+00
     29.638    10.2801   3.608313    32.6863       3490    14.5375     2.2987  0.000e+00
     29.571    10.2800   3.608336    32.6867       3491    14.5417     2.2981  0.000e+00
     29.513    10.2796   3.608289    32.6866       3492    14.5458     2.2977  0.000e+00
     29.450    10.2795   3.608353    32.6874       3493    14.5500     2.2964  0.000e+00
     29.378    10.2794   3.608377    32.6878       3494    14.5542     2.2950  0.000e+00
     29.311    10.2794   3.608353    32.6875       3495    14.5583     2.2955  0.000e+00
     29.240    10.2795   3.608103    32.6850       3496    14.5625     2.2946  0.000e+00
     29.164    10.2790   3.607981    32.6842       3497    14.5667     2.2958  0.000e+00
     29.076    10.2782   3.607981    32.6850       3498    14.5708     2.2964  0.000e+00
     28.994    10.2774   3.608138    32.6873       3499    14.5750     2.2984  0.000e+00
     28.917    10.2775   3.608068    32.6865       3500    14.5792     2.2984  0.000e+00
     28.835    10.2772   3.607963    32.6858       3501    14.5833     2.2977  0.000e+00
     28.749    10.2770   3.608167    32.6880       3502    14.5875     2.2978  0.000e+00
     28.666    10.2772   3.608266    32.6889       3503    14.5917     2.2982  0.000e+00
     28.588    10.2776   3.608446    32.6904       3504    14.5958     2.2992  0.000e+00
     28.507    10.2783   3.608289    32.6882       3505    14.6000     2.2991  0.000e+00
     28.432    10.2788   3.608051    32.6854       3506    14.6042     2.3000  0.000e+00
     28.366    10.2786   3.607894    32.6841       3507    14.6083     2.3000  0.000e+00
     28.295    10.2777   3.608138    32.6873       3508    14.6125     2.3013  0.000e+00
     28.232    10.2776   3.608184    32.6879       3509    14.6167     2.3007  0.000e+00
     28.170    10.2778   3.608068    32.6866       3510    14.6208     2.3017  0.000e+00
     28.102    10.2776   3.608027    32.6864       3511    14.6250     2.3007  0.000e+00
     28.033    10.2776   3.608004    32.6862       3512    14.6292     2.3026  0.000e+00
     27.973    10.2774   3.608027    32.6867       3513    14.6333     2.3019  0.000e+00
     27.910    10.2774   3.608138    32.6877       3514    14.6375     2.3007  0.000e+00
     27.841    10.2775   3.608138    32.6877       3515    14.6417     2.3013  0.000e+00
     27.773    10.2777   3.608103    32.6872       3516    14.6458     2.3014  0.000e+00
     27.702    10.2778   3.607876    32.6849       3517    14.6500     2.3007  0.000e+00
     27.628    10.2774   3.607783    32.6843       3518    14.6542     2.3001  0.000e+00
     27.558    10.2768   3.607631    32.6833       3519    14.6583     2.3002  0.000e+00
     27.478    10.2760   3.607567    32.6835       3520    14.6625     2.3000  0.000e+00
     27.399    10.2754   3.607213    32.6805       3521    14.6667     2.3011  0.000e+00
     27.321    10.2741   3.607061    32.6801       3522    14.6708     2.3005  0.000e+00
     27.243    10.2729   3.607282    32.6835       3523    14.6750     2.3003  0.000e+00
     27.171    10.2721   3.607457    32.6860       3524    14.6792     2.3010  0.000e+00
     27.099    10.2724   3.607829    32.6895       3525    14.6833     2.3015  0.000e+00
     27.023    10.2734   3.607678    32.6871       3526    14.6875     2.3023  0.000e+00
     26.956    10.2741   3.607236    32.6821       3527    14.6917     2.3022  0.000e+00
     26.884    10.2736   3.606165    32.6717       3528    14.6958     2.3027  0.000e+00
     26.819    10.2709   3.606072    32.6733       3529    14.7000     2.3030  0.000e+00
     26.757    10.2681   3.606067    32.6758       3530    14.7042     2.3034  0.000e+00
     26.685    10.2663   3.606096    32.6777       3531    14.7083     2.3036  0.000e+00
     26.618    10.2650   3.606119    32.6792       3532    14.7125     2.3025  0.000e+00
     26.546    10.2642   3.606450    32.6832       3533    14.7167     2.3030  0.000e+00
     26.475    10.2644   3.606142    32.6800       3534    14.7208     2.3029  0.000e+00
     26.401    10.2644   3.606008    32.6787       3535    14.7250     2.3021  0.000e+00
     26.322    10.2639   3.605944    32.6785       3536    14.7292     2.3038  0.000e+00
     26.242    10.2634   3.605944    32.6790       3537    14.7333     2.3034  0.000e+00
     26.168    10.2631   3.606032    32.6802       3538    14.7375     2.3042  0.000e+00
     26.085    10.2629   3.605944    32.6795       3539    14.7417     2.3054  0.000e+00
     26.005    10.2628   3.606165    32.6819       3540    14.7458     2.3048  0.000e+00
     25.926    10.2630   3.606206    32.6821       3541    14.7500     2.3052  0.000e+00
     25.850    10.2632   3.606095    32.6809       3542    14.7542     2.3055  0.000e+00
     25.776    10.2634   3.606072    32.6805       3543    14.7583     2.3067  0.000e+00
     25.709    10.2633   3.606049    32.6804       3544    14.7625     2.3069  0.000e+00
     25.644    10.2633   3.606142    32.6814       3545    14.7667     2.3058  0.000e+00
     25.586    10.2634   3.606183    32.6817       3546    14.7708     2.3052  0.000e+00
     25.532    10.2635   3.605898    32.6788       3547    14.7750     2.3054  0.000e+00
     25.485    10.2634   3.605834    32.6783       3548    14.7792     2.3054  0.000e+00
     25.434    10.2629   3.605834    32.6787       3549    14.7833     2.3047  0.000e+00
     25.385    10.2625   3.606165    32.6824       3550    14.7875     2.3045  0.000e+00
     25.333    10.2629   3.606380    32.6842       3551    14.7917     2.3042  0.000e+00
     25.286    10.2636   3.606427    32.6841       3552    14.7958     2.3044  0.000e+00
     25.234    10.2644   3.606450    32.6837       3553    14.8000     2.3031  0.000e+00
     25.176    10.2652   3.606270    32.6812       3554    14.8042     2.3036  0.000e+00
     25.113    10.2652   3.606316    32.6816       3555    14.8083     2.3030  0.000e+00
     25.046    10.2652   3.606380    32.6823       3556    14.8125     2.3039  0.000e+00
     24.977    10.2654   3.606339    32.6817       3557    14.8167     2.3037  0.000e+00
     24.897    10.2656   3.606363    32.6819       3558    14.8208     2.3046  0.000e+00
     24.827    10.2656   3.606054    32.6788       3559    14.8250     2.3048  0.000e+00
     24.760    10.2652   3.605897    32.6776       3560    14.8292     2.3055  0.000e+00
     24.684    10.2644   3.605897    32.6784       3561    14.8333     2.3057  0.000e+00
     24.621    10.2637   3.605787    32.6779       3562    14.8375     2.3060  0.000e+00
     24.559    10.2631   3.605746    32.6780       3563    14.8417     2.3068  0.000e+00
     24.500    10.2625   3.605769    32.6788       3564    14.8458     2.3057  0.000e+00
     24.444    10.2621   3.605519    32.6767       3565    14.8500     2.3074  0.000e+00
     24.391    10.2616   3.605508    32.6771       3566    14.8542     2.3075  0.000e+00
     24.339    10.2610   3.605525    32.6778       3567    14.8583     2.3068  0.000e+00
     24.283    10.2609   3.605397    32.6766       3568    14.8625     2.3074  0.000e+00
     24.220    10.2604   3.605461    32.6777       3569    14.8667     2.3065  0.000e+00
     24.165    10.2602   3.605484    32.6781       3570    14.8708     2.3075  0.000e+00
     24.099    10.2602   3.605438    32.6777       3571    14.8750     2.3080  0.000e+00
     24.032    10.2601   3.605438    32.6778       3572    14.8792     2.3090  0.000e+00
     23.965    10.2598   3.605507    32.6789       3573    14.8833     2.3090  0.000e+00
     23.898    10.2598   3.605595    32.6797       3574    14.8875     2.3078  0.000e+00
     23.826    10.2601   3.605571    32.6793       3575    14.8917     2.3078  0.000e+00
     23.762    10.2603   3.605659    32.6800       3576    14.8958     2.3072  0.000e+00
     23.690    10.2605   3.605699    32.6803       3577    14.9000     2.3079  0.000e+00
     23.625    10.2606   3.605786    32.6811       3578    14.9042     2.3077  0.000e+00
     23.565    10.2611   3.605815    32.6809       3579    14.9083     2.3087  0.000e+00
     23.502    10.2615   3.605699    32.6794       3580    14.9125     2.3083  0.000e+00
     23.450    10.2614   3.605548    32.6781       3581    14.9167     2.3091  0.000e+00
     23.399    10.2612   3.605461    32.6773       3582    14.9208     2.3091  0.000e+00
     23.350    10.2609   3.605373    32.6768       3583    14.9250     2.3084  0.000e+00
     23.307    10.2605   3.605286    32.6763       3584    14.9292     2.3087  0.000e+00
     23.262    10.2600   3.605222    32.6761       3585    14.9333     2.3087  0.000e+00
     23.220    10.2595   3.605059    32.6749       3586    14.9375     2.3080  0.000e+00
     23.162    10.2590   3.605129    32.6761       3587    14.9417     2.3076  0.000e+00
     23.114    10.2585   3.605222    32.6775       3588    14.9458     2.3081  0.000e+00
     23.059    10.2586   3.605176    32.6770       3589    14.9500     2.3067  0.000e+00
     23.003    10.2587   3.605129    32.6765       3590    14.9542     2.3068  0.000e+00
     22.944    10.2585   3.605042    32.6758       3591    14.9583     2.3069  0.000e+00
     22.880    10.2582   3.605112    32.6768       3592    14.9625     2.3078  0.000e+00
     22.821    10.2581   3.605018    32.6759       3593    14.9667     2.3071  0.000e+00
     22.759    10.2580   3.605152    32.6774       3594    14.9708     2.3076  0.000e+00
     22.700    10.2581   3.605129    32.6772       3595    14.9750     2.3082  0.000e+00
     22.638    10.2581   3.605373    32.6796       3596    14.9792     2.3087  0.000e+00
     22.590    10.2585   3.605065    32.6762       3597    14.9833     2.3093  0.000e+00
     22.535    10.2585   3.605001    32.6755       3598    14.9875     2.3093  0.000e+00
     22.480    10.2583   3.605129    32.6771       3599    14.9917     2.3101  0.000e+00
     22.427    10.2583   3.605164    32.6774       3600    14.9958     2.3090  0.000e+00
     22.382    10.2584   3.605129    32.6770       3601    15.0000     2.3093  0.000e+00
     22.335    10.2585   3.605111    32.6768       3602    15.0042     2.3088  0.000e+00
     22.290    10.2585   3.605024    32.6759       3603    15.0083     2.3097  0.000e+00
     22.245    10.2583   3.605065    32.6765       3604    15.0125     2.3090  0.000e+00
     22.199    10.2583   3.605175    32.6777       3605    15.0167     2.3090  0.000e+00
