HB2407/sbe117.cnv
* Sea-Bird SBE 19plus V2 Data File:
* FileName = C:\cruise\data\sbe117.hex
* Software Version Seasave V 7.26.7.121
* Temperature SN = 7037
* Conductivity SN = 7037
* System UpLoad Time = Oct 31 2024 05:54:19
* NMEA Latitude = 41 49.57 N
* NMEA Longitude = 066 18.41 W
* NMEA UTC (Time) = Oct 31 2024  05:53:28
** Ship: Bigelow
** Cruise:  HB2407
** Program:  Spring Bottom Trawl
# nquan = 8
# nvalues = 1454                                  
# units = specified
# name 0 = depSM: Depth [salt water, m]
# name 1 = tv290C: Temperature [ITS-90, deg C]
# name 2 = c0S/m: Conductivity [S/m]
# name 3 = sal00: Salinity, Practical [PSU]
# name 4 = scan: Scan Count
# name 5 = timeM: Time, Elapsed [minutes]
# name 6 = sbeox0V: Oxygen raw, SBE 43 [V]
# name 7 = flag:  0.000e+00
# span 0 =      0.052,     75.857                 
# span 1 =    10.2061,    14.0898                 
# span 2 =  -0.000017,   3.793949                 
# span 3 =     0.0000,    32.6045                 
# span 4 =         11,       1464                 
# span 5 =     0.0417,     6.0958                 
# span 6 =     1.9021,     2.5375                 
# span 7 = 0.0000e+00, 0.0000e+00                 
# interval = seconds: 0.25
# start_time = Oct 31 2024 05:53:28 [NMEA time, header]
# bad_flag = -9.990e-29
*END*
[from data line 899]
     25.706    12.0936   3.715387    32.1458        910     3.7875     2.3088  0.000e+00
     25.621    12.0939   3.715664    32.1482        911     3.7917     2.3111  0.000e+00
     25.515    12.0952   3.715523    32.1458        912     3.7958     2.3120  0.000e+00
     25.419    12.0958   3.715723    32.1473        913     3.8000     2.3115  0.000e+00
     25.327    12.0966   3.715558    32.1450        914     3.8042     2.3110  0.000e+00
     25.213    12.0969   3.715840    32.1475        915     3.8083     2.3113  0.000e+00
     25.099    12.0980   3.716423    32.1523        916     3.8125     2.3116  0.000e+00
     24.994    12.1008   3.716541    32.1509        917     3.8167     2.3115  0.000e+00
     24.894    12.1040   3.716576    32.1486        918     3.8208     2.3115  0.000e+00
     24.795    12.1065   3.716859    32.1492        919     3.8250     2.3112  0.000e+00
     24.695    12.1092   3.717135    32.1496        920     3.8292     2.3113  0.000e+00
     24.583    12.1122   3.717400    32.1496        921     3.8333     2.3114  0.000e+00
     24.486    12.1158   3.717653    32.1490        922     3.8375     2.3121  0.000e+00
     24.386    12.1192   3.717924    32.1487        923     3.8417     2.3127  0.000e+00
     24.289    12.1229   3.718089    32.1471        924     3.8458     2.3129  0.000e+00
     24.182    12.1262   3.718230    32.1457        925     3.8500     2.3136  0.000e+00
     24.075    12.1291   3.718201    32.1430        926     3.8542     2.3136  0.000e+00
     23.976    12.1316   3.718430    32.1431        927     3.8583     2.3148  0.000e+00
     23.882    12.1338   3.718465    32.1415        928     3.8625     2.3157  0.000e+00
     23.771    12.1357   3.718518    32.1405        929     3.8667     2.3175  0.000e+00
     23.670    12.1370   3.718577    32.1400        930     3.8708     2.3163  0.000e+00
     23.578    12.1381   3.719201    32.1450        931     3.8750     2.3174  0.000e+00
     23.480    12.1413   3.719119    32.1416        932     3.8792     2.3183  0.000e+00
     23.393    12.1443   3.719496    32.1426        933     3.8833     2.3194  0.000e+00
     23.299    12.1484   3.720968    32.1534        934     3.8875     2.3202  0.000e+00
     23.205    12.1563   3.721133    32.1481        935     3.8917     2.3209  0.000e+00
     23.115    12.1654   3.721816    32.1469        936     3.8958     2.3205  0.000e+00
     23.023    12.1745   3.721533    32.1364        937     3.9000     2.3222  0.000e+00
     22.940    12.1803   3.722817    32.1438        938     3.9042     2.3216  0.000e+00
     22.851    12.1875   3.723229    32.1416        939     3.9083     2.3217  0.000e+00
     22.761    12.1964   3.723247    32.1342        940     3.9125     2.3238  0.000e+00
     22.665    12.2030   3.723276    32.1288        941     3.9167     2.3250  0.000e+00
     22.575    12.2072   3.723612    32.1285        942     3.9208     2.3257  0.000e+00
     22.484    12.2107   3.724077    32.1300        943     3.9250     2.3263  0.000e+00
     22.392    12.2148   3.724319    32.1288        944     3.9292     2.3273  0.000e+00
     22.304    12.2190   3.724660    32.1285        945     3.9333     2.3283  0.000e+00
     22.211    12.2233   3.724778    32.1260        946     3.9375     2.3282  0.000e+00
     22.119    12.2267   3.724548    32.1209        947     3.9417     2.3292  0.000e+00
     22.023    12.2287   3.725061    32.1242        948     3.9458     2.3290  0.000e+00
     21.931    12.2307   3.725414    32.1258        949     3.9500     2.3302  0.000e+00
     21.844    12.2348   3.726216    32.1301        950     3.9542     2.3305  0.000e+00
     21.752    12.2403   3.726664    32.1297        951     3.9583     2.3305  0.000e+00
     21.663    12.2467   3.726805    32.1256        952     3.9625     2.3313  0.000e+00
     21.578    12.2522   3.727483    32.1274        953     3.9667     2.3325  0.000e+00
     21.504    12.2575   3.728502    32.1327        954     3.9708     2.3322  0.000e+00
     21.437    12.2664   3.728602    32.1260        955     3.9750     2.3329  0.000e+00
     21.367    12.2738   3.728602    32.1197        956     3.9792     2.3347  0.000e+00
     21.303    12.2785   3.729091    32.1204        957     3.9833     2.3355  0.000e+00
     21.235    12.2839   3.729740    32.1220        958     3.9875     2.3365  0.000e+00
     21.175    12.2899   3.729722    32.1167        959     3.9917     2.3373  0.000e+00
     21.099    12.2948   3.729810    32.1134        960     3.9958     2.3387  0.000e+00
     21.034    12.2979   3.729858    32.1112        961     4.0000     2.3398  0.000e+00
     20.963    12.3004   3.729922    32.1097        962     4.0042     2.3406  0.000e+00
     20.875    12.3022   3.730117    32.1101        963     4.0083     2.3412  0.000e+00
     20.802    12.3039   3.730335    32.1107        964     4.0125     2.3412  0.000e+00
     20.708    12.3060   3.730730    32.1128        965     4.0167     2.3422  0.000e+00
     20.623    12.3090   3.731090    32.1136        966     4.0208     2.3432  0.000e+00
     20.533    12.3131   3.731119    32.1105        967     4.0250     2.3444  0.000e+00
     20.448    12.3164   3.731042    32.1069        968     4.0292     2.3445  0.000e+00
     20.367    12.3185   3.732516    32.1193        969     4.0333     2.3466  0.000e+00
     20.285    12.3243   3.732387    32.1132        970     4.0375     2.3461  0.000e+00
     20.211    12.3299   3.734008    32.1239        971     4.0417     2.3489  0.000e+00
     20.130    12.3385   3.735902    32.1347        972     4.0458     2.3452  0.000e+00
     20.054    12.3539   3.737984    32.1414        973     4.0500     2.3505  0.000e+00
     19.981    12.3731   3.738267    32.1277        974     4.0542     2.3514  0.000e+00
     19.909    12.3899   3.739247    32.1227        975     4.0583     2.3547  0.000e+00
     19.853    12.4039   3.739471    32.1129        976     4.0625     2.3532  0.000e+00
     19.783    12.4149   3.739040    32.0994        977     4.0667     2.3566  0.000e+00
     19.728    12.4205   3.734703    32.0532        978     4.0708     2.3578  0.000e+00
     19.667    12.4110   3.732615    32.0415        979     4.0750     2.3619  0.000e+00
     19.609    12.3897   3.732863    32.0620        980     4.0792     2.3631  0.000e+00
     19.553    12.3730   3.734444    32.0914        981     4.0833     2.3651  0.000e+00
     19.499    12.3682   3.736515    32.1153        982     4.0875     2.3650  0.000e+00
     19.445    12.3731   3.735288    32.0994        983     4.0917     2.3660  0.000e+00
     19.388    12.3768   3.732934    32.0738        984     4.0958     2.3662  0.000e+00
     19.327    12.3696   3.732728    32.0780        985     4.1000     2.3662  0.000e+00
     19.269    12.3606   3.733453    32.0927        986     4.1042     2.3645  0.000e+00
     19.209    12.3566   3.734167    32.1030        987     4.1083     2.3639  0.000e+00
     19.141    12.3576   3.734220    32.1026        988     4.1125     2.3636  0.000e+00
     19.072    12.3599   3.735382    32.1118        989     4.1167     2.3635  0.000e+00
     18.998    12.3650   3.736627    32.1194        990     4.1208     2.3636  0.000e+00
     18.920    12.3743   3.735836    32.1039        991     4.1250     2.3640  0.000e+00
     18.842    12.3792   3.736054    32.1018        992     4.1292     2.3635  0.000e+00
     18.772    12.3826   3.742333    32.1589        993     4.1333     2.3632  0.000e+00
     18.692    12.4012   3.738656    32.1079        994     4.1375     2.3653  0.000e+00
     18.622    12.4162   3.740249    32.1103        995     4.1417     2.3647  0.000e+00
     18.562    12.4239   3.737458    32.0771        996     4.1458     2.3650  0.000e+00
     18.499    12.4231   3.736862    32.0721        997     4.1500     2.3653  0.000e+00
     18.443    12.4149   3.737234    32.0827        998     4.1542     2.3656  0.000e+00
     18.388    12.4105   3.736909    32.0834        999     4.1583     2.3661  0.000e+00
     18.336    12.4067   3.736679    32.0845       1000     4.1625     2.3654  0.000e+00
     18.305    12.4034   3.738131    32.1012       1001     4.1667     2.3675  0.000e+00
     18.265    12.4050   3.738555    32.1039       1002     4.1708     2.3676  0.000e+00
     18.233    12.4104   3.739098    32.1045       1003     4.1750     2.3693  0.000e+00
     18.208    12.4175   3.743065    32.1363       1004     4.1792     2.3705  0.000e+00
     18.182    12.4332   3.741353    32.1065       1005     4.1833     2.3712  0.000e+00
     18.159    12.4441   3.741695    32.1005       1006     4.1875     2.3711  0.000e+00
     18.131    12.4516   3.744942    32.1251       1007     4.1917     2.3722  0.000e+00
     18.094    12.4655   3.745497    32.1185       1008     4.1958     2.3734  0.000e+00
     18.048    12.4812   3.744989    32.1002       1009     4.2000     2.3738  0.000e+00
     17.992    12.4920   3.745172    32.0928       1010     4.2042     2.3753  0.000e+00
     17.934    12.4980   3.745249    32.0884       1011     4.2083     2.3763  0.000e+00
     17.864    12.5019   3.745609    32.0886       1012     4.2125     2.3772  0.000e+00
     17.801    12.5054   3.744770    32.0776       1013     4.2167     2.3781  0.000e+00
     17.723    12.5056   3.744740    32.0772       1014     4.2208     2.3792  0.000e+00
     17.647    12.5043   3.745118    32.0819       1015     4.2250     2.3821  0.000e+00
     17.580    12.5046   3.744988    32.0805       1016     4.2292     2.3822  0.000e+00
     17.517    12.5047   3.744859    32.0791       1017     4.2333     2.3835  0.000e+00
     17.461    12.5044   3.744575    32.0767       1018     4.2375     2.3843  0.000e+00
     17.412    12.5032   3.744634    32.0783       1019     4.2417     2.3864  0.000e+00
     17.372    12.5021   3.744646    32.0794       1020     4.2458     2.3864  0.000e+00
     17.341    12.5014   3.744835    32.0818       1021     4.2500     2.3871  0.000e+00
     17.307    12.5018   3.745171    32.0847       1022     4.2542     2.3869  0.000e+00
     17.274    12.5032   3.745425    32.0860       1023     4.2583     2.3865  0.000e+00
     17.242    12.5052   3.745083    32.0810       1024     4.2625     2.3871  0.000e+00
     17.208    12.5064   3.744067    32.0703       1025     4.2667     2.3886  0.000e+00
     17.180    12.5031   3.743937    32.0719       1026     4.2708     2.3890  0.000e+00
     17.142    12.4988   3.743961    32.0758       1027     4.2750     2.3895  0.000e+00
     17.119    12.4961   3.743494    32.0737       1028     4.2792     2.3891  0.000e+00
     17.077    12.4930   3.743477    32.0762       1029     4.2833     2.3896  0.000e+00
     17.036    12.4901   3.743300    32.0770       1030     4.2875     2.3895  0.000e+00
     16.987    12.4878   3.743205    32.0780       1031     4.2917     2.3880  0.000e+00
     16.935    12.4860   3.742491    32.0728       1032     4.2958     2.3895  0.000e+00
     16.878    12.4824   3.742202    32.0731       1033     4.3000     2.3889  0.000e+00
     16.813    12.4777   3.743247    32.0871       1034     4.3042     2.3896  0.000e+00
     16.737    12.4771   3.744044    32.0953       1035     4.3083     2.3902  0.000e+00
     16.685    12.4817   3.744811    32.0987       1036     4.3125     2.3901  0.000e+00
     16.609    12.4881   3.745538    32.1002       1037     4.3167     2.3900  0.000e+00
     16.535    12.4958   3.745313    32.0915       1038     4.3208     2.3913  0.000e+00
     16.466    12.5012   3.745218    32.0860       1039     4.3250     2.3915  0.000e+00
     16.394    12.5042   3.746151    32.0924       1040     4.3292     2.3909  0.000e+00
     16.325    12.5082   3.747079    32.0978       1041     4.3333     2.3897  0.000e+00
     16.267    12.5152   3.747226    32.0933       1042     4.3375     2.3899  0.000e+00
     16.219    12.5218   3.747285    32.0882       1043     4.3417     2.3899  0.000e+00
     16.172    12.5266   3.747309    32.0844       1044     4.3458     2.3898  0.000e+00
     16.135    12.5293   3.747214    32.0811       1045     4.3500     2.3896  0.000e+00
     16.119    12.5309   3.747309    32.0807       1046     4.3542     2.3906  0.000e+00
     16.106    12.5321   3.747261    32.0793       1047     4.3583     2.3906  0.000e+00
     16.092    12.5330   3.747332    32.0792       1048     4.3625     2.3908  0.000e+00
     16.094    12.5338   3.747303    32.0782       1049     4.3667     2.3922  0.000e+00
     16.099    12.5340   3.747380    32.0788       1050     4.3708     2.3914  0.000e+00
     16.103    12.5345   3.747350    32.0781       1051     4.3750     2.3930  0.000e+00
     16.105    12.5347   3.747244    32.0769       1052     4.3792     2.3937  0.000e+00
     16.104    12.5344   3.747261    32.0773       1053     4.3833     2.3946  0.000e+00
     16.085    12.5340   3.747267    32.0777       1054     4.3875     2.3948  0.000e+00
     16.059    12.5341   3.747285    32.0778       1055     4.3917     2.3966  0.000e+00
     16.010    12.5339   3.747267    32.0778       1056     4.3958     2.3958  0.000e+00
     15.963    12.5338   3.747261    32.0778       1057     4.4000     2.3975  0.000e+00
     15.909    12.5338   3.747179    32.0771       1058     4.4042     2.3991  0.000e+00
     15.857    12.5336   3.747214    32.0777       1059     4.4083     2.3989  0.000e+00
     15.793    12.5333   3.747179    32.0775       1060     4.4125     2.3991  0.000e+00
     15.748    12.5331   3.746984    32.0759       1061     4.4167     2.3990  0.000e+00
     15.694    12.5326   3.747090    32.0773       1062     4.4208     2.3985  0.000e+00
     15.654    12.5321   3.746913    32.0762       1063     4.4250     2.3969  0.000e+00
     15.611    12.5313   3.747025    32.0779       1064     4.4292     2.3982  0.000e+00
     15.574    12.5310   3.746824    32.0763       1065     4.4333     2.3984  0.000e+00
     15.538    12.5301   3.746741    32.0762       1066     4.4375     2.3979  0.000e+00
     15.493    12.5292   3.746960    32.0791       1067     4.4417     2.3984  0.000e+00
     15.453    12.5292   3.747332    32.0827       1068     4.4458     2.3982  0.000e+00
     15.410    12.5306   3.747214    32.0804       1069     4.4500     2.3978  0.000e+00
     15.372    12.5317   3.747308    32.0803       1070     4.4542     2.3989  0.000e+00
     15.329    12.5328   3.747302    32.0794       1071     4.4583     2.3983  0.000e+00
     15.301    12.5336   3.747291    32.0786       1072     4.4625     2.3988  0.000e+00
     15.263    12.5338   3.747302    32.0786       1073     4.4667     2.3986  0.000e+00
     15.229    12.5340   3.747397    32.0793       1074     4.4708     2.3978  0.000e+00
     15.189    12.5344   3.747444    32.0794       1075     4.4750     2.3978  0.000e+00
     15.150    12.5350   3.747356    32.0780       1076     4.4792     2.3989  0.000e+00
     15.115    12.5355   3.747444    32.0785       1077     4.4833     2.3982  0.000e+00
     15.070    12.5358   3.747397    32.0778       1078     4.4875     2.3988  0.000e+00
     15.027    12.5356   3.747397    32.0780       1079     4.4917     2.3983  0.000e+00
     14.989    12.5356   3.747485    32.0788       1080     4.4958     2.3973  0.000e+00
     14.947    12.5360   3.747420    32.0779       1081     4.5000     2.3971  0.000e+00
     14.913    12.5361   3.747397    32.0776       1082     4.5042     2.3963  0.000e+00
     14.871    12.5361   3.747420    32.0778       1083     4.5083     2.3974  0.000e+00
     14.838    12.5360   3.747397    32.0777       1084     4.5125     2.3975  0.000e+00
     14.802    12.5360   3.747326    32.0771       1085     4.5167     2.3986  0.000e+00
     14.775    12.5357   3.747243    32.0766       1086     4.5208     2.3984  0.000e+00
     14.734    12.5353   3.747373    32.0781       1087     4.5250     2.3985  0.000e+00
     14.705    12.5353   3.747355    32.0780       1088     4.5292     2.3990  0.000e+00
