HB2407/sbe113.cnv
* Sea-Bird SBE 19plus V2 Data File:
* FileName = C:\cruise\data\sbe113.hex
* Software Version Seasave V 7.26.7.121
* Temperature SN = 7037
* Conductivity SN = 7037
* System UpLoad Time = Oct 30 2024 15:23:32
* NMEA Latitude = 41 35.60 N
* NMEA Longitude = 066 28.47 W
* NMEA UTC (Time) = Oct 30 2024  15:22:41
** Ship: Bigelow
** Cruise:  HB2407
** Program:  Spring Bottom Trawl
# nquan = 8
# nvalues = 1935                                  
# units = specified
# name 0 = depSM: Depth [salt water, m]
# name 1 = tv290C: Temperature [ITS-90, deg C]
# name 2 = c0S/m: Conductivity [S/m]
# name 3 = sal00: Salinity, Practical [PSU]
# name 4 = scan: Scan Count
# name 5 = timeM: Time, Elapsed [minutes]
# name 6 = sbeox0V: Oxygen raw, SBE 43 [V]
# name 7 = flag:  0.000e+00
# span 0 =      0.172,     78.909                 
# span 1 =     9.7852,    12.2993                 
# span 2 =  -0.000039,   3.717422                 
# span 3 =     0.0000,    32.6197                 
# span 4 =         11,       1945                 
# span 5 =     0.0417,     8.1000                 
# span 6 =     2.1458,     2.5817                 
# span 7 = 0.0000e+00, 0.0000e+00                 
# interval = seconds: 0.25
# start_time = Oct 30 2024 15:22:41 [NMEA time, header]
# bad_flag = -9.990e-29
*END*
[from data line 1259]
     30.810    11.4438   3.662642    32.1945       1270     5.2875     2.2828  0.000e+00
     30.755    11.4525   3.662841    32.1888       1271     5.2917     2.2835  0.000e+00
     30.697    11.4605   3.662887    32.1824       1272     5.2958     2.2822  0.000e+00
     30.638    11.4660   3.661477    32.1639       1273     5.3000     2.2832  0.000e+00
     30.576    11.4640   3.661459    32.1654       1274     5.3042     2.2840  0.000e+00
     30.504    11.4596   3.660523    32.1602       1275     5.3083     2.2842  0.000e+00
     30.432    11.4525   3.661132    32.1723       1276     5.3125     2.2867  0.000e+00
     30.347    11.4475   3.663133    32.1962       1277     5.3167     2.2862  0.000e+00
     30.258    11.4545   3.663402    32.1928       1278     5.3208     2.2856  0.000e+00
     30.160    11.4647   3.664807    32.1977       1279     5.3250     2.2870  0.000e+00
     30.061    11.4765   3.665275    32.1920       1280     5.3292     2.2871  0.000e+00
     29.967    11.4920   3.665790    32.1836       1281     5.3333     2.2872  0.000e+00
     29.869    11.5039   3.664894    32.1646       1282     5.3375     2.2877  0.000e+00
     29.782    11.5086   3.664783    32.1595       1283     5.3417     2.2886  0.000e+00
     29.712    11.5095   3.665099    32.1617       1284     5.3458     2.2892  0.000e+00
     29.647    11.5111   3.666440    32.1735       1285     5.3500     2.2906  0.000e+00
     29.591    11.5197   3.667757    32.1789       1286     5.3542     2.2912  0.000e+00
     29.554    11.5319   3.667757    32.1683       1287     5.3583     2.2935  0.000e+00
     29.515    11.5428   3.668518    32.1663       1288     5.3625     2.2935  0.000e+00
     29.487    11.5520   3.668419    32.1573       1289     5.3667     2.2938  0.000e+00
     29.468    11.5609   3.668582    32.1512       1290     5.3708     2.2953  0.000e+00
     29.440    11.5661   3.667042    32.1317       1291     5.3750     2.2956  0.000e+00
     29.415    11.5635   3.667066    32.1342       1292     5.3792     2.2967  0.000e+00
     29.390    11.5584   3.666837    32.1364       1293     5.3833     2.2970  0.000e+00
     29.368    11.5539   3.667534    32.1471       1294     5.3875     2.2977  0.000e+00
     29.336    11.5535   3.668407    32.1560       1295     5.3917     2.2980  0.000e+00
     29.308    11.5584   3.666515    32.1333       1296     5.3958     2.2986  0.000e+00
     29.267    11.5560   3.671136    32.1805       1297     5.4000     2.2980  0.000e+00
     29.225    11.5687   3.673421    32.1917       1298     5.4042     2.2985  0.000e+00
     29.182    11.5977   3.673151    32.1639       1299     5.4083     2.2993  0.000e+00
     29.128    11.6211   3.672207    32.1345       1300     5.4125     2.2999  0.000e+00
     29.081    11.6302   3.672119    32.1257       1301     5.4167     2.3017  0.000e+00
     29.032    11.6340   3.673385    32.1348       1302     5.4208     2.3022  0.000e+00
     28.972    11.6424   3.675008    32.1433       1303     5.4250     2.3037  0.000e+00
     28.918    11.6556   3.673730    32.1194       1304     5.4292     2.3043  0.000e+00
     28.864    11.6637   3.675166    32.1265       1305     5.4333     2.3075  0.000e+00
     28.804    11.6716   3.675119    32.1192       1306     5.4375     2.3094  0.000e+00
     28.739    11.6796   3.670888    32.0711       1307     5.4417     2.3116  0.000e+00
     28.670    11.6695   3.669032    32.0619       1308     5.4458     2.3137  0.000e+00
     28.601    11.6421   3.673601    32.1300       1309     5.4500     2.3154  0.000e+00
     28.526    11.6368   3.675213    32.1504       1310     5.4542     2.3166  0.000e+00
     28.455    11.6541   3.675348    32.1367       1311     5.4583     2.3163  0.000e+00
     28.375    11.6698   3.675635    32.1259       1312     5.4625     2.3186  0.000e+00
     28.298    11.6812   3.676824    32.1277       1313     5.4667     2.3196  0.000e+00
     28.222    11.6936   3.676848    32.1172       1314     5.4708     2.3197  0.000e+00
     28.146    11.7048   3.677117    32.1102       1315     5.4750     2.3215  0.000e+00
     28.075    11.7126   3.676712    32.0995       1316     5.4792     2.3222  0.000e+00
     28.001    11.7167   3.678324    32.1117       1317     5.4833     2.3239  0.000e+00
     27.931    11.7250   3.678424    32.1055       1318     5.4875     2.3249  0.000e+00
     27.871    11.7346   3.678711    32.1000       1319     5.4917     2.3274  0.000e+00
     27.817    11.7421   3.679180    32.0981       1320     5.4958     2.3285  0.000e+00
     27.763    11.7502   3.679432    32.0936       1321     5.5000     2.3302  0.000e+00
     27.714    11.7577   3.679966    32.0922       1322     5.5042     2.3315  0.000e+00
     27.669    11.7649   3.680458    32.0908       1323     5.5083     2.3324  0.000e+00
     27.643    11.7733   3.680634    32.0853       1324     5.5125     2.3328  0.000e+00
     27.616    11.7799   3.681085    32.0840       1325     5.5167     2.3354  0.000e+00
     27.598    11.7873   3.681044    32.0772       1326     5.5208     2.3342  0.000e+00
     27.587    11.7929   3.681085    32.0728       1327     5.5250     2.3363  0.000e+00
     27.571    11.7962   3.681085    32.0699       1328     5.5292     2.3369  0.000e+00
     27.555    11.7985   3.680933    32.0665       1329     5.5333     2.3393  0.000e+00
     27.533    11.7990   3.679689    32.0540       1330     5.5375     2.3395  0.000e+00
     27.510    11.7937   3.679854    32.0602       1331     5.5417     2.3428  0.000e+00
     27.484    11.7877   3.680862    32.0752       1332     5.5458     2.3450  0.000e+00
     27.444    11.7885   3.681472    32.0804       1333     5.5500     2.3457  0.000e+00
     27.390    11.7946   3.681560    32.0760       1334     5.5542     2.3463  0.000e+00
     27.334    11.7999   3.681583    32.0717       1335     5.5583     2.3483  0.000e+00
     27.273    11.8041   3.681665    32.0689       1336     5.5625     2.3489  0.000e+00
     27.208    11.8070   3.682275    32.0723       1337     5.5667     2.3501  0.000e+00
     27.135    11.8114   3.682299    32.0688       1338     5.5708     2.3506  0.000e+00
     27.061    11.8165   3.682973    32.0709       1339     5.5750     2.3502  0.000e+00
     27.001    11.8228   3.683085    32.0666       1340     5.5792     2.3502  0.000e+00
     26.945    11.8288   3.683196    32.0626       1341     5.5833     2.3515  0.000e+00
     26.896    11.8336   3.683166    32.0582       1342     5.5875     2.3544  0.000e+00
     26.840    11.8368   3.683601    32.0596       1343     5.5917     2.3545  0.000e+00
     26.795    11.8407   3.683794    32.0581       1344     5.5958     2.3558  0.000e+00
     26.739    11.8449   3.683647    32.0531       1345     5.6000     2.3577  0.000e+00
     26.687    11.8475   3.683829    32.0526       1346     5.6042     2.3576  0.000e+00
     26.625    11.8493   3.684134    32.0541       1347     5.6083     2.3601  0.000e+00
     26.566    11.8522   3.684298    32.0532       1348     5.6125     2.3602  0.000e+00
     26.500    11.8554   3.684908    32.0564       1349     5.6167     2.3618  0.000e+00
     26.435    11.8603   3.685489    32.0578       1350     5.6208     2.3636  0.000e+00
     26.359    11.8673   3.685782    32.0547       1351     5.6250     2.3650  0.000e+00
     26.289    11.8743   3.685988    32.0507       1352     5.6292     2.3656  0.000e+00
     26.220    11.8803   3.686134    32.0469       1353     5.6333     2.3676  0.000e+00
     26.151    11.8848   3.686568    32.0473       1354     5.6375     2.3691  0.000e+00
     26.084    11.8901   3.686909    32.0460       1355     5.6417     2.3699  0.000e+00
     26.028    11.8962   3.687384    32.0454       1356     5.6458     2.3706  0.000e+00
     25.980    11.9030   3.687941    32.0449       1357     5.6500     2.3725  0.000e+00
     25.936    11.9106   3.688012    32.0391       1358     5.6542     2.3725  0.000e+00
     25.900    11.9165   3.688117    32.0350       1359     5.6583     2.3740  0.000e+00
     25.873    11.9212   3.688076    32.0306       1360     5.6625     2.3747  0.000e+00
     25.844    11.9240   3.688258    32.0300       1361     5.6667     2.3756  0.000e+00
     25.828    11.9264   3.688457    32.0299       1362     5.6708     2.3773  0.000e+00
     25.802    11.9286   3.688639    32.0297       1363     5.6750     2.3792  0.000e+00
     25.779    11.9316   3.688827    32.0290       1364     5.6792     2.3807  0.000e+00
     25.752    11.9348   3.688956    32.0275       1365     5.6833     2.3811  0.000e+00
     25.717    11.9375   3.689156    32.0272       1366     5.6875     2.3831  0.000e+00
     25.681    11.9405   3.689126    32.0242       1367     5.6917     2.3844  0.000e+00
     25.649    11.9428   3.689226    32.0233       1368     5.6958     2.3842  0.000e+00
     25.609    11.9448   3.689314    32.0224       1369     5.7000     2.3867  0.000e+00
     25.567    11.9464   3.689473    32.0226       1370     5.7042     2.3871  0.000e+00
     25.533    11.9482   3.689584    32.0222       1371     5.7083     2.3885  0.000e+00
     25.497    11.9501   3.689743    32.0221       1372     5.7125     2.3888  0.000e+00
     25.452    11.9522   3.689860    32.0214       1373     5.7167     2.3904  0.000e+00
     25.406    11.9540   3.690036    32.0216       1374     5.7208     2.3912  0.000e+00
     25.368    11.9560   3.690183    32.0213       1375     5.7250     2.3930  0.000e+00
     25.318    11.9584   3.690623    32.0235       1376     5.7292     2.3952  0.000e+00
     25.267    11.9620   3.690734    32.0215       1377     5.7333     2.3952  0.000e+00
     25.209    11.9657   3.691110    32.0220       1378     5.7375     2.3964  0.000e+00
     25.146    11.9698   3.691274    32.0201       1379     5.7417     2.3955  0.000e+00
     25.081    11.9733   3.691298    32.0173       1380     5.7458     2.3976  0.000e+00
     25.012    11.9758   3.691304    32.0152       1381     5.7500     2.3973  0.000e+00
     24.938    11.9777   3.691298    32.0136       1382     5.7542     2.4000  0.000e+00
     24.867    11.9788   3.691339    32.0130       1383     5.7583     2.3995  0.000e+00
     24.801    11.9797   3.691368    32.0126       1384     5.7625     2.4003  0.000e+00
     24.739    11.9803   3.691386    32.0123       1385     5.7667     2.4004  0.000e+00
     24.679    11.9809   3.691409    32.0120       1386     5.7708     2.4008  0.000e+00
     24.625    11.9814   3.691433    32.0119       1387     5.7750     2.4006  0.000e+00
     24.576    11.9818   3.691591    32.0131       1388     5.7792     2.4009  0.000e+00
     24.529    11.9825   3.691603    32.0125       1389     5.7833     2.4032  0.000e+00
     24.489    11.9834   3.691614    32.0119       1390     5.7875     2.4037  0.000e+00
     24.450    11.9840   3.691614    32.0114       1391     5.7917     2.4040  0.000e+00
     24.408    11.9846   3.691691    32.0117       1392     5.7958     2.4049  0.000e+00
     24.370    11.9854   3.691814    32.0122       1393     5.8000     2.4052  0.000e+00
     24.327    11.9867   3.691949    32.0124       1394     5.8042     2.4051  0.000e+00
     24.283    11.9882   3.692014    32.0118       1395     5.8083     2.4063  0.000e+00
     24.245    11.9898   3.692131    32.0116       1396     5.8125     2.4071  0.000e+00
     24.195    11.9912   3.692078    32.0099       1397     5.8167     2.4059  0.000e+00
     24.146    11.9924   3.692219    32.0102       1398     5.8208     2.4077  0.000e+00
     24.094    11.9935   3.692401    32.0110       1399     5.8250     2.4058  0.000e+00
     24.047    11.9949   3.692401    32.0098       1400     5.8292     2.4072  0.000e+00
     24.005    11.9958   3.692466    32.0097       1401     5.8333     2.4054  0.000e+00
     23.956    11.9966   3.692512    32.0095       1402     5.8375     2.4057  0.000e+00
     23.916    11.9975   3.692530    32.0089       1403     5.8417     2.4056  0.000e+00
     23.866    11.9979   3.692559    32.0089       1404     5.8458     2.4059  0.000e+00
     23.828    11.9982   3.692553    32.0085       1405     5.8500     2.4069  0.000e+00
     23.783    11.9985   3.692559    32.0084       1406     5.8542     2.4082  0.000e+00
     23.734    11.9989   3.692600    32.0085       1407     5.8583     2.4086  0.000e+00
     23.692    11.9992   3.692595    32.0082       1408     5.8625     2.4085  0.000e+00
     23.643    11.9994   3.692624    32.0083       1409     5.8667     2.4095  0.000e+00
     23.598    11.9994   3.692671    32.0088       1410     5.8708     2.4094  0.000e+00
     23.549    11.9999   3.692659    32.0083       1411     5.8750     2.4095  0.000e+00
     23.502    12.0000   3.692600    32.0076       1412     5.8792     2.4093  0.000e+00
     23.455    12.0003   3.692671    32.0081       1413     5.8833     2.4101  0.000e+00
     23.410    12.0004   3.692682    32.0081       1414     5.8875     2.4091  0.000e+00
     23.361    12.0004   3.692694    32.0083       1415     5.8917     2.4107  0.000e+00
     23.323    12.0006   3.692724    32.0084       1416     5.8958     2.4105  0.000e+00
     23.285    12.0006   3.692694    32.0081       1417     5.9000     2.4105  0.000e+00
     23.249    12.0008   3.692718    32.0082       1418     5.9042     2.4089  0.000e+00
     23.208    12.0008   3.692724    32.0082       1419     5.9083     2.4102  0.000e+00
     23.172    12.0007   3.692759    32.0087       1420     5.9125     2.4103  0.000e+00
     23.132    12.0010   3.692806    32.0089       1421     5.9167     2.4089  0.000e+00
     23.090    12.0013   3.692853    32.0091       1422     5.9208     2.4094  0.000e+00
     23.040    12.0015   3.692870    32.0091       1423     5.9250     2.4092  0.000e+00
     22.996    12.0017   3.692917    32.0094       1424     5.9292     2.4096  0.000e+00
     22.942    12.0021   3.693011    32.0100       1425     5.9333     2.4093  0.000e+00
     22.888    12.0027   3.693099    32.0104       1426     5.9375     2.4105  0.000e+00
     22.837    12.0033   3.693158    32.0104       1427     5.9417     2.4104  0.000e+00
     22.785    12.0042   3.693281    32.0108       1428     5.9458     2.4093  0.000e+00
     22.739    12.0050   3.693299    32.0104       1429     5.9500     2.4081  0.000e+00
     22.691    12.0056   3.693305    32.0099       1430     5.9542     2.4101  0.000e+00
     22.645    12.0062   3.693322    32.0096       1431     5.9583     2.4095  0.000e+00
     22.607    12.0065   3.693299    32.0091       1432     5.9625     2.4103  0.000e+00
     22.562    12.0068   3.693369    32.0096       1433     5.9667     2.4109  0.000e+00
     22.526    12.0071   3.693393    32.0096       1434     5.9708     2.4110  0.000e+00
     22.477    12.0073   3.693369    32.0092       1435     5.9750     2.4111  0.000e+00
     22.436    12.0076   3.693299    32.0083       1436     5.9792     2.4094  0.000e+00
     22.387    12.0076   3.693258    32.0079       1437     5.9833     2.4098  0.000e+00
     22.341    12.0074   3.693240    32.0079       1438     5.9875     2.4089  0.000e+00
     22.282    12.0072   3.693299    32.0087       1439     5.9917     2.4085  0.000e+00
     22.233    12.0071   3.693322    32.0090       1440     5.9958     2.4085  0.000e+00
     22.179    12.0072   3.693328    32.0090       1441     6.0000     2.4098  0.000e+00
     22.132    12.0073   3.693369    32.0093       1442     6.0042     2.4098  0.000e+00
     22.092    12.0074   3.693392    32.0094       1443     6.0083     2.4094  0.000e+00
     22.045    12.0077   3.693392    32.0092       1444     6.0125     2.4098  0.000e+00
     21.994    12.0081   3.693369    32.0087       1445     6.0167     2.4103  0.000e+00
     21.955    12.0083   3.693739    32.0121       1446     6.0208     2.4104  0.000e+00
     21.909    12.0093   3.693709    32.0109       1447     6.0250     2.4114  0.000e+00
     21.862    12.0105   3.693774    32.0106       1448     6.0292     2.4114  0.000e+00
