HB2407/sbe124.cnv
* Sea-Bird SBE 19plus V2 Data File:
* FileName = C:\cruise\data\sbe124.hex
* Software Version Seasave V 7.26.7.121
* Temperature SN = 7037
* Conductivity SN = 7037
* System UpLoad Time = Nov 02 2024 09:50:18
* NMEA Latitude = 42 54.38 N
* NMEA Longitude = 067 37.01 W
* NMEA UTC (Time) = Nov 02 2024  09:49:30
** Ship: Bigelow
** Cruise:  HB2407
** Program:  Spring Bottom Trawl
# nquan = 8
# nvalues = 2256                                  
# units = specified
# name 0 = depSM: Depth [salt water, m]
# name 1 = tv290C: Temperature [ITS-90, deg C]
# name 2 = c0S/m: Conductivity [S/m]
# name 3 = sal00: Salinity, Practical [PSU]
# name 4 = scan: Scan Count
# name 5 = timeM: Time, Elapsed [minutes]
# name 6 = sbeox0V: Oxygen raw, SBE 43 [V]
# name 7 = flag:  0.000e+00
# span 0 =      0.071,    207.729                 
# span 1 =     6.7647,    13.2834                 
# span 2 =   0.187539,   3.805311                 
# span 3 =     1.2555,    34.2598                 
# span 4 =         11,       2266                 
# span 5 =     0.0417,     9.4375                 
# span 6 =     1.7733,     2.4413                 
# span 7 = 0.0000e+00, 0.0000e+00                 
# interval = seconds: 0.25
# start_time = Nov 02 2024 09:49:30 [NMEA time, header]
# bad_flag = -9.990e-29
*END*
[from data line 720]
    112.773     6.9291   3.331596    32.8514        731     3.0417     2.0289  0.000e+00
    112.958     6.9253   3.330655    32.8447        732     3.0458     2.0289  0.000e+00
    113.146     6.9137   3.329652    32.8447        733     3.0500     2.0278  0.000e+00
    113.339     6.8940   3.329720    32.8642        734     3.0542     2.0276  0.000e+00
    113.533     6.8756   3.330109    32.8859        735     3.0583     2.0264  0.000e+00
    113.727     6.8614   3.330599    32.9048        736     3.0625     2.0276  0.000e+00
    113.918     6.8488   3.330819    32.9192        737     3.0667     2.0271  0.000e+00
    114.103     6.8392   3.331242    32.9329        738     3.0708     2.0258  0.000e+00
    114.289     6.8298   3.331896    32.9490        739     3.0750     2.0263  0.000e+00
    114.466     6.8200   3.332015    32.9596        740     3.0792     2.0263  0.000e+00
    114.644     6.8119   3.332218    32.9696        741     3.0833     2.0260  0.000e+00
    114.819     6.8065   3.332770    32.9808        742     3.0875     2.0253  0.000e+00
    114.989     6.8028   3.333734    32.9948        743     3.0917     2.0253  0.000e+00
    115.165     6.8006   3.334777    33.0083        744     3.0958     2.0245  0.000e+00
    115.338     6.8006   3.337123    33.0339        745     3.1000     2.0242  0.000e+00
    115.525     6.8053   3.338855    33.0484        746     3.1042     2.0218  0.000e+00
    115.713     6.8133   3.342348    33.0790        747     3.1083     2.0224  0.000e+00
    115.917     6.8269   3.348445    33.1326        748     3.1125     2.0230  0.000e+00
    116.136     6.8520   3.347897    33.1023        749     3.1167     2.0229  0.000e+00
    116.366     6.8742   3.351314    33.1183        750     3.1208     2.0225  0.000e+00
    116.617     6.8948   3.356304    33.1530        751     3.1250     2.0226  0.000e+00
    116.890     6.9221   3.360719    33.1750        752     3.1292     2.0206  0.000e+00
    117.174     6.9541   3.363361    33.1729        753     3.1333     2.0199  0.000e+00
    117.481     6.9857   3.364882    33.1590        754     3.1375     2.0192  0.000e+00
    117.791     7.0128   3.367678    33.1633        755     3.1417     2.0189  0.000e+00
    118.107     7.0376   3.368861    33.1522        756     3.1458     2.0170  0.000e+00
    118.413     7.0592   3.371856    33.1641        757     3.1500     2.0147  0.000e+00
    118.706     7.0806   3.374206    33.1689        758     3.1542     2.0119  0.000e+00
    118.977     7.1016   3.376653    33.1753        759     3.1583     2.0081  0.000e+00
    119.220     7.1218   3.378285    33.1736        760     3.1625     2.0055  0.000e+00
    119.424     7.1411   3.380717    33.1814        761     3.1667     2.0022  0.000e+00
    119.598     7.1598   3.387045    33.2323        762     3.1708     2.0002  0.000e+00
    119.739     7.1855   3.389689    33.2363        763     3.1750     1.9942  0.000e+00
    119.844     7.2131   3.389082    33.2032        764     3.1792     1.9913  0.000e+00
    119.927     7.2321   3.390710    33.2026        765     3.1833     1.9889  0.000e+00
    120.003     7.2457   3.391567    33.1988        766     3.1875     1.9850  0.000e+00
    120.064     7.2570   3.391732    33.1897        767     3.1917     1.9815  0.000e+00
    120.137     7.2651   3.393105    33.1968        768     3.1958     1.9777  0.000e+00
    120.222     7.2724   3.393565    33.1947        769     3.2000     1.9731  0.000e+00
    120.332     7.2790   3.393662    33.1894        770     3.2042     1.9696  0.000e+00
    120.473     7.2838   3.393707    33.1852        771     3.2083     1.9657  0.000e+00
    120.650     7.2870   3.393015    33.1746        772     3.2125     1.9631  0.000e+00
    120.853     7.2882   3.393128    33.1746        773     3.2167     1.9589  0.000e+00
    121.081     7.2885   3.394054    33.1842        774     3.2208     1.9551  0.000e+00
    121.329     7.2903   3.395502    33.1981        775     3.2250     1.9515  0.000e+00
    121.598     7.2943   3.397137    33.2118        776     3.2292     1.9473  0.000e+00
    121.878     7.3007   3.398387    33.2192        777     3.2333     1.9454  0.000e+00
    122.153     7.3074   3.398631    33.2153        778     3.2375     1.9424  0.000e+00
    122.414     7.3129   3.399057    33.2145        779     3.2417     1.9395  0.000e+00
    122.662     7.3170   3.399137    33.2113        780     3.2458     1.9376  0.000e+00
    122.899     7.3199   3.399120    33.2082        781     3.2500     1.9358  0.000e+00
    123.128     7.3210   3.399222    33.2082        782     3.2542     1.9341  0.000e+00
    123.338     7.3210   3.398853    33.2040        783     3.2583     1.9331  0.000e+00
    123.537     7.3197   3.398223    33.1984        784     3.2625     1.9298  0.000e+00
    123.740     7.3155   3.397598    33.1956        785     3.2667     1.9279  0.000e+00
    123.948     7.3092   3.396729    33.1920        786     3.2708     1.9264  0.000e+00
    124.163     7.3015   3.395735    33.1885        787     3.2750     1.9246  0.000e+00
    124.385     7.2929   3.394180    33.1798        788     3.2792     1.9249  0.000e+00
    124.614     7.2808   3.392465    33.1727        789     3.2833     1.9221  0.000e+00
    124.849     7.2661   3.388090    33.1391        790     3.2875     1.9205  0.000e+00
    125.095     7.2428   3.386865    33.1481        791     3.2917     1.9191  0.000e+00
    125.346     7.2188   3.385872    33.1601        792     3.2958     1.9177  0.000e+00
    125.603     7.1978   3.386395    33.1858        793     3.3000     1.9150  0.000e+00
    125.851     7.1818   3.387473    33.2128        794     3.3042     1.9147  0.000e+00
    126.093     7.1729   3.388267    33.2299        795     3.3083     1.9127  0.000e+00
    126.326     7.1701   3.388046    33.2301        796     3.3125     1.9139  0.000e+00
    126.554     7.1694   3.391894    33.2725        797     3.3167     1.9143  0.000e+00
    126.766     7.1750   3.394954    33.3003        798     3.3208     1.9139  0.000e+00
    126.963     7.1878   3.398413    33.3256        799     3.3250     1.9160  0.000e+00
    127.144     7.2061   3.400594    33.3316        800     3.3292     1.9173  0.000e+00
    127.316     7.2265   3.404692    33.3565        801     3.3333     1.9198  0.000e+00
    127.482     7.2501   3.407904    33.3685        802     3.3375     1.9208  0.000e+00
    127.629     7.2763   3.409587    33.3615        803     3.3417     1.9232  0.000e+00
    127.771     7.3007   3.413461    33.3800        804     3.3458     1.9234  0.000e+00
    127.914     7.3249   3.415237    33.3759        805     3.3500     1.9240  0.000e+00
    128.052     7.3487   3.417024    33.3722        806     3.3542     1.9247  0.000e+00
    128.193     7.3686   3.418606    33.3702        807     3.3583     1.9256  0.000e+00
    128.332     7.3862   3.421636    33.3860        808     3.3625     1.9236  0.000e+00
    128.484     7.4038   3.422621    33.3797        809     3.3667     1.9227  0.000e+00
    128.641     7.4205   3.422815    33.3656        810     3.3708     1.9210  0.000e+00
    128.804     7.4324   3.424045    33.3675        811     3.3750     1.9193  0.000e+00
    128.974     7.4414   3.424478    33.3634        812     3.3792     1.9168  0.000e+00
    129.150     7.4487   3.425578    33.3682        813     3.3833     1.9145  0.000e+00
    129.336     7.4553   3.427077    33.3780        814     3.3875     1.9113  0.000e+00
    129.528     7.4640   3.428855    33.3888        815     3.3917     1.9087  0.000e+00
    129.720     7.4737   3.430058    33.3923        816     3.3958     1.9053  0.000e+00
    129.926     7.4836   3.432596    33.4102        817     3.4000     1.9018  0.000e+00
    130.136     7.4952   3.434723    33.4219        818     3.4042     1.9023  0.000e+00
    130.367     7.5080   3.436840    33.4323        819     3.4083     1.8995  0.000e+00
    130.606     7.5216   3.437684    33.4283        820     3.4125     1.8976  0.000e+00
    130.852     7.5336   3.439156    33.4324        821     3.4167     1.8937  0.000e+00
    131.118     7.5442   3.440269    33.4342        822     3.4208     1.8926  0.000e+00
    131.384     7.5536   3.441023    33.4332        823     3.4250     1.8917  0.000e+00
    131.664     7.5614   3.442347    33.4397        824     3.4292     1.8887  0.000e+00
    131.941     7.5686   3.443484    33.4450        825     3.4333     1.8872  0.000e+00
    132.216     7.5750   3.444112    33.4454        826     3.4375     1.8856  0.000e+00
    132.487     7.5797   3.445174    33.4522        827     3.4417     1.8830  0.000e+00
    132.733     7.5826   3.444843    33.4459        828     3.4458     1.8816  0.000e+00
    132.968     7.5840   3.445311    33.4494        829     3.4500     1.8797  0.000e+00
    133.198     7.5850   3.445671    33.4522        830     3.4542     1.8772  0.000e+00
    133.406     7.5862   3.446442    33.4593        831     3.4583     1.8763  0.000e+00
    133.598     7.5876   3.447556    33.4699        832     3.4625     1.8750  0.000e+00
    133.775     7.5898   3.450013    33.4942        833     3.4667     1.8736  0.000e+00
    133.945     7.5940   3.451242    33.5033        834     3.4708     1.8724  0.000e+00
    134.111     7.5994   3.453409    33.5214        835     3.4750     1.8710  0.000e+00
    134.274     7.6056   3.454249    33.5244        836     3.4792     1.8690  0.000e+00
    134.439     7.6117   3.454598    33.5221        837     3.4833     1.8675  0.000e+00
    134.605     7.6168   3.454844    33.5199        838     3.4875     1.8669  0.000e+00
    134.770     7.6205   3.455307    33.5212        839     3.4917     1.8656  0.000e+00
    134.945     7.6235   3.456079    33.5265        840     3.4958     1.8651  0.000e+00
    135.122     7.6268   3.456428    33.5270        841     3.5000     1.8636  0.000e+00
    135.298     7.6298   3.456451    33.5243        842     3.5042     1.8633  0.000e+00
    135.470     7.6321   3.456553    33.5231        843     3.5083     1.8622  0.000e+00
    135.645     7.6337   3.456799    33.5241        844     3.5125     1.8606  0.000e+00
    135.824     7.6349   3.457160    33.5268        845     3.5167     1.8611  0.000e+00
    136.009     7.6365   3.457160    33.5251        846     3.5208     1.8598  0.000e+00
    136.197     7.6375   3.457657    33.5294        847     3.5250     1.8590  0.000e+00
    136.396     7.6386   3.457869    33.5306        848     3.5292     1.8587  0.000e+00
    136.604     7.6396   3.457972    33.5306        849     3.5333     1.8578  0.000e+00
    136.827     7.6404   3.457995    33.5300        850     3.5375     1.8556  0.000e+00
    137.053     7.6411   3.458224    33.5317        851     3.5417     1.8557  0.000e+00
    137.283     7.6415   3.458373    33.5328        852     3.5458     1.8566  0.000e+00
    137.512     7.6418   3.458453    33.5333        853     3.5500     1.8569  0.000e+00
    137.740     7.6421   3.458579    33.5342        854     3.5542     1.8566  0.000e+00
    137.962     7.6426   3.458602    33.5339        855     3.5583     1.8567  0.000e+00
    138.165     7.6428   3.458613    33.5337        856     3.5625     1.8563  0.000e+00
    138.357     7.6428   3.458642    33.5339        857     3.5667     1.8559  0.000e+00
    138.545     7.6429   3.458722    33.5346        858     3.5708     1.8560  0.000e+00
    138.722     7.6431   3.458785    33.5350        859     3.5750     1.8559  0.000e+00
    138.885     7.6432   3.458922    33.5363        860     3.5792     1.8554  0.000e+00
    139.051     7.6434   3.459060    33.5375        861     3.5833     1.8566  0.000e+00
    139.216     7.6438   3.459226    33.5388        862     3.5875     1.8546  0.000e+00
    139.391     7.6442   3.459455    33.5408        863     3.5917     1.8543  0.000e+00
    139.583     7.6454   3.459621    33.5414        864     3.5958     1.8543  0.000e+00
    139.782     7.6465   3.459541    33.5394        865     3.6000     1.8549  0.000e+00
    139.996     7.6473   3.459912    33.5425        866     3.6042     1.8537  0.000e+00
    140.231     7.6485   3.460353    33.5460        867     3.6083     1.8543  0.000e+00
    140.482     7.6503   3.460582    33.5466        868     3.6125     1.8543  0.000e+00
    140.746     7.6525   3.461211    33.5511        869     3.6167     1.8539  0.000e+00
    141.028     7.6552   3.461629    33.5529        870     3.6208     1.8537  0.000e+00
    141.307     7.6583   3.461795    33.5515        871     3.6250     1.8537  0.000e+00
    141.580     7.6608   3.462007    33.5513        872     3.6292     1.8520  0.000e+00
    141.850     7.6634   3.462127    33.5499        873     3.6333     1.8534  0.000e+00
    142.105     7.6649   3.462253    33.5497        874     3.6375     1.8520  0.000e+00
    142.344     7.6662   3.462339    33.5493        875     3.6417     1.8513  0.000e+00
    142.562     7.6673   3.462568    33.5506        876     3.6458     1.8514  0.000e+00
    142.754     7.6682   3.462791    33.5521        877     3.6500     1.8509  0.000e+00
    142.922     7.6692   3.462820    33.5513        878     3.6542     1.8501  0.000e+00
    143.074     7.6700   3.463089    33.5534        879     3.6583     1.8500  0.000e+00
    143.212     7.6705   3.463238    33.5544        880     3.6625     1.8507  0.000e+00
    143.333     7.6709   3.463255    33.5542        881     3.6667     1.8504  0.000e+00
    143.441     7.6712   3.463364    33.5550        882     3.6708     1.8504  0.000e+00
    143.552     7.6712   3.463444    33.5558        883     3.6750     1.8498  0.000e+00
    143.671     7.6708   3.463484    33.5566        884     3.6792     1.8505  0.000e+00
    143.812     7.6701   3.463518    33.5575        885     3.6833     1.8491  0.000e+00
    143.968     7.6692   3.463570    33.5589        886     3.6875     1.8504  0.000e+00
    144.150     7.6683   3.463593    33.5599        887     3.6917     1.8494  0.000e+00
    144.358     7.6678   3.463696    33.5614        888     3.6958     1.8477  0.000e+00
    144.590     7.6676   3.463450    33.5589        889     3.7000     1.8487  0.000e+00
    144.841     7.6657   3.462735    33.5528        890     3.7042     1.8474  0.000e+00
    145.107     7.6578   3.461962    33.5520        891     3.7083     1.8480  0.000e+00
    145.388     7.6459   3.461419    33.5575        892     3.7125     1.8471  0.000e+00
    145.672     7.6345   3.460252    33.5557        893     3.7167     1.8476  0.000e+00
    145.948     7.6214   3.458467    33.5490        894     3.7208     1.8472  0.000e+00
    146.211     7.6038   3.458227    33.5633        895     3.7250     1.8469  0.000e+00
    146.466     7.5879   3.457038    33.5656        896     3.7292     1.8466  0.000e+00
    146.690     7.5730   3.456415    33.5732        897     3.7333     1.8464  0.000e+00
    146.900     7.5597   3.455432    33.5753        898     3.7375     1.8468  0.000e+00
    147.092     7.5473   3.454431    33.5764        899     3.7417     1.8485  0.000e+00
    147.264     7.5341   3.454140    33.5859        900     3.7458     1.8501  0.000e+00
    147.423     7.5230   3.453534    33.5900        901     3.7500     1.8510  0.000e+00
    147.566     7.5137   3.453145    33.5948        902     3.7542     1.8538  0.000e+00
    147.701     7.5051   3.452871    33.6001        903     3.7583     1.8556  0.000e+00
    147.843     7.4977   3.452917    33.6077        904     3.7625     1.8576  0.000e+00
    147.987     7.4917   3.453031    33.6147        905     3.7667     1.8587  0.000e+00
    148.139     7.4876   3.453226    33.6206        906     3.7708     1.8618  0.000e+00
    148.313     7.4850   3.453683    33.6280        907     3.7750     1.8646  0.000e+00
    148.506     7.4839   3.454101    33.6335        908     3.7792     1.8667  0.000e+00
