HB2407/sbe134.cnv
* Sea-Bird SBE 19plus V2 Data File:
* FileName = C:\cruise\data\sbe134.hex
* Software Version Seasave V 7.26.7.121
* Temperature SN = 7037
* Conductivity SN = 7037
* System UpLoad Time = Nov 06 2024 11:35:32
* NMEA Latitude = 43 43.88 N
* NMEA Longitude = 069 30.44 W
* NMEA UTC (Time) = Nov 06 2024  11:34:48
** Ship: Bigelow
** Cruise:  HB2407
** Program:  Spring Bottom Trawl
# nquan = 8
# nvalues = 2330                                  
# units = specified
# name 0 = depSM: Depth [salt water, m]
# name 1 = tv290C: Temperature [ITS-90, deg C]
# name 2 = c0S/m: Conductivity [S/m]
# name 3 = sal00: Salinity, Practical [PSU]
# name 4 = scan: Scan Count
# name 5 = timeM: Time, Elapsed [minutes]
# name 6 = sbeox0V: Oxygen raw, SBE 43 [V]
# name 7 = flag:  0.000e+00
# span 0 =     -0.084,    100.085                 
# span 1 =     9.1065,    13.8057                 
# span 2 =  -0.000023,   3.682371                 
# span 3 =     0.0000,    33.1391                 
# span 4 =         11,       2340                 
# span 5 =     0.0417,     9.7458                 
# span 6 =     1.8011,     2.5303                 
# span 7 = 0.0000e+00, 0.0000e+00                 
# interval = seconds: 0.25
# start_time = Nov 06 2024 11:34:48 [NMEA time, header]
# bad_flag = -9.990e-29
*END*
[from data line 720]
    100.064     9.1624   3.553408    33.1160        731     3.0417     1.8157  0.000e+00
    100.085     9.1581   3.552373    33.1092        732     3.0458     1.8158  0.000e+00
    100.056     9.1518   3.551789    33.1091        733     3.0500     1.8125  0.000e+00
     99.997     9.1440   3.551749    33.1160        734     3.0542     1.8148  0.000e+00
     99.981     9.1377   3.551790    33.1222        735     3.0583     1.8130  0.000e+00
     99.971     9.1339   3.551859    33.1265        736     3.0625     1.8125  0.000e+00
     99.959     9.1319   3.552009    33.1299        737     3.0667     1.8131  0.000e+00
     99.930     9.1313   3.552136    33.1318        738     3.0708     1.8125  0.000e+00
     99.906     9.1317   3.552310    33.1332        739     3.0750     1.8095  0.000e+00
     99.890     9.1328   3.552350    33.1326        740     3.0792     1.8093  0.000e+00
     99.883     9.1342   3.552287    33.1307        741     3.0833     1.8090  0.000e+00
     99.886     9.1350   3.552027    33.1273        742     3.0875     1.8075  0.000e+00
     99.890     9.1344   3.551489    33.1222        743     3.0917     1.8070  0.000e+00
     99.905     9.1318   3.551235    33.1220        744     3.0958     1.8062  0.000e+00
     99.924     9.1283   3.551102    33.1238        745     3.1000     1.8072  0.000e+00
     99.939     9.1249   3.550934    33.1253        746     3.1042     1.8061  0.000e+00
     99.952     9.1222   3.550865    33.1271        747     3.1083     1.8046  0.000e+00
     99.961     9.1200   3.550847    33.1289        748     3.1125     1.8064  0.000e+00
     99.953     9.1184   3.550784    33.1298        749     3.1167     1.8046  0.000e+00
     99.946     9.1173   3.550564    33.1285        750     3.1208     1.8058  0.000e+00
     99.921     9.1157   3.550524    33.1296        751     3.1250     1.8048  0.000e+00
     99.877     9.1142   3.550524    33.1310        752     3.1292     1.8058  0.000e+00
     99.825     9.1132   3.550587    33.1326        753     3.1333     1.8059  0.000e+00
     99.769     9.1127   3.550564    33.1328        754     3.1375     1.8038  0.000e+00
     99.700     9.1126   3.550460    33.1319        755     3.1417     1.8049  0.000e+00
     99.628     9.1122   3.550564    33.1334        756     3.1458     1.8035  0.000e+00
     99.552     9.1119   3.550501    33.1330        757     3.1500     1.8044  0.000e+00
     99.490     9.1119   3.550564    33.1337        758     3.1542     1.8043  0.000e+00
     99.447     9.1124   3.550524    33.1329        759     3.1583     1.8045  0.000e+00
     99.405     9.1121   3.550460    33.1325        760     3.1625     1.8036  0.000e+00
     99.373     9.1117   3.550460    33.1329        761     3.1667     1.8042  0.000e+00
     99.355     9.1116   3.550414    33.1325        762     3.1708     1.8041  0.000e+00
     99.353     9.1113   3.550373    33.1323        763     3.1750     1.8039  0.000e+00
     99.358     9.1110   3.550264    33.1315        764     3.1792     1.8048  0.000e+00
     99.364     9.1102   3.550160    33.1311        765     3.1833     1.8039  0.000e+00
     99.387     9.1091   3.550136    33.1319        766     3.1875     1.8042  0.000e+00
     99.409     9.1083   3.550073    33.1320        767     3.1917     1.8038  0.000e+00
     99.432     9.1076   3.550073    33.1327        768     3.1958     1.8029  0.000e+00
     99.456     9.1067   3.550090    33.1336        769     3.2000     1.8036  0.000e+00
     99.465     9.1065   3.550136    33.1343        770     3.2042     1.8032  0.000e+00
     99.469     9.1066   3.550200    33.1349        771     3.2083     1.8030  0.000e+00
     99.454     9.1068   3.550310    33.1358        772     3.2125     1.8021  0.000e+00
     99.425     9.1075   3.550310    33.1352        773     3.2167     1.8031  0.000e+00
     99.385     9.1082   3.550240    33.1338        774     3.2208     1.8024  0.000e+00
     99.326     9.1085   3.550287    33.1341        775     3.2250     1.8027  0.000e+00
     99.259     9.1087   3.550264    33.1337        776     3.2292     1.8016  0.000e+00
     99.188     9.1088   3.550264    33.1336        777     3.2333     1.8027  0.000e+00
     99.098     9.1088   3.550177    33.1328        778     3.2375     1.8016  0.000e+00
     99.000     9.1088   3.550287    33.1340        779     3.2417     1.8018  0.000e+00
     98.911     9.1088   3.550396    33.1351        780     3.2458     1.8019  0.000e+00
     98.825     9.1095   3.550760    33.1383        781     3.2500     1.8011  0.000e+00
     98.738     9.1113   3.550997    33.1391        782     3.2542     1.8022  0.000e+00
     98.662     9.1141   3.550974    33.1363        783     3.2583     1.8018  0.000e+00
     98.597     9.1162   3.551188    33.1366        784     3.2625     1.8016  0.000e+00
     98.546     9.1181   3.551471    33.1378        785     3.2667     1.8011  0.000e+00
     98.504     9.1208   3.551361    33.1341        786     3.2708     1.8020  0.000e+00
     98.472     9.1225   3.551575    33.1348        787     3.2750     1.8025  0.000e+00
     98.447     9.1241   3.551685    33.1345        788     3.2792     1.8025  0.000e+00
     98.438     9.1259   3.551812    33.1341        789     3.2833     1.8025  0.000e+00
     98.430     9.1277   3.551639    33.1306        790     3.2875     1.8025  0.000e+00
     98.430     9.1285   3.551621    33.1297        791     3.2917     1.8038  0.000e+00
     98.430     9.1286   3.551321    33.1266        792     3.2958     1.8023  0.000e+00
     98.427     9.1277   3.551171    33.1258        793     3.3000     1.8038  0.000e+00
     98.418     9.1262   3.551361    33.1292        794     3.3042     1.8041  0.000e+00
     98.412     9.1255   3.551489    33.1312        795     3.3083     1.8039  0.000e+00
     98.390     9.1258   3.551471    33.1307        796     3.3125     1.8045  0.000e+00
     98.365     9.1263   3.551812    33.1338        797     3.3167     1.8048  0.000e+00
     98.325     9.1278   3.552136    33.1357        798     3.3208     1.8052  0.000e+00
     98.280     9.1303   3.552049    33.1325        799     3.3250     1.8061  0.000e+00
     98.222     9.1323   3.552199    33.1323        800     3.3292     1.8058  0.000e+00
     98.161     9.1339   3.552286    33.1317        801     3.3333     1.8052  0.000e+00
     98.096     9.1357   3.552436    33.1316        802     3.3375     1.8054  0.000e+00
     98.032     9.1373   3.552760    33.1336        803     3.3417     1.8058  0.000e+00
     97.962     9.1396   3.553408    33.1382        804     3.3458     1.8050  0.000e+00
     97.893     9.1442   3.553645    33.1364        805     3.3500     1.8039  0.000e+00
     97.821     9.1491   3.553858    33.1341        806     3.3542     1.8042  0.000e+00
     97.748     9.1533   3.553795    33.1295        807     3.3583     1.8044  0.000e+00
     97.691     9.1562   3.553835    33.1273        808     3.3625     1.8050  0.000e+00
     97.633     9.1579   3.553881    33.1262        809     3.3667     1.8048  0.000e+00
     97.573     9.1594   3.553945    33.1255        810     3.3708     1.8058  0.000e+00
     97.524     9.1606   3.553534    33.1201        811     3.3750     1.8061  0.000e+00
     97.481     9.1601   3.553968    33.1252        812     3.3792     1.8061  0.000e+00
     97.441     9.1604   3.554223    33.1275        813     3.3833     1.8071  0.000e+00
     97.408     9.1622   3.554419    33.1278        814     3.3875     1.8073  0.000e+00
     97.385     9.1644   3.554419    33.1258        815     3.3917     1.8068  0.000e+00
     97.363     9.1663   3.554309    33.1230        816     3.3958     1.8074  0.000e+00
     97.343     9.1672   3.554246    33.1215        817     3.4000     1.8067  0.000e+00
     97.327     9.1671   3.553881    33.1178        818     3.4042     1.8072  0.000e+00
     97.309     9.1662   3.553835    33.1182        819     3.4083     1.8067  0.000e+00
     97.294     9.1645   3.553899    33.1204        820     3.4125     1.8068  0.000e+00
     97.282     9.1633   3.553968    33.1222        821     3.4167     1.8065  0.000e+00
     97.262     9.1631   3.554008    33.1228        822     3.4208     1.8058  0.000e+00
     97.235     9.1633   3.553945    33.1221        823     3.4250     1.8055  0.000e+00
     97.204     9.1633   3.553968    33.1223        824     3.4292     1.8062  0.000e+00
     97.155     9.1632   3.553985    33.1226        825     3.4333     1.8069  0.000e+00
     97.106     9.1633   3.553708    33.1196        826     3.4375     1.8053  0.000e+00
     97.034     9.1623   3.554269    33.1264        827     3.4417     1.8071  0.000e+00
     96.958     9.1633   3.554419    33.1270        828     3.4458     1.8070  0.000e+00
     96.868     9.1656   3.555454    33.1357        829     3.4500     1.8062  0.000e+00
     96.772     9.1701   3.555217    33.1291        830     3.4542     1.8073  0.000e+00
     96.663     9.1748   3.555818    33.1310        831     3.4583     1.8086  0.000e+00
     96.544     9.1793   3.555217    33.1207        832     3.4625     1.8096  0.000e+00
     96.435     9.1810   3.555517    33.1222        833     3.4667     1.8091  0.000e+00
     96.318     9.1820   3.556402    33.1305        834     3.4708     1.8104  0.000e+00
     96.215     9.1867   3.555968    33.1217        835     3.4750     1.8107  0.000e+00
     96.110     9.1896   3.556790    33.1276        836     3.4792     1.8110  0.000e+00
     96.028     9.1936   3.557264    33.1288        837     3.4833     1.8107  0.000e+00
     95.954     9.1994   3.557455    33.1255        838     3.4875     1.8104  0.000e+00
     95.904     9.2040   3.557628    33.1230        839     3.4917     1.8126  0.000e+00
     95.873     9.2083   3.557588    33.1186        840     3.4958     1.8116  0.000e+00
     95.853     9.2113   3.557628    33.1162        841     3.5000     1.8123  0.000e+00
     95.855     9.2130   3.557692    33.1153        842     3.5042     1.8123  0.000e+00
     95.878     9.2144   3.557674    33.1139        843     3.5083     1.8130  0.000e+00
     95.902     9.2152   3.557368    33.1100        844     3.5125     1.8121  0.000e+00
     95.932     9.2146   3.557067    33.1074        845     3.5167     1.8125  0.000e+00
     95.961     9.2128   3.557003    33.1084        846     3.5208     1.8117  0.000e+00
     95.985     9.2107   3.556853    33.1088        847     3.5250     1.8118  0.000e+00
     96.003     9.2087   3.556830    33.1104        848     3.5292     1.8110  0.000e+00
     95.999     9.2071   3.556766    33.1112        849     3.5333     1.8108  0.000e+00
     95.987     9.2058   3.556789    33.1126        850     3.5375     1.8108  0.000e+00
     95.956     9.2049   3.557050    33.1162        851     3.5417     1.8115  0.000e+00
     95.907     9.2053   3.557304    33.1185        852     3.5458     1.8111  0.000e+00
     95.831     9.2070   3.557437    33.1183        853     3.5500     1.8114  0.000e+00
     95.739     9.2091   3.557848    33.1207        854     3.5542     1.8126  0.000e+00
     95.625     9.2119   3.557952    33.1191        855     3.5583     1.8130  0.000e+00
     95.498     9.2150   3.558189    33.1188        856     3.5625     1.8130  0.000e+00
     95.353     9.2178   3.558322    33.1176        857     3.5667     1.8141  0.000e+00
     95.214     9.2204   3.558426    33.1163        858     3.5708     1.8123  0.000e+00
     95.079     9.2229   3.558640    33.1163        859     3.5750     1.8144  0.000e+00
     94.945     9.2252   3.558663    33.1145        860     3.5792     1.8139  0.000e+00
     94.831     9.2277   3.558900    33.1147        861     3.5833     1.8128  0.000e+00
     94.726     9.2300   3.558860    33.1122        862     3.5875     1.8133  0.000e+00
     94.641     9.2317   3.559160    33.1138        863     3.5917     1.8143  0.000e+00
     94.581     9.2338   3.559311    33.1134        864     3.5958     1.8166  0.000e+00
     94.554     9.2361   3.559224    33.1104        865     3.6000     1.8162  0.000e+00
     94.544     9.2376   3.559160    33.1083        866     3.6042     1.8155  0.000e+00
     94.549     9.2381   3.559074    33.1070        867     3.6083     1.8157  0.000e+00
     94.578     9.2379   3.559050    33.1069        868     3.6125     1.8164  0.000e+00
     94.619     9.2376   3.558946    33.1061        869     3.6167     1.8152  0.000e+00
     94.661     9.2369   3.558860    33.1058        870     3.6208     1.8188  0.000e+00
     94.695     9.2359   3.558750    33.1056        871     3.6250     1.8185  0.000e+00
     94.724     9.2348   3.558686    33.1059        872     3.6292     1.8160  0.000e+00
     94.739     9.2336   3.558640    33.1066        873     3.6333     1.8155  0.000e+00
     94.732     9.2326   3.558536    33.1064        874     3.6375     1.8156  0.000e+00
     94.701     9.2315   3.558449    33.1065        875     3.6417     1.8161  0.000e+00
     94.632     9.2302   3.558426    33.1076        876     3.6458     1.8155  0.000e+00
     94.520     9.2293   3.558455    33.1087        877     3.6500     1.8160  0.000e+00
     94.359     9.2290   3.559334    33.1182        878     3.6542     1.8188  0.000e+00
     94.171     9.2318   3.560173    33.1243        879     3.6583     1.8186  0.000e+00
     93.967     9.2381   3.560393    33.1209        880     3.6625     1.8174  0.000e+00
     93.750     9.2445   3.560433    33.1154        881     3.6667     1.8171  0.000e+00
     93.542     9.2493   3.560479    33.1115        882     3.6708     1.8190  0.000e+00
     93.363     9.2527   3.560479    33.1085        883     3.6750     1.8197  0.000e+00
     93.207     9.2548   3.560496    33.1068        884     3.6792     1.8197  0.000e+00
     93.081     9.2563   3.560543    33.1060        885     3.6833     1.8212  0.000e+00
     92.976     9.2572   3.560583    33.1055        886     3.6875     1.8209  0.000e+00
     92.900     9.2581   3.560606    33.1050        887     3.6917     1.8218  0.000e+00
     92.840     9.2588   3.560606    33.1044        888     3.6958     1.8220  0.000e+00
     92.806     9.2592   3.560629    33.1043        889     3.7000     1.8220  0.000e+00
     92.795     9.2597   3.560629    33.1038        890     3.7042     1.8233  0.000e+00
     92.788     9.2600   3.560647    33.1037        891     3.7083     1.8242  0.000e+00
     92.793     9.2602   3.560716    33.1042        892     3.7125     1.8230  0.000e+00
     92.798     9.2606   3.560716    33.1038        893     3.7167     1.8238  0.000e+00
     92.800     9.2610   3.560866    33.1050        894     3.7208     1.8239  0.000e+00
     92.804     9.2617   3.560884    33.1046        895     3.7250     1.8244  0.000e+00
     92.800     9.2625   3.560757    33.1025        896     3.7292     1.8248  0.000e+00
     92.791     9.2626   3.560733    33.1022        897     3.7333     1.8241  0.000e+00
     92.764     9.2624   3.560716    33.1022        898     3.7375     1.8244  0.000e+00
     92.726     9.2622   3.560693    33.1021        899     3.7417     1.8230  0.000e+00
     92.666     9.2619   3.560693    33.1025        900     3.7458     1.8239  0.000e+00
     92.590     9.2618   3.560733    33.1030        901     3.7500     1.8249  0.000e+00
     92.493     9.2618   3.561040    33.1062        902     3.7542     1.8258  0.000e+00
     92.411     9.2629   3.561254    33.1074        903     3.7583     1.8248  0.000e+00
     92.346     9.2650   3.561318    33.1062        904     3.7625     1.8248  0.000e+00
     92.292     9.2667   3.561341    33.1049        905     3.7667     1.8246  0.000e+00
     92.245     9.2680   3.561381    33.1041        906     3.7708     1.8253  0.000e+00
     92.167     9.2690   3.561578    33.1052        907     3.7750     1.8261  0.000e+00
     92.087     9.2705   3.562400    33.1124        908     3.7792     1.8261  0.000e+00
