HB2407/sbe125.cnv
* Sea-Bird SBE 19plus V2 Data File:
* FileName = C:\cruise\data\sbe125.hex
* Software Version Seasave V 7.26.7.121
* Temperature SN = 7037
* Conductivity SN = 7037
* System UpLoad Time = Nov 02 2024 13:08:55
* NMEA Latitude = 42 52.14 N
* NMEA Longitude = 067 52.21 W
* NMEA UTC (Time) = Nov 02 2024  13:08:06
** Ship: Bigelow
** Cruise:  HB2407
** Program:  Spring Bottom Trawl
# nquan = 8
# nvalues = 2893                                  
# units = specified
# name 0 = depSM: Depth [salt water, m]
# name 1 = tv290C: Temperature [ITS-90, deg C]
# name 2 = c0S/m: Conductivity [S/m]
# name 3 = sal00: Salinity, Practical [PSU]
# name 4 = scan: Scan Count
# name 5 = timeM: Time, Elapsed [minutes]
# name 6 = sbeox0V: Oxygen raw, SBE 43 [V]
# name 7 = flag:  0.000e+00
# span 0 =      0.312,    206.369                 
# span 1 =     6.6242,    13.4530                 
# span 2 =   3.310945,   3.822219                 
# span 3 =    31.3687,    34.3816                 
# span 4 =         11,       2903                 
# span 5 =     0.0417,    12.0917                 
# span 6 =     1.7562,     2.4242                 
# span 7 = 0.0000e+00, 0.0000e+00                 
# interval = seconds: 0.25
# start_time = Nov 02 2024 13:08:06 [NMEA time, header]
# bad_flag = -9.990e-29
*END*
[from data line 720]
    116.566     6.6756   3.343224    33.2212        731     3.0417     2.0180  0.000e+00
    116.806     6.6717   3.343614    33.2291        732     3.0458     2.0178  0.000e+00
    117.049     6.6673   3.343986    33.2375        733     3.0500     2.0164  0.000e+00
    117.304     6.6620   3.344179    33.2445        734     3.0542     2.0174  0.000e+00
    117.557     6.6570   3.344286    33.2505        735     3.0583     2.0163  0.000e+00
    117.810     6.6525   3.344388    33.2559        736     3.0625     2.0171  0.000e+00
    118.056     6.6484   3.344450    33.2604        737     3.0667     2.0168  0.000e+00
    118.309     6.6453   3.344529    33.2642        738     3.0708     2.0172  0.000e+00
    118.555     6.6426   3.344642    33.2679        739     3.0750     2.0171  0.000e+00
    118.787     6.6403   3.344693    33.2706        740     3.0792     2.0161  0.000e+00
    119.017     6.6387   3.344828    33.2736        741     3.0833     2.0174  0.000e+00
    119.245     6.6372   3.344992    33.2767        742     3.0875     2.0172  0.000e+00
    119.467     6.6360   3.345021    33.2781        743     3.0917     2.0168  0.000e+00
    119.679     6.6355   3.345173    33.2801        744     3.0958     2.0165  0.000e+00
    119.879     6.6349   3.345422    33.2834        745     3.1000     2.0171  0.000e+00
    120.075     6.6345   3.345738    33.2871        746     3.1042     2.0166  0.000e+00
    120.257     6.6342   3.346099    33.2913        747     3.1083     2.0177  0.000e+00
    120.431     6.6343   3.346280    33.2932        748     3.1125     2.0171  0.000e+00
    120.581     6.6346   3.346438    33.2945        749     3.1167     2.0174  0.000e+00
    120.715     6.6346   3.346557    33.2957        750     3.1208     2.0149  0.000e+00
    120.832     6.6348   3.346658    33.2966        751     3.1250     2.0148  0.000e+00
    120.930     6.6350   3.346890    33.2989        752     3.1292     2.0151  0.000e+00
    121.021     6.6350   3.347020    33.3004        753     3.1333     2.0155  0.000e+00
    121.093     6.6350   3.347059    33.3007        754     3.1375     2.0147  0.000e+00
    121.154     6.6352   3.347082    33.3008        755     3.1417     2.0158  0.000e+00
    121.223     6.6351   3.347184    33.3019        756     3.1458     2.0146  0.000e+00
    121.301     6.6354   3.347206    33.3019        757     3.1500     2.0154  0.000e+00
    121.382     6.6354   3.347223    33.3020        758     3.1542     2.0152  0.000e+00
    121.485     6.6358   3.347353    33.3030        759     3.1583     2.0159  0.000e+00
    121.603     6.6360   3.347302    33.3021        760     3.1625     2.0161  0.000e+00
    121.751     6.6363   3.347268    33.3015        761     3.1667     2.0155  0.000e+00
    121.929     6.6364   3.347319    33.3018        762     3.1708     2.0154  0.000e+00
    122.135     6.6365   3.347483    33.3034        763     3.1750     2.0156  0.000e+00
    122.365     6.6368   3.347602    33.3044        764     3.1792     2.0142  0.000e+00
    122.627     6.6376   3.347901    33.3068        765     3.1833     2.0148  0.000e+00
    122.911     6.6388   3.348805    33.3154        766     3.1875     2.0144  0.000e+00
    123.228     6.6415   3.352409    33.3524        767     3.1917     2.0149  0.000e+00
    123.559     6.6512   3.356308    33.3859        768     3.1958     2.0153  0.000e+00
    123.895     6.6697   3.363190    33.4436        769     3.2000     2.0158  0.000e+00
    124.228     6.6989   3.367112    33.4582        770     3.2042     2.0155  0.000e+00
    124.562     6.7328   3.373504    33.4954        771     3.2083     2.0163  0.000e+00
    124.879     6.7703   3.379170    33.5211        772     3.2125     2.0177  0.000e+00
    125.181     6.8121   3.378166    33.4691        773     3.2167     2.0178  0.000e+00
    125.452     6.8429   3.383041    33.4926        774     3.2208     2.0180  0.000e+00
    125.696     6.8688   3.391380    33.5588        775     3.2250     2.0172  0.000e+00
    125.912     6.9062   3.392697    33.5367        776     3.2292     2.0180  0.000e+00
    126.102     6.9398   3.393304    33.5106        777     3.2333     2.0147  0.000e+00
    126.261     6.9638   3.394939    33.5050        778     3.2375     2.0126  0.000e+00
    126.407     6.9821   3.396427    33.5035        779     3.2417     2.0094  0.000e+00
    126.525     6.9961   3.397716    33.5038        780     3.2458     2.0062  0.000e+00
    126.635     7.0075   3.397267    33.4878        781     3.2500     2.0010  0.000e+00
    126.744     7.0142   3.397386    33.4826        782     3.2542     1.9984  0.000e+00
    126.858     7.0177   3.397244    33.4776        783     3.2583     1.9923  0.000e+00
    126.973     7.0192   3.397085    33.4743        784     3.2625     1.9884  0.000e+00
    127.104     7.0195   3.396938    33.4723        785     3.2667     1.9829  0.000e+00
    127.243     7.0189   3.396756    33.4708        786     3.2708     1.9798  0.000e+00
    127.393     7.0177   3.396938    33.4739        787     3.2750     1.9760  0.000e+00
    127.558     7.0171   3.396671    33.4715        788     3.2792     1.9722  0.000e+00
    127.730     7.0164   3.396552    33.4709        789     3.2833     1.9697  0.000e+00
    127.914     7.0149   3.396410    33.4707        790     3.2875     1.9660  0.000e+00
    128.100     7.0134   3.396529    33.4733        791     3.2917     1.9646  0.000e+00
    128.294     7.0124   3.397279    33.4824        792     3.2958     1.9619  0.000e+00
    128.489     7.0129   3.398858    33.4990        793     3.3000     1.9597  0.000e+00
    128.683     7.0164   3.399529    33.5030        794     3.3042     1.9585  0.000e+00
    128.876     7.0210   3.401313    33.5178        795     3.3083     1.9569  0.000e+00
    129.072     7.0282   3.405382    33.5553        796     3.3125     1.9552  0.000e+00
    129.265     7.0416   3.406144    33.5505        797     3.3167     1.9540  0.000e+00
    129.460     7.0568   3.408009    33.5560        798     3.3208     1.9529  0.000e+00
    129.652     7.0711   3.411354    33.5786        799     3.3250     1.9527  0.000e+00
    129.840     7.0892   3.413698    33.5865        800     3.3292     1.9526  0.000e+00
    130.018     7.1081   3.415855    33.5915        801     3.3333     1.9518  0.000e+00
    130.190     7.1279   3.418741    33.6037        802     3.3375     1.9514  0.000e+00
    130.359     7.1484   3.419948    33.5969        803     3.3417     1.9519  0.000e+00
    130.513     7.1673   3.420939    33.5892        804     3.3458     1.9503  0.000e+00
    130.656     7.1829   3.422989    33.5963        805     3.3500     1.9493  0.000e+00
    130.799     7.1974   3.423473    33.5875        806     3.3542     1.9471  0.000e+00
    130.946     7.2100   3.424772    33.5893        807     3.3583     1.9465  0.000e+00
    131.099     7.2214   3.425775    33.5890        808     3.3625     1.9442  0.000e+00
    131.260     7.2319   3.426464    33.5863        809     3.3667     1.9421  0.000e+00
    131.438     7.2416   3.426584    33.5781        810     3.3708     1.9388  0.000e+00
    131.637     7.2487   3.426920    33.5748        811     3.3750     1.9361  0.000e+00
    131.859     7.2541   3.426898    33.5691        812     3.3792     1.9332  0.000e+00
    132.111     7.2579   3.427513    33.5721        813     3.3833     1.9310  0.000e+00
    132.380     7.2613   3.428608    33.5805        814     3.3875     1.9269  0.000e+00
    132.664     7.2669   3.428978    33.5790        815     3.3917     1.9254  0.000e+00
    132.961     7.2723   3.429417    33.5783        816     3.3958     1.9218  0.000e+00
    133.257     7.2773   3.431379    33.5947        817     3.4000     1.9187  0.000e+00
    133.556     7.2847   3.433860    33.6143        818     3.4042     1.9163  0.000e+00
    133.836     7.2957   3.435411    33.6204        819     3.4083     1.9133  0.000e+00
    134.098     7.3085   3.437408    33.6295        820     3.4125     1.9112  0.000e+00
    134.335     7.3223   3.438994    33.6333        821     3.4167     1.9106  0.000e+00
    134.551     7.3358   3.441026    33.6421        822     3.4208     1.9075  0.000e+00
    134.741     7.3498   3.442922    33.6490        823     3.4250     1.9056  0.000e+00
    134.903     7.3655   3.448708    33.6965        824     3.4292     1.9064  0.000e+00
    135.043     7.3880   3.454412    33.7365        825     3.4333     1.8987  0.000e+00
    135.162     7.4193   3.455744    33.7204        826     3.4375     1.8990  0.000e+00
    135.273     7.4465   3.457762    33.7158        827     3.4417     1.8977  0.000e+00
    135.372     7.4699   3.459833    33.7155        828     3.4458     1.8947  0.000e+00
    135.466     7.4898   3.462339    33.7232        829     3.4500     1.8912  0.000e+00
    135.558     7.5090   3.463529    33.7174        830     3.4542     1.8889  0.000e+00
    135.654     7.5256   3.465332    33.7207        831     3.4583     1.8851  0.000e+00
    135.757     7.5405   3.465744    33.7107        832     3.4625     1.8812  0.000e+00
    135.880     7.5519   3.466454    33.7072        833     3.4667     1.8777  0.000e+00
    136.023     7.5605   3.467376    33.7088        834     3.4708     1.8715  0.000e+00
    136.173     7.5679   3.468045    33.7088        835     3.4750     1.8666  0.000e+00
    136.350     7.5744   3.469145    33.7142        836     3.4792     1.8616  0.000e+00
    136.542     7.5805   3.471167    33.7301        837     3.4833     1.8570  0.000e+00
    136.745     7.5882   3.472232    33.7340        838     3.4875     1.8520  0.000e+00
    136.967     7.5962   3.473029    33.7347        839     3.4917     1.8448  0.000e+00
    137.191     7.6032   3.474175    33.7403        840     3.4958     1.8414  0.000e+00
    137.414     7.6102   3.476158    33.7547        841     3.5000     1.8372  0.000e+00
    137.634     7.6194   3.476656    33.7511        842     3.5042     1.8317  0.000e+00
    137.852     7.6276   3.477161    33.7484        843     3.5083     1.8279  0.000e+00
    138.060     7.6340   3.477837    33.7495        844     3.5125     1.8231  0.000e+00
    138.251     7.6396   3.477935    33.7450        845     3.5167     1.8184  0.000e+00
    138.432     7.6440   3.478485    33.7466        846     3.5208     1.8159  0.000e+00
    138.620     7.6476   3.478588    33.7441        847     3.5250     1.8114  0.000e+00
    138.798     7.6507   3.478950    33.7449        848     3.5292     1.8078  0.000e+00
    138.971     7.6533   3.479202    33.7451        849     3.5333     1.8037  0.000e+00
    139.149     7.6555   3.479557    33.7466        850     3.5375     1.8015  0.000e+00
    139.320     7.6577   3.480022    33.7495        851     3.5417     1.7991  0.000e+00
    139.501     7.6599   3.480291    33.7502        852     3.5458     1.7968  0.000e+00
    139.686     7.6619   3.480670    33.7521        853     3.5500     1.7928  0.000e+00
    139.881     7.6640   3.481008    33.7537        854     3.5542     1.7910  0.000e+00
    140.088     7.6657   3.481112    33.7530        855     3.5583     1.7881  0.000e+00
    140.301     7.6673   3.481565    33.7563        856     3.5625     1.7861  0.000e+00
    140.520     7.6690   3.481846    33.7576        857     3.5667     1.7839  0.000e+00
    140.750     7.6705   3.482098    33.7587        858     3.5708     1.7818  0.000e+00
    140.983     7.6721   3.482775    33.7644        859     3.5750     1.7802  0.000e+00
    141.223     7.6741   3.483406    33.7691        860     3.5792     1.7799  0.000e+00
    141.453     7.6765   3.483768    33.7706        861     3.5833     1.7791  0.000e+00
    141.685     7.6791   3.484187    33.7725        862     3.5875     1.7755  0.000e+00
    141.909     7.6817   3.484519    33.7734        863     3.5917     1.7751  0.000e+00
    142.122     7.6839   3.484835    33.7745        864     3.5958     1.7752  0.000e+00
    142.314     7.6859   3.485133    33.7758        865     3.6000     1.7720  0.000e+00
    142.500     7.6878   3.485466    33.7774        866     3.6042     1.7714  0.000e+00
    142.661     7.6894   3.485868    33.7801        867     3.6083     1.7707  0.000e+00
    142.819     7.6910   3.485868    33.7784        868     3.6125     1.7708  0.000e+00
    142.965     7.6924   3.486270    33.7813        869     3.6167     1.7698  0.000e+00
    143.108     7.6937   3.486459    33.7821        870     3.6208     1.7678  0.000e+00
    143.249     7.6949   3.486585    33.7822        871     3.6250     1.7677  0.000e+00
    143.398     7.6959   3.486648    33.7819        872     3.6292     1.7668  0.000e+00
    143.549     7.6967   3.486660    33.7811        873     3.6333     1.7652  0.000e+00
    143.727     7.6973   3.486878    33.7828        874     3.6375     1.7655  0.000e+00
    143.913     7.6976   3.487050    33.7842        875     3.6417     1.7652  0.000e+00
    144.110     7.6981   3.487177    33.7850        876     3.6458     1.7646  0.000e+00
    144.329     7.6988   3.487068    33.7831        877     3.6500     1.7647  0.000e+00
    144.564     7.6990   3.487521    33.7876        878     3.6542     1.7645  0.000e+00
    144.805     7.6996   3.487825    33.7903        879     3.6583     1.7647  0.000e+00
    145.046     7.7005   3.488141    33.7927        880     3.6625     1.7647  0.000e+00
    145.284     7.7019   3.488354    33.7935        881     3.6667     1.7639  0.000e+00
    145.512     7.7033   3.488589    33.7946        882     3.6708     1.7635  0.000e+00
    145.726     7.7044   3.488606    33.7936        883     3.6750     1.7645  0.000e+00
    145.919     7.7055   3.488733    33.7938        884     3.6792     1.7653  0.000e+00
    146.100     7.7064   3.488882    33.7944        885     3.6833     1.7653  0.000e+00
    146.249     7.7071   3.488945    33.7943        886     3.6875     1.7656  0.000e+00
    146.384     7.7079   3.488985    33.7940        887     3.6917     1.7657  0.000e+00
    146.511     7.7084   3.489094    33.7945        888     3.6958     1.7650  0.000e+00
    146.627     7.7089   3.489158    33.7947        889     3.7000     1.7652  0.000e+00
    146.739     7.7092   3.489221    33.7950        890     3.7042     1.7649  0.000e+00
    146.844     7.7095   3.489261    33.7951        891     3.7083     1.7661  0.000e+00
    146.959     7.7098   3.489301    33.7952        892     3.7125     1.7661  0.000e+00
    147.077     7.7103   3.489347    33.7952        893     3.7167     1.7652  0.000e+00
    147.209     7.7104   3.489427    33.7959        894     3.7208     1.7665  0.000e+00
    147.354     7.7107   3.489577    33.7971        895     3.7250     1.7667  0.000e+00
    147.491     7.7111   3.489577    33.7967        896     3.7292     1.7671  0.000e+00
    147.652     7.7112   3.489766    33.7985        897     3.7333     1.7679  0.000e+00
    147.833     7.7118   3.490335    33.8040        898     3.7375     1.7677  0.000e+00
    148.034     7.7130   3.490972    33.8096        899     3.7417     1.7675  0.000e+00
    148.244     7.7149   3.491431    33.8126        900     3.7458     1.7667  0.000e+00
    148.466     7.7171   3.491920    33.8156        901     3.7500     1.7674  0.000e+00
    148.709     7.7197   3.492339    33.8175        902     3.7542     1.7668  0.000e+00
    148.967     7.7223   3.492781    33.8196        903     3.7583     1.7665  0.000e+00
    149.237     7.7250   3.492953    33.8187        904     3.7625     1.7666  0.000e+00
    149.515     7.7272   3.493143    33.8184        905     3.7667     1.7674  0.000e+00
    149.789     7.7292   3.493608    33.8214        906     3.7708     1.7671  0.000e+00
    150.058     7.7312   3.493964    33.8231        907     3.7750     1.7668  0.000e+00
    150.322     7.7335   3.495297    33.8352        908     3.7792     1.7668  0.000e+00
