HB2407/sbe119.cnv
* Sea-Bird SBE 19plus V2 Data File:
* FileName = C:\cruise\data\sbe119.hex
* Software Version Seasave V 7.26.7.121
* Temperature SN = 7037
* Conductivity SN = 7037
* System UpLoad Time = Oct 31 2024 22:16:51
* NMEA Latitude = 42 10.60 N
* NMEA Longitude = 065 50.24 W
* NMEA UTC (Time) = Oct 31 2024  22:16:00
** Ship: Bigelow
** Cruise:  HB2407
** Program:  Spring Bottom Trawl
# nquan = 8
# nvalues = 4543                                  
# units = specified
# name 0 = depSM: Depth [salt water, m]
# name 1 = tv290C: Temperature [ITS-90, deg C]
# name 2 = c0S/m: Conductivity [S/m]
# name 3 = sal00: Salinity, Practical [PSU]
# name 4 = scan: Scan Count
# name 5 = timeM: Time, Elapsed [minutes]
# name 6 = sbeox0V: Oxygen raw, SBE 43 [V]
# name 7 = flag:  0.000e+00
# span 0 =     -0.018,    199.367                 
# span 1 =     5.7150,    14.7839                 
# span 2 =  -0.000033,   3.840824                 
# span 3 =     0.0000,    34.7818                 
# span 4 =         11,       4553                 
# span 5 =     0.0417,    18.9667                 
# span 6 =     1.8671,     2.5492                 
# span 7 = 0.0000e+00, 0.0000e+00                 
# interval = seconds: 0.25
# start_time = Oct 31 2024 22:16:00 [NMEA time, header]
# bad_flag = -9.990e-29
*END*
      0.025    14.7764   0.000020     0.0076         11     0.0417     2.5464  0.000e+00
      0.024    14.7766   0.000020     0.0076         12     0.0458     2.5470  0.000e+00
      0.027    14.7766   0.000023     0.0076         13     0.0500     2.5469  0.000e+00
      0.022    14.7769   0.000025     0.0076         14     0.0542     2.5468  0.000e+00
      0.024    14.7770   0.000025     0.0076         15     0.0583     2.5467  0.000e+00
      0.025    14.7772   0.000020     0.0076         16     0.0625     2.5472  0.000e+00
      0.018    14.7772   0.000025     0.0076         17     0.0667     2.5467  0.000e+00
      0.024    14.7773   0.000025     0.0076         18     0.0708     2.5462  0.000e+00
      0.024    14.7774   0.000020     0.0076         19     0.0750     2.5465  0.000e+00
      0.020    14.7774   0.000017     0.0077         20     0.0792     2.5463  0.000e+00
      0.022    14.7776   0.000025     0.0076         21     0.0833     2.5459  0.000e+00
      0.018    14.7778   0.000025     0.0076         22     0.0875     2.5472  0.000e+00
      0.020    14.7776   0.000025     0.0076         23     0.0917     2.5468  0.000e+00
      0.016    14.7777   0.000020     0.0076         24     0.0958     2.5463  0.000e+00
      0.018    14.7777   0.000025     0.0076         25     0.1000     2.5467  0.000e+00
      0.020    14.7779   0.000028     0.0076         26     0.1042     2.5466  0.000e+00
      0.022    14.7778   0.000025     0.0076         27     0.1083     2.5463  0.000e+00
      0.024    14.7780   0.000020     0.0076         28     0.1125     2.5470  0.000e+00
      0.024    14.7780   0.000025     0.0076         29     0.1167     2.5462  0.000e+00
      0.024    14.7781   0.000025     0.0076         30     0.1208     2.5464  0.000e+00
      0.020    14.7781   0.000020     0.0076         31     0.1250     2.5468  0.000e+00
      0.020    14.7780   0.000025     0.0076         32     0.1292     2.5470  0.000e+00
      0.020    14.7782   0.000023     0.0076         33     0.1333     2.5463  0.000e+00
      0.024    14.7782   0.000025     0.0076         34     0.1375     2.5462  0.000e+00
      0.022    14.7781   0.000025     0.0076         35     0.1417     2.5471  0.000e+00
      0.020    14.7781   0.000025     0.0076         36     0.1458     2.5467  0.000e+00
      0.020    14.7780   0.000025     0.0076         37     0.1500     2.5470  0.000e+00
      0.022    14.7781   0.000025     0.0076         38     0.1542     2.5466  0.000e+00
      0.018    14.7781   0.000023     0.0076         39     0.1583     2.5468  0.000e+00
      0.020    14.7782   0.000025     0.0076         40     0.1625     2.5473  0.000e+00
      0.020    14.7782   0.000020     0.0076         41     0.1667     2.5456  0.000e+00
      0.024    14.7782   0.000025     0.0076         42     0.1708     2.5467  0.000e+00
      0.024    14.7780   0.000020     0.0076         43     0.1750     2.5465  0.000e+00
      0.020    14.7781   0.000025     0.0076         44     0.1792     2.5475  0.000e+00
      0.015    14.7779   0.000025     0.0076         45     0.1833     2.5463  0.000e+00
      0.017    14.7779   0.000023     0.0076         46     0.1875     2.5472  0.000e+00
      0.018    14.7778   0.000025     0.0076         47     0.1917     2.5463  0.000e+00
      0.020    14.7777   0.000025     0.0076         48     0.1958     2.5463  0.000e+00
      0.024    14.7777   0.000020     0.0076         49     0.2000     2.5472  0.000e+00
      0.022    14.7776   0.000025     0.0076         50     0.2042     2.5470  0.000e+00
      0.020    14.7774   0.000025     0.0076         51     0.2083     2.5463  0.000e+00
      0.018    14.7774   0.000025     0.0076         52     0.2125     2.5465  0.000e+00
      0.018    14.7774   0.000023     0.0076         53     0.2167     2.5476  0.000e+00
      0.018    14.7775   0.000025     0.0076         54     0.2208     2.5475  0.000e+00
      0.018    14.7775   0.000025     0.0076         55     0.2250     2.5467  0.000e+00
      0.015    14.7774   0.000020     0.0076         56     0.2292     2.5476  0.000e+00
      0.016    14.7774   0.000020     0.0076         57     0.2333     2.5475  0.000e+00
      0.020    14.7772   0.000020     0.0076         58     0.2375     2.5470  0.000e+00
      0.018    14.7773   0.000023     0.0076         59     0.2417     2.5454  0.000e+00
      0.024    14.7771   0.000025     0.0076         60     0.2458     2.5480  0.000e+00
      0.020    14.7771   0.000020     0.0076         61     0.2500     2.5479  0.000e+00
      0.022    14.7772   0.000025     0.0076         62     0.2542     2.5473  0.000e+00
      0.018    14.7770   0.000025     0.0076         63     0.2583     2.5467  0.000e+00
      0.022    14.7770   0.000020     0.0076         64     0.2625     2.5485  0.000e+00
      0.026    14.7768   0.000025     0.0076         65     0.2667     2.5467  0.000e+00
      0.024    14.7767   0.000023     0.0076         66     0.2708     2.5460  0.000e+00
      0.024    14.7769   0.000020     0.0076         67     0.2750     2.5470  0.000e+00
      0.022    14.7766   0.000025     0.0076         68     0.2792     2.5468  0.000e+00
      0.026    14.7765   0.000025     0.0076         69     0.2833     2.5477  0.000e+00
      0.024    14.7763   0.000025     0.0076         70     0.2875     2.5467  0.000e+00
      0.024    14.7762   0.000025     0.0076         71     0.2917     2.5473  0.000e+00
      0.022    14.7761   0.000023     0.0076         72     0.2958     2.5473  0.000e+00
      0.018    14.7761   0.000025     0.0076         73     0.3000     2.5463  0.000e+00
      0.020    14.7759   0.000020     0.0076         74     0.3042     2.5470  0.000e+00
      0.018    14.7760   0.000020     0.0076         75     0.3083     2.5464  0.000e+00
      0.020    14.7756   0.000025     0.0076         76     0.3125     2.5480  0.000e+00
      0.020    14.7756   0.000020     0.0076         77     0.3167     2.5469  0.000e+00
      0.022    14.7756   0.000020     0.0076         78     0.3208     2.5467  0.000e+00
      0.020    14.7756   0.000023     0.0076         79     0.3250     2.5486  0.000e+00
      0.024    14.7755   0.000025     0.0076         80     0.3292     2.5478  0.000e+00
      0.025    14.7754   0.000025     0.0076         81     0.3333     2.5469  0.000e+00
      0.029    14.7752   0.000020     0.0076         82     0.3375     2.5464  0.000e+00
      0.024    14.7751   0.000020     0.0076         83     0.3417     2.5478  0.000e+00
      0.027    14.7750   0.000025     0.0076         84     0.3458     2.5478  0.000e+00
      0.027    14.7750   0.000023     0.0076         85     0.3500     2.5480  0.000e+00
      0.025    14.7750   0.000025     0.0076         86     0.3542     2.5480  0.000e+00
      0.027    14.7748   0.000025     0.0076         87     0.3583     2.5475  0.000e+00
      0.025    14.7747   0.000025     0.0076         88     0.3625     2.5472  0.000e+00
      0.029    14.7746   0.000020     0.0076         89     0.3667     2.5476  0.000e+00
      0.031    14.7744   0.000025     0.0076         90     0.3708     2.5481  0.000e+00
      0.026    14.7743   0.000031     0.0076         91     0.3750     2.5478  0.000e+00
      0.024    14.7743   0.000023     0.0076         92     0.3792     2.5475  0.000e+00
      0.029    14.7743   0.000025     0.0076         93     0.3833     2.5482  0.000e+00
      0.027    14.7741   0.000025     0.0076         94     0.3875     2.5487  0.000e+00
      0.029    14.7739   0.000020     0.0076         95     0.3917     2.5485  0.000e+00
      0.025    14.7737   0.000025     0.0076         96     0.3958     2.5478  0.000e+00
      0.018    14.7738   0.000025     0.0076         97     0.4000     2.5492  0.000e+00
      0.092    14.7735   0.000025     0.0076         98     0.4042     2.5478  0.000e+00
      0.333    14.7744   0.000033     0.0076         99     0.4083     2.5469  0.000e+00
      0.611    14.7786  -0.000001     0.0000        100     0.4125     2.5386  0.000e+00
      0.931    14.7839   0.170704     1.0914        101     0.4167     2.5344  0.000e+00
      1.228    14.7516   2.253587    17.2906        102     0.4208     2.5347  0.000e+00
      1.454    14.5639   2.678791    20.9977        103     0.4250     2.5323  0.000e+00
      1.640    14.3576   2.608567    20.5023        104     0.4292     2.5249  0.000e+00
      1.785    14.2079   2.799624    22.2440        105     0.4333     2.5173  0.000e+00
      1.915    14.1024   2.777744    22.1130        106     0.4375     2.5026  0.000e+00
      2.019    14.0249   3.280356    26.6181        107     0.4417     2.4843  0.000e+00
      2.086    13.9690   3.025018    24.3745        108     0.4458     2.4623  0.000e+00
      2.146    13.9292   3.556957    29.1878        109     0.4500     2.4410  0.000e+00
      2.213    13.8989   3.764101    31.1067        110     0.4542     2.4208  0.000e+00
      2.318    13.8763   3.828503    31.7181        111     0.4583     2.4039  0.000e+00
      2.450    13.8556   3.830494    31.7535        112     0.4625     2.3881  0.000e+00
      2.582    13.8343   3.832062    31.7855        113     0.4667     2.3743  0.000e+00
      2.721    13.8128   3.831883    31.8016        114     0.4708     2.3632  0.000e+00
      2.868    13.7947   3.834995    31.8453        115     0.4750     2.3540  0.000e+00
      3.016    13.7756   3.831323    31.8272        116     0.4792     2.3461  0.000e+00
      3.180    13.7562   3.830936    31.8396        117     0.4833     2.3407  0.000e+00
      3.356    13.7429   3.819221    31.7423        118     0.4875     2.3328  0.000e+00
      3.536    13.7352   3.831205    31.8594        119     0.4917     2.3246  0.000e+00
      3.717    13.7293   3.830710    31.8597        120     0.4958     2.3159  0.000e+00
      3.858    13.7225   3.833822    31.8942        121     0.5000     2.3098  0.000e+00
      3.950    13.7182   3.839601    31.9512        122     0.5042     2.3049  0.000e+00
      3.961    13.7162   3.837453    31.9330        123     0.5083     2.3030  0.000e+00
      3.949    13.7171   3.836845    31.9266        124     0.5125     2.2984  0.000e+00
      3.898    13.7102   3.837185    31.9356        125     0.5167     2.2935  0.000e+00
      3.873    13.6918   3.840824    31.9846        126     0.5208     2.2852  0.000e+00
      3.851    13.6711   3.839864    31.9930        127     0.5250     2.2782  0.000e+00
      3.818    13.6647   3.839649    31.9963        128     0.5292     2.2719  0.000e+00
      3.762    13.6796   3.839738    31.9848        129     0.5333     2.2640  0.000e+00
      3.705    13.6974   3.838676    31.9601        130     0.5375     2.2560  0.000e+00
      3.656    13.7144   3.836296    31.9239        131     0.5417     2.2464  0.000e+00
      3.621    13.7272   3.833870    31.8907        132     0.5458     2.2375  0.000e+00
      3.618    13.7298   3.831950    31.8708        133     0.5500     2.2284  0.000e+00
      3.623    13.7244   3.831098    31.8674        134     0.5542     2.2219  0.000e+00
      3.638    13.7160   3.831062    31.8741        135     0.5583     2.2129  0.000e+00
      3.658    13.7067   3.831342    31.8844        136     0.5625     2.2084  0.000e+00
      3.679    13.7014   3.831527    31.8905        137     0.5667     2.2084  0.000e+00
      3.694    13.6993   3.831438    31.8915        138     0.5708     2.2118  0.000e+00
      3.704    13.6980   3.831098    31.8894        139     0.5750     2.2154  0.000e+00
      3.704    13.6977   3.830937    31.8881        140     0.5792     2.2231  0.000e+00
      3.706    13.6992   3.830508    31.8829        141     0.5833     2.2291  0.000e+00
      3.701    13.7009   3.829602    31.8731        142     0.5875     2.2347  0.000e+00
      3.697    13.6996   3.828869    31.8673        143     0.5917     2.2414  0.000e+00
      3.706    13.6965   3.828440    31.8660        144     0.5958     2.2460  0.000e+00
      3.730    13.6934   3.827988    31.8643        145     0.6000     2.2517  0.000e+00
      3.780    13.6902   3.813937    31.7368        146     0.6042     2.2563  0.000e+00
      3.853    13.6861   3.824301    31.8362        147     0.6083     2.2609  0.000e+00
      3.943    13.6885   3.826457    31.8541        148     0.6125     2.2657  0.000e+00
      4.048    13.6898   3.826379    31.8523        149     0.6167     2.2695  0.000e+00
      4.158    13.6843   3.826076    31.8540        150     0.6208     2.2727  0.000e+00
      4.277    13.6787   3.826165    31.8594        151     0.6250     2.2742  0.000e+00
      4.397    13.6737   3.826195    31.8639        152     0.6292     2.2765  0.000e+00
      4.503    13.6700   3.826052    31.8656        153     0.6333     2.2789  0.000e+00
      4.601    13.6682   3.826010    31.8666        154     0.6375     2.2808  0.000e+00
      4.708    13.6663   3.825784    31.8661        155     0.6417     2.2812  0.000e+00
      4.820    13.6651   3.825486    31.8643        156     0.6458     2.2790  0.000e+00
      4.941    13.6653   3.825135    31.8608        157     0.6500     2.2745  0.000e+00
      5.075    13.6645   3.824659    31.8570        158     0.6542     2.2701  0.000e+00
      5.214    13.6639   3.824385    31.8549        159     0.6583     2.2675  0.000e+00
      5.357    13.6627   3.824188    31.8540        160     0.6625     2.2681  0.000e+00
      5.516    13.6599   3.823873    31.8533        161     0.6667     2.2683  0.000e+00
      5.675    13.6578   3.823605    31.8526        162     0.6708     2.2711  0.000e+00
      5.843    13.6560   3.823516    31.8532        163     0.6750     2.2743  0.000e+00
      6.008    13.6548   3.823444    31.8534        164     0.6792     2.2783  0.000e+00
      6.172    13.6536   3.823313    31.8531        165     0.6833     2.2809  0.000e+00
      6.335    13.6519   3.823230    31.8537        166     0.6875     2.2804  0.000e+00
      6.498    13.6502   3.823135    31.8542        167     0.6917     2.2802  0.000e+00
      6.648    13.6489   3.822950    31.8535        168     0.6958     2.2821  0.000e+00
      6.787    13.6497   3.822885    31.8522        169     0.7000     2.2835  0.000e+00
      6.919    13.6506   3.822855    31.8511        170     0.7042     2.2837  0.000e+00
      7.045    13.6508   3.822659    31.8491        171     0.7083     2.2832  0.000e+00
      7.168    13.6504   3.822593    31.8488        172     0.7125     2.2809  0.000e+00
      7.286    13.6486   3.822480    31.8492        173     0.7167     2.2751  0.000e+00
      7.403    13.6464   3.822391    31.8501        174     0.7208     2.2698  0.000e+00
      7.524    13.6443   3.822254    31.8505        175     0.7250     2.2638  0.000e+00
      7.654    13.6424   3.822105    31.8507        176     0.7292     2.2601  0.000e+00
      7.794    13.6408   3.821831    31.8495        177     0.7333     2.2563  0.000e+00
      7.936    13.6397   3.821492    31.8472        178     0.7375     2.2545  0.000e+00
      8.086    13.6382   3.821290    31.8465        179     0.7417     2.2559  0.000e+00
      8.238    13.6364   3.821141    31.8465        180     0.7458     2.2577  0.000e+00
      8.392    13.6346   3.820998    31.8467        181     0.7500     2.2599  0.000e+00
      8.546    13.6324   3.820861    31.8471        182     0.7542     2.2625  0.000e+00
      8.716    13.6308   3.820671    31.8466        183     0.7583     2.2638  0.000e+00
      8.891    13.6301   3.820260    31.8434        184     0.7625     2.2663  0.000e+00
      9.079    13.6283   3.820099    31.8433        185     0.7667     2.2679  0.000e+00
      9.271    13.6257   3.819873    31.8433        186     0.7708     2.2679  0.000e+00
      9.457    13.6238   3.819766    31.8437        187     0.7750     2.2672  0.000e+00
      9.650    13.6212   3.819540    31.8438        188     0.7792     2.2654  0.000e+00
      9.844    13.6188   3.819427    31.8446        189     0.7833     2.2644  0.000e+00
