HB2407/sbe108.cnv
* Sea-Bird SBE 19plus V2 Data File:
* FileName = C:\cruise\data\sbe108.hex
* Software Version Seasave V 7.26.7.121
* Temperature SN = 7037
* Conductivity SN = 7037
* System UpLoad Time = Oct 29 2024 11:42:33
* NMEA Latitude = 42 24.45 N
* NMEA Longitude = 067 55.49 W
* NMEA UTC (Time) = Oct 29 2024  11:41:40
** Ship: Bigelow
** Cruise:  HB2407
** Program:  Spring Bottom Trawl
# nquan = 8
# nvalues = 4060                                  
# units = specified
# name 0 = depSM: Depth [salt water, m]
# name 1 = tv290C: Temperature [ITS-90, deg C]
# name 2 = c0S/m: Conductivity [S/m]
# name 3 = sal00: Salinity, Practical [PSU]
# name 4 = scan: Scan Count
# name 5 = timeM: Time, Elapsed [minutes]
# name 6 = sbeox0V: Oxygen raw, SBE 43 [V]
# name 7 = flag:  0.000e+00
# span 0 =      0.203,    176.799                 
# span 1 =     6.5684,    13.5637                 
# span 2 =   0.000004,   3.826694                 
# span 3 =     0.0055,    34.5415                 
# span 4 =         11,       4070                 
# span 5 =     0.0417,    16.9542                 
# span 6 =     1.8093,     2.6244                 
# span 7 = 0.0000e+00, 0.0000e+00                 
# interval = seconds: 0.25
# start_time = Oct 29 2024 11:41:40 [NMEA time, header]
# bad_flag = -9.990e-29
*END*
[from data line 2338]
     92.837     6.6264   3.312265    32.9388       2349     9.7833     2.0596  0.000e+00
     92.754     6.6275   3.312158    32.9367       2350     9.7875     2.0590  0.000e+00
     92.658     6.6280   3.311911    32.9335       2351     9.7917     2.0593  0.000e+00
     92.580     6.6282   3.311635    32.9303       2352     9.7958     2.0591  0.000e+00
     92.497     6.6280   3.311472    32.9287       2353     9.8000     2.0591  0.000e+00
     92.415     6.6276   3.311349    32.9278       2354     9.8042     2.0596  0.000e+00
     92.341     6.6270   3.310758    32.9219       2355     9.8083     2.0598  0.000e+00
     92.254     6.6258   3.310123    32.9161       2356     9.8125     2.0603  0.000e+00
     92.166     6.6238   3.309252    32.9084       2357     9.8167     2.0602  0.000e+00
     92.084     6.6206   3.308504    32.9033       2358     9.8208     2.0595  0.000e+00
     91.996     6.6165   3.307464    32.8959       2359     9.8250     2.0587  0.000e+00
     91.902     6.6118   3.306857    32.8937       2360     9.8292     2.0593  0.000e+00
     91.810     6.6073   3.306076    32.8894       2361     9.8333     2.0600  0.000e+00
     91.721     6.6028   3.304834    32.8801       2362     9.8375     2.0596  0.000e+00
     91.614     6.5977   3.304205    32.8781       2363     9.8417     2.0584  0.000e+00
     91.518     6.5934   3.304149    32.8817       2364     9.8458     2.0579  0.000e+00
     91.435     6.5904   3.304025    32.8833       2365     9.8500     2.0596  0.000e+00
     91.336     6.5886   3.303969    32.8845       2366     9.8542     2.0575  0.000e+00
     91.234     6.5878   3.304025    32.8858       2367     9.8583     2.0579  0.000e+00
     91.151     6.5881   3.304048    32.8859       2368     9.8625     2.0569  0.000e+00
     91.064     6.5896   3.303868    32.8824       2369     9.8667     2.0579  0.000e+00
     90.983     6.5915   3.303817    32.8802       2370     9.8708     2.0582  0.000e+00
     90.902     6.5931   3.303817    32.8786       2371     9.8750     2.0582  0.000e+00
     90.820     6.5940   3.303694    32.8764       2372     9.8792     2.0573  0.000e+00
     90.748     6.5945   3.303593    32.8748       2373     9.8833     2.0578  0.000e+00
     90.661     6.5949   3.303508    32.8736       2374     9.8875     2.0603  0.000e+00
     90.592     6.5950   3.303334    32.8716       2375     9.8917     2.0584  0.000e+00
     90.515     6.5950   3.303177    32.8699       2376     9.8958     2.0603  0.000e+00
     90.439     6.5951   3.303070    32.8687       2377     9.9000     2.0605  0.000e+00
     90.370     6.5954   3.303019    32.8678       2378     9.9042     2.0603  0.000e+00
     90.290     6.5959   3.302969    32.8669       2379     9.9083     2.0603  0.000e+00
     90.214     6.5963   3.302969    32.8665       2380     9.9125     2.0607  0.000e+00
     90.129     6.5970   3.302997    32.8662       2381     9.9167     2.0602  0.000e+00
     90.048     6.5982   3.302991    32.8651       2382     9.9208     2.0605  0.000e+00
     89.970     6.5996   3.302907    32.8627       2383     9.9250     2.0606  0.000e+00
     89.885     6.6015   3.302879    32.8607       2384     9.9292     2.0610  0.000e+00
     89.802     6.6035   3.302862    32.8586       2385     9.9333     2.0607  0.000e+00
     89.726     6.6050   3.302862    32.8572       2386     9.9375     2.0607  0.000e+00
     89.641     6.6062   3.302822    32.8557       2387     9.9417     2.0620  0.000e+00
     89.560     6.6068   3.302822    32.8551       2388     9.9458     2.0629  0.000e+00
     89.480     6.6073   3.302800    32.8544       2389     9.9500     2.0621  0.000e+00
     89.410     6.6077   3.302800    32.8541       2390     9.9542     2.0630  0.000e+00
     89.337     6.6081   3.302783    32.8536       2391     9.9583     2.0635  0.000e+00
     89.261     6.6085   3.302783    32.8532       2392     9.9625     2.0629  0.000e+00
     89.184     6.6087   3.302800    32.8532       2393     9.9667     2.0635  0.000e+00
     89.111     6.6094   3.302822    32.8528       2394     9.9708     2.0624  0.000e+00
     89.028     6.6108   3.302822    32.8516       2395     9.9750     2.0630  0.000e+00
     88.954     6.6127   3.302783    32.8493       2396     9.9792     2.0636  0.000e+00
     88.865     6.6159   3.302800    32.8465       2397     9.9833     2.0641  0.000e+00
     88.775     6.6194   3.302845    32.8437       2398     9.9875     2.0642  0.000e+00
     88.688     6.6230   3.302917    32.8411       2399     9.9917     2.0636  0.000e+00
     88.596     6.6265   3.302968    32.8383       2400     9.9958     2.0641  0.000e+00
     88.504     6.6292   3.303052    32.8367       2401    10.0000     2.0649  0.000e+00
     88.409     6.6317   3.303035    32.8342       2402    10.0042     2.0641  0.000e+00
     88.303     6.6356   3.303260    32.8329       2403    10.0083     2.0652  0.000e+00
     88.223     6.6405   3.303400    32.8298       2404    10.0125     2.0660  0.000e+00
     88.122     6.6455   3.303513    32.8263       2405    10.0167     2.0655  0.000e+00
     88.040     6.6508   3.303670    32.8230       2406    10.0208     2.0672  0.000e+00
     87.957     6.6561   3.303838    32.8198       2407    10.0250     2.0679  0.000e+00
     87.883     6.6609   3.303984    32.8169       2408    10.0292     2.0680  0.000e+00
     87.796     6.6654   3.304108    32.8139       2409    10.0333     2.0680  0.000e+00
     87.724     6.6696   3.304231    32.8113       2410    10.0375     2.0681  0.000e+00
     87.657     6.6737   3.304321    32.8084       2411    10.0417     2.0685  0.000e+00
     87.596     6.6774   3.304416    32.8060       2412    10.0458     2.0695  0.000e+00
     87.530     6.6805   3.304439    32.8033       2413    10.0500     2.0706  0.000e+00
     87.467     6.6832   3.304501    32.8014       2414    10.0542     2.0688  0.000e+00
     87.402     6.6850   3.304540    32.8001       2415    10.0583     2.0698  0.000e+00
     87.346     6.6867   3.304540    32.7985       2416    10.0625     2.0687  0.000e+00
     87.283     6.6879   3.304579    32.7979       2417    10.0667     2.0689  0.000e+00
     87.225     6.6889   3.304585    32.7970       2418    10.0708     2.0698  0.000e+00
     87.160     6.6897   3.304602    32.7964       2419    10.0750     2.0682  0.000e+00
     87.089     6.6905   3.304641    32.7961       2420    10.0792     2.0682  0.000e+00
     87.028     6.6912   3.304663    32.7957       2421    10.0833     2.0681  0.000e+00
     86.961     6.6919   3.304663    32.7951       2422    10.0875     2.0684  0.000e+00
     86.888     6.6927   3.304658    32.7943       2423    10.0917     2.0683  0.000e+00
     86.820     6.6930   3.304646    32.7939       2424    10.0958     2.0682  0.000e+00
     86.742     6.6935   3.304663    32.7937       2425    10.1000     2.0684  0.000e+00
     86.668     6.6939   3.304680    32.7935       2426    10.1042     2.0691  0.000e+00
     86.601     6.6944   3.304686    32.7931       2427    10.1083     2.0687  0.000e+00
     86.534     6.6948   3.304725    32.7932       2428    10.1125     2.0697  0.000e+00
     86.461     6.6955   3.304736    32.7927       2429    10.1167     2.0703  0.000e+00
     86.387     6.6961   3.304787    32.7927       2430    10.1208     2.0697  0.000e+00
     86.317     6.6971   3.304854    32.7926       2431    10.1250     2.0700  0.000e+00
     86.248     6.6981   3.304877    32.7919       2432    10.1292     2.0682  0.000e+00
     86.165     6.6995   3.304933    32.7912       2433    10.1333     2.0681  0.000e+00
     86.091     6.7007   3.304978    32.7905       2434    10.1375     2.0674  0.000e+00
     86.009     6.7022   3.305034    32.7898       2435    10.1417     2.0692  0.000e+00
     85.930     6.7039   3.305118    32.7892       2436    10.1458     2.0680  0.000e+00
     85.847     6.7058   3.305286    32.7892       2437    10.1500     2.0677  0.000e+00
     85.758     6.7082   3.305449    32.7887       2438    10.1542     2.0676  0.000e+00
     85.671     6.7115   3.305702    32.7884       2439    10.1583     2.0694  0.000e+00
     85.588     6.7165   3.305865    32.7854       2440    10.1625     2.0684  0.000e+00
     85.501     6.7224   3.305944    32.7807       2441    10.1667     2.0681  0.000e+00
     85.418     6.7274   3.306033    32.7770       2442    10.1708     2.0679  0.000e+00
     85.340     6.7312   3.306095    32.7740       2443    10.1750     2.0684  0.000e+00
     85.274     6.7344   3.306202    32.7722       2444    10.1792     2.0675  0.000e+00
     85.194     6.7373   3.306488    32.7726       2445    10.1833     2.0671  0.000e+00
     85.131     6.7404   3.306657    32.7715       2446    10.1875     2.0676  0.000e+00
     85.056     6.7436   3.306657    32.7685       2447    10.1917     2.0675  0.000e+00
     84.997     6.7465   3.306719    32.7665       2448    10.1958     2.0687  0.000e+00
     84.935     6.7483   3.306752    32.7651       2449    10.2000     2.0681  0.000e+00
     84.879     6.7498   3.306758    32.7638       2450    10.2042     2.0671  0.000e+00
     84.812     6.7507   3.306719    32.7625       2451    10.2083     2.0669  0.000e+00
     84.754     6.7510   3.306696    32.7620       2452    10.2125     2.0669  0.000e+00
     84.694     6.7511   3.306758    32.7626       2453    10.2167     2.0665  0.000e+00
     84.647     6.7513   3.306797    32.7629       2454    10.2208     2.0663  0.000e+00
     84.591     6.7520   3.306837    32.7627       2455    10.2250     2.0668  0.000e+00
     84.539     6.7525   3.306859    32.7625       2456    10.2292     2.0668  0.000e+00
     84.481     6.7531   3.306859    32.7619       2457    10.2333     2.0681  0.000e+00
     84.430     6.7537   3.306915    32.7620       2458    10.2375     2.0670  0.000e+00
     84.367     6.7544   3.306966    32.7619       2459    10.2417     2.0678  0.000e+00
     84.309     6.7553   3.306966    32.7611       2460    10.2458     2.0684  0.000e+00
     84.246     6.7561   3.306954    32.7602       2461    10.2500     2.0684  0.000e+00
     84.184     6.7566   3.307027    32.7606       2462    10.2542     2.0694  0.000e+00
     84.116     6.7572   3.307050    32.7603       2463    10.2583     2.0690  0.000e+00
     84.049     6.7586   3.307033    32.7588       2464    10.2625     2.0702  0.000e+00
     83.987     6.7599   3.306943    32.7566       2465    10.2667     2.0695  0.000e+00
     83.917     6.7608   3.306920    32.7555       2466    10.2708     2.0697  0.000e+00
     83.850     6.7618   3.306915    32.7546       2467    10.2750     2.0700  0.000e+00
     83.788     6.7624   3.306943    32.7543       2468    10.2792     2.0693  0.000e+00
     83.720     6.7633   3.306943    32.7535       2469    10.2833     2.0694  0.000e+00
     83.651     6.7639   3.306932    32.7528       2470    10.2875     2.0687  0.000e+00
     83.584     6.7643   3.307005    32.7533       2471    10.2917     2.0700  0.000e+00
     83.521     6.7650   3.307089    32.7536       2472    10.2958     2.0674  0.000e+00
     83.454     6.7665   3.306971    32.7508       2473    10.3000     2.0665  0.000e+00
     83.380     6.7683   3.306920    32.7486       2474    10.3042     2.0658  0.000e+00
     83.320     6.7698   3.306965    32.7477       2475    10.3083     2.0648  0.000e+00
     83.257     6.7710   3.306931    32.7462       2476    10.3125     2.0637  0.000e+00
     83.188     6.7724   3.306943    32.7451       2477    10.3167     2.0625  0.000e+00
     83.125     6.7737   3.306993    32.7444       2478    10.3208     2.0607  0.000e+00
     83.056     6.7752   3.306965    32.7427       2479    10.3250     2.0602  0.000e+00
     82.992     6.7765   3.306987    32.7417       2480    10.3292     2.0600  0.000e+00
     82.924     6.7775   3.307010    32.7411       2481    10.3333     2.0581  0.000e+00
     82.862     6.7786   3.307027    32.7403       2482    10.3375     2.0567  0.000e+00
     82.795     6.7800   3.307089    32.7396       2483    10.3417     2.0549  0.000e+00
     82.734     6.7815   3.307111    32.7384       2484    10.3458     2.0527  0.000e+00
     82.670     6.7831   3.307111    32.7370       2485    10.3500     2.0514  0.000e+00
     82.609     6.7848   3.307049    32.7347       2486    10.3542     2.0506  0.000e+00
     82.549     6.7862   3.306914    32.7318       2487    10.3583     2.0491  0.000e+00
     82.473     6.7873   3.306920    32.7310       2488    10.3625     2.0476  0.000e+00
     82.423     6.7879   3.306880    32.7300       2489    10.3667     2.0476  0.000e+00
     82.359     6.7883   3.306734    32.7280       2490    10.3708     2.0473  0.000e+00
     82.291     6.7890   3.306363    32.7233       2491    10.3750     2.0479  0.000e+00
     82.236     6.7892   3.305886    32.7179       2492    10.3792     2.0489  0.000e+00
     82.159     6.7887   3.305784    32.7172       2493    10.3833     2.0481  0.000e+00
     82.106     6.7879   3.305655    32.7166       2494    10.3875     2.0479  0.000e+00
     82.050     6.7874   3.305515    32.7156       2495    10.3917     2.0481  0.000e+00
     81.996     6.7865   3.305307    32.7142       2496    10.3958     2.0480  0.000e+00
     81.943     6.7856   3.305161    32.7135       2497    10.4000     2.0464  0.000e+00
     81.882     6.7849   3.304784    32.7100       2498    10.4042     2.0449  0.000e+00
     81.840     6.7846   3.304796    32.7105       2499    10.4083     2.0428  0.000e+00
     81.797     6.7842   3.304599    32.7088       2500    10.4125     2.0408  0.000e+00
     81.744     6.7838   3.304498    32.7080       2501    10.4167     2.0369  0.000e+00
     81.697     6.7836   3.303981    32.7026       2502    10.4208     2.0333  0.000e+00
     81.656     6.7833   3.303711    32.7000       2503    10.4250     2.0281  0.000e+00
     81.609     6.7831   3.303666    32.6996       2504    10.4292     2.0232  0.000e+00
     81.569     6.7828   3.303627    32.6995       2505    10.4333     2.0194  0.000e+00
     81.509     6.7829   3.303543    32.6985       2506    10.4375     2.0149  0.000e+00
     81.455     6.7828   3.303503    32.6982       2507    10.4417     2.0099  0.000e+00
     81.406     6.7830   3.303430    32.6973       2508    10.4458     2.0047  0.000e+00
     81.350     6.7832   3.303419    32.6970       2509    10.4500     2.0009  0.000e+00
     81.287     6.7838   3.303441    32.6967       2510    10.4542     1.9962  0.000e+00
     81.229     6.7843   3.303509    32.6970       2511    10.4583     1.9926  0.000e+00
     81.164     6.7850   3.303542    32.6967       2512    10.4625     1.9877  0.000e+00
     81.095     6.7855   3.303565    32.6965       2513    10.4667     1.9830  0.000e+00
     81.032     6.7859   3.303526    32.6957       2514    10.4708     1.9803  0.000e+00
     80.956     6.7862   3.303587    32.6962       2515    10.4750     1.9770  0.000e+00
     80.885     6.7866   3.303688    32.6969       2516    10.4792     1.9745  0.000e+00
     80.829     6.7871   3.303688    32.6964       2517    10.4833     1.9720  0.000e+00
     80.751     6.7877   3.303688    32.6959       2518    10.4875     1.9687  0.000e+00
     80.688     6.7881   3.303711    32.6958       2519    10.4917     1.9678  0.000e+00
     80.619     6.7886   3.303705    32.6953       2520    10.4958     1.9658  0.000e+00
     80.554     6.7890   3.303728    32.6952       2521    10.5000     1.9643  0.000e+00
     80.482     6.7895   3.303728    32.6948       2522    10.5042     1.9632  0.000e+00
     80.415     6.7899   3.303666    32.6938       2523    10.5083     1.9620  0.000e+00
     80.343     6.7903   3.303666    32.6934       2524    10.5125     1.9590  0.000e+00
     80.290     6.7907   3.303649    32.6928       2525    10.5167     1.9596  0.000e+00
     80.220     6.7908   3.303688    32.6932       2526    10.5208     1.9586  0.000e+00
