HB2407/sbe135.cnv
* Sea-Bird SBE 19plus V2 Data File:
* FileName = C:\cruise\data\sbe135.hex
* Software Version Seasave V 7.26.7.121
* Temperature SN = 7037
* Conductivity SN = 7037
* System UpLoad Time = Nov 06 2024 19:27:27
* NMEA Latitude = 43 29.12 N
* NMEA Longitude = 069 45.58 W
* NMEA UTC (Time) = Nov 06 2024  19:26:43
** Ship: Bigelow
** Cruise:  HB2407
** Program:  Spring Bottom Trawl
# nquan = 8
# nvalues = 2800                                  
# units = specified
# name 0 = depSM: Depth [salt water, m]
# name 1 = tv290C: Temperature [ITS-90, deg C]
# name 2 = c0S/m: Conductivity [S/m]
# name 3 = sal00: Salinity, Practical [PSU]
# name 4 = scan: Scan Count
# name 5 = timeM: Time, Elapsed [minutes]
# name 6 = sbeox0V: Oxygen raw, SBE 43 [V]
# name 7 = flag:  0.000e+00
# span 0 =     -0.129,    127.003                 
# span 1 =     8.2389,    15.3964                 
# span 2 =  -0.000033,   3.845119                 
# span 3 =     0.0000,    33.3010                 
# span 4 =         11,       2810                 
# span 5 =     0.0417,    11.7042                 
# span 6 =     1.7568,     2.5084                 
# span 7 = 0.0000e+00, 0.0000e+00                 
# interval = seconds: 0.25
# start_time = Nov 06 2024 19:26:43 [NMEA time, header]
# bad_flag = -9.990e-29
*END*
[from data line 540]
     67.628     9.8617   3.594954    32.9136        551     2.2917     2.0647  0.000e+00
     67.797     9.8600   3.594763    32.9132        552     2.2958     2.0629  0.000e+00
     67.959     9.8581   3.594542    32.9126        553     2.3000     2.0622  0.000e+00
     68.118     9.8558   3.594542    32.9146        554     2.3042     2.0619  0.000e+00
     68.277     9.8536   3.594455    32.9156        555     2.3083     2.0608  0.000e+00
     68.433     9.8517   3.594130    32.9140        556     2.3125     2.0599  0.000e+00
     68.590     9.8489   3.593822    32.9133        557     2.3167     2.0596  0.000e+00
     68.760     9.8449   3.593648    32.9151        558     2.3208     2.0586  0.000e+00
     68.939     9.8407   3.593735    32.9198        559     2.3250     2.0568  0.000e+00
     69.118     9.8373   3.593643    32.9219        560     2.3292     2.0569  0.000e+00
     69.312     9.8344   3.593126    32.9192        561     2.3333     2.0553  0.000e+00
     69.512     9.8296   3.592801    32.9202        562     2.3375     2.0548  0.000e+00
     69.720     9.8236   3.592383    32.9213        563     2.3417     2.0550  0.000e+00
     69.932     9.8171   3.591907    32.9222        564     2.3458     2.0533  0.000e+00
     70.143     9.8096   3.591471    32.9246        565     2.3500     2.0534  0.000e+00
     70.353     9.8015   3.590902    32.9261        566     2.3542     2.0524  0.000e+00
     70.556     9.7923   3.590531    32.9306        567     2.3583     2.0514  0.000e+00
     70.747     9.7831   3.590229    32.9359        568     2.3625     2.0508  0.000e+00
     70.916     9.7748   3.589469    32.9356        569     2.3667     2.0504  0.000e+00
     71.069     9.7650   3.588180    32.9313        570     2.3708     2.0493  0.000e+00
     71.212     9.7507   3.587501    32.9374        571     2.3750     2.0496  0.000e+00
     71.342     9.7346   3.586701    32.9440        572     2.3792     2.0482  0.000e+00
     71.449     9.7203   3.585633    32.9461        573     2.3833     2.0469  0.000e+00
     71.557     9.7039   3.585175    32.9564        574     2.3875     2.0450  0.000e+00
     71.673     9.6890   3.583933    32.9573        575     2.3917     2.0437  0.000e+00
     71.789     9.6726   3.582779    32.9605        576     2.3958     2.0413  0.000e+00
     71.919     9.6544   3.582304    32.9722        577     2.4000     2.0395  0.000e+00
     72.058     9.6376   3.582066    32.9852        578     2.4042     2.0378  0.000e+00
     72.214     9.6244   3.581672    32.9932        579     2.4083     2.0358  0.000e+00
     72.380     9.6134   3.581782    33.0044        580     2.4125     2.0324  0.000e+00
     72.559     9.6057   3.581765    33.0112        581     2.4167     2.0302  0.000e+00
     72.760     9.6011   3.581545    33.0130        582     2.4208     2.0283  0.000e+00
     72.968     9.5973   3.581324    33.0142        583     2.4250     2.0260  0.000e+00
     73.178     9.5934   3.581237    33.0167        584     2.4292     2.0230  0.000e+00
     73.402     9.5901   3.581325    33.0206        585     2.4333     2.0199  0.000e+00
     73.635     9.5879   3.581220    33.0214        586     2.4375     2.0176  0.000e+00
     73.865     9.5860   3.581174    33.0226        587     2.4417     2.0160  0.000e+00
     74.091     9.5845   3.581238    33.0245        588     2.4458     2.0135  0.000e+00
     74.311     9.5837   3.580849    33.0212        589     2.4500     2.0120  0.000e+00
     74.530     9.5819   3.580739    33.0216        590     2.4542     2.0096  0.000e+00
     74.727     9.5797   3.580525    33.0214        591     2.4583     2.0076  0.000e+00
     74.912     9.5774   3.580415    33.0223        592     2.4625     2.0060  0.000e+00
     75.085     9.5751   3.580194    33.0221        593     2.4667     2.0047  0.000e+00
     75.246     9.5723   3.580125    33.0239        594     2.4708     2.0026  0.000e+00
     75.405     9.5697   3.580264    33.0276        595     2.4750     1.9998  0.000e+00
     75.550     9.5683   3.580438    33.0306        596     2.4792     1.9973  0.000e+00
     75.696     9.5681   3.580177    33.0280        597     2.4833     1.9976  0.000e+00
     75.837     9.5675   3.579893    33.0256        598     2.4875     1.9969  0.000e+00
     75.971     9.5658   3.579742    33.0256        599     2.4917     1.9932  0.000e+00
     76.105     9.5635   3.579482    33.0250        600     2.4958     1.9957  0.000e+00
     76.241     9.5607   3.579458    33.0273        601     2.5000     1.9940  0.000e+00
     76.378     9.5581   3.579111    33.0260        602     2.5042     1.9944  0.000e+00
     76.515     9.5546   3.578548    33.0234        603     2.5083     1.9914  0.000e+00
     76.656     9.5497   3.578398    33.0263        604     2.5125     1.9903  0.000e+00
     76.805     9.5448   3.578375    33.0305        605     2.5167     1.9898  0.000e+00
     76.966     9.5409   3.577980    33.0300        606     2.5208     1.9875  0.000e+00
     77.128     9.5369   3.577853    33.0323        607     2.5250     1.9859  0.000e+00
     77.302     9.5330   3.577841    33.0357        608     2.5292     1.9849  0.000e+00
     77.479     9.5302   3.577633    33.0360        609     2.5333     1.9831  0.000e+00
     77.667     9.5273   3.577546    33.0378        610     2.5375     1.9831  0.000e+00
     77.861     9.5248   3.577529    33.0398        611     2.5417     1.9824  0.000e+00
     78.056     9.5227   3.577047    33.0367        612     2.5458     1.9811  0.000e+00
     78.248     9.5189   3.576572    33.0352        613     2.5500     1.9801  0.000e+00
     78.443     9.5144   3.576445    33.0380        614     2.5542     1.9801  0.000e+00
     78.642     9.5096   3.576161    33.0394        615     2.5583     1.9777  0.000e+00
     78.837     9.5050   3.575941    33.0412        616     2.5625     1.9766  0.000e+00
     79.027     9.5006   3.575355    33.0392        617     2.5667     1.9762  0.000e+00
     79.211     9.4955   3.575205    33.0423        618     2.5708     1.9747  0.000e+00
     79.401     9.4900   3.574556    33.0406        619     2.5750     1.9733  0.000e+00
     79.584     9.4833   3.573408    33.0348        620     2.5792     1.9720  0.000e+00
     79.768     9.4741   3.572777    33.0368        621     2.5833     1.9706  0.000e+00
     79.947     9.4635   3.572429    33.0429        622     2.5875     1.9684  0.000e+00
     80.126     9.4533   3.572517    33.0531        623     2.5917     1.9667  0.000e+00
     80.304     9.4464   3.571283    33.0467        624     2.5958     1.9648  0.000e+00
     80.475     9.4381   3.570958    33.0510        625     2.6000     1.9613  0.000e+00
     80.649     9.4292   3.570501    33.0544        626     2.6042     1.9592  0.000e+00
     80.815     9.4213   3.569852    33.0549        627     2.6083     1.9565  0.000e+00
     80.980     9.4129   3.569180    33.0557        628     2.6125     1.9546  0.000e+00
     81.139     9.4040   3.568989    33.0618        629     2.6167     1.9522  0.000e+00
     81.296     9.3964   3.568943    33.0683        630     2.6208     1.9491  0.000e+00
     81.454     9.3910   3.568555    33.0693        631     2.6250     1.9461  0.000e+00
     81.609     9.3859   3.568532    33.0737        632     2.6292     1.9438  0.000e+00
     81.770     9.3816   3.568104    33.0732        633     2.6333     1.9404  0.000e+00
     81.927     9.3777   3.567774    33.0733        634     2.6375     1.9385  0.000e+00
     82.088     9.3734   3.567583    33.0752        635     2.6417     1.9357  0.000e+00
     82.249     9.3693   3.567235    33.0753        636     2.6458     1.9333  0.000e+00
     82.412     9.3649   3.566627    33.0730        637     2.6500     1.9326  0.000e+00
     82.578     9.3596   3.566025    33.0717        638     2.6542     1.9302  0.000e+00
     82.741     9.3531   3.565724    33.0745        639     2.6583     1.9289  0.000e+00
     82.902     9.3467   3.565464    33.0777        640     2.6625     1.9278  0.000e+00
     83.068     9.3409   3.564752    33.0756        641     2.6667     1.9264  0.000e+00
     83.235     9.3344   3.564445    33.0784        642     2.6708     1.9244  0.000e+00
     83.403     9.3279   3.564532    33.0853        643     2.6750     1.9233  0.000e+00
     83.575     9.3234   3.564752    33.0916        644     2.6792     1.9212  0.000e+00
     83.745     9.3216   3.564665    33.0923        645     2.6833     1.9202  0.000e+00
     83.918     9.3200   3.563971    33.0865        646     2.6875     1.9189  0.000e+00
     84.103     9.3169   3.563797    33.0875        647     2.6917     1.9189  0.000e+00
     84.287     9.3131   3.563971    33.0927        648     2.6958     1.9181  0.000e+00
     84.479     9.3106   3.563647    33.0916        649     2.7000     1.9169  0.000e+00
     84.670     9.3080   3.563363    33.0910        650     2.7042     1.9160  0.000e+00
     84.869     9.3050   3.563086    33.0908        651     2.7083     1.9149  0.000e+00
     85.068     9.3014   3.563063    33.0938        652     2.7125     1.9142  0.000e+00
     85.260     9.2985   3.562849    33.0942        653     2.7167     1.9131  0.000e+00
     85.446     9.2959   3.562611    33.0941        654     2.7208     1.9112  0.000e+00
     85.627     9.2932   3.562310    33.0934        655     2.7250     1.9111  0.000e+00
     85.797     9.2900   3.562287    33.0960        656     2.7292     1.9103  0.000e+00
     85.947     9.2874   3.562178    33.0972        657     2.7333     1.9086  0.000e+00
     86.084     9.2856   3.562027    33.0973        658     2.7375     1.9074  0.000e+00
     86.207     9.2836   3.561940    33.0982        659     2.7417     1.9063  0.000e+00
     86.329     9.2818   3.561917    33.0996        660     2.7458     1.9064  0.000e+00
     86.448     9.2803   3.561767    33.0994        661     2.7500     1.9059  0.000e+00
     86.582     9.2789   3.561703    33.0999        662     2.7542     1.9056  0.000e+00
     86.719     9.2775   3.561512    33.0992        663     2.7583     1.9053  0.000e+00
     86.869     9.2756   3.561443    33.1002        664     2.7625     1.9061  0.000e+00
     87.027     9.2741   3.561379    33.1009        665     2.7667     1.9044  0.000e+00
     87.200     9.2725   3.561038    33.0988        666     2.7708     1.9057  0.000e+00
     87.379     9.2703   3.560841    33.0986        667     2.7750     1.9040  0.000e+00
     87.573     9.2677   3.560477    33.0972        668     2.7792     1.9036  0.000e+00
     87.773     9.2640   3.560084    33.0965        669     2.7833     1.9060  0.000e+00
     87.976     9.2595   3.559893    33.0985        670     2.7875     1.9037  0.000e+00
     88.200     9.2554   3.559742    33.1007        671     2.7917     1.9028  0.000e+00
     88.415     9.2517   3.559436    33.1009        672     2.7958     1.8989  0.000e+00
     88.638     9.2482   3.559222    33.1018        673     2.8000     1.9019  0.000e+00
     88.853     9.2446   3.559095    33.1038        674     2.8042     1.8996  0.000e+00
     89.059     9.2414   3.558834    33.1040        675     2.8083     1.8991  0.000e+00
     89.260     9.2382   3.558684    33.1052        676     2.8125     1.8990  0.000e+00
     89.453     9.2354   3.558621    33.1070        677     2.8167     1.8992  0.000e+00
     89.629     9.2329   3.558360    33.1066        678     2.8208     1.8985  0.000e+00
     89.799     9.2303   3.558210    33.1074        679     2.8250     1.8983  0.000e+00
     89.958     9.2277   3.557713    33.1046        680     2.8292     1.8983  0.000e+00
     90.095     9.2240   3.557603    33.1068        681     2.8333     1.8975  0.000e+00
     90.220     9.2207   3.557262    33.1063        682     2.8375     1.8967  0.000e+00
     90.328     9.2169   3.556637    33.1033        683     2.8417     1.8960  0.000e+00
     90.428     9.2122   3.556417    33.1054        684     2.8458     1.8961  0.000e+00
     90.520     9.2066   3.555752    33.1037        685     2.8500     1.8950  0.000e+00
     90.607     9.2005   3.555232    33.1039        686     2.8542     1.8962  0.000e+00
     90.699     9.1942   3.555168    33.1090        687     2.8583     1.8940  0.000e+00
     90.797     9.1887   3.554717    33.1094        688     2.8625     1.8944  0.000e+00
     90.900     9.1835   3.554307    33.1099        689     2.8667     1.8922  0.000e+00
     91.027     9.1778   3.554052    33.1125        690     2.8708     1.8928  0.000e+00
     91.177     9.1724   3.553966    33.1165        691     2.8750     1.8923  0.000e+00
     91.345     9.1685   3.554006    33.1206        692     2.8792     1.8905  0.000e+00
     91.527     9.1660   3.554290    33.1257        693     2.8833     1.8899  0.000e+00
     91.719     9.1651   3.554371    33.1273        694     2.8875     1.8892  0.000e+00
     91.920     9.1653   3.553943    33.1226        695     2.8917     1.8889  0.000e+00
     92.139     9.1641   3.553747    33.1216        696     2.8958     1.8876  0.000e+00
     92.357     9.1619   3.553359    33.1195        697     2.9000     1.8864  0.000e+00
     92.582     9.1588   3.552908    33.1176        698     2.9042     1.8865  0.000e+00
     92.806     9.1545   3.552498    33.1172        699     2.9083     1.8860  0.000e+00
     93.026     9.1497   3.551984    33.1163        700     2.9125     1.8851  0.000e+00
     93.242     9.1441   3.552198    33.1236        701     2.9167     1.8843  0.000e+00
     93.441     9.1400   3.552134    33.1266        702     2.9208     1.8839  0.000e+00
     93.636     9.1377   3.551660    33.1238        703     2.9250     1.8831  0.000e+00
     93.820     9.1346   3.551423    33.1241        704     2.9292     1.8824  0.000e+00
     93.996     9.1311   3.551250    33.1255        705     2.9333     1.8821  0.000e+00
     94.162     9.1279   3.550909    33.1248        706     2.9375     1.8815  0.000e+00
     94.319     9.1245   3.550782    33.1266        707     2.9417     1.8819  0.000e+00
     94.469     9.1209   3.550372    33.1257        708     2.9458     1.8803  0.000e+00
     94.607     9.1174   3.550025    33.1253        709     2.9500     1.8803  0.000e+00
     94.733     9.1130   3.549424    33.1230        710     2.9542     1.8802  0.000e+00
     94.865     9.1074   3.549164    33.1255        711     2.9583     1.8794  0.000e+00
     94.990     9.1019   3.548759    33.1263        712     2.9625     1.8784  0.000e+00
     95.117     9.0969   3.548413    33.1273        713     2.9667     1.8767  0.000e+00
     95.252     9.0914   3.548003    33.1281        714     2.9708     1.8768  0.000e+00
     95.384     9.0859   3.547061    33.1234        715     2.9750     1.8761  0.000e+00
     95.524     9.0789   3.546761    33.1267        716     2.9792     1.8763  0.000e+00
     95.666     9.0712   3.546223    33.1282        717     2.9833     1.8734  0.000e+00
     95.817     9.0642   3.546091    33.1333        718     2.9875     1.8726  0.000e+00
     95.974     9.0581   3.545450    33.1323        719     2.9917     1.8718  0.000e+00
     96.137     9.0518   3.544462    33.1278        720     2.9958     1.8722  0.000e+00
     96.303     9.0434   3.543728    33.1279        721     3.0000     1.8699  0.000e+00
     96.480     9.0341   3.543474    33.1338        722     3.0042     1.8685  0.000e+00
     96.648     9.0256   3.543428    33.1412        723     3.0083     1.8677  0.000e+00
     96.820     9.0194   3.543065    33.1431        724     3.0125     1.8677  0.000e+00
     97.001     9.0140   3.542637    33.1436        725     3.0167     1.8669  0.000e+00
     97.184     9.0085   3.542337    33.1455        726     3.0208     1.8654  0.000e+00
     97.352     9.0038   3.542060    33.1470        727     3.0250     1.8650  0.000e+00
     97.522     8.9991   3.541714    33.1477        728     3.0292     1.8636  0.000e+00
     97.688     8.9943   3.541460    33.1494        729     3.0333     1.8635  0.000e+00
