HB2407/sbe114.cnv
* Sea-Bird SBE 19plus V2 Data File:
* FileName = C:\cruise\data\sbe114.hex
* Software Version Seasave V 7.26.7.121
* Temperature SN = 7037
* Conductivity SN = 7037
* System UpLoad Time = Oct 30 2024 18:00:18
* NMEA Latitude = 41 23.90 N
* NMEA Longitude = 066 22.21 W
* NMEA UTC (Time) = Oct 30 2024  17:59:26
** Ship: Bigelow
** Cruise:  HB2407
** Program:  Spring Bottom Trawl
# nquan = 8
# nvalues = 2206                                  
# units = specified
# name 0 = depSM: Depth [salt water, m]
# name 1 = tv290C: Temperature [ITS-90, deg C]
# name 2 = c0S/m: Conductivity [S/m]
# name 3 = sal00: Salinity, Practical [PSU]
# name 4 = scan: Scan Count
# name 5 = timeM: Time, Elapsed [minutes]
# name 6 = sbeox0V: Oxygen raw, SBE 43 [V]
# name 7 = flag:  0.000e+00
# span 0 =      0.133,     86.204                 
# span 1 =     8.6062,    13.8083                 
# span 2 =  -0.000017,   3.903036                 
# span 3 =     0.0000,    32.9806                 
# span 4 =         11,       2216                 
# span 5 =     0.0417,     9.2292                 
# span 6 =     2.1065,     2.5784                 
# span 7 = 0.0000e+00, 0.0000e+00                 
# interval = seconds: 0.25
# start_time = Oct 30 2024 17:59:26 [NMEA time, header]
# bad_flag = -9.990e-29
*END*
[from data line 2158]
      0.209    13.5542   0.329506     2.2546       2169     9.0333     2.4298  0.000e+00
      0.269    13.5612   0.292296     1.9854       2170     9.0375     2.4176  0.000e+00
      0.290    13.5908   0.361741     2.4869       2171     9.0417     2.4056  0.000e+00
      0.218    13.6220   0.528418     3.7198       2172     9.0458     2.3990  0.000e+00
      0.149    13.6476   1.067840     7.9073       2173     9.0500     2.3958  0.000e+00
      0.135    13.6621   0.752984     5.4282       2174     9.0542     2.3955  0.000e+00
      0.140    13.6630   0.452191     3.1472       2175     9.0583     2.3951  0.000e+00
      0.142    13.6528   0.369361     2.5386       2176     9.0625     2.3941  0.000e+00
      0.139    13.6453   0.313597     2.1344       2177     9.0667     2.3932  0.000e+00
      0.137    13.6432   0.271581     1.8330       2178     9.0708     2.3917  0.000e+00
      0.137    13.6424   0.233008     1.5591       2179     9.0750     2.3928  0.000e+00
      0.133    13.6374   0.205732     1.3675       2180     9.0792     2.3959  0.000e+00
      0.135    13.6321   0.193023     1.2789       2181     9.0833     2.3965  0.000e+00
      0.137    13.6309   0.175981     1.1604       2182     9.0875     2.3961  0.000e+00
      0.137    13.6307   0.165091     1.0850       2183     9.0917     2.3928  0.000e+00
      0.139    13.6296   0.159848     1.0489       2184     9.0958     2.3887  0.000e+00
      0.137    13.6292   0.149565     0.9782       2185     9.1000     2.3828  0.000e+00
      0.133    13.6299   0.139825     0.9115       2186     9.1042     2.3750  0.000e+00
      0.133    13.6315   0.133673     0.8695       2187     9.1083     2.3644  0.000e+00
      0.133    13.6334   0.118219     0.7645       2188     9.1125     2.3565  0.000e+00
      0.144    13.6346   0.570993     4.0394       2189     9.1167     2.3449  0.000e+00
      0.144    13.6309   0.665642     4.7601       2190     9.1208     2.3343  0.000e+00
      0.139    13.6247   0.439085     3.0532       2191     9.1250     2.3262  0.000e+00
      0.133    13.6216   0.362657     2.4917       2192     9.1292     2.3269  0.000e+00
      0.142    13.6199   0.294858     2.0008       2193     9.1333     2.3312  0.000e+00
      0.142    13.6130   0.263816     1.7790       2194     9.1375     2.3387  0.000e+00
      0.135    13.6020   0.250819     1.6870       2195     9.1417     2.3467  0.000e+00
      0.139    13.5962   0.214318     1.4292       2196     9.1458     2.3572  0.000e+00
      0.144    13.5942   0.195915     1.3003       2197     9.1500     2.3635  0.000e+00
      0.142    13.5876   0.188819     1.2510       2198     9.1542     2.3713  0.000e+00
      0.144    13.5792   0.177029     1.1692       2199     9.1583     2.3764  0.000e+00
      0.142    13.5767   0.167986     1.1066       2200     9.1625     2.3809  0.000e+00
      0.144    13.5769   0.161664     1.0629       2201     9.1667     2.3828  0.000e+00
      0.144    13.5779   0.141033     0.9210       2202     9.1708     2.3797  0.000e+00
      0.146    13.5753   0.133021     0.8663       2203     9.1750     2.3749  0.000e+00
      0.144    13.5662   0.127628     0.8297       2204     9.1792     2.3675  0.000e+00
      0.142    13.5597   0.126285     0.8207       2205     9.1833     2.3588  0.000e+00
      0.148    13.5594   0.119553     0.7750       2206     9.1875     2.3497  0.000e+00
      0.149    13.5603   0.108847     0.7026       2207     9.1917     2.3406  0.000e+00
      0.148    13.5530   0.102247     0.6583       2208     9.1958     2.3343  0.000e+00
      0.144    13.5409   0.096168     0.6177       2209     9.2000     2.3326  0.000e+00
      0.139    13.5345   0.092486     0.5932       2210     9.2042     2.3325  0.000e+00
      0.148    13.5352   0.090196     0.5779       2211     9.2083     2.3351  0.000e+00
      0.148    13.5365   0.087101     0.5572       2212     9.2125     2.3328  0.000e+00
      0.146    13.5314   0.083403     0.5327       2213     9.2167     2.3315  0.000e+00
      0.142    13.5266   0.078358     0.4993       2214     9.2208     2.3290  0.000e+00
      0.146    13.5264   0.071528     0.4541       2215     9.2250     2.3256  0.000e+00
      0.150    13.5256   0.068537     0.4344       2216     9.2292     2.3204  0.000e+00
