HB2407/sbe137.cnv
* Sea-Bird SBE 19plus V2 Data File:
* FileName = C:\cruise\data\sbe137.hex
* Software Version Seasave V 7.26.7.121
* Temperature SN = 7037
* Conductivity SN = 7037
* System UpLoad Time = Nov 08 2024 11:25:14
* NMEA Latitude = 42 46.44 N
* NMEA Longitude = 070 07.21 W
* NMEA UTC (Time) = Nov 08 2024  11:24:32
** Ship: Bigelow
** Cruise:  HB2407
** Program:  Spring Bottom Trawl
# nquan = 8
# nvalues = 2908                                  
# units = specified
# name 0 = depSM: Depth [salt water, m]
# name 1 = tv290C: Temperature [ITS-90, deg C]
# name 2 = c0S/m: Conductivity [S/m]
# name 3 = sal00: Salinity, Practical [PSU]
# name 4 = scan: Scan Count
# name 5 = timeM: Time, Elapsed [minutes]
# name 6 = sbeox0V: Oxygen raw, SBE 43 [V]
# name 7 = flag:  0.000e+00
# span 0 =     -0.045,    118.546                 
# span 1 =     8.3669,    11.6473                 
# span 2 =   0.000079,   3.684997                 
# span 3 =     0.0055,    33.1889                 
# span 4 =         11,       2918                 
# span 5 =     0.0417,    12.1542                 
# span 6 =     1.8062,     2.5560                 
# span 7 = 0.0000e+00, 0.0000e+00                 
# interval = seconds: 0.25
# start_time = Nov 08 2024 11:24:32 [NMEA time, header]
# bad_flag = -9.990e-29
*END*
[from data line 2158]
     44.389    11.2047   3.662784    32.3994       2169     9.0333     2.2660  0.000e+00
     44.338    11.2052   3.662808    32.3992       2170     9.0375     2.2687  0.000e+00
     44.287    11.2059   3.662831    32.3988       2171     9.0417     2.2708  0.000e+00
     44.226    11.2063   3.662807    32.3983       2172     9.0458     2.2735  0.000e+00
     44.166    11.2065   3.662831    32.3984       2173     9.0500     2.2737  0.000e+00
     44.098    11.2068   3.662872    32.3985       2174     9.0542     2.2749  0.000e+00
     44.040    11.2074   3.662919    32.3984       2175     9.0583     2.2763  0.000e+00
     43.971    11.2082   3.662960    32.3981       2176     9.0625     2.2785  0.000e+00
     43.915    11.2093   3.662977    32.3974       2177     9.0667     2.2792  0.000e+00
     43.855    11.2101   3.662959    32.3966       2178     9.0708     2.2805  0.000e+00
     43.803    11.2108   3.663006    32.3964       2179     9.0750     2.2841  0.000e+00
     43.752    11.2113   3.663018    32.3962       2180     9.0792     2.2837  0.000e+00
     43.694    11.2119   3.663053    32.3959       2181     9.0833     2.2837  0.000e+00
     43.644    11.2126   3.663094    32.3958       2182     9.0875     2.2856  0.000e+00
     43.604    11.2137   3.663117    32.3950       2183     9.0917     2.2867  0.000e+00
     43.561    11.2147   3.663211    32.3951       2184     9.0958     2.2873  0.000e+00
     43.517    11.2163   3.663322    32.3948       2185     9.1000     2.2893  0.000e+00
     43.467    11.2186   3.663387    32.3935       2186     9.1042     2.2929  0.000e+00
     43.427    11.2210   3.663468    32.3921       2187     9.1083     2.2934  0.000e+00
     43.385    11.2236   3.663562    32.3909       2188     9.1125     2.2950  0.000e+00
     43.345    11.2261   3.663656    32.3896       2189     9.1167     2.2959  0.000e+00
     43.300    11.2287   3.663726    32.3880       2190     9.1208     2.2985  0.000e+00
     43.260    11.2312   3.663743    32.3860       2191     9.1250     2.2995  0.000e+00
     43.226    11.2335   3.663790    32.3844       2192     9.1292     2.3018  0.000e+00
     43.181    11.2354   3.663808    32.3830       2193     9.1333     2.3037  0.000e+00
     43.139    11.2366   3.663831    32.3822       2194     9.1375     2.3049  0.000e+00
     43.101    11.2376   3.663831    32.3813       2195     9.1417     2.3074  0.000e+00
     43.049    11.2383   3.663831    32.3807       2196     9.1458     2.3088  0.000e+00
     43.009    11.2387   3.663854    32.3806       2197     9.1500     2.3099  0.000e+00
     42.960    11.2393   3.663854    32.3801       2198     9.1542     2.3130  0.000e+00
     42.910    11.2395   3.663878    32.3802       2199     9.1583     2.3134  0.000e+00
     42.855    11.2398   3.663854    32.3797       2200     9.1625     2.3153  0.000e+00
     42.798    11.2400   3.663854    32.3795       2201     9.1667     2.3160  0.000e+00
     42.741    11.2403   3.663878    32.3796       2202     9.1708     2.3163  0.000e+00
     42.682    11.2405   3.663901    32.3796       2203     9.1750     2.3189  0.000e+00
     42.624    11.2408   3.663919    32.3795       2204     9.1792     2.3201  0.000e+00
     42.561    11.2413   3.663965    32.3795       2205     9.1833     2.3200  0.000e+00
     42.510    11.2422   3.664012    32.3792       2206     9.1875     2.3224  0.000e+00
     42.461    11.2431   3.664065    32.3790       2207     9.1917     2.3232  0.000e+00
     42.402    11.2444   3.664077    32.3781       2208     9.1958     2.3247  0.000e+00
     42.349    11.2454   3.664100    32.3774       2209     9.2000     2.3263  0.000e+00
     42.299    11.2462   3.664147    32.3772       2210     9.2042     2.3275  0.000e+00
     42.250    11.2470   3.664153    32.3766       2211     9.2083     2.3285  0.000e+00
     42.203    11.2476   3.664147    32.3759       2212     9.2125     2.3289  0.000e+00
     42.159    11.2481   3.664147    32.3755       2213     9.2167     2.3298  0.000e+00
     42.111    11.2484   3.664234    32.3762       2214     9.2208     2.3311  0.000e+00
     42.064    11.2495   3.664322    32.3761       2215     9.2250     2.3305  0.000e+00
     42.015    11.2508   3.664392    32.3757       2216     9.2292     2.3317  0.000e+00
     41.975    11.2524   3.664410    32.3744       2217     9.2333     2.3297  0.000e+00
     41.926    11.2541   3.664474    32.3736       2218     9.2375     2.3301  0.000e+00
     41.877    11.2560   3.664504    32.3723       2219     9.2417     2.3311  0.000e+00
     41.834    11.2575   3.664568    32.3716       2220     9.2458     2.3324  0.000e+00
     41.787    11.2589   3.664708    32.3717       2221     9.2500     2.3319  0.000e+00
     41.745    11.2611   3.664861    32.3713       2222     9.2542     2.3322  0.000e+00
     41.700    11.2643   3.664901    32.3690       2223     9.2583     2.3337  0.000e+00
     41.653    11.2669   3.664966    32.3673       2224     9.2625     2.3345  0.000e+00
     41.604    11.2693   3.664925    32.3648       2225     9.2667     2.3355  0.000e+00
     41.557    11.2709   3.664995    32.3642       2226     9.2708     2.3365  0.000e+00
     41.509    11.2722   3.664925    32.3624       2227     9.2750     2.3372  0.000e+00
     41.458    11.2726   3.664878    32.3616       2228     9.2792     2.3366  0.000e+00
     41.400    11.2720   3.664901    32.3623       2229     9.2833     2.3392  0.000e+00
     41.351    11.2718   3.664901    32.3625       2230     9.2875     2.3389  0.000e+00
     41.286    11.2720   3.664901    32.3623       2231     9.2917     2.3404  0.000e+00
     41.223    11.2719   3.664901    32.3624       2232     9.2958     2.3415  0.000e+00
     41.154    11.2720   3.664884    32.3622       2233     9.3000     2.3417  0.000e+00
     41.084    11.2720   3.664901    32.3624       2234     9.3042     2.3421  0.000e+00
     41.013    11.2721   3.664942    32.3628       2235     9.3083     2.3437  0.000e+00
     40.937    11.2722   3.665059    32.3639       2236     9.3125     2.3431  0.000e+00
     40.865    11.2737   3.665147    32.3635       2237     9.3167     2.3466  0.000e+00
     40.793    11.2759   3.665176    32.3618       2238     9.3208     2.3459  0.000e+00
     40.724    11.2776   3.665147    32.3601       2239     9.3250     2.3455  0.000e+00
     40.661    11.2788   3.665129    32.3589       2240     9.3292     2.3460  0.000e+00
     40.601    11.2791   3.665112    32.3585       2241     9.3333     2.3465  0.000e+00
     40.534    11.2790   3.665106    32.3585       2242     9.3375     2.3463  0.000e+00
     40.481    11.2789   3.665147    32.3591       2243     9.3417     2.3488  0.000e+00
     40.422    11.2790   3.665240    32.3599       2244     9.3458     2.3473  0.000e+00
     40.373    11.2800   3.665217    32.3589       2245     9.3500     2.3513  0.000e+00
     40.319    11.2808   3.665170    32.3577       2246     9.3542     2.3498  0.000e+00
     40.257    11.2809   3.665147    32.3574       2247     9.3583     2.3511  0.000e+00
     40.194    11.2806   3.665135    32.3576       2248     9.3625     2.3462  0.000e+00
     40.134    11.2804   3.665170    32.3581       2249     9.3667     2.3513  0.000e+00
     40.073    11.2803   3.665217    32.3587       2250     9.3708     2.3510  0.000e+00
     40.008    11.2808   3.665264    32.3588       2251     9.3750     2.3500  0.000e+00
     39.943    11.2814   3.665281    32.3584       2252     9.3792     2.3506  0.000e+00
     39.874    11.2825   3.665328    32.3579       2253     9.3833     2.3504  0.000e+00
     39.809    11.2834   3.665351    32.3574       2254     9.3875     2.3476  0.000e+00
     39.746    11.2843   3.665328    32.3564       2255     9.3917     2.3508  0.000e+00
     39.682    11.2852   3.665375    32.3561       2256     9.3958     2.3502  0.000e+00
     39.617    11.2856   3.665375    32.3557       2257     9.4000     2.3504  0.000e+00
     39.545    11.2865   3.665369    32.3550       2258     9.4042     2.3499  0.000e+00
     39.480    11.2868   3.665375    32.3548       2259     9.4083     2.3494  0.000e+00
     39.413    11.2870   3.665392    32.3548       2260     9.4125     2.3511  0.000e+00
     39.341    11.2872   3.665433    32.3550       2261     9.4167     2.3515  0.000e+00
     39.268    11.2877   3.665503    32.3553       2262     9.4208     2.3500  0.000e+00
     39.209    11.2890   3.665685    32.3560       2263     9.4250     2.3507  0.000e+00
     39.138    11.2910   3.665620    32.3537       2264     9.4292     2.3499  0.000e+00
     39.073    11.2927   3.665667    32.3526       2265     9.4333     2.3496  0.000e+00
     39.017    11.2937   3.665819    32.3533       2266     9.4375     2.3521  0.000e+00
     38.954    11.2955   3.665907    32.3526       2267     9.4417     2.3524  0.000e+00
     38.894    11.2975   3.665989    32.3517       2268     9.4458     2.3547  0.000e+00
     38.835    11.2998   3.665995    32.3498       2269     9.4500     2.3548  0.000e+00
     38.769    11.3018   3.666018    32.3483       2270     9.4542     2.3553  0.000e+00
     38.712    11.3031   3.666112    32.3481       2271     9.4583     2.3562  0.000e+00
     38.652    11.3043   3.666135    32.3473       2272     9.4625     2.3562  0.000e+00
     38.592    11.3054   3.666287    32.3478       2273     9.4667     2.3555  0.000e+00
     38.529    11.3073   3.666445    32.3477       2274     9.4708     2.3563  0.000e+00
     38.467    11.3101   3.666480    32.3457       2275     9.4750     2.3566  0.000e+00
     38.404    11.3125   3.666533    32.3441       2276     9.4792     2.3585  0.000e+00
     38.339    11.3144   3.666691    32.3440       2277     9.4833     2.3588  0.000e+00
     38.270    11.3167   3.666779    32.3429       2278     9.4875     2.3585  0.000e+00
     38.205    11.3192   3.666890    32.3418       2279     9.4917     2.3594  0.000e+00
     38.131    11.3216   3.666914    32.3399       2280     9.4958     2.3601  0.000e+00
     38.064    11.3236   3.667183    32.3408       2281     9.5000     2.3602  0.000e+00
     37.994    11.3269   3.667341    32.3396       2282     9.5042     2.3618  0.000e+00
     37.920    11.3311   3.667429    32.3368       2283     9.5083     2.3632  0.000e+00
     37.838    11.3349   3.667470    32.3339       2284     9.5125     2.3636  0.000e+00
     37.768    11.3378   3.667505    32.3317       2285     9.5167     2.3626  0.000e+00
     37.699    11.3399   3.667493    32.3298       2286     9.5208     2.3627  0.000e+00
     37.627    11.3413   3.667516    32.3288       2287     9.5250     2.3651  0.000e+00
     37.553    11.3423   3.667504    32.3279       2288     9.5292     2.3656  0.000e+00
     37.477    11.3432   3.667563    32.3277       2289     9.5333     2.3665  0.000e+00
     37.408    11.3435   3.667540    32.3272       2290     9.5375     2.3680  0.000e+00
     37.332    11.3442   3.667610    32.3273       2291     9.5417     2.3687  0.000e+00
     37.253    11.3450   3.667627    32.3268       2292     9.5458     2.3696  0.000e+00
     37.186    11.3457   3.667698    32.3269       2293     9.5500     2.3698  0.000e+00
     37.112    11.3468   3.667873    32.3278       2294     9.5542     2.3698  0.000e+00
     37.047    11.3485   3.667891    32.3264       2295     9.5583     2.3711  0.000e+00
     36.978    11.3507   3.667984    32.3255       2296     9.5625     2.3713  0.000e+00
     36.914    11.3527   3.668166    32.3255       2297     9.5667     2.3728  0.000e+00
     36.844    11.3556   3.668230    32.3236       2298     9.5708     2.3736  0.000e+00
     36.779    11.3589   3.668300    32.3214       2299     9.5750     2.3732  0.000e+00
     36.719    11.3619   3.668412    32.3200       2300     9.5792     2.3733  0.000e+00
     36.660    11.3645   3.668511    32.3187       2301     9.5833     2.3738  0.000e+00
     36.596    11.3669   3.668611    32.3176       2302     9.5875     2.3752  0.000e+00
     36.537    11.3694   3.668611    32.3154       2303     9.5917     2.3746  0.000e+00
     36.481    11.3712   3.668611    32.3138       2304     9.5958     2.3765  0.000e+00
     36.421    11.3724   3.668915    32.3158       2305     9.6000     2.3778  0.000e+00
     36.358    11.3749   3.669061    32.3151       2306     9.6042     2.3785  0.000e+00
     36.300    11.3785   3.669126    32.3126       2307     9.6083     2.3782  0.000e+00
     36.240    11.3823   3.669149    32.3095       2308     9.6125     2.3799  0.000e+00
     36.175    11.3853   3.669149    32.3069       2309     9.6167     2.3819  0.000e+00
     36.106    11.3875   3.669172    32.3053       2310     9.6208     2.3827  0.000e+00
     36.036    11.3890   3.669172    32.3040       2311     9.6250     2.3836  0.000e+00
     35.971    11.3901   3.669172    32.3030       2312     9.6292     2.3846  0.000e+00
     35.895    11.3908   3.669172    32.3025       2313     9.6333     2.3860  0.000e+00
     35.823    11.3913   3.669172    32.3021       2314     9.6375     2.3868  0.000e+00
     35.745    11.3917   3.669172    32.3017       2315     9.6417     2.3891  0.000e+00
     35.665    11.3922   3.669172    32.3014       2316     9.6458     2.3904  0.000e+00
     35.588    11.3924   3.669213    32.3015       2317     9.6500     2.3907  0.000e+00
     35.512    11.3928   3.669237    32.3015       2318     9.6542     2.3913  0.000e+00
     35.447    11.3935   3.669213    32.3007       2319     9.6583     2.3916  0.000e+00
     35.382    11.3937   3.669237    32.3008       2320     9.6625     2.3915  0.000e+00
     35.306    11.3938   3.669260    32.3010       2321     9.6667     2.3915  0.000e+00
     35.244    11.3941   3.669283    32.3009       2322     9.6708     2.3939  0.000e+00
     35.183    11.3944   3.669307    32.3010       2323     9.6750     2.3939  0.000e+00
     35.123    11.3946   3.669324    32.3010       2324     9.6792     2.3923  0.000e+00
     35.060    11.3951   3.669371    32.3010       2325     9.6833     2.3925  0.000e+00
     35.004    11.3956   3.669395    32.3008       2326     9.6875     2.3930  0.000e+00
     34.935    11.3962   3.669430    32.3007       2327     9.6917     2.3943  0.000e+00
     34.873    11.3967   3.669459    32.3005       2328     9.6958     2.3936  0.000e+00
     34.805    11.3980   3.669529    32.3001       2329     9.7000     2.3939  0.000e+00
     34.741    11.3998   3.669594    32.2992       2330     9.7042     2.3958  0.000e+00
     34.678    11.4018   3.669687    32.2984       2331     9.7083     2.3949  0.000e+00
     34.607    11.4042   3.669728    32.2967       2332     9.7125     2.3954  0.000e+00
     34.535    11.4063   3.669728    32.2949       2333     9.7167     2.3955  0.000e+00
     34.468    11.4079   3.669792    32.2942       2334     9.7208     2.3939  0.000e+00
     34.403    11.4095   3.669816    32.2930       2335     9.7250     2.3940  0.000e+00
     34.338    11.4108   3.669839    32.2922       2336     9.7292     2.3936  0.000e+00
     34.264    11.4118   3.669816    32.2911       2337     9.7333     2.3959  0.000e+00
     34.193    11.4123   3.669839    32.2909       2338     9.7375     2.3951  0.000e+00
     34.125    11.4129   3.669909    32.2911       2339     9.7417     2.3956  0.000e+00
     34.060    11.4138   3.669945    32.2907       2340     9.7458     2.3962  0.000e+00
     33.987    11.4148   3.669933    32.2897       2341     9.7500     2.3959  0.000e+00
     33.917    11.4158   3.669933    32.2889       2342     9.7542     2.3958  0.000e+00
     33.843    11.4162   3.669944    32.2887       2343     9.7583     2.3978  0.000e+00
     33.767    11.4169   3.669974    32.2884       2344     9.7625     2.3983  0.000e+00
     33.698    11.4176   3.669997    32.2880       2345     9.7667     2.3978  0.000e+00
     33.628    11.4185   3.669997    32.2873       2346     9.7708     2.3966  0.000e+00
     33.563    11.4191   3.670003    32.2868       2347     9.7750     2.3982  0.000e+00
