HB2407/sbe100.cnv
* Sea-Bird SBE 19plus V2 Data File:
* FileName = C:\cruise\data\sbe100.hex
* Software Version Seasave V 7.26.7.121
* Temperature SN = 7037
* Conductivity SN = 7037
* System UpLoad Time = Oct 19 2024 05:36:12
* NMEA Latitude = 43 08.20 N
* NMEA Longitude = 068 30.07 W
* NMEA UTC (Time) = Oct 19 2024  05:35:07
** Ship: Bigelow
** Cruise:  HB2407
** Program:  Spring Bottom Trawl
# nquan = 8
# nvalues = 5225                                  
# units = specified
# name 0 = depSM: Depth [salt water, m]
# name 1 = tv290C: Temperature [ITS-90, deg C]
# name 2 = c0S/m: Conductivity [S/m]
# name 3 = sal00: Salinity, Practical [PSU]
# name 4 = scan: Scan Count
# name 5 = timeM: Time, Elapsed [minutes]
# name 6 = sbeox0V: Oxygen raw, SBE 43 [V]
# name 7 = flag:  0.000e+00
# span 0 =      0.133,    195.965                 
# span 1 =     7.6132,    12.8602                 
# span 2 =   0.000004,   3.928203                 
# span 3 =     0.0065,    33.9493                 
# span 4 =         11,       5235                 
# span 5 =     0.0417,    21.8083                 
# span 6 =     1.7158,     2.5729                 
# span 7 = 0.0000e+00, 0.0000e+00                 
# interval = seconds: 0.25
# start_time = Oct 19 2024 05:35:07 [NMEA time, header]
# bad_flag = -9.990e-29
*END*
[from data line 720]
     89.492     7.7608   3.413466    32.9591        731     3.0417     1.9658  0.000e+00
     89.658     7.7601   3.413489    32.9599        732     3.0458     1.9656  0.000e+00
     89.825     7.7587   3.413444    32.9606        733     3.0500     1.9659  0.000e+00
     89.985     7.7568   3.413450    32.9624        734     3.0542     1.9633  0.000e+00
     90.135     7.7548   3.413433    32.9641        735     3.0583     1.9650  0.000e+00
     90.280     7.7530   3.413467    32.9661        736     3.0625     1.9642  0.000e+00
     90.416     7.7510   3.413512    32.9684        737     3.0667     1.9635  0.000e+00
     90.544     7.7488   3.413615    32.9715        738     3.0708     1.9624  0.000e+00
     90.655     7.7466   3.413615    32.9736        739     3.0750     1.9627  0.000e+00
     90.765     7.7441   3.413615    32.9758        740     3.0792     1.9625  0.000e+00
     90.875     7.7420   3.413700    32.9787        741     3.0833     1.9625  0.000e+00
     90.978     7.7400   3.413678    32.9803        742     3.0875     1.9622  0.000e+00
     91.087     7.7385   3.413718    32.9821        743     3.0917     1.9616  0.000e+00
     91.199     7.7375   3.413769    32.9835        744     3.0958     1.9606  0.000e+00
     91.322     7.7369   3.413820    32.9846        745     3.1000     1.9611  0.000e+00
     91.463     7.7367   3.413843    32.9849        746     3.1042     1.9606  0.000e+00
     91.613     7.7367   3.413871    32.9852        747     3.1083     1.9589  0.000e+00
     91.778     7.7366   3.413985    32.9864        748     3.1125     1.9584  0.000e+00
     91.955     7.7372   3.413963    32.9855        749     3.1167     1.9566  0.000e+00
     92.140     7.7376   3.413963    32.9851        750     3.1208     1.9565  0.000e+00
     92.329     7.7378   3.413985    32.9851        751     3.1250     1.9558  0.000e+00
     92.517     7.7378   3.414003    32.9852        752     3.1292     1.9555  0.000e+00
     92.707     7.7371   3.414088    32.9866        753     3.1333     1.9545  0.000e+00
     92.895     7.7360   3.414151    32.9882        754     3.1375     1.9561  0.000e+00
     93.071     7.7342   3.414134    32.9897        755     3.1417     1.9544  0.000e+00
     93.237     7.7323   3.414253    32.9927        756     3.1458     1.9551  0.000e+00
     93.378     7.7299   3.414293    32.9953        757     3.1500     1.9544  0.000e+00
     93.496     7.7272   3.414350    32.9985        758     3.1542     1.9545  0.000e+00
     93.602     7.7248   3.414356    33.0007        759     3.1583     1.9535  0.000e+00
     93.706     7.7229   3.414390    33.0028        760     3.1625     1.9546  0.000e+00
     93.794     7.7213   3.414419    33.0046        761     3.1667     1.9536  0.000e+00
     93.890     7.7197   3.414481    33.0068        762     3.1708     1.9538  0.000e+00
     93.984     7.7180   3.414476    33.0083        763     3.1750     1.9530  0.000e+00
     94.080     7.7156   3.414584    33.0117        764     3.1792     1.9528  0.000e+00
     94.183     7.7128   3.414726    33.0158        765     3.1833     1.9517  0.000e+00
     94.288     7.7097   3.414800    33.0195        766     3.1875     1.9513  0.000e+00
     94.404     7.7069   3.414704    33.0210        767     3.1917     1.9513  0.000e+00
     94.525     7.7036   3.414704    33.0241        768     3.1958     1.9500  0.000e+00
     94.653     7.7008   3.414761    33.0273        769     3.2000     1.9505  0.000e+00
     94.787     7.6985   3.414727    33.0291        770     3.2042     1.9487  0.000e+00
     94.923     7.6964   3.414909    33.0329        771     3.2083     1.9488  0.000e+00
     95.060     7.6944   3.415017    33.0359        772     3.2125     1.9472  0.000e+00
     95.196     7.6929   3.415017    33.0373        773     3.2167     1.9457  0.000e+00
     95.326     7.6913   3.415017    33.0388        774     3.2208     1.9454  0.000e+00
     95.460     7.6902   3.415097    33.0406        775     3.2250     1.9454  0.000e+00
     95.595     7.6892   3.415302    33.0437        776     3.2292     1.9438  0.000e+00
     95.722     7.6883   3.415490    33.0465        777     3.2333     1.9435  0.000e+00
     95.849     7.6873   3.415552    33.0480        778     3.2375     1.9410  0.000e+00
     95.975     7.6861   3.415632    33.0500        779     3.2417     1.9410  0.000e+00
     96.107     7.6849   3.415837    33.0533        780     3.2458     1.9405  0.000e+00
     96.248     7.6838   3.416002    33.0560        781     3.2500     1.9391  0.000e+00
     96.395     7.6828   3.416116    33.0582        782     3.2542     1.9391  0.000e+00
     96.541     7.6818   3.416207    33.0600        783     3.2583     1.9383  0.000e+00
     96.700     7.6812   3.416350    33.0620        784     3.2625     1.9380  0.000e+00
     96.863     7.6813   3.416395    33.0623        785     3.2667     1.9382  0.000e+00
     97.024     7.6813   3.416452    33.0629        786     3.2708     1.9364  0.000e+00
     97.190     7.6807   3.416577    33.0647        787     3.2750     1.9351  0.000e+00
     97.349     7.6787   3.416634    33.0671        788     3.2792     1.9342  0.000e+00
     97.518     7.6762   3.416680    33.0699        789     3.2833     1.9329  0.000e+00
     97.684     7.6736   3.416765    33.0733        790     3.2875     1.9322  0.000e+00
     97.850     7.6709   3.416828    33.0763        791     3.2917     1.9303  0.000e+00
     98.018     7.6686   3.416908    33.0793        792     3.2958     1.9299  0.000e+00
     98.178     7.6662   3.416999    33.0825        793     3.3000     1.9297  0.000e+00
     98.342     7.6640   3.417050    33.0851        794     3.3042     1.9287  0.000e+00
     98.501     7.6619   3.417113    33.0876        795     3.3083     1.9264  0.000e+00
     98.659     7.6602   3.417238    33.0905        796     3.3125     1.9265  0.000e+00
     98.811     7.6591   3.417301    33.0923        797     3.3167     1.9248  0.000e+00
     98.957     7.6580   3.417444    33.0947        798     3.3208     1.9252  0.000e+00
     99.100     7.6571   3.417563    33.0968        799     3.3250     1.9245  0.000e+00
     99.232     7.6562   3.417671    33.0988        800     3.3292     1.9233  0.000e+00
     99.360     7.6555   3.417814    33.1009        801     3.3333     1.9227  0.000e+00
     99.480     7.6547   3.418036    33.1040        802     3.3375     1.9222  0.000e+00
     99.588     7.6539   3.418372    33.1083        803     3.3417     1.9205  0.000e+00
     99.699     7.6533   3.418719    33.1126        804     3.3458     1.9197  0.000e+00
     99.802     7.6526   3.419049    33.1168        805     3.3500     1.9181  0.000e+00
     99.896     7.6520   3.419602    33.1232        806     3.3542     1.9182  0.000e+00
     99.993     7.6521   3.420553    33.1333        807     3.3583     1.9177  0.000e+00
    100.084     7.6526   3.421077    33.1384        808     3.3625     1.9174  0.000e+00
    100.176     7.6533   3.421561    33.1429        809     3.3667     1.9176  0.000e+00
    100.279     7.6541   3.421789    33.1446        810     3.3708     1.9160  0.000e+00
    100.380     7.6545   3.422074    33.1471        811     3.3750     1.9162  0.000e+00
    100.489     7.6548   3.422159    33.1477        812     3.3792     1.9145  0.000e+00
    100.603     7.6549   3.422262    33.1487        813     3.3833     1.9129  0.000e+00
    100.729     7.6548   3.422285    33.1490        814     3.3875     1.9123  0.000e+00
    100.860     7.6544   3.422239    33.1488        815     3.3917     1.9099  0.000e+00
    101.001     7.6546   3.422154    33.1477        816     3.3958     1.9093  0.000e+00
    101.144     7.6543   3.422159    33.1479        817     3.4000     1.9080  0.000e+00
    101.294     7.6538   3.422137    33.1481        818     3.4042     1.9062  0.000e+00
    101.445     7.6533   3.422370    33.1510        819     3.4083     1.9064  0.000e+00
    101.597     7.6526   3.422610    33.1542        820     3.4125     1.9025  0.000e+00
    101.746     7.6523   3.422695    33.1553        821     3.4167     1.9022  0.000e+00
    101.894     7.6520   3.422826    33.1570        822     3.4208     1.9000  0.000e+00
    102.035     7.6517   3.423208    33.1613        823     3.4250     1.8990  0.000e+00
    102.182     7.6517   3.423869    33.1683        824     3.4292     1.8986  0.000e+00
    102.328     7.6522   3.424405    33.1735        825     3.4333     1.8982  0.000e+00
    102.476     7.6536   3.424838    33.1768        826     3.4375     1.8987  0.000e+00
    102.625     7.6553   3.425088    33.1778        827     3.4417     1.8974  0.000e+00
    102.778     7.6572   3.425225    33.1774        828     3.4458     1.8972  0.000e+00
    102.939     7.6589   3.425356    33.1771        829     3.4500     1.8961  0.000e+00
    103.111     7.6604   3.425419    33.1763        830     3.4542     1.8955  0.000e+00
    103.281     7.6618   3.425544    33.1762        831     3.4583     1.8945  0.000e+00
    103.457     7.6629   3.425539    33.1750        832     3.4625     1.8942  0.000e+00
    103.625     7.6636   3.425476    33.1736        833     3.4667     1.8935  0.000e+00
    103.797     7.6644   3.425744    33.1756        834     3.4708     1.8923  0.000e+00
    103.967     7.6652   3.426137    33.1790        835     3.4750     1.8926  0.000e+00
    104.124     7.6663   3.426838    33.1854        836     3.4792     1.8915  0.000e+00
    104.274     7.6674   3.427625    33.1928        837     3.4833     1.8912  0.000e+00
    104.412     7.6692   3.428286    33.1981        838     3.4875     1.8893  0.000e+00
    104.533     7.6709   3.429523    33.2097        839     3.4917     1.8880  0.000e+00
    104.638     7.6726   3.430264    33.2160        840     3.4958     1.8874  0.000e+00
    104.735     7.6742   3.430498    33.2169        841     3.5000     1.8868  0.000e+00
    104.813     7.6752   3.430681    33.2179        842     3.5042     1.8856  0.000e+00
    104.892     7.6758   3.431023    33.2210        843     3.5083     1.8866  0.000e+00
    104.968     7.6757   3.431593    33.2272        844     3.5125     1.8852  0.000e+00
    105.034     7.6754   3.432106    33.2329        845     3.5167     1.8836  0.000e+00
    105.104     7.6750   3.432751    33.2402        846     3.5208     1.8825  0.000e+00
    105.169     7.6747   3.433372    33.2471        847     3.5250     1.8824  0.000e+00
    105.249     7.6746   3.433806    33.2519        848     3.5292     1.8816  0.000e+00
    105.337     7.6746   3.433988    33.2538        849     3.5333     1.8801  0.000e+00
    105.448     7.6746   3.434302    33.2572        850     3.5375     1.8794  0.000e+00
    105.565     7.6743   3.435312    33.2682        851     3.5417     1.8776  0.000e+00
    105.704     7.6741   3.435934    33.2750        852     3.5458     1.8759  0.000e+00
    105.855     7.6748   3.436242    33.2776        853     3.5500     1.8738  0.000e+00
    106.006     7.6756   3.436516    33.2797        854     3.5542     1.8737  0.000e+00
    106.178     7.6762   3.437098    33.2853        855     3.5583     1.8715  0.000e+00
    106.348     7.6770   3.437395    33.2877        856     3.5625     1.8695  0.000e+00
    106.531     7.6777   3.437406    33.2870        857     3.5667     1.8679  0.000e+00
    106.708     7.6785   3.437406    33.2862        858     3.5708     1.8657  0.000e+00
    106.887     7.6792   3.437480    33.2862        859     3.5750     1.8633  0.000e+00
    107.063     7.6795   3.437492    33.2860        860     3.5792     1.8610  0.000e+00
    107.236     7.6798   3.437880    33.2898        861     3.5833     1.8594  0.000e+00
    107.404     7.6799   3.438542    33.2967        862     3.5875     1.8583  0.000e+00
    107.562     7.6804   3.438919    33.3003        863     3.5917     1.8552  0.000e+00
    107.719     7.6804   3.439227    33.3034        864     3.5958     1.8543  0.000e+00
    107.867     7.6805   3.439621    33.3076        865     3.6000     1.8529  0.000e+00
    108.012     7.6804   3.439975    33.3114        866     3.6042     1.8505  0.000e+00
    108.155     7.6801   3.440163    33.3136        867     3.6083     1.8502  0.000e+00
    108.291     7.6802   3.440306    33.3150        868     3.6125     1.8482  0.000e+00
    108.428     7.6804   3.440409    33.3158        869     3.6167     1.8463  0.000e+00
    108.555     7.6804   3.440455    33.3163        870     3.6208     1.8442  0.000e+00
    108.681     7.6802   3.440517    33.3171        871     3.6250     1.8435  0.000e+00
    108.800     7.6800   3.440632    33.3185        872     3.6292     1.8427  0.000e+00
    108.922     7.6799   3.440637    33.3185        873     3.6333     1.8411  0.000e+00
    109.034     7.6799   3.440809    33.3203        874     3.6375     1.8409  0.000e+00
    109.166     7.6804   3.440929    33.3211        875     3.6417     1.8396  0.000e+00
    109.292     7.6804   3.440974    33.3215        876     3.6458     1.8389  0.000e+00
    109.426     7.6803   3.441054    33.3224        877     3.6500     1.8371  0.000e+00
    109.562     7.6801   3.441140    33.3235        878     3.6542     1.8356  0.000e+00
    109.707     7.6799   3.441305    33.3254        879     3.6583     1.8365  0.000e+00
    109.862     7.6798   3.441368    33.3261        880     3.6625     1.8353  0.000e+00
    110.016     7.6798   3.441448    33.3269        881     3.6667     1.8345  0.000e+00
    110.173     7.6800   3.441511    33.3273        882     3.6708     1.8339  0.000e+00
    110.338     7.6801   3.441523    33.3272        883     3.6750     1.8319  0.000e+00
    110.493     7.6801   3.441551    33.3275        884     3.6792     1.8319  0.000e+00
    110.652     7.6799   3.441654    33.3286        885     3.6833     1.8310  0.000e+00
    110.806     7.6799   3.441757    33.3297        886     3.6875     1.8307  0.000e+00
    110.953     7.6800   3.441843    33.3305        887     3.6917     1.8308  0.000e+00
    111.095     7.6800   3.441883    33.3308        888     3.6958     1.8301  0.000e+00
    111.222     7.6801   3.441934    33.3312        889     3.7000     1.8296  0.000e+00
    111.343     7.6802   3.442008    33.3318        890     3.7042     1.8300  0.000e+00
    111.452     7.6805   3.442094    33.3324        891     3.7083     1.8292  0.000e+00
    111.557     7.6804   3.442174    33.3334        892     3.7125     1.8287  0.000e+00
    111.667     7.6804   3.442214    33.3338        893     3.7167     1.8287  0.000e+00
    111.772     7.6802   3.442300    33.3347        894     3.7208     1.8277  0.000e+00
    111.886     7.6802   3.442322    33.3349        895     3.7250     1.8276  0.000e+00
    112.011     7.6804   3.442322    33.3347        896     3.7292     1.8273  0.000e+00
    112.130     7.6804   3.442340    33.3348        897     3.7333     1.8270  0.000e+00
    112.260     7.6804   3.442363    33.3350        898     3.7375     1.8270  0.000e+00
    112.394     7.6805   3.442385    33.3351        899     3.7417     1.8268  0.000e+00
    112.526     7.6804   3.442431    33.3357        900     3.7458     1.8261  0.000e+00
    112.663     7.6804   3.442488    33.3362        901     3.7500     1.8252  0.000e+00
    112.804     7.6804   3.442551    33.3368        902     3.7542     1.8240  0.000e+00
    112.942     7.6804   3.442585    33.3371        903     3.7583     1.8253  0.000e+00
    113.086     7.6803   3.442614    33.3374        904     3.7625     1.8230  0.000e+00
    113.235     7.6803   3.442694    33.3382        905     3.7667     1.8229  0.000e+00
    113.370     7.6804   3.442717    33.3384        906     3.7708     1.8225  0.000e+00
    113.506     7.6804   3.442763    33.3388        907     3.7750     1.8222  0.000e+00
    113.640     7.6803   3.442820    33.3394        908     3.7792     1.8232  0.000e+00
