HB2407/sbe120.cnv
* Sea-Bird SBE 19plus V2 Data File:
* FileName = C:\cruise\data\sbe120.hex
* Software Version Seasave V 7.26.7.121
* Temperature SN = 7037
* Conductivity SN = 7037
* System UpLoad Time = Oct 31 2024 22:43:24
* NMEA Latitude = 42 10.14 N
* NMEA Longitude = 065 50.64 W
* NMEA UTC (Time) = Oct 31 2024  22:42:34
** Ship: Bigelow
** Cruise:  HB2407
** Program:  Spring Bottom Trawl
# nquan = 8
# nvalues = 2752                                  
# units = specified
# name 0 = depSM: Depth [salt water, m]
# name 1 = tv290C: Temperature [ITS-90, deg C]
# name 2 = c0S/m: Conductivity [S/m]
# name 3 = sal00: Salinity, Practical [PSU]
# name 4 = scan: Scan Count
# name 5 = timeM: Time, Elapsed [minutes]
# name 6 = sbeox0V: Oxygen raw, SBE 43 [V]
# name 7 = flag:  0.000e+00
# span 0 =     -0.002,    241.332                 
# span 1 =     5.6165,    13.5956                 
# span 2 =   0.141253,   3.815366                 
# span 3 =     0.9238,    35.0215                 
# span 4 =         11,       2762                 
# span 5 =     0.0417,    11.5042                 
# span 6 =     1.8664,     2.4855                 
# span 7 = 0.0000e+00, 0.0000e+00                 
# interval = seconds: 0.25
# start_time = Oct 31 2024 22:42:34 [NMEA time, header]
# bad_flag = -9.990e-29
*END*
      0.320    13.5500   3.811481    31.8318         11     0.0417     2.2865  0.000e+00
      0.085    13.5499   3.811511    31.8323         12     0.0458     2.2811  0.000e+00
      0.029    13.5497   1.360915    10.3028         13     0.0500     2.2827  0.000e+00
      0.032    13.5503   0.593718     4.2207         14     0.0542     2.2877  0.000e+00
      0.032    13.5523   0.486427     3.4115         15     0.0583     2.2975  0.000e+00
      0.029    13.5544   0.432013     3.0063         16     0.0625     2.3113  0.000e+00
      0.029    13.5558   0.389269     2.6909         17     0.0667     2.3277  0.000e+00
      0.031    13.5564   0.356936     2.4541         18     0.0708     2.3443  0.000e+00
      0.202    13.5570   0.429243     2.9856         19     0.0750     2.3578  0.000e+00
      0.624    13.5607   3.591055    29.7837         20     0.0792     2.3659  0.000e+00
      0.887    13.5632   3.804442    31.7552         21     0.0833     2.3702  0.000e+00
      1.061    13.5620   3.803414    31.7466         22     0.0875     2.3730  0.000e+00
      1.135    13.5602   3.805066    31.7634         23     0.0917     2.3745  0.000e+00
      1.108    13.5584   3.809162    31.8030         24     0.0958     2.3742  0.000e+00
      1.001    13.5567   3.806778    31.7823         25     0.1000     2.3700  0.000e+00
      0.837    13.5552   3.806142    31.7777         26     0.1042     2.3638  0.000e+00
      0.634    13.5536   3.807729    31.7938         27     0.1083     2.3554  0.000e+00
      0.396    13.5525   3.809043    31.8071         28     0.1125     2.3463  0.000e+00
      0.135    13.5513   3.810214    31.8190         29     0.1167     2.3395  0.000e+00
      0.031    13.5508   3.261989    26.7822         30     0.1208     2.3336  0.000e+00
      0.023    13.5504   0.676615     4.8543         31     0.1250     2.3305  0.000e+00
      0.031    13.5511   0.505665     3.5556         32     0.1292     2.3316  0.000e+00
      0.031    13.5526   0.412355     2.8611         33     0.1333     2.3363  0.000e+00
      0.031    13.5537   0.360006     2.4767         34     0.1375     2.3441  0.000e+00
      0.172    13.5544   1.199043     8.9828         35     0.1417     2.3548  0.000e+00
      0.340    13.5568   1.193967     8.9411         36     0.1458     2.3644  0.000e+00
      0.410    13.5567   3.613688    29.9954         37     0.1500     2.3705  0.000e+00
      0.423    13.5548   3.753424    31.2888         38     0.1542     2.3767  0.000e+00
      0.465    13.5530   3.635380    30.1984         39     0.1583     2.3806  0.000e+00
      0.557    13.5519   3.684427    30.6522         40     0.1625     2.3840  0.000e+00
      0.665    13.5511   3.806766    31.7870         41     0.1667     2.3846  0.000e+00
      0.767    13.5504   3.807931    31.7984         42     0.1708     2.3811  0.000e+00
      0.796    13.5497   3.810120    31.8192         43     0.1750     2.3752  0.000e+00
      0.768    13.5493   3.809382    31.8128         44     0.1792     2.3688  0.000e+00
      0.642    13.5493   3.810976    31.8276         45     0.1833     2.3599  0.000e+00
      0.479    13.5494   3.811220    31.8298         46     0.1875     2.3500  0.000e+00
      0.331    13.5494   3.810904    31.8270         47     0.1917     2.3392  0.000e+00
      0.255    13.5494   3.806451    31.7857         48     0.1958     2.3321  0.000e+00
      0.273    13.5494   3.785533    31.5913         49     0.2000     2.3221  0.000e+00
      0.432    13.5494   3.806386    31.7850         50     0.2042     2.3132  0.000e+00
      0.662    13.5493   3.805066    31.7727         51     0.2083     2.3037  0.000e+00
      0.931    13.5494   3.810215    31.8203         52     0.2125     2.2934  0.000e+00
      1.206    13.5493   3.810102    31.8193         53     0.2167     2.2850  0.000e+00
      1.470    13.5492   3.809180    31.8107         54     0.2208     2.2750  0.000e+00
      1.745    13.5491   3.809513    31.8137         55     0.2250     2.2684  0.000e+00
      2.021    13.5491   3.810483    31.8227         56     0.2292     2.2599  0.000e+00
      2.274    13.5490   3.810905    31.8266         57     0.2333     2.2534  0.000e+00
      2.509    13.5491   3.811107    31.8282         58     0.2375     2.2454  0.000e+00
      2.744    13.5491   3.810953    31.8267         59     0.2417     2.2364  0.000e+00
      2.992    13.5491   3.810977    31.8269         60     0.2458     2.2255  0.000e+00
      3.252    13.5493   3.811155    31.8283         61     0.2500     2.2154  0.000e+00
      3.511    13.5492   3.811399    31.8305         62     0.2542     2.2065  0.000e+00
      3.769    13.5491   3.811465    31.8311         63     0.2583     2.1979  0.000e+00
      3.983    13.5491   3.811483    31.8312         64     0.2625     2.1892  0.000e+00
      4.174    13.5492   3.811465    31.8309         65     0.2667     2.1836  0.000e+00
      4.346    13.5492   3.811465    31.8308         66     0.2708     2.1820  0.000e+00
      4.513    13.5493   3.473169    28.7082         67     0.2750     2.1819  0.000e+00
      4.664    13.5492   2.741134    22.1071         68     0.2792     2.1839  0.000e+00
      4.789    13.5494   3.482829    28.7966         69     0.2833     2.1857  0.000e+00
      4.896    13.5492   2.793603    22.5729         70     0.2875     2.1880  0.000e+00
      4.995    13.5494   2.387942    19.0013         71     0.2917     2.1931  0.000e+00
      5.109    13.5494   2.270148    17.9777         72     0.2958     2.1962  0.000e+00
      5.250    13.5494   2.429858    19.3670         73     0.3000     2.1993  0.000e+00
      5.416    13.5497   3.550677    29.4190         74     0.3042     2.1987  0.000e+00
      5.601    13.5497   3.810216    31.8183         75     0.3083     2.1995  0.000e+00
      5.787    13.5499   3.810413    31.8198         76     0.3125     2.1968  0.000e+00
      5.975    13.5501   3.810484    31.8203         77     0.3167     2.1934  0.000e+00
      6.174    13.5502   3.810710    31.8223         78     0.3208     2.1895  0.000e+00
      6.387    13.5504   3.810954    31.8243         79     0.3250     2.1834  0.000e+00
      6.604    13.5504   3.811359    31.8279         80     0.3292     2.1777  0.000e+00
      6.818    13.5505   3.811573    31.8297         81     0.3333     2.1701  0.000e+00
      7.029    13.5505   3.811626    31.8302         82     0.3375     2.1631  0.000e+00
      7.246    13.5503   3.811627    31.8302         83     0.3417     2.1568  0.000e+00
      7.465    13.5502   3.811531    31.8293         84     0.3458     2.1495  0.000e+00
      7.693    13.5499   3.811555    31.8297         85     0.3500     2.1442  0.000e+00
      7.915    13.5497   3.811603    31.8302         86     0.3542     2.1383  0.000e+00
      8.137    13.5494   3.811627    31.8307         87     0.3583     2.1326  0.000e+00
      8.352    13.5493   3.811645    31.8308         88     0.3625     2.1282  0.000e+00
      8.566    13.5491   3.811645    31.8309         89     0.3667     2.1268  0.000e+00
      8.777    13.5488   3.811669    31.8313         90     0.3708     2.1306  0.000e+00
      8.976    13.5487   3.811645    31.8311         91     0.3750     2.1379  0.000e+00
      9.175    13.5485   3.811645    31.8311         92     0.3792     2.1482  0.000e+00
      9.361    13.5483   3.811627    31.8311         93     0.3833     2.1592  0.000e+00
      9.540    13.5481   3.811556    31.8305         94     0.3875     2.1719  0.000e+00
      9.705    13.5483   3.811378    31.8286         95     0.3917     2.1834  0.000e+00
      9.868    13.5480   3.811449    31.8295         96     0.3958     2.1953  0.000e+00
     10.034    13.5480   3.811461    31.8295         97     0.4000     2.2042  0.000e+00
     10.195    13.5480   3.811515    31.8299         98     0.4042     2.2136  0.000e+00
     10.361    13.5480   3.811539    31.8302         99     0.4083     2.2223  0.000e+00
     10.480    13.5480   3.811693    31.8315        100     0.4125     2.2299  0.000e+00
     10.558    13.5480   3.811693    31.8315        101     0.4167     2.2364  0.000e+00
     10.614    13.5481   3.811717    31.8316        102     0.4208     2.2402  0.000e+00
     10.630    13.5482   3.811717    31.8315        103     0.4250     2.2427  0.000e+00
     10.645    13.5483   3.811717    31.8314        104     0.4292     2.2445  0.000e+00
     10.663    13.5483   3.811759    31.8318        105     0.4333     2.2467  0.000e+00
     10.687    13.5483   3.811788    31.8320        106     0.4375     2.2559  0.000e+00
     10.712    13.5482   3.811830    31.8325        107     0.4417     2.2723  0.000e+00
     10.730    13.5481   3.811830    31.8326        108     0.4458     2.2946  0.000e+00
     10.748    13.5483   3.811812    31.8322        109     0.4500     2.3163  0.000e+00
     10.763    13.5481   3.811830    31.8326        110     0.4542     2.3371  0.000e+00
     10.768    13.5480   3.811830    31.8327        111     0.4583     2.3562  0.000e+00
     10.763    13.5481   3.811836    31.8326        112     0.4625     2.3731  0.000e+00
     10.743    13.5480   3.811830    31.8327        113     0.4667     2.3867  0.000e+00
     10.717    13.5479   3.811830    31.8328        114     0.4708     2.3993  0.000e+00
     10.681    13.5478   3.811788    31.8325        115     0.4750     2.4093  0.000e+00
     10.641    13.5477   3.811741    31.8322        116     0.4792     2.4177  0.000e+00
     10.605    13.5476   3.811759    31.8324        117     0.4833     2.4256  0.000e+00
     10.575    13.5475   3.811788    31.8328        118     0.4875     2.4313  0.000e+00
     10.558    13.5475   3.811806    31.8329        119     0.4917     2.4363  0.000e+00
     10.557    13.5479   3.811806    31.8326        120     0.4958     2.4396  0.000e+00
     10.580    13.5479   3.811741    31.8320        121     0.5000     2.4414  0.000e+00
     10.616    13.5477   3.811759    31.8323        122     0.5042     2.4433  0.000e+00
     10.674    13.5477   3.811806    31.8327        123     0.5083     2.4455  0.000e+00
     10.750    13.5477   3.811806    31.8327        124     0.5125     2.4472  0.000e+00
     10.847    13.5476   3.811812    31.8328        125     0.5167     2.4478  0.000e+00
     10.949    13.5477   3.811783    31.8324        126     0.5208     2.4498  0.000e+00
     11.055    13.5476   3.811783    31.8325        127     0.5250     2.4495  0.000e+00
     11.151    13.5477   3.811789    31.8324        128     0.5292     2.4512  0.000e+00
     11.254    13.5474   3.811783    31.8325        129     0.5333     2.4514  0.000e+00
     11.345    13.5474   3.811807    31.8327        130     0.5375     2.4532  0.000e+00
     11.437    13.5474   3.811813    31.8328        131     0.5417     2.4523  0.000e+00
     11.520    13.5474   3.811717    31.8319        132     0.5458     2.4538  0.000e+00
     11.592    13.5470   3.811646    31.8315        133     0.5500     2.4545  0.000e+00
     11.670    13.5467   3.811575    31.8310        134     0.5542     2.4545  0.000e+00
     11.750    13.5462   3.811515    31.8309        135     0.5583     2.4570  0.000e+00
     11.844    13.5452   3.811450    31.8310        136     0.5625     2.4576  0.000e+00
     11.947    13.5448   3.811319    31.8301        137     0.5667     2.4579  0.000e+00
     12.057    13.5437   3.811266    31.8305        138     0.5708     2.4588  0.000e+00
     12.184    13.5430   3.811224    31.8306        139     0.5750     2.4583  0.000e+00
     12.323    13.5421   3.811224    31.8313        140     0.5792     2.4586  0.000e+00
     12.486    13.5416   3.811266    31.8321        141     0.5833     2.4592  0.000e+00
     12.674    13.5414   3.811135    31.8310        142     0.5875     2.4577  0.000e+00
     12.885    13.5408   3.811016    31.8303        143     0.5917     2.4576  0.000e+00
     13.116    13.5400   3.810957    31.8303        144     0.5958     2.4553  0.000e+00
     13.362    13.5393   3.811070    31.8318        145     0.6000     2.4544  0.000e+00
     13.603    13.5390   3.810993    31.8313        146     0.6042     2.4553  0.000e+00
     13.847    13.5385   3.810844    31.8302        147     0.6083     2.4542  0.000e+00
     14.095    13.5379   3.810755    31.8298        148     0.6125     2.4553  0.000e+00
     14.337    13.5370   3.810713    31.8300        149     0.6167     2.4551  0.000e+00
     14.565    13.5359   3.810398    31.8279        150     0.6208     2.4547  0.000e+00
     14.776    13.5343   3.810488    31.8300        151     0.6250     2.4547  0.000e+00
     14.961    13.5333   3.810125    31.8274        152     0.6292     2.4547  0.000e+00
     15.123    13.5317   3.809792    31.8256        153     0.6333     2.4547  0.000e+00
     15.277    13.5293   3.809816    31.8277        154     0.6375     2.4548  0.000e+00
     15.414    13.5271   3.808068    31.8133        155     0.6417     2.4555  0.000e+00
     15.546    13.5219   3.807711    31.8143        156     0.6458     2.4563  0.000e+00
     15.669    13.5151   3.807890    31.8215        157     0.6500     2.4561  0.000e+00
     15.780    13.5106   3.807414    31.8208        158     0.6542     2.4553  0.000e+00
     15.893    13.5064   3.806636    31.8170        159     0.6583     2.4548  0.000e+00
     16.024    13.5010   3.806035    31.8158        160     0.6625     2.4546  0.000e+00
     16.176    13.4951   3.805917    31.8196        161     0.6667     2.4545  0.000e+00
     16.351    13.4904   3.805768    31.8221        162     0.6708     2.4521  0.000e+00
     16.539    13.4866   3.805412    31.8219        163     0.6750     2.4514  0.000e+00
     16.749    13.4831   3.805548    31.8259        164     0.6792     2.4509  0.000e+00
     16.984    13.4809   3.805388    31.8262        165     0.6833     2.4504  0.000e+00
     17.239    13.4790   3.805388    31.8277        166     0.6875     2.4507  0.000e+00
     17.512    13.4778   3.805430    31.8289        167     0.6917     2.4515  0.000e+00
     17.790    13.4771   3.805412    31.8293        168     0.6958     2.4507  0.000e+00
     18.072    13.4767   3.805389    31.8293        169     0.7000     2.4503  0.000e+00
     18.343    13.4763   3.804586    31.8221        170     0.7042     2.4511  0.000e+00
     18.607    13.4749   3.802507    31.8038        171     0.7083     2.4517  0.000e+00
     18.862    13.4672   3.800208    31.7887        172     0.7125     2.4509  0.000e+00
     19.097    13.4537   3.796704    31.7672        173     0.7167     2.4496  0.000e+00
     19.316    13.4333   3.795303    31.7710        174     0.7208     2.4492  0.000e+00
     19.515    13.4116   3.794276    31.7795        175     0.7250     2.4476  0.000e+00
     19.690    13.3926   3.791510    31.7694        176     0.7292     2.4455  0.000e+00
     19.849    13.3732   3.790875    31.7796        177     0.7333     2.4465  0.000e+00
     19.990    13.3554   3.790187    31.7880        178     0.7375     2.4460  0.000e+00
     20.120    13.3414   3.789470    31.7929        179     0.7417     2.4442  0.000e+00
     20.240    13.3296   3.788449    31.7932        180     0.7458     2.4441  0.000e+00
     20.363    13.3185   3.787957    31.7978        181     0.7500     2.4435  0.000e+00
     20.491    13.3092   3.785229    31.7800        182     0.7542     2.4438  0.000e+00
     20.632    13.2958   3.783147    31.7717        183     0.7583     2.4434  0.000e+00
     20.793    13.2761   3.782057    31.7779        184     0.7625     2.4433  0.000e+00
     20.972    13.2578   3.780527    31.7788        185     0.7667     2.4431  0.000e+00
     21.171    13.2415   3.776314    31.7530        186     0.7708     2.4432  0.000e+00
     21.386    13.2176   3.769899    31.7128        187     0.7750     2.4427  0.000e+00
     21.614    13.1774   3.764715    31.6977        188     0.7792     2.4433  0.000e+00
     21.858    13.1272   3.763342    31.7266        189     0.7833     2.4419  0.000e+00
