HB2407/sbe112.cnv
* Sea-Bird SBE 19plus V2 Data File:
* FileName = C:\cruise\data\sbe112.hex
* Software Version Seasave V 7.26.7.121
* Temperature SN = 7037
* Conductivity SN = 7037
* System UpLoad Time = Oct 30 2024 13:47:07
* NMEA Latitude = 41 36.57 N
* NMEA Longitude = 066 38.41 W
* NMEA UTC (Time) = Oct 30 2024  13:46:15
** Ship: Bigelow
** Cruise:  HB2407
** Program:  Spring Bottom Trawl
# nquan = 8
# nvalues = 1798                                  
# units = specified
# name 0 = depSM: Depth [salt water, m]
# name 1 = tv290C: Temperature [ITS-90, deg C]
# name 2 = c0S/m: Conductivity [S/m]
# name 3 = sal00: Salinity, Practical [PSU]
# name 4 = scan: Scan Count
# name 5 = timeM: Time, Elapsed [minutes]
# name 6 = sbeox0V: Oxygen raw, SBE 43 [V]
# name 7 = flag:  0.000e+00
# span 0 =      0.175,     67.078                 
# span 1 =    12.0205,    12.2773                 
# span 2 =   0.000047,   3.726736                 
# span 3 =     0.0062,    32.1924                 
# span 4 =         11,       1808                 
# span 5 =     0.0417,     7.5292                 
# span 6 =     1.9548,     2.5732                 
# span 7 = 0.0000e+00, 0.0000e+00                 
# interval = seconds: 0.25
# start_time = Oct 30 2024 13:46:15 [NMEA time, header]
# bad_flag = -9.990e-29
*END*
[from data line 1439]
     14.326    12.1660   3.707875    32.0160       1450     6.0375     2.4078  0.000e+00
     14.288    12.1711   3.707851    32.0115       1451     6.0417     2.4088  0.000e+00
     14.250    12.1748   3.707851    32.0084       1452     6.0458     2.4097  0.000e+00
     14.220    12.1768   3.707827    32.0064       1453     6.0500     2.4095  0.000e+00
     14.182    12.1782   3.707786    32.0048       1454     6.0542     2.4092  0.000e+00
     14.146    12.1790   3.707398    32.0004       1455     6.0583     2.4086  0.000e+00
     14.093    12.1789   3.707463    32.0011       1456     6.0625     2.4082  0.000e+00
     14.054    12.1784   3.707457    32.0016       1457     6.0667     2.4075  0.000e+00
     14.003    12.1782   3.707510    32.0023       1458     6.0708     2.4061  0.000e+00
     13.952    12.1782   3.707092    31.9983       1459     6.0750     2.4056  0.000e+00
     13.905    12.1774   3.707351    32.0015       1460     6.0792     2.4072  0.000e+00
     13.858    12.1770   3.707286    32.0012       1461     6.0833     2.4059  0.000e+00
     13.815    12.1769   3.707221    32.0007       1462     6.0875     2.4065  0.000e+00
     13.770    12.1768   3.707286    32.0014       1463     6.0917     2.4059  0.000e+00
     13.734    12.1765   3.707221    32.0010       1464     6.0958     2.4065  0.000e+00
     13.699    12.1765   3.707104    31.9999       1465     6.1000     2.4062  0.000e+00
     13.658    12.1760   3.706486    31.9945       1466     6.1042     2.4069  0.000e+00
     13.629    12.1749   3.706445    31.9950       1467     6.1083     2.4081  0.000e+00
     13.594    12.1733   3.706627    31.9981       1468     6.1125     2.4069  0.000e+00
     13.556    12.1727   3.706286    31.9954       1469     6.1167     2.4082  0.000e+00
     13.531    12.1718   3.706445    31.9977       1470     6.1208     2.4059  0.000e+00
     13.495    12.1712   3.706633    32.0000       1471     6.1250     2.4056  0.000e+00
     13.462    12.1714   3.706539    31.9990       1472     6.1292     2.4069  0.000e+00
     13.423    12.1715   3.706198    31.9957       1473     6.1333     2.4056  0.000e+00
     13.388    12.1708   3.706527    31.9994       1474     6.1375     2.4065  0.000e+00
     13.338    12.1706   3.706039    31.9950       1475     6.1417     2.4072  0.000e+00
     13.294    12.1701   3.705728    31.9923       1476     6.1458     2.4079  0.000e+00
     13.245    12.1687   3.705316    31.9897       1477     6.1500     2.4091  0.000e+00
     13.195    12.1670   3.705492    31.9928       1478     6.1542     2.4085  0.000e+00
     13.135    12.1656   3.705880    31.9977       1479     6.1583     2.4092  0.000e+00
     13.079    12.1657   3.705992    31.9988       1480     6.1625     2.4096  0.000e+00
     13.016    12.1661   3.705486    31.9936       1481     6.1667     2.4092  0.000e+00
     12.961    12.1656   3.705651    31.9956       1482     6.1708     2.4086  0.000e+00
     12.907    12.1653   3.706674    32.0057       1483     6.1750     2.4094  0.000e+00
     12.857    12.1670   3.706898    32.0064       1484     6.1792     2.4092  0.000e+00
     12.813    12.1694   3.706198    31.9977       1485     6.1833     2.4098  0.000e+00
     12.766    12.1698   3.705727    31.9929       1486     6.1875     2.4105  0.000e+00
     12.730    12.1688   3.705674    31.9932       1487     6.1917     2.4101  0.000e+00
     12.696    12.1676   3.705833    31.9958       1488     6.1958     2.4102  0.000e+00
     12.658    12.1669   3.705598    31.9941       1489     6.2000     2.4108  0.000e+00
     12.627    12.1661   3.705698    31.9958       1490     6.2042     2.4104  0.000e+00
     12.591    12.1658   3.705551    31.9946       1491     6.2083     2.4102  0.000e+00
     12.557    12.1655   3.706127    32.0005       1492     6.2125     2.4106  0.000e+00
     12.520    12.1660   3.705786    31.9967       1493     6.2167     2.4108  0.000e+00
     12.482    12.1663   3.704340    31.9827       1494     6.2208     2.4114  0.000e+00
     12.443    12.1637   3.704046    31.9820       1495     6.2250     2.4108  0.000e+00
     12.403    12.1602   3.703581    31.9806       1496     6.2292     2.4105  0.000e+00
     12.361    12.1570   3.703981    31.9872       1497     6.2333     2.4104  0.000e+00
     12.332    12.1551   3.703775    31.9868       1498     6.2375     2.4108  0.000e+00
     12.300    12.1539   3.703775    31.9879       1499     6.2417     2.4107  0.000e+00
     12.275    12.1529   3.703029    31.9816       1500     6.2458     2.4105  0.000e+00
     12.248    12.1512   3.702676    31.9796       1501     6.2500     2.4123  0.000e+00
     12.226    12.1488   3.702529    31.9803       1502     6.2542     2.4122  0.000e+00
     12.193    12.1467   3.702553    31.9824       1503     6.2583     2.4130  0.000e+00
     12.170    12.1450   3.702459    31.9829       1504     6.2625     2.4133  0.000e+00
     12.135    12.1440   3.702600    31.9851       1505     6.2667     2.4146  0.000e+00
     12.097    12.1437   3.702976    31.9890       1506     6.2708     2.4152  0.000e+00
     12.058    12.1442   3.703117    31.9900       1507     6.2750     2.4145  0.000e+00
     12.016    12.1449   3.703052    31.9887       1508     6.2792     2.4145  0.000e+00
     11.967    12.1457   3.702911    31.9867       1509     6.2833     2.4149  0.000e+00
     11.929    12.1458   3.702870    31.9862       1510     6.2875     2.4142  0.000e+00
     11.884    12.1455   3.702758    31.9855       1511     6.2917     2.4133  0.000e+00
     11.844    12.1450   3.703664    31.9946       1512     6.2958     2.4130  0.000e+00
     11.810    12.1462   3.703140    31.9885       1513     6.3000     2.4127  0.000e+00
     11.774    12.1469   3.702823    31.9849       1514     6.3042     2.4135  0.000e+00
     11.736    12.1465   3.702688    31.9840       1515     6.3083     2.4137  0.000e+00
     11.691    12.1457   3.702176    31.9797       1516     6.3125     2.4144  0.000e+00
     11.647    12.1441   3.701965    31.9791       1517     6.3167     2.4145  0.000e+00
     11.606    12.1422   3.702329    31.9843       1518     6.3208     2.4153  0.000e+00
     11.557    12.1412   3.701982    31.9818       1519     6.3250     2.4140  0.000e+00
     11.517    12.1404   3.701830    31.9811       1520     6.3292     2.4159  0.000e+00
     11.476    12.1391   3.701765    31.9815       1521     6.3333     2.4161  0.000e+00
     11.427    12.1382   3.701982    31.9844       1522     6.3375     2.4159  0.000e+00
     11.381    12.1381   3.702823    31.9926       1523     6.3417     2.4180  0.000e+00
     11.342    12.1396   3.702176    31.9852       1524     6.3458     2.4188  0.000e+00
     11.302    12.1405   3.702306    31.9856       1525     6.3500     2.4179  0.000e+00
     11.269    12.1407   3.702823    31.9905       1526     6.3542     2.4184  0.000e+00
     11.224    12.1418   3.702394    31.9854       1527     6.3583     2.4181  0.000e+00
     11.181    12.1424   3.702529    31.9862       1528     6.3625     2.4182  0.000e+00
     11.132    12.1425   3.703840    31.9987       1529     6.3667     2.4191  0.000e+00
     11.081    12.1453   3.708668    32.0428       1530     6.3708     2.4184  0.000e+00
     11.024    12.1558   3.709162    32.0385       1531     6.3750     2.4199  0.000e+00
     10.980    12.1682   3.708691    32.0234       1532     6.3792     2.4191  0.000e+00
     10.930    12.1758   3.708573    32.0157       1533     6.3833     2.4198  0.000e+00
     10.895    12.1801   3.708673    32.0131       1534     6.3875     2.4202  0.000e+00
     10.846    12.1827   3.708549    32.0097       1535     6.3917     2.4198  0.000e+00
     10.807    12.1842   3.708132    32.0044       1536     6.3958     2.4175  0.000e+00
     10.760    12.1844   3.707103    31.9944       1537     6.4000     2.4171  0.000e+00
     10.732    12.1820   3.704727    31.9736       1538     6.4042     2.4143  0.000e+00
     10.687    12.1758   3.703992    31.9719       1539     6.4083     2.4125  0.000e+00
     10.651    12.1687   3.703886    31.9769       1540     6.4125     2.4100  0.000e+00
     10.617    12.1630   3.704945    31.9920       1541     6.4167     2.4079  0.000e+00
     10.575    12.1613   3.705833    32.0021       1542     6.4208     2.4081  0.000e+00
     10.526    12.1626   3.705156    31.9944       1543     6.4250     2.4068  0.000e+00
     10.479    12.1627   3.704315    31.9863       1544     6.4292     2.4059  0.000e+00
     10.434    12.1615   3.707009    32.0132       1545     6.4333     2.4076  0.000e+00
     10.392    12.1643   3.707173    32.0124       1546     6.4375     2.4069  0.000e+00
     10.340    12.1684   3.707285    32.0099       1547     6.4417     2.4083  0.000e+00
     10.289    12.1720   3.707326    32.0073       1548     6.4458     2.4080  0.000e+00
     10.242    12.1743   3.707067    32.0029       1549     6.4500     2.4084  0.000e+00
     10.185    12.1751   3.706991    32.0015       1550     6.4542     2.4085  0.000e+00
     10.138    12.1755   3.706897    32.0003       1551     6.4583     2.4079  0.000e+00
     10.091    12.1754   3.706920    32.0006       1552     6.4625     2.4077  0.000e+00
     10.054    12.1755   3.706332    31.9949       1553     6.4667     2.4069  0.000e+00
     10.022    12.1742   3.705809    31.9910       1554     6.4708     2.4072  0.000e+00
      9.984    12.1724   3.706555    31.9997       1555     6.4750     2.4061  0.000e+00
      9.957    12.1716   3.706767    32.0024       1556     6.4792     2.4064  0.000e+00
      9.926    12.1723   3.704880    31.9837       1557     6.4833     2.4059  0.000e+00
      9.906    12.1701   3.704339    31.9804       1558     6.4875     2.4066  0.000e+00
      9.888    12.1659   3.705832    31.9984       1559     6.4917     2.4071  0.000e+00
      9.863    12.1649   3.704997    31.9912       1560     6.4958     2.4077  0.000e+00
      9.828    12.1641   3.703234    31.9750       1561     6.5000     2.4079  0.000e+00
      9.798    12.1603   3.703457    31.9803       1562     6.5042     2.4085  0.000e+00
      9.767    12.1566   3.704727    31.9957       1563     6.5083     2.4088  0.000e+00
      9.725    12.1561   3.704339    31.9925       1564     6.5125     2.4090  0.000e+00
      9.684    12.1569   3.704274    31.9912       1565     6.5167     2.4083  0.000e+00
      9.639    12.1573   3.708067    32.0273       1566     6.5208     2.4081  0.000e+00
      9.590    12.1631   3.706626    32.0085       1567     6.5250     2.4089  0.000e+00
      9.530    12.1681   3.707737    32.0149       1568     6.5292     2.4100  0.000e+00
      9.485    12.1717   3.706091    31.9961       1569     6.5333     2.4106  0.000e+00
      9.422    12.1724   3.705903    31.9937       1570     6.5375     2.4117  0.000e+00
      9.357    12.1708   3.704926    31.9857       1571     6.5417     2.4121  0.000e+00
      9.297    12.1681   3.705021    31.9889       1572     6.5458     2.4114  0.000e+00
      9.232    12.1656   3.705450    31.9952       1573     6.5500     2.4109  0.000e+00
      9.176    12.1648   3.706332    32.0043       1574     6.5542     2.4117  0.000e+00
      9.118    12.1662   3.707532    32.0147       1575     6.5583     2.4107  0.000e+00
      9.060    12.1698   3.707414    32.0106       1576     6.5625     2.4111  0.000e+00
      9.008    12.1738   3.707143    32.0045       1577     6.5667     2.4119  0.000e+00
      8.959    12.1750   3.705650    31.9892       1578     6.5708     2.4101  0.000e+00
      8.912    12.1733   3.704532    31.9799       1579     6.5750     2.4102  0.000e+00
      8.870    12.1690   3.704409    31.9824       1580     6.5792     2.4099  0.000e+00
      8.831    12.1650   3.704233    31.9842       1581     6.5833     2.4094  0.000e+00
      8.789    12.1620   3.704362    31.9880       1582     6.5875     2.4079  0.000e+00
      8.758    12.1603   3.704521    31.9910       1583     6.5917     2.4082  0.000e+00
      8.728    12.1593   3.704233    31.9891       1584     6.5958     2.4082  0.000e+00
      8.700    12.1585   3.704274    31.9902       1585     6.6000     2.4086  0.000e+00
      8.679    12.1579   3.703886    31.9870       1586     6.6042     2.4090  0.000e+00
      8.652    12.1570   3.703774    31.9867       1587     6.6083     2.4091  0.000e+00
      8.624    12.1558   3.703839    31.9884       1588     6.6125     2.4092  0.000e+00
      8.596    12.1550   3.704662    31.9969       1589     6.6167     2.4093  0.000e+00
      8.567    12.1560   3.706579    32.0146       1590     6.6208     2.4092  0.000e+00
      8.525    12.1605   3.706590    32.0108       1591     6.6250     2.4104  0.000e+00
      8.485    12.1650   3.706990    32.0108       1592     6.6292     2.4101  0.000e+00
      8.449    12.1689   3.705743    31.9955       1593     6.6333     2.4110  0.000e+00
      8.406    12.1695   3.704185    31.9801       1594     6.6375     2.4109  0.000e+00
      8.359    12.1663   3.704132    31.9823       1595     6.6417     2.4124  0.000e+00
      8.317    12.1627   3.704597    31.9898       1596     6.6458     2.4124  0.000e+00
      8.265    12.1609   3.704432    31.9899       1597     6.6500     2.4108  0.000e+00
      8.212    12.1599   3.703797    31.9846       1598     6.6542     2.4118  0.000e+00
      8.154    12.1583   3.704426    31.9921       1599     6.6583     2.4111  0.000e+00
      8.097    12.1574   3.704091    31.9897       1600     6.6625     2.4111  0.000e+00
      8.031    12.1572   3.704426    31.9931       1601     6.6667     2.4113  0.000e+00
      7.974    12.1572   3.704044    31.9894       1602     6.6708     2.4105  0.000e+00
      7.912    12.1567   3.704044    31.9898       1603     6.6750     2.4108  0.000e+00
      7.849    12.1565   3.703821    31.9879       1604     6.6792     2.4120  0.000e+00
      7.789    12.1557   3.704156    31.9919       1605     6.6833     2.4135  0.000e+00
      7.729    12.1558   3.703562    31.9861       1606     6.6875     2.4138  0.000e+00
      7.677    12.1548   3.703727    31.9886       1607     6.6917     2.4141  0.000e+00
      7.623    12.1541   3.703503    31.9870       1608     6.6958     2.4146  0.000e+00
      7.572    12.1534   3.703497    31.9875       1609     6.7000     2.4146  0.000e+00
      7.534    12.1526   3.703274    31.9861       1610     6.7042     2.4163  0.000e+00
      7.493    12.1520   3.702845    31.9825       1611     6.7083     2.4159  0.000e+00
      7.462    12.1505   3.702710    31.9825       1612     6.7125     2.4164  0.000e+00
      7.426    12.1489   3.703004    31.9867       1613     6.7167     2.4179  0.000e+00
      7.386    12.1480   3.703215    31.9896       1614     6.7208     2.4171  0.000e+00
      7.343    12.1484   3.703250    31.9896       1615     6.7250     2.4177  0.000e+00
      7.301    12.1488   3.703297    31.9897       1616     6.7292     2.4178  0.000e+00
      7.259    12.1493   3.703027    31.9867       1617     6.7333     2.4178  0.000e+00
      7.223    12.1492   3.702915    31.9857       1618     6.7375     2.4195  0.000e+00
      7.185    12.1486   3.702933    31.9864       1619     6.7417     2.4193  0.000e+00
      7.146    12.1486   3.702956    31.9867       1620     6.7458     2.4201  0.000e+00
      7.109    12.1481   3.702610    31.9837       1621     6.7500     2.4184  0.000e+00
      7.075    12.1474   3.702780    31.9860       1622     6.7542     2.4179  0.000e+00
      7.034    12.1468   3.702757    31.9863       1623     6.7583     2.4171  0.000e+00
      6.992    12.1468   3.702651    31.9853       1624     6.7625     2.4166  0.000e+00
      6.943    12.1462   3.703233    31.9914       1625     6.7667     2.4175  0.000e+00
      6.882    12.1469   3.703039    31.9890       1626     6.7708     2.4178  0.000e+00
      6.817    12.1479   3.702439    31.9824       1627     6.7750     2.4182  0.000e+00
