HB2407/sbe101.cnv
* Sea-Bird SBE 19plus V2 Data File:
* FileName = C:\cruise\data\sbe101.hex
* Software Version Seasave V 7.26.7.121
* Temperature SN = 7037
* Conductivity SN = 7037
* System UpLoad Time = Oct 19 2024 15:52:12
* NMEA Latitude = 43 42.53 N
* NMEA Longitude = 068 25.04 W
* NMEA UTC (Time) = Oct 19 2024  15:51:07
** Ship: Bigelow
** Cruise:  HB2407
** Program:  Spring Bottom Trawl
# nquan = 8
# nvalues = 4473                                  
# units = specified
# name 0 = depSM: Depth [salt water, m]
# name 1 = tv290C: Temperature [ITS-90, deg C]
# name 2 = c0S/m: Conductivity [S/m]
# name 3 = sal00: Salinity, Practical [PSU]
# name 4 = scan: Scan Count
# name 5 = timeM: Time, Elapsed [minutes]
# name 6 = sbeox0V: Oxygen raw, SBE 43 [V]
# name 7 = flag:  0.000e+00
# span 0 =      0.134,    183.012                 
# span 1 =     7.5723,    14.0126                 
# span 2 =  -0.064629,   3.787322                 
# span 3 =     0.0000,    33.8693                 
# span 4 =         11,       4483                 
# span 5 =     0.0417,    18.6750                 
# span 6 =     1.6924,     2.5631                 
# span 7 = 0.0000e+00, 0.0000e+00                 
# interval = seconds: 0.25
# start_time = Oct 19 2024 15:51:07 [NMEA time, header]
# bad_flag = -9.990e-29
*END*
[from data line 1439]
    180.155     7.7333   3.499450    33.8657       1450     6.0375     1.6944  0.000e+00
    180.055     7.7334   3.499513    33.8664       1451     6.0417     1.6941  0.000e+00
    179.956     7.7335   3.499536    33.8665       1452     6.0458     1.6953  0.000e+00
    179.845     7.7336   3.499490    33.8660       1453     6.0500     1.6951  0.000e+00
    179.733     7.7336   3.499518    33.8663       1454     6.0542     1.6953  0.000e+00
    179.615     7.7336   3.499426    33.8654       1455     6.0583     1.6952  0.000e+00
    179.494     7.7336   3.499156    33.8626       1456     6.0625     1.6945  0.000e+00
    179.368     7.7332   3.499093    33.8623       1457     6.0667     1.6957  0.000e+00
    179.230     7.7329   3.499323    33.8652       1458     6.0708     1.6957  0.000e+00
    179.091     7.7328   3.499346    33.8656       1459     6.0750     1.6961  0.000e+00
    178.957     7.7329   3.499409    33.8662       1460     6.0792     1.6959  0.000e+00
    178.818     7.7329   3.499449    33.8667       1461     6.0833     1.6974  0.000e+00
    178.682     7.7332   3.499363    33.8655       1462     6.0875     1.6970  0.000e+00
    178.555     7.7332   3.499346    33.8655       1463     6.0917     1.6972  0.000e+00
    178.423     7.7332   3.499323    33.8652       1464     6.0958     1.6969  0.000e+00
    178.302     7.7331   3.499300    33.8652       1465     6.1000     1.6965  0.000e+00
    178.186     7.7329   3.499363    33.8661       1466     6.1042     1.6959  0.000e+00
    178.070     7.7331   3.499259    33.8649       1467     6.1083     1.6965  0.000e+00
    177.965     7.7331   3.499196    33.8642       1468     6.1125     1.6973  0.000e+00
    177.860     7.7329   3.499207    33.8646       1469     6.1167     1.6963  0.000e+00
    177.757     7.7326   3.498983    33.8625       1470     6.1208     1.6954  0.000e+00
    177.667     7.7324   3.498753    33.8603       1471     6.1250     1.6973  0.000e+00
    177.582     7.7318   3.498690    33.8602       1472     6.1292     1.6972  0.000e+00
    177.499     7.7312   3.498541    33.8592       1473     6.1333     1.6985  0.000e+00
    177.421     7.7309   3.498455    33.8587       1474     6.1375     1.6973  0.000e+00
    177.341     7.7304   3.498391    33.8584       1475     6.1417     1.6967  0.000e+00
    177.261     7.7299   3.498190    33.8568       1476     6.1458     1.6974  0.000e+00
    177.180     7.7294   3.498242    33.8579       1477     6.1500     1.6977  0.000e+00
    177.093     7.7290   3.498098    33.8568       1478     6.1542     1.6974  0.000e+00
    177.006     7.7287   3.497949    33.8556       1479     6.1583     1.6983  0.000e+00
    176.908     7.7284   3.497886    33.8552       1480     6.1625     1.6984  0.000e+00
    176.805     7.7278   3.497776    33.8546       1481     6.1667     1.6983  0.000e+00
    176.702     7.7275   3.498075    33.8582       1482     6.1708     1.6977  0.000e+00
    176.592     7.7275   3.497633    33.8535       1483     6.1750     1.6986  0.000e+00
    176.469     7.7272   3.497506    33.8525       1484     6.1792     1.7000  0.000e+00
    176.347     7.7266   3.497121    33.8490       1485     6.1833     1.6989  0.000e+00
    176.224     7.7258   3.496593    33.8441       1486     6.1875     1.6995  0.000e+00
    176.101     7.7247   3.495558    33.8342       1487     6.1917     1.6987  0.000e+00
    175.977     7.7226   3.495472    33.8353       1488     6.1958     1.6990  0.000e+00
    175.857     7.7206   3.495179    33.8342       1489     6.2000     1.6996  0.000e+00
    175.734     7.7189   3.494335    33.8268       1490     6.2042     1.7001  0.000e+00
    175.626     7.7171   3.494059    33.8256       1491     6.2083     1.6996  0.000e+00
    175.519     7.7150   3.493766    33.8245       1492     6.2125     1.7002  0.000e+00
    175.421     7.7134   3.493807    33.8266       1493     6.2167     1.7014  0.000e+00
    175.329     7.7123   3.493743    33.8270       1494     6.2208     1.7025  0.000e+00
    175.238     7.7114   3.493870    33.8292       1495     6.2250     1.7037  0.000e+00
    175.157     7.7109   3.493697    33.8279       1496     6.2292     1.7043  0.000e+00
    175.070     7.7105   3.493554    33.8268       1497     6.2333     1.7051  0.000e+00
    174.989     7.7101   3.493720    33.8291       1498     6.2375     1.7064  0.000e+00
    174.905     7.7098   3.493617    33.8283       1499     6.2417     1.7067  0.000e+00
    174.822     7.7099   3.493657    33.8286       1500     6.2458     1.7084  0.000e+00
    174.726     7.7098   3.493364    33.8257       1501     6.2500     1.7089  0.000e+00
    174.630     7.7092   3.493111    33.8235       1502     6.2542     1.7095  0.000e+00
    174.527     7.7085   3.492922    33.8222       1503     6.2583     1.7103  0.000e+00
    174.415     7.7076   3.492899    33.8229       1504     6.2625     1.7103  0.000e+00
    174.299     7.7070   3.492922    33.8238       1505     6.2667     1.7115  0.000e+00
    174.189     7.7066   3.492962    33.8247       1506     6.2708     1.7120  0.000e+00
    174.068     7.7065   3.492899    33.8242       1507     6.2750     1.7119  0.000e+00
    173.954     7.7063   3.492922    33.8246       1508     6.2792     1.7131  0.000e+00
    173.840     7.7063   3.492675    33.8220       1509     6.2833     1.7146  0.000e+00
    173.724     7.7059   3.492709    33.8228       1510     6.2875     1.7152  0.000e+00
    173.612     7.7055   3.492772    33.8239       1511     6.2917     1.7143  0.000e+00
    173.501     7.7053   3.492158    33.8176       1512     6.2958     1.7162  0.000e+00
    173.393     7.7046   3.492158    33.8183       1513     6.3000     1.7155  0.000e+00
    173.284     7.7037   3.492410    33.8220       1514     6.3042     1.7169  0.000e+00
    173.174     7.7035   3.492347    33.8215       1515     6.3083     1.7168  0.000e+00
    173.067     7.7035   3.491842    33.8162       1516     6.3125     1.7165  0.000e+00
    172.964     7.7029   3.491612    33.8143       1517     6.3167     1.7171  0.000e+00
    172.855     7.7019   3.491526    33.8144       1518     6.3208     1.7171  0.000e+00
    172.749     7.7009   3.491107    33.8109       1519     6.3250     1.7161  0.000e+00
    172.644     7.6998   3.490579    33.8064       1520     6.3292     1.7181  0.000e+00
    172.532     7.6981   3.490314    33.8052       1521     6.3333     1.7169  0.000e+00
    172.419     7.6968   3.490177    33.8050       1522     6.3375     1.7175  0.000e+00
    172.309     7.6953   3.490114    33.8059       1523     6.3417     1.7184  0.000e+00
    172.195     7.6942   3.490027    33.8060       1524     6.3458     1.7174  0.000e+00
    172.076     7.6935   3.489924    33.8057       1525     6.3500     1.7176  0.000e+00
    171.969     7.6927   3.490010    33.8074       1526     6.3542     1.7181  0.000e+00
    171.848     7.6924   3.490027    33.8079       1527     6.3583     1.7189  0.000e+00
    171.739     7.6923   3.489935    33.8071       1528     6.3625     1.7189  0.000e+00
    171.629     7.6921   3.489775    33.8057       1529     6.3667     1.7196  0.000e+00
    171.516     7.6916   3.489671    33.8050       1530     6.3708     1.7202  0.000e+00
    171.411     7.6912   3.489436    33.8030       1531     6.3750     1.7213  0.000e+00
    171.308     7.6905   3.489246    33.8017       1532     6.3792     1.7208  0.000e+00
    171.205     7.6897   3.489183    33.8018       1533     6.3833     1.7220  0.000e+00
    171.102     7.6891   3.489143    33.8020       1534     6.3875     1.7226  0.000e+00
    171.004     7.6886   3.489103    33.8021       1535     6.3917     1.7237  0.000e+00
    170.901     7.6884   3.489017    33.8014       1536     6.3958     1.7232  0.000e+00
    170.805     7.6882   3.488867    33.8000       1537     6.4000     1.7238  0.000e+00
    170.708     7.6880   3.488850    33.8001       1538     6.4042     1.7242  0.000e+00
    170.612     7.6878   3.488827    33.8001       1539     6.4083     1.7243  0.000e+00
    170.516     7.6879   3.488833    33.8001       1540     6.4125     1.7251  0.000e+00
    170.424     7.6880   3.488850    33.8002       1541     6.4167     1.7251  0.000e+00
    170.335     7.6881   3.488804    33.7996       1542     6.4208     1.7243  0.000e+00
    170.246     7.6884   3.488827    33.7997       1543     6.4250     1.7265  0.000e+00
    170.159     7.6885   3.488804    33.7994       1544     6.4292     1.7253  0.000e+00
    170.074     7.6889   3.488787    33.7989       1545     6.4333     1.7251  0.000e+00
    169.986     7.6889   3.488787    33.7988       1546     6.4375     1.7267  0.000e+00
    169.897     7.6891   3.488787    33.7987       1547     6.4417     1.7272  0.000e+00
    169.798     7.6892   3.488741    33.7981       1548     6.4458     1.7274  0.000e+00
    169.703     7.6892   3.488724    33.7980       1549     6.4500     1.7278  0.000e+00
    169.602     7.6893   3.488741    33.7982       1550     6.4542     1.7279  0.000e+00
    169.494     7.6894   3.488741    33.7982       1551     6.4583     1.7275  0.000e+00
    169.387     7.6896   3.488723    33.7979       1552     6.4625     1.7284  0.000e+00
    169.271     7.6896   3.488700    33.7977       1553     6.4667     1.7282  0.000e+00
    169.152     7.6898   3.488660    33.7971       1554     6.4708     1.7279  0.000e+00
    169.027     7.6899   3.488471    33.7950       1555     6.4750     1.7292  0.000e+00
    168.904     7.6900   3.488299    33.7930       1556     6.4792     1.7299  0.000e+00
    168.777     7.6899   3.488298    33.7932       1557     6.4833     1.7289  0.000e+00
    168.654     7.6900   3.488258    33.7928       1558     6.4875     1.7295  0.000e+00
    168.529     7.6899   3.488172    33.7920       1559     6.4917     1.7301  0.000e+00
    168.406     7.6897   3.488195    33.7925       1560     6.4958     1.7305  0.000e+00
    168.287     7.6897   3.488069    33.7912       1561     6.5000     1.7301  0.000e+00
    168.170     7.6896   3.487960    33.7902       1562     6.5042     1.7304  0.000e+00
    168.059     7.6891   3.487443    33.7851       1563     6.5083     1.7299  0.000e+00
    167.956     7.6884   3.486697    33.7779       1564     6.5125     1.7302  0.000e+00
    167.851     7.6863   3.486358    33.7763       1565     6.5167     1.7298  0.000e+00
    167.757     7.6843   3.486932    33.7845       1566     6.5208     1.7304  0.000e+00
    167.668     7.6834   3.486783    33.7838       1567     6.5250     1.7304  0.000e+00
    167.581     7.6828   3.486232    33.7784       1568     6.5292     1.7304  0.000e+00
    167.507     7.6821   3.486249    33.7793       1569     6.5333     1.7307  0.000e+00
    167.428     7.6813   3.486278    33.7805       1570     6.5375     1.7302  0.000e+00
    167.359     7.6807   3.486358    33.7820       1571     6.5417     1.7303  0.000e+00
    167.286     7.6802   3.485836    33.7768       1572     6.5458     1.7309  0.000e+00
    167.212     7.6798   3.485664    33.7755       1573     6.5500     1.7318  0.000e+00
    167.140     7.6787   3.485727    33.7772       1574     6.5542     1.7333  0.000e+00
    167.069     7.6781   3.485629    33.7768       1575     6.5583     1.7338  0.000e+00
    166.999     7.6777   3.485647    33.7774       1576     6.5625     1.7343  0.000e+00
    166.917     7.6774   3.485497    33.7761       1577     6.5667     1.7335  0.000e+00
    166.837     7.6769   3.485561    33.7772       1578     6.5708     1.7366  0.000e+00
    166.751     7.6768   3.485520    33.7770       1579     6.5750     1.7349  0.000e+00
    166.657     7.6765   3.485560    33.7778       1580     6.5792     1.7367  0.000e+00
    166.539     7.6765   3.485474    33.7769       1581     6.5833     1.7343  0.000e+00
    166.425     7.6764   3.485434    33.7766       1582     6.5875     1.7373  0.000e+00
    166.297     7.6763   3.485096    33.7732       1583     6.5917     1.7375  0.000e+00
    166.157     7.6758   3.485015    33.7728       1584     6.5958     1.7337  0.000e+00
    166.024     7.6751   3.484843    33.7717       1585     6.6000     1.7371  0.000e+00
    165.877     7.6746   3.484596    33.7696       1586     6.6042     1.7373  0.000e+00
    165.721     7.6740   3.484510    33.7693       1587     6.6083     1.7376  0.000e+00
    165.555     7.6733   3.484361    33.7684       1588     6.6125     1.7390  0.000e+00
    165.385     7.6727   3.483833    33.7634       1589     6.6167     1.7372  0.000e+00
    165.222     7.6718   3.483495    33.7608       1590     6.6208     1.7378  0.000e+00
    165.066     7.6704   3.483305    33.7602       1591     6.6250     1.7398  0.000e+00
    164.907     7.6695   3.483208    33.7601       1592     6.6292     1.7405  0.000e+00
    164.757     7.6686   3.483179    33.7607       1593     6.6333     1.7407  0.000e+00
    164.620     7.6679   3.482990    33.7593       1594     6.6375     1.7410  0.000e+00
    164.486     7.6673   3.482571    33.7555       1595     6.6417     1.7408  0.000e+00
    164.355     7.6664   3.482571    33.7564       1596     6.6458     1.7420  0.000e+00
    164.238     7.6656   3.482502    33.7565       1597     6.6500     1.7424  0.000e+00
    164.115     7.6651   3.482485    33.7569       1598     6.6542     1.7428  0.000e+00
    164.001     7.6646   3.482508    33.7576       1599     6.6583     1.7429  0.000e+00
    163.894     7.6644   3.482422    33.7570       1600     6.6625     1.7428  0.000e+00
    163.782     7.6641   3.482422    33.7573       1601     6.6667     1.7441  0.000e+00
    163.679     7.6639   3.482215    33.7554       1602     6.6708     1.7437  0.000e+00
    163.581     7.6637   3.482192    33.7554       1603     6.6750     1.7441  0.000e+00
    163.478     7.6633   3.482152    33.7554       1604     6.6792     1.7431  0.000e+00
    163.377     7.6630   3.482026    33.7543       1605     6.6833     1.7436  0.000e+00
    163.272     7.6628   3.482003    33.7543       1606     6.6875     1.7440  0.000e+00
    163.158     7.6624   3.482026    33.7550       1607     6.6917     1.7443  0.000e+00
    163.045     7.6624   3.482014    33.7549       1608     6.6958     1.7445  0.000e+00
    162.922     7.6623   3.481940    33.7544       1609     6.7000     1.7443  0.000e+00
    162.792     7.6621   3.481876    33.7539       1610     6.7042     1.7440  0.000e+00
    162.667     7.6620   3.481853    33.7538       1611     6.7083     1.7449  0.000e+00
    162.534     7.6618   3.481710    33.7525       1612     6.7125     1.7448  0.000e+00
    162.392     7.6615   3.481222    33.7476       1613     6.7167     1.7463  0.000e+00
    162.253     7.6607   3.480678    33.7426       1614     6.7208     1.7466  0.000e+00
    162.121     7.6593   3.479502    33.7313       1615     6.7250     1.7472  0.000e+00
    161.980     7.6569   3.479336    33.7320       1616     6.7292     1.7463  0.000e+00
    161.846     7.6547   3.479227    33.7330       1617     6.7333     1.7475  0.000e+00
    161.714     7.6530   3.478596    33.7279       1618     6.7375     1.7480  0.000e+00
    161.584     7.6513   3.478269    33.7261       1619     6.7417     1.7479  0.000e+00
    161.457     7.6497   3.478074    33.7256       1620     6.7458     1.7492  0.000e+00
    161.325     7.6482   3.477404    33.7199       1621     6.7500     1.7489  0.000e+00
    161.200     7.6462   3.476498    33.7121       1622     6.7542     1.7493  0.000e+00
    161.075     7.6438   3.475157    33.7000       1623     6.7583     1.7492  0.000e+00
    160.954     7.6402   3.474469    33.6962       1624     6.7625     1.7495  0.000e+00
    160.831     7.6366   3.472973    33.6836       1625     6.7667     1.7491  0.000e+00
    160.713     7.6323   3.472051    33.6779       1626     6.7708     1.7494  0.000e+00
    160.589     7.6277   3.471799    33.6796       1627     6.7750     1.7496  0.000e+00
