HB2407/sbe104.cnv
* Sea-Bird SBE 19plus V2 Data File:
* FileName = C:\cruise\data\sbe104.hex
* Software Version Seasave V 7.26.7.121
* Temperature SN = 7037
* Conductivity SN = 7037
* System UpLoad Time = Oct 20 2024 20:50:10
* NMEA Latitude = 42 17.14 N
* NMEA Longitude = 068 49.17 W
* NMEA UTC (Time) = Oct 20 2024  20:49:06
** Ship: Bigelow
** Cruise:  HB2407
** Program:  Spring Bottom Trawl
# nquan = 8
# nvalues = 3842                                  
# units = specified
# name 0 = depSM: Depth [salt water, m]
# name 1 = tv290C: Temperature [ITS-90, deg C]
# name 2 = c0S/m: Conductivity [S/m]
# name 3 = sal00: Salinity, Practical [PSU]
# name 4 = scan: Scan Count
# name 5 = timeM: Time, Elapsed [minutes]
# name 6 = sbeox0V: Oxygen raw, SBE 43 [V]
# name 7 = flag:  0.000e+00
# span 0 =      0.029,    176.970                 
# span 1 =     6.4159,    16.7015                 
# span 2 =  -0.000001,   4.041871                 
# span 3 =     0.0000,    33.7538                 
# span 4 =         11,       3852                 
# span 5 =     0.0417,    16.0458                 
# span 6 =     1.6373,     2.5157                 
# span 7 = 0.0000e+00, 0.0000e+00                 
# interval = seconds: 0.25
# start_time = Oct 20 2024 20:49:06 [NMEA time, header]
# bad_flag = -9.990e-29
*END*
[from data line 3596]
     12.701    14.8545   3.930293    31.8394       3607    15.0250     2.4980  0.000e+00
     12.661    14.8546   3.931082    31.8465       3608    15.0292     2.5000  0.000e+00
     12.625    14.8563   3.931293    31.8470       3609    15.0333     2.4982  0.000e+00
     12.598    14.8588   3.931155    31.8437       3610    15.0375     2.4975  0.000e+00
     12.572    14.8604   3.931365    31.8443       3611    15.0417     2.5020  0.000e+00
     12.545    14.8621   3.931293    31.8423       3612    15.0458     2.4979  0.000e+00
     12.520    14.8633   3.931016    31.8388       3613    15.0500     2.4979  0.000e+00
     12.487    14.8635   3.931016    31.8386       3614    15.0542     2.4978  0.000e+00
     12.455    14.8628   3.930757    31.8369       3615    15.0583     2.4976  0.000e+00
     12.413    14.8619   3.930107    31.8318       3616    15.0625     2.4996  0.000e+00
     12.355    14.8589   3.930083    31.8340       3617    15.0667     2.4983  0.000e+00
     12.296    14.8565   3.930366    31.8386       3618    15.0708     2.5019  0.000e+00
     12.229    14.8555   3.930944    31.8446       3619    15.0750     2.5017  0.000e+00
     12.162    14.8561   3.932082    31.8544       3620    15.0792     2.5011  0.000e+00
     12.097    14.8608   3.932546    31.8549       3621    15.0833     2.4980  0.000e+00
     12.023    14.8663   3.932528    31.8502       3622    15.0875     2.4972  0.000e+00
     11.961    14.8707   3.932479    31.8462       3623    15.0917     2.4965  0.000e+00
     11.900    14.8733   3.932383    31.8432       3624    15.0958     2.4960  0.000e+00
     11.840    14.8749   3.932383    31.8420       3625    15.1000     2.5011  0.000e+00
     11.791    14.8754   3.932365    31.8414       3626    15.1042     2.4985  0.000e+00
     11.741    14.8759   3.932292    31.8403       3627    15.1083     2.4993  0.000e+00
     11.688    14.8761   3.932292    31.8402       3628    15.1125     2.5003  0.000e+00
     11.645    14.8762   3.932365    31.8408       3629    15.1167     2.5027  0.000e+00
     11.598    14.8762   3.932244    31.8397       3630    15.1208     2.5029  0.000e+00
     11.551    14.8760   3.931895    31.8367       3631    15.1250     2.5033  0.000e+00
     11.513    14.8749   3.931666    31.8356       3632    15.1292     2.5036  0.000e+00
     11.468    14.8732   3.931533    31.8358       3633    15.1333     2.5040  0.000e+00
     11.424    14.8712   3.931479    31.8369       3634    15.1375     2.5044  0.000e+00
     11.377    14.8698   3.931431    31.8377       3635    15.1417     2.5039  0.000e+00
     11.327    14.8688   3.931268    31.8371       3636    15.1458     2.5042  0.000e+00
     11.263    14.8675   3.931106    31.8367       3637    15.1500     2.5035  0.000e+00
     11.198    14.8663   3.930666    31.8337       3638    15.1542     2.5026  0.000e+00
     11.122    14.8641   3.931130    31.8397       3639    15.1583     2.5008  0.000e+00
     11.036    14.8632   3.931220    31.8413       3640    15.1625     2.5023  0.000e+00
     10.949    14.8636   3.930853    31.8377       3641    15.1667     2.5026  0.000e+00
     10.864    14.8631   3.930895    31.8385       3642    15.1708     2.5028  0.000e+00
     10.770    14.8624   3.931365    31.8434       3643    15.1750     2.5029  0.000e+00
     10.681    14.8632   3.931407    31.8431       3644    15.1792     2.5029  0.000e+00
     10.596    14.8645   3.931756    31.8452       3645    15.1833     2.5025  0.000e+00
     10.517    14.8661   3.931714    31.8436       3646    15.1875     2.5029  0.000e+00
     10.452    14.8676   3.931690    31.8422       3647    15.1917     2.5037  0.000e+00
     10.392    14.8684   3.931690    31.8416       3648    15.1958     2.5034  0.000e+00
     10.351    14.8689   3.932039    31.8443       3649    15.2000     2.5032  0.000e+00
     10.309    14.8702   3.932202    31.8447       3650    15.2042     2.5034  0.000e+00
     10.278    14.8720   3.931894    31.8405       3651    15.2083     2.5034  0.000e+00
     10.251    14.8725   3.931828    31.8395       3652    15.2125     2.5025  0.000e+00
     10.228    14.8724   3.932081    31.8419       3653    15.2167     2.5022  0.000e+00
     10.213    14.8725   3.932081    31.8418       3654    15.2208     2.5012  0.000e+00
     10.200    14.8733   3.932081    31.8411       3655    15.2250     2.5001  0.000e+00
     10.191    14.8737   3.931918    31.8394       3656    15.2292     2.5008  0.000e+00
     10.179    14.8735   3.931852    31.8389       3657    15.2333     2.5008  0.000e+00
     10.164    14.8730   3.931641    31.8374       3658    15.2375     2.5019  0.000e+00
     10.141    14.8721   3.931593    31.8378       3659    15.2417     2.5002  0.000e+00
     10.116    14.8711   3.931714    31.8397       3660    15.2458     2.5024  0.000e+00
     10.085    14.8706   3.931714    31.8401       3661    15.2500     2.5008  0.000e+00
     10.047    14.8705   3.931732    31.8404       3662    15.2542     2.5014  0.000e+00
      9.996    14.8705   3.931756    31.8405       3663    15.2583     2.5015  0.000e+00
      9.938    14.8706   3.931714    31.8401       3664    15.2625     2.5013  0.000e+00
      9.870    14.8708   3.931551    31.8385       3665    15.2667     2.5012  0.000e+00
      9.792    14.8705   3.931479    31.8382       3666    15.2708     2.4999  0.000e+00
      9.711    14.8695   3.931551    31.8396       3667    15.2750     2.5024  0.000e+00
      9.622    14.8691   3.931617    31.8406       3668    15.2792     2.5020  0.000e+00
      9.532    14.8692   3.931966    31.8437       3669    15.2833     2.5009  0.000e+00
      9.421    14.8702   3.932057    31.8438       3670    15.2875     2.5010  0.000e+00
      9.315    14.8715   3.932081    31.8429       3671    15.2917     2.5022  0.000e+00
      9.214    14.8725   3.931665    31.8384       3672    15.2958     2.5011  0.000e+00
      9.116    14.8724   3.931593    31.8379       3673    15.3000     2.5024  0.000e+00
      9.025    14.8715   3.931689    31.8395       3674    15.3042     2.5032  0.000e+00
      8.944    14.8709   3.931852    31.8415       3675    15.3083     2.5039  0.000e+00
      8.870    14.8715   3.931852    31.8411       3676    15.3125     2.5057  0.000e+00
      8.808    14.8719   3.931852    31.8407       3677    15.3167     2.5050  0.000e+00
      8.754    14.8722   3.931803    31.8401       3678    15.3208     2.5051  0.000e+00
      8.704    14.8723   3.931894    31.8408       3679    15.3250     2.5045  0.000e+00
      8.664    14.8723   3.932056    31.8423       3680    15.3292     2.5047  0.000e+00
      8.626    14.8730   3.932014    31.8414       3681    15.3333     2.5037  0.000e+00
      8.584    14.8735   3.931990    31.8408       3682    15.3375     2.5034  0.000e+00
      8.548    14.8737   3.931966    31.8404       3683    15.3417     2.5017  0.000e+00
      8.505    14.8737   3.932129    31.8419       3684    15.3458     2.5021  0.000e+00
      8.467    14.8742   3.932177    31.8420       3685    15.3500     2.5022  0.000e+00
      8.443    14.8746   3.932243    31.8422       3686    15.3542     2.5031  0.000e+00
      8.414    14.8755   3.932201    31.8411       3687    15.3583     2.5018  0.000e+00
      8.382    14.8759   3.931990    31.8389       3688    15.3625     2.5018  0.000e+00
      8.351    14.8756   3.931508    31.8348       3689    15.3667     2.5004  0.000e+00
      8.321    14.8739   3.931454    31.8357       3690    15.3708     2.5029  0.000e+00
      8.299    14.8722   3.931966    31.8418       3691    15.3750     2.5028  0.000e+00
      8.266    14.8721   3.932153    31.8435       3692    15.3792     2.5028  0.000e+00
      8.225    14.8730   3.932177    31.8430       3693    15.3833     2.5021  0.000e+00
      8.170    14.8742   3.932201    31.8423       3694    15.3875     2.5022  0.000e+00
      8.100    14.8750   3.932128    31.8410       3695    15.3917     2.5024  0.000e+00
      8.009    14.8755   3.932153    31.8408       3696    15.3958     2.5033  0.000e+00
      7.905    14.8755   3.932080    31.8402       3697    15.4000     2.5037  0.000e+00
      7.793    14.8755   3.932177    31.8411       3698    15.4042     2.5044  0.000e+00
      7.684    14.8757   3.932128    31.8406       3699    15.4083     2.5051  0.000e+00
      7.577    14.8759   3.932014    31.8394       3700    15.4125     2.5052  0.000e+00
      7.476    14.8759   3.932056    31.8399       3701    15.4167     2.5072  0.000e+00
      7.382    14.8757   3.932014    31.8396       3702    15.4208     2.5068  0.000e+00
      7.306    14.8753   3.932056    31.8404       3703    15.4250     2.5069  0.000e+00
      7.239    14.8755   3.932104    31.8406       3704    15.4292     2.5056  0.000e+00
      7.178    14.8755   3.932128    31.8409       3705    15.4333     2.5063  0.000e+00
      7.124    14.8759   3.932104    31.8404       3706    15.4375     2.5055  0.000e+00
      7.077    14.8759   3.931990    31.8394       3707    15.4417     2.5057  0.000e+00
      7.022    14.8759   3.931893    31.8385       3708    15.4458     2.5053  0.000e+00
      6.983    14.8752   3.931851    31.8387       3709    15.4500     2.5043  0.000e+00
      6.930    14.8746   3.931875    31.8394       3710    15.4542     2.5063  0.000e+00
      6.872    14.8743   3.932128    31.8420       3711    15.4583     2.5047  0.000e+00
      6.815    14.8746   3.932104    31.8416       3712    15.4625     2.5058  0.000e+00
      6.757    14.8752   3.932128    31.8413       3713    15.4667     2.5052  0.000e+00
      6.695    14.8758   3.932038    31.8401       3714    15.4708     2.5049  0.000e+00
      6.636    14.8758   3.931640    31.8365       3715    15.4750     2.5057  0.000e+00
      6.581    14.8747   3.931501    31.8361       3716    15.4792     2.5047  0.000e+00
      6.536    14.8733   3.931501    31.8373       3717    15.4833     2.5043  0.000e+00
      6.484    14.8720   3.931477    31.8382       3718    15.4875     2.5031  0.000e+00
      6.440    14.8713   3.931688    31.8406       3719    15.4917     2.5016  0.000e+00
      6.395    14.8712   3.932013    31.8437       3720    15.4958     2.5013  0.000e+00
      6.354    14.8722   3.932080    31.8435       3721    15.5000     2.5017  0.000e+00
      6.314    14.8735   3.932080    31.8424       3722    15.5042     2.5008  0.000e+00
      6.276    14.8745   3.932037    31.8412       3723    15.5083     2.4975  0.000e+00
      6.243    14.8750   3.932037    31.8409       3724    15.5125     2.5008  0.000e+00
      6.200    14.8752   3.932037    31.8407       3725    15.5167     2.4966  0.000e+00
      6.153    14.8756   3.932037    31.8404       3726    15.5208     2.4993  0.000e+00
      6.090    14.8756   3.932055    31.8406       3727    15.5250     2.4993  0.000e+00
      6.028    14.8756   3.932055    31.8406       3728    15.5292     2.4996  0.000e+00
      5.951    14.8759   3.932055    31.8404       3729    15.5333     2.5002  0.000e+00
      5.869    14.8757   3.932055    31.8406       3730    15.5375     2.4996  0.000e+00
      5.770    14.8759   3.932079    31.8407       3731    15.5417     2.5013  0.000e+00
      5.667    14.8759   3.932079    31.8408       3732    15.5458     2.5008  0.000e+00
      5.573    14.8761   3.932055    31.8404       3733    15.5500     2.5019  0.000e+00
      5.491    14.8762   3.932079    31.8405       3734    15.5542     2.4995  0.000e+00
      5.414    14.8763   3.932055    31.8403       3735    15.5583     2.5002  0.000e+00
      5.350    14.8763   3.931874    31.8387       3736    15.5625     2.5025  0.000e+00
      5.282    14.8759   3.931989    31.8401       3737    15.5667     2.5039  0.000e+00
      5.211    14.8756   3.932013    31.8405       3738    15.5708     2.5048  0.000e+00
      5.141    14.8755   3.931989    31.8404       3739    15.5750     2.5052  0.000e+00
      5.079    14.8758   3.932037    31.8407       3740    15.5792     2.5045  0.000e+00
      5.011    14.8759   3.931965    31.8399       3741    15.5833     2.5060  0.000e+00
      4.935    14.8758   3.931965    31.8401       3742    15.5875     2.5058  0.000e+00
      4.855    14.8756   3.931989    31.8404       3743    15.5917     2.5049  0.000e+00
      4.776    14.8756   3.932055    31.8411       3744    15.5958     2.5056  0.000e+00
      4.700    14.8757   3.931965    31.8402       3745    15.6000     2.5049  0.000e+00
      4.638    14.8757   3.931892    31.8396       3746    15.6042     2.5052  0.000e+00
      4.593    14.8755   3.932019    31.8409       3747    15.6083     2.5052  0.000e+00
      4.553    14.8756   3.932037    31.8410       3748    15.6125     2.5050  0.000e+00
      4.528    14.8759   3.931989    31.8403       3749    15.6167     2.5036  0.000e+00
      4.503    14.8759   3.931567    31.8366       3750    15.6208     2.5029  0.000e+00
      4.483    14.8751   3.931615    31.8376       3751    15.6250     2.5024  0.000e+00
      4.470    14.8739   3.931711    31.8395       3752    15.6292     2.4997  0.000e+00
      4.454    14.8735   3.931874    31.8413       3753    15.6333     2.4981  0.000e+00
      4.419    14.8738   3.931826    31.8406       3754    15.6375     2.5011  0.000e+00
      4.369    14.8741   3.931850    31.8406       3755    15.6417     2.5015  0.000e+00
      4.302    14.8743   3.931850    31.8405       3756    15.6458     2.5021  0.000e+00
      4.215    14.8743   3.931916    31.8411       3757    15.6500     2.5025  0.000e+00
      4.101    14.8745   3.931826    31.8401       3758    15.6542     2.5031  0.000e+00
      3.980    14.8746   3.931525    31.8374       3759    15.6583     2.5014  0.000e+00
      3.855    14.8739   3.931404    31.8369       3760    15.6625     2.5044  0.000e+00
      3.740    14.8727   3.931525    31.8391       3761    15.6667     2.5024  0.000e+00
      3.637    14.8720   3.931591    31.8403       3762    15.6708     2.5031  0.000e+00
      3.548    14.8721   3.931615    31.8405       3763    15.6750     2.5024  0.000e+00
      3.481    14.8720   3.931663    31.8410       3764    15.6792     2.5035  0.000e+00
      3.427    14.8723   3.931663    31.8407       3765    15.6833     2.5046  0.000e+00
      3.382    14.8728   3.931548    31.8393       3766    15.6875     2.5050  0.000e+00
      3.340    14.8726   3.931663    31.8405       3767    15.6917     2.5034  0.000e+00
      3.293    14.8725   3.931663    31.8406       3768    15.6958     2.5052  0.000e+00
      3.259    14.8729   3.931687    31.8405       3769    15.7000     2.5049  0.000e+00
      3.227    14.8730   3.931687    31.8405       3770    15.7042     2.5043  0.000e+00
      3.189    14.8733   3.931729    31.8406       3771    15.7083     2.5047  0.000e+00
      3.154    14.8736   3.931711    31.8402       3772    15.7125     2.5049  0.000e+00
      3.115    14.8736   3.931591    31.8391       3773    15.7167     2.5035  0.000e+00
      3.075    14.8735   3.931548    31.8389       3774    15.7208     2.5042  0.000e+00
      3.002    14.8732   3.931566    31.8393       3775    15.7250     2.5045  0.000e+00
      2.914    14.8726   3.931566    31.8398       3776    15.7292     2.5044  0.000e+00
      2.818    14.8725   3.931687    31.8410       3777    15.7333     2.5050  0.000e+00
      2.719    14.8728   3.931825    31.8420       3778    15.7375     2.5041  0.000e+00
      2.634    14.8733   3.931873    31.8421       3779    15.7417     2.5035  0.000e+00
      2.561    14.8741   3.931873    31.8415       3780    15.7458     2.5021  0.000e+00
      2.503    14.8747   3.931849    31.8408       3781    15.7500     2.4987  0.000e+00
      2.455    14.8752   3.931849    31.8405       3782    15.7542     2.5019  0.000e+00
      2.415    14.8752   3.931801    31.8400       3783    15.7583     2.4958  0.000e+00
      2.370    14.8752   3.931825    31.8403       3784    15.7625     2.4978  0.000e+00
      2.314    14.8750   3.931891    31.8410       3785    15.7667     2.4999  0.000e+00
