HB2407/sbe131.cnv
* Sea-Bird SBE 19plus V2 Data File:
* FileName = C:\cruise\data\sbe131.hex
* Software Version Seasave V 7.26.7.121
* Temperature SN = 7037
* Conductivity SN = 7037
* System UpLoad Time = Nov 04 2024 14:19:52
* NMEA Latitude = 44 22.63 N
* NMEA Longitude = 067 11.20 W
* NMEA UTC (Time) = Nov 04 2024  14:19:06
** Ship: Bigelow
** Cruise:  HB2407
** Program:  Spring Bottom Trawl
# nquan = 8
# nvalues = 1842                                  
# units = specified
# name 0 = depSM: Depth [salt water, m]
# name 1 = tv290C: Temperature [ITS-90, deg C]
# name 2 = c0S/m: Conductivity [S/m]
# name 3 = sal00: Salinity, Practical [PSU]
# name 4 = scan: Scan Count
# name 5 = timeM: Time, Elapsed [minutes]
# name 6 = sbeox0V: Oxygen raw, SBE 43 [V]
# name 7 = flag:  0.000e+00
# span 0 =      0.218,    127.073                 
# span 1 =     8.6789,    10.4491                 
# span 2 =   0.122689,   3.621500                 
# span 3 =     0.8725,    33.8807                 
# span 4 =         11,       1852                 
# span 5 =     0.0417,     7.7125                 
# span 6 =     1.8495,     2.3359                 
# span 7 = 0.0000e+00, 0.0000e+00                 
# interval = seconds: 0.25
# start_time = Nov 04 2024 14:19:06 [NMEA time, header]
# bad_flag = -9.990e-29
*END*
[from data line 360]
     30.960    10.4478   3.616238    32.6147        371     1.5417     2.3163  0.000e+00
     31.155    10.4480   3.616262    32.6147        372     1.5458     2.3159  0.000e+00
     31.348    10.4483   3.616233    32.6141        373     1.5500     2.3163  0.000e+00
     31.536    10.4482   3.616175    32.6135        374     1.5542     2.3156  0.000e+00
     31.730    10.4482   3.616215    32.6139        375     1.5583     2.3143  0.000e+00
     31.921    10.4480   3.616262    32.6144        376     1.5625     2.3146  0.000e+00
     32.117    10.4481   3.616349    32.6151        377     1.5667     2.3138  0.000e+00
     32.305    10.4482   3.616373    32.6151        378     1.5708     2.3138  0.000e+00
     32.485    10.4484   3.616419    32.6153        379     1.5750     2.3138  0.000e+00
     32.670    10.4490   3.616437    32.6149        380     1.5792     2.3135  0.000e+00
     32.854    10.4490   3.616588    32.6163        381     1.5833     2.3135  0.000e+00
     33.051    10.4491   3.616571    32.6160        382     1.5875     2.3134  0.000e+00
     33.241    10.4489   3.616571    32.6161        383     1.5917     2.3127  0.000e+00
     33.431    10.4482   3.616571    32.6167        384     1.5958     2.3125  0.000e+00
     33.624    10.4476   3.616612    32.6175        385     1.6000     2.3125  0.000e+00
     33.823    10.4466   3.617270    32.6249        386     1.6042     2.3128  0.000e+00
     34.022    10.4459   3.618085    32.6336        387     1.6083     2.3123  0.000e+00
     34.215    10.4449   3.618353    32.6371        388     1.6125     2.3138  0.000e+00
     34.412    10.4434   3.618750    32.6423        389     1.6167     2.3124  0.000e+00
     34.606    10.4417   3.619029    32.6466        390     1.6208     2.3114  0.000e+00
     34.799    10.4395   3.619559    32.6538        391     1.6250     2.3118  0.000e+00
     34.994    10.4364   3.620264    32.6636        392     1.6292     2.3122  0.000e+00
     35.182    10.4319   3.620620    32.6711        393     1.6333     2.3099  0.000e+00
     35.370    10.4274   3.620882    32.6778        394     1.6375     2.3085  0.000e+00
     35.557    10.4228   3.621214    32.6851        395     1.6417     2.3059  0.000e+00
     35.741    10.4180   3.621471    32.6919        396     1.6458     2.3024  0.000e+00
     35.934    10.4116   3.621453    32.6974        397     1.6500     2.3004  0.000e+00
     36.119    10.4052   3.621500    32.7036        398     1.6542     2.2956  0.000e+00
     36.298    10.3997   3.621454    32.7079        399     1.6583     2.2912  0.000e+00
     36.477    10.3934   3.621238    32.7113        400     1.6625     2.2865  0.000e+00
     36.657    10.3851   3.621075    32.7171        401     1.6667     2.2810  0.000e+00
     36.840    10.3757   3.620796    32.7227        402     1.6708     2.2748  0.000e+00
     37.015    10.3660   3.620709    32.7305        403     1.6750     2.2694  0.000e+00
     37.198    10.3573   3.620621    32.7374        404     1.6792     2.2643  0.000e+00
     37.372    10.3509   3.620488    32.7417        405     1.6833     2.2586  0.000e+00
     37.549    10.3461   3.620313    32.7442        406     1.6875     2.2534  0.000e+00
     37.733    10.3413   3.620150    32.7468        407     1.6917     2.2491  0.000e+00
     37.923    10.3369   3.620115    32.7504        408     1.6958     2.2442  0.000e+00
     38.116    10.3338   3.619742    32.7493        409     1.7000     2.2393  0.000e+00
     38.302    10.3292   3.619276    32.7487        410     1.7042     2.2374  0.000e+00
     38.494    10.3216   3.619102    32.7537        411     1.7083     2.2335  0.000e+00
     38.689    10.3133   3.618881    32.7588        412     1.7125     2.2271  0.000e+00
     38.886    10.3052   3.618421    32.7615        413     1.7167     2.2242  0.000e+00
     39.089    10.2935   3.618112    32.7688        414     1.7208     2.2206  0.000e+00
     39.280    10.2804   3.617519    32.7746        415     1.7250     2.2168  0.000e+00
     39.481    10.2648   3.617519    32.7886        416     1.7292     2.2162  0.000e+00
     39.671    10.2516   3.616972    32.7949        417     1.7333     2.2131  0.000e+00
     39.866    10.2362   3.616489    32.8039        418     1.7375     2.2108  0.000e+00
     40.067    10.2165   3.616180    32.8185        419     1.7417     2.2073  0.000e+00
     40.264    10.1963   3.616023    32.8351        420     1.7458     2.2052  0.000e+00
     40.452    10.1796   3.615628    32.8461        421     1.7500     2.2021  0.000e+00
     40.649    10.1645   3.615407    32.8576        422     1.7542     2.1981  0.000e+00
     40.842    10.1507   3.615034    32.8662        423     1.7583     2.1959  0.000e+00
     41.032    10.1372   3.615017    32.8782        424     1.7625     2.1908  0.000e+00
     41.225    10.1270   3.614796    32.8852        425     1.7667     2.1885  0.000e+00
     41.410    10.1187   3.614726    32.8919        426     1.7708     2.1854  0.000e+00
     41.596    10.1125   3.614575    32.8959        427     1.7750     2.1821  0.000e+00
     41.777    10.1066   3.613894    32.8943        428     1.7792     2.1784  0.000e+00
     41.965    10.0959   3.613015    32.8950        429     1.7833     2.1746  0.000e+00
     42.151    10.0768   3.612998    32.9122        430     1.7875     2.1710  0.000e+00
     42.337    10.0594   3.612422    32.9221        431     1.7917     2.1678  0.000e+00
     42.516    10.0440   3.612137    32.9332        432     1.7958     2.1661  0.000e+00
     42.704    10.0287   3.611701    32.9426        433     1.8000     2.1612  0.000e+00
     42.890    10.0136   3.611521    32.9544        434     1.8042     2.1575  0.000e+00
     43.080    10.0003   3.611306    32.9643        435     1.8083     2.1545  0.000e+00
     43.268     9.9880   3.610933    32.9716        436     1.8125     2.1515  0.000e+00
     43.462     9.9765   3.611132    32.9841        437     1.8167     2.1485  0.000e+00
     43.650     9.9703   3.610625    32.9845        438     1.8208     2.1443  0.000e+00
     43.843     9.9627   3.610294    32.9880        439     1.8250     2.1425  0.000e+00
     44.035     9.9516   3.610166    32.9967        440     1.8292     2.1379  0.000e+00
     44.234     9.9420   3.610166    33.0054        441     1.8333     2.1352  0.000e+00
     44.425     9.9345   3.609771    33.0082        442     1.8375     2.1329  0.000e+00
     44.626     9.9276   3.609538    33.0121        443     1.8417     2.1295  0.000e+00
     44.817     9.9204   3.609311    33.0163        444     1.8458     2.1265  0.000e+00
     45.014     9.9131   3.608980    33.0195        445     1.8500     2.1233  0.000e+00
     45.206     9.9048   3.608584    33.0230        446     1.8542     2.1207  0.000e+00
     45.390     9.8953   3.608410    33.0298        447     1.8583     2.1172  0.000e+00
     45.579     9.8871   3.608148    33.0345        448     1.8625     2.1155  0.000e+00
     45.767     9.8795   3.607991    33.0398        449     1.8667     2.1133  0.000e+00
     45.951     9.8728   3.607462    33.0405        450     1.8708     2.1122  0.000e+00
     46.141     9.8642   3.607160    33.0452        451     1.8750     2.1107  0.000e+00
     46.325     9.8545   3.607271    33.0552        452     1.8792     2.1081  0.000e+00
     46.508     9.8481   3.607248    33.0607        453     1.8833     2.1060  0.000e+00
     46.688     9.8449   3.607050    33.0616        454     1.8875     2.1062  0.000e+00
     46.875     9.8411   3.606788    33.0622        455     1.8917     2.1030  0.000e+00
     47.061     9.8362   3.606748    33.0662        456     1.8958     2.1019  0.000e+00
     47.247     9.8323   3.606666    33.0689        457     1.9000     2.1007  0.000e+00
     47.426     9.8292   3.606527    33.0703        458     1.9042     2.1002  0.000e+00
     47.612     9.8264   3.606463    33.0721        459     1.9083     2.0982  0.000e+00
     47.808     9.8233   3.606219    33.0724        460     1.9125     2.0969  0.000e+00
     48.001     9.8197   3.606108    33.0744        461     1.9167     2.0943  0.000e+00
     48.200     9.8160   3.606155    33.0783        462     1.9208     2.0932  0.000e+00
     48.391     9.8137   3.606109    33.0798        463     1.9250     2.0920  0.000e+00
     48.589     9.8119   3.605934    33.0796        464     1.9292     2.0907  0.000e+00
     48.786     9.8095   3.605911    33.0815        465     1.9333     2.0888  0.000e+00
     48.983     9.8070   3.605894    33.0835        466     1.9375     2.0879  0.000e+00
     49.174     9.8054   3.605760    33.0835        467     1.9417     2.0878  0.000e+00
     49.368     9.8034   3.605696    33.0846        468     1.9458     2.0865  0.000e+00
     49.550     9.8012   3.605626    33.0858        469     1.9500     2.0860  0.000e+00
     49.740     9.7993   3.605586    33.0871        470     1.9542     2.0846  0.000e+00
     49.930     9.7973   3.605475    33.0878        471     1.9583     2.0849  0.000e+00
     50.116     9.7952   3.605475    33.0896        472     1.9625     2.0843  0.000e+00
     50.299     9.7935   3.605342    33.0897        473     1.9667     2.0832  0.000e+00
     50.485     9.7914   3.605301    33.0912        474     1.9708     2.0823  0.000e+00
     50.671     9.7895   3.605301    33.0928        475     1.9750     2.0828  0.000e+00
     50.867     9.7882   3.605237    33.0933        476     1.9792     2.0826  0.000e+00
     51.058     9.7865   3.605191    33.0942        477     1.9833     2.0824  0.000e+00
     51.241     9.7851   3.605115    33.0947        478     1.9875     2.0824  0.000e+00
     51.420     9.7837   3.605191    33.0967        479     1.9917     2.0811  0.000e+00
     51.606     9.7826   3.605145    33.0971        480     1.9958     2.0819  0.000e+00
     51.787     9.7822   3.605040    33.0964        481     2.0000     2.0798  0.000e+00
     51.969     9.7812   3.604953    33.0963        482     2.0042     2.0793  0.000e+00
     52.146     9.7796   3.604906    33.0972        483     2.0083     2.0788  0.000e+00
     52.329     9.7782   3.604842    33.0977        484     2.0125     2.0786  0.000e+00
     52.506     9.7765   3.604761    33.0984        485     2.0167     2.0787  0.000e+00
     52.691     9.7749   3.604755    33.0997        486     2.0208     2.0785  0.000e+00
     52.873     9.7735   3.604622    33.0996        487     2.0250     2.0785  0.000e+00
     53.056     9.7719   3.604599    33.1007        488     2.0292     2.0787  0.000e+00
     53.238     9.7705   3.604558    33.1015        489     2.0333     2.0781  0.000e+00
     53.424     9.7690   3.604622    33.1035        490     2.0375     2.0786  0.000e+00
     53.623     9.7682   3.604535    33.1032        491     2.0417     2.0766  0.000e+00
     53.819     9.7673   3.604360    33.1022        492     2.0458     2.0772  0.000e+00
     54.017     9.7656   3.604279    33.1028        493     2.0500     2.0775  0.000e+00
     54.215     9.7635   3.604273    33.1046        494     2.0542     2.0775  0.000e+00
     54.414     9.7618   3.604250    33.1059        495     2.0583     2.0780  0.000e+00
     54.618     9.7606   3.604117    33.1055        496     2.0625     2.0775  0.000e+00
     54.822     9.7590   3.604140    33.1071        497     2.0667     2.0772  0.000e+00
     55.026     9.7578   3.603966    33.1063        498     2.0708     2.0758  0.000e+00
     55.223     9.7560   3.603966    33.1079        499     2.0750     2.0740  0.000e+00
     55.419     9.7543   3.603902    33.1087        500     2.0792     2.0750  0.000e+00
     55.617     9.7527   3.603594    33.1070        501     2.0833     2.0724  0.000e+00
     55.813     9.7502   3.603443    33.1076        502     2.0875     2.0733  0.000e+00
     56.004     9.7472   3.603286    33.1087        503     2.0917     2.0726  0.000e+00
     56.194     9.7438   3.603268    33.1116        504     2.0958     2.0716  0.000e+00
     56.375     9.7408   3.603199    33.1136        505     2.1000     2.0738  0.000e+00
     56.567     9.7385   3.603222    33.1158        506     2.1042     2.0722  0.000e+00
     56.753     9.7370   3.603129    33.1162        507     2.1083     2.0711  0.000e+00
     56.939     9.7355   3.603089    33.1171        508     2.1125     2.0704  0.000e+00
     57.127     9.7342   3.603001    33.1173        509     2.1167     2.0692  0.000e+00
     57.308     9.7327   3.602984    33.1184        510     2.1208     2.0714  0.000e+00
     57.485     9.7313   3.602850    33.1182        511     2.1250     2.0715  0.000e+00
     57.669     9.7295   3.602740    33.1186        512     2.1292     2.0724  0.000e+00
     57.850     9.7271   3.602676    33.1201        513     2.1333     2.0714  0.000e+00
     58.029     9.7243   3.602676    33.1227        514     2.1375     2.0725  0.000e+00
     58.210     9.7217   3.602670    33.1249        515     2.1417     2.0709  0.000e+00
     58.384     9.7195   3.602717    33.1273        516     2.1458     2.0718  0.000e+00
     58.568     9.7181   3.602717    33.1285        517     2.1500     2.0724  0.000e+00
     58.747     9.7163   3.602677    33.1297        518     2.1542     2.0706  0.000e+00
     58.937     9.7143   3.602741    33.1321        519     2.1583     2.0696  0.000e+00
     59.117     9.7115   3.602741    33.1346        520     2.1625     2.0691  0.000e+00
     59.300     9.7091   3.602764    33.1370        521     2.1667     2.0704  0.000e+00
     59.486     9.7068   3.602904    33.1404        522     2.1708     2.0687  0.000e+00
     59.676     9.7046   3.602962    33.1429        523     2.1750     2.0698  0.000e+00
     59.870     9.7029   3.603026    33.1451        524     2.1792     2.0676  0.000e+00
     60.058     9.7016   3.603049    33.1465        525     2.1833     2.0675  0.000e+00
     60.247     9.7003   3.603049    33.1475        526     2.1875     2.0656  0.000e+00
     60.441     9.6995   3.603090    33.1486        527     2.1917     2.0673  0.000e+00
     60.636     9.6990   3.603160    33.1497        528     2.1958     2.0671  0.000e+00
     60.833     9.6983   3.603201    33.1507        529     2.2000     2.0661  0.000e+00
     61.023     9.6975   3.603236    33.1517        530     2.2042     2.0650  0.000e+00
     61.213     9.6967   3.603224    33.1523        531     2.2083     2.0654  0.000e+00
     61.406     9.6960   3.603248    33.1530        532     2.2125     2.0655  0.000e+00
     61.607     9.6956   3.603248    33.1533        533     2.2167     2.0644  0.000e+00
     61.800     9.6951   3.603288    33.1541        534     2.2208     2.0642  0.000e+00
     62.001     9.6944   3.603288    33.1547        535     2.2250     2.0643  0.000e+00
     62.198     9.6939   3.603289    33.1550        536     2.2292     2.0648  0.000e+00
     62.392     9.6936   3.603323    33.1556        537     2.2333     2.0632  0.000e+00
     62.589     9.6934   3.603312    33.1556        538     2.2375     2.0646  0.000e+00
     62.793     9.6931   3.603289    33.1555        539     2.2417     2.0630  0.000e+00
     62.983     9.6927   3.603289    33.1558        540     2.2458     2.0643  0.000e+00
     63.167     9.6922   3.603335    33.1567        541     2.2500     2.0633  0.000e+00
     63.354     9.6919   3.603335    33.1568        542     2.2542     2.0624  0.000e+00
     63.534     9.6917   3.603312    33.1567        543     2.2583     2.0642  0.000e+00
     63.722     9.6917   3.603324    33.1568        544     2.2625     2.0630  0.000e+00
     63.905     9.6912   3.603359    33.1575        545     2.2667     2.0643  0.000e+00
     64.091     9.6909   3.603376    33.1578        546     2.2708     2.0641  0.000e+00
     64.268     9.6906   3.603400    33.1583        547     2.2750     2.0640  0.000e+00
     64.453     9.6905   3.603487    33.1592        548     2.2792     2.0645  0.000e+00
     64.646     9.6905   3.603487    33.1591        549     2.2833     2.0640  0.000e+00
