HB2407/sbe139.cnv
* Sea-Bird SBE 19plus V2 Data File:
* FileName = C:\cruise\data\sbe139.hex
* Software Version Seasave V 7.26.7.121
* Temperature SN = 7037
* Conductivity SN = 7037
* System UpLoad Time = Nov 10 2024 10:36:03
* NMEA Latitude = 41 48.60 N
* NMEA Longitude = 070 20.05 W
* NMEA UTC (Time) = Nov 10 2024  10:34:24
** Ship: Bigelow
** Cruise:  HB2407
** Program:  Spring Bottom Trawl
# nquan = 8
# nvalues = 683                                   
# units = specified
# name 0 = depSM: Depth [salt water, m]
# name 1 = tv290C: Temperature [ITS-90, deg C]
# name 2 = c0S/m: Conductivity [S/m]
# name 3 = sal00: Salinity, Practical [PSU]
# name 4 = scan: Scan Count
# name 5 = timeM: Time, Elapsed [minutes]
# name 6 = sbeox0V: Oxygen raw, SBE 43 [V]
# name 7 = flag:  0.000e+00
# span 0 =      0.164,     22.083                 
# span 1 =    11.2948,    12.6083                 
# span 2 =   0.394073,   3.721372                 
# span 3 =     2.8039,    32.0112                 
# span 4 =         11,        693                 
# span 5 =     0.0417,     2.8833                 
# span 6 =     2.0199,     2.3755                 
# span 7 = 0.0000e+00, 0.0000e+00                 
# interval = seconds: 0.25
# start_time = Nov 10 2024 10:34:24 [NMEA time, header]
# bad_flag = -9.990e-29
*END*
[from data line 540]
     21.622    12.5999   3.721150    31.7712        551     2.2917     2.3281  0.000e+00
     21.505    12.6008   3.721197    31.7709        552     2.2958     2.3286  0.000e+00
     21.355    12.6019   3.721221    31.7703        553     2.3000     2.3282  0.000e+00
     21.161    12.6027   3.721174    31.7692        554     2.3042     2.3271  0.000e+00
     20.923    12.6031   3.721132    31.7686        555     2.3083     2.3269  0.000e+00
     20.740    12.6032   3.720237    31.7600        556     2.3125     2.3276  0.000e+00
     20.583    12.6033   3.721115    31.7684        557     2.3167     2.3272  0.000e+00
     20.406    12.6032   3.721103    31.7684        558     2.3208     2.3277  0.000e+00
     20.207    12.6032   3.721132    31.7687        559     2.3250     2.3274  0.000e+00
     19.982    12.6032   3.721103    31.7685        560     2.3292     2.3279  0.000e+00
     19.771    12.6035   3.721126    31.7687        561     2.3333     2.3271  0.000e+00
     19.579    12.6036   3.721179    31.7691        562     2.3375     2.3273  0.000e+00
     19.393    12.6037   3.721238    31.7696        563     2.3417     2.3279  0.000e+00
     19.182    12.6043   3.721132    31.7682        564     2.3458     2.3276  0.000e+00
     18.950    12.6044   3.721102    31.7680        565     2.3500     2.3282  0.000e+00
     18.715    12.6042   3.721090    31.7681        566     2.3542     2.3282  0.000e+00
     18.503    12.6040   3.721173    31.7691        567     2.3583     2.3284  0.000e+00
     18.292    12.6044   3.721267    31.7698        568     2.3625     2.3292  0.000e+00
     18.073    12.6047   3.721284    31.7698        569     2.3667     2.3310  0.000e+00
     17.846    12.6053   3.721237    31.7689        570     2.3708     2.3308  0.000e+00
     17.611    12.6055   3.721220    31.7687        571     2.3750     2.3307  0.000e+00
     17.385    12.6057   3.721172    31.7682        572     2.3792     2.3307  0.000e+00
     17.177    12.6057   3.721131    31.7679        573     2.3833     2.3324  0.000e+00
     16.980    12.6055   3.721172    31.7685        574     2.3875     2.3333  0.000e+00
     16.770    12.6053   3.721266    31.7696        575     2.3917     2.3334  0.000e+00
     16.559    12.6058   3.721307    31.7697        576     2.3958     2.3330  0.000e+00
     16.362    12.6063   3.721331    31.7696        577     2.4000     2.3326  0.000e+00
     16.186    12.6067   3.721331    31.7693        578     2.4042     2.3321  0.000e+00
     16.015    12.6072   3.721354    31.7692        579     2.4083     2.3319  0.000e+00
     15.836    12.6075   3.721348    31.7690        580     2.4125     2.3324  0.000e+00
     15.646    12.6078   3.721354    31.7688        581     2.4167     2.3316  0.000e+00
     15.454    12.6080   3.721372    31.7689        582     2.4208     2.3324  0.000e+00
     15.264    12.6083   3.721354    31.7686        583     2.4250     2.3337  0.000e+00
     15.082    12.6083   3.721266    31.7678        584     2.4292     2.3350  0.000e+00
     14.881    12.6080   3.721171    31.7672        585     2.4333     2.3340  0.000e+00
     14.675    12.6077   3.721130    31.7672        586     2.4375     2.3344  0.000e+00
     14.453    12.6073   3.721053    31.7669        587     2.4417     2.3322  0.000e+00
     14.232    12.6067   3.720830    31.7654        588     2.4458     2.3321  0.000e+00
     14.019    12.6057   3.720871    31.7667        589     2.4500     2.3315  0.000e+00
     13.807    12.6048   3.721012    31.7688        590     2.4542     2.3317  0.000e+00
     13.594    12.6047   3.720871    31.7677        591     2.4583     2.3314  0.000e+00
     13.380    12.6047   3.720894    31.7680        592     2.4625     2.3311  0.000e+00
     13.171    12.6042   3.720935    31.7688        593     2.4667     2.3304  0.000e+00
     12.966    12.6043   3.720758    31.7672        594     2.4708     2.3321  0.000e+00
     12.789    12.6040   3.720576    31.7658        595     2.4750     2.3316  0.000e+00
     12.607    12.6030   3.720370    31.7647        596     2.4792     2.3328  0.000e+00
     12.419    12.6015   3.720099    31.7635        597     2.4833     2.3340  0.000e+00
     12.229    12.5995   3.719545    31.7600        598     2.4875     2.3341  0.000e+00
     12.043    12.5965   3.719622    31.7633        599     2.4917     2.3340  0.000e+00
     11.851    12.5938   3.719521    31.7647        600     2.4958     2.3327  0.000e+00
     11.663    12.5921   3.719374    31.7649        601     2.5000     2.3334  0.000e+00
     11.459    12.5905   3.719368    31.7663        602     2.5042     2.3324  0.000e+00
     11.246    12.5892   3.719303    31.7668        603     2.5083     2.3333  0.000e+00
     11.027    12.5882   3.719486    31.7694        604     2.5125     2.3329  0.000e+00
     10.814    12.5881   3.719562    31.7704        605     2.5167     2.3329  0.000e+00
     10.608    12.5887   3.719533    31.7697        606     2.5208     2.3343  0.000e+00
     10.398    12.5890   3.719044    31.7648        607     2.5250     2.3343  0.000e+00
     10.190    12.5879   3.719238    31.7677        608     2.5292     2.3340  0.000e+00
     10.002    12.5870   3.718849    31.7649        609     2.5333     2.3340  0.000e+00
      9.821    12.5857   3.718761    31.7652        610     2.5375     2.3324  0.000e+00
      9.657    12.5843   3.718849    31.7673        611     2.5417     2.3337  0.000e+00
      9.496    12.5832   3.718891    31.7686        612     2.5458     2.3325  0.000e+00
      9.331    12.5831   3.719256    31.7723        613     2.5500     2.3337  0.000e+00
      9.160    12.5841   3.719326    31.7722        614     2.5542     2.3334  0.000e+00
      8.990    12.5853   3.719214    31.7702        615     2.5583     2.3330  0.000e+00
      8.805    12.5860   3.719196    31.7695        616     2.5625     2.3332  0.000e+00
      8.608    12.5862   3.719096    31.7684        617     2.5667     2.3336  0.000e+00
      8.398    12.5861   3.719108    31.7687        618     2.5708     2.3340  0.000e+00
      8.174    12.5859   3.719008    31.7680        619     2.5750     2.3340  0.000e+00
      7.945    12.5857   3.719008    31.7683        620     2.5792     2.3347  0.000e+00
      7.701    12.5854   3.718913    31.7678        621     2.5833     2.3350  0.000e+00
      7.464    12.5849   3.719008    31.7692        622     2.5875     2.3350  0.000e+00
      7.227    12.5848   3.719066    31.7699        623     2.5917     2.3350  0.000e+00
      6.991    12.5850   3.718896    31.7682        624     2.5958     2.3359  0.000e+00
      6.770    12.5849   3.718978    31.7692        625     2.6000     2.3353  0.000e+00
      6.555    12.5848   3.719031    31.7698        626     2.6042     2.3366  0.000e+00
      6.363    12.5852   3.719096    31.7702        627     2.6083     2.3369  0.000e+00
      6.181    12.5856   3.719148    31.7704        628     2.6125     2.3365  0.000e+00
      6.011    12.5861   3.719190    31.7705        629     2.6167     2.3361  0.000e+00
      5.847    12.5867   3.719066    31.7688        630     2.6208     2.3372  0.000e+00
      5.689    12.5869   3.718983    31.7680        631     2.6250     2.3369  0.000e+00
      5.534    12.5865   3.719019    31.7687        632     2.6292     2.3367  0.000e+00
      5.377    12.5865   3.719030    31.7689        633     2.6333     2.3372  0.000e+00
      5.207    12.5863   3.718977    31.7686        634     2.6375     2.3386  0.000e+00
      5.037    12.5862   3.719007    31.7690        635     2.6417     2.3377  0.000e+00
      4.865    12.5862   3.719007    31.7691        636     2.6458     2.3353  0.000e+00
      4.679    12.5863   3.718848    31.7676        637     2.6500     2.3360  0.000e+00
      4.484    12.5860   3.718300    31.7627        638     2.6542     2.3371  0.000e+00
      4.272    12.5850   3.718630    31.7668        639     2.6583     2.3360  0.000e+00
      4.048    12.5837   3.718777    31.7693        640     2.6625     2.3356  0.000e+00
      3.826    12.5837   3.718847    31.7701        641     2.6667     2.3364  0.000e+00
      3.592    12.5840   3.718936    31.7708        642     2.6708     2.3363  0.000e+00
      3.355    12.5847   3.718688    31.7680        643     2.6750     2.3366  0.000e+00
      3.120    12.5845   3.718453    31.7659        644     2.6792     2.3361  0.000e+00
      2.887    12.5833   3.718735    31.7697        645     2.6833     2.3370  0.000e+00
      2.665    12.5832   3.718976    31.7722        646     2.6875     2.3367  0.000e+00
      2.450    12.5840   3.718847    31.7704        647     2.6917     2.3371  0.000e+00
      2.242    12.5849   3.718994    31.7711        648     2.6958     2.3370  0.000e+00
      2.047    12.5855   3.718894    31.7697        649     2.7000     2.3388  0.000e+00
      1.852    12.5860   3.718629    31.7669        650     2.7042     2.3376  0.000e+00
      1.662    12.5856   3.718458    31.7657        651     2.7083     2.3350  0.000e+00
      1.488    12.5844   3.718481    31.7670        652     2.7125     2.3359  0.000e+00
      1.318    12.5834   3.719041    31.7732        653     2.7167     2.3351  0.000e+00
      1.172    12.5843   3.719052    31.7726        654     2.7208     2.3356  0.000e+00
      1.038    12.5859   3.718929    31.7702        655     2.7250     2.3359  0.000e+00
      0.896    12.5867   3.718870    31.7690        656     2.7292     2.3348  0.000e+00
      0.735    12.5868   3.719170    31.7718        657     2.7333     2.3363  0.000e+00
      0.523    12.5875   3.719570    31.7751        658     2.7375     2.3345  0.000e+00
      0.391    12.5899   3.718116    31.7593        659     2.7417     2.3360  0.000e+00
      0.357    12.5915   3.719476    31.7709        660     2.7458     2.3363  0.000e+00
      0.399    12.5925   3.719323    31.7685        661     2.7500     2.3354  0.000e+00
      0.469    12.5926   3.719082    31.7662        662     2.7542     2.3346  0.000e+00
      0.522    12.5919   3.718981    31.7658        663     2.7583     2.3348  0.000e+00
      0.532    12.5907   3.719193    31.7688        664     2.7625     2.3341  0.000e+00
      0.518    12.5903   3.719482    31.7719        665     2.7667     2.3320  0.000e+00
      0.484    12.5912   3.719606    31.7723        666     2.7708     2.3312  0.000e+00
      0.406    12.5925   3.719617    31.7713        667     2.7750     2.3308  0.000e+00
      0.305    12.5938   3.719252    31.7668        668     2.7792     2.3315  0.000e+00
      0.263    12.5935   3.719105    31.7657        669     2.7833     2.3311  0.000e+00
      0.285    12.5924   3.718758    31.7633        670     2.7875     2.3320  0.000e+00
      0.270    12.5903   3.718846    31.7659        671     2.7917     2.3324  0.000e+00
      0.180    12.5888   2.002685    16.0780        672     2.7958     2.3338  0.000e+00
      0.164    12.5815   0.686832     5.0594        673     2.8000     2.3335  0.000e+00
      0.167    12.5429   0.490292     3.5323        674     2.8042     2.3344  0.000e+00
      0.164    12.4787   0.394073     2.8039        675     2.8083     2.3348  0.000e+00
      0.256    12.4196   1.941338    15.6114        676     2.8125     2.3354  0.000e+00
      0.393    12.4184   3.622105    30.9900        677     2.8167     2.3353  0.000e+00
      0.556    12.4597   3.638912    31.1155        678     2.8208     2.3344  0.000e+00
      0.675    12.4990   3.697279    31.6376        679     2.8250     2.3353  0.000e+00
      0.737    12.5284   3.714979    31.7812        680     2.8292     2.3385  0.000e+00
      0.741    12.5482   3.716527    31.7792        681     2.8333     2.3444  0.000e+00
      0.704    12.5610   2.967034    24.7572        682     2.8375     2.3502  0.000e+00
      0.652    12.5689   2.065344    16.6365        683     2.8417     2.3554  0.000e+00
      0.594    12.5739   1.044613     7.9420        684     2.8458     2.3585  0.000e+00
      0.509    12.5764   1.265305     9.7678        685     2.8500     2.3604  0.000e+00
      0.406    12.5773   0.846028     6.3286        686     2.8542     2.3633  0.000e+00
      0.276    12.5783   1.039694     7.9008        687     2.8583     2.3672  0.000e+00
      0.182    12.5792   2.041304    16.4208        688     2.8625     2.3694  0.000e+00
      0.164    12.5793   2.551243    20.9590        689     2.8667     2.3727  0.000e+00
      0.166    12.5792   1.642141    12.9567        690     2.8708     2.3739  0.000e+00
      0.166    12.5789   2.259294    18.3462        691     2.8750     2.3755  0.000e+00
      0.166    12.5786   1.409489    10.9777        692     2.8792     2.3749  0.000e+00
      0.180    12.5782   0.533090     3.8586        693     2.8833     2.3710  0.000e+00
