HB2407/sbe107.cnv
* Sea-Bird SBE 19plus V2 Data File:
* FileName = C:\cruise\data\sbe107.hex
* Software Version Seasave V 7.26.7.121
* Temperature SN = 7037
* Conductivity SN = 7037
* System UpLoad Time = Oct 21 2024 11:43:21
* NMEA Latitude = 42 09.31 N
* NMEA Longitude = 069 15.26 W
* NMEA UTC (Time) = Oct 21 2024  11:42:19
** Ship: Bigelow
** Cruise:  HB2407
** Program:  Spring Bottom Trawl
# nquan = 8
# nvalues = 5113                                  
# units = specified
# name 0 = depSM: Depth [salt water, m]
# name 1 = tv290C: Temperature [ITS-90, deg C]
# name 2 = c0S/m: Conductivity [S/m]
# name 3 = sal00: Salinity, Practical [PSU]
# name 4 = scan: Scan Count
# name 5 = timeM: Time, Elapsed [minutes]
# name 6 = sbeox0V: Oxygen raw, SBE 43 [V]
# name 7 = flag:  0.000e+00
# span 0 =      0.029,    186.135                 
# span 1 =     6.3861,    16.0269                 
# span 2 =  -0.025164,   3.938783                 
# span 3 =     0.0000,    33.8661                 
# span 4 =         11,       5123                 
# span 5 =     0.0417,    21.3417                 
# span 6 =     1.5490,     2.5041                 
# span 7 = 0.0000e+00, 0.0000e+00                 
# interval = seconds: 0.25
# start_time = Oct 21 2024 11:42:19 [NMEA time, header]
# bad_flag = -9.990e-29
*END*
[from data line 720]
     84.530     6.4507   3.253241    32.4590        731     3.0417     1.9995  0.000e+00
     84.662     6.4509   3.253241    32.4589        732     3.0458     2.0003  0.000e+00
     84.784     6.4508   3.253224    32.4587        733     3.0500     2.0010  0.000e+00
     84.914     6.4508   3.253202    32.4584        734     3.0542     2.0006  0.000e+00
     85.039     6.4506   3.253202    32.4585        735     3.0583     1.9972  0.000e+00
     85.153     6.4503   3.253180    32.4585        736     3.0625     1.9975  0.000e+00
     85.274     6.4501   3.253180    32.4586        737     3.0667     1.9966  0.000e+00
     85.391     6.4500   3.253180    32.4587        738     3.0708     1.9984  0.000e+00
     85.507     6.4500   3.253163    32.4584        739     3.0750     1.9942  0.000e+00
     85.623     6.4496   3.253124    32.4583        740     3.0792     1.9985  0.000e+00
     85.737     6.4493   3.253141    32.4587        741     3.0833     1.9956  0.000e+00
     85.856     6.4489   3.252834    32.4557        742     3.0875     1.9938  0.000e+00
     85.970     6.4479   3.252571    32.4536        743     3.0917     1.9975  0.000e+00
     86.095     6.4460   3.252449    32.4540        744     3.0958     1.9961  0.000e+00
     86.216     6.4434   3.252186    32.4535        745     3.1000     1.9949  0.000e+00
     86.324     6.4403   3.251957    32.4539        746     3.1042     1.9952  0.000e+00
     86.438     6.4365   3.252002    32.4580        747     3.1083     1.9943  0.000e+00
     86.550     6.4327   3.251818    32.4594        748     3.1125     1.9942  0.000e+00
     86.664     6.4285   3.251634    32.4614        749     3.1167     1.9932  0.000e+00
     86.776     6.4233   3.251533    32.4652        750     3.1208     1.9940  0.000e+00
     86.885     6.4180   3.251550    32.4703        751     3.1250     1.9940  0.000e+00
     86.999     6.4139   3.251573    32.4744        752     3.1292     1.9942  0.000e+00
     87.116     6.4111   3.251534    32.4767        753     3.1333     1.9944  0.000e+00
     87.230     6.4087   3.251517    32.4787        754     3.1375     1.9945  0.000e+00
     87.352     6.4069   3.251534    32.4805        755     3.1417     1.9942  0.000e+00
     87.471     6.4053   3.251534    32.4819        756     3.1458     1.9940  0.000e+00
     87.599     6.4044   3.251556    32.4830        757     3.1500     1.9942  0.000e+00
     87.722     6.4037   3.251573    32.4838        758     3.1542     1.9936  0.000e+00
     87.847     6.4032   3.251556    32.4840        759     3.1583     1.9919  0.000e+00
     87.975     6.4029   3.251573    32.4845        760     3.1625     1.9926  0.000e+00
     88.104     6.4026   3.251590    32.4849        761     3.1667     1.9915  0.000e+00
     88.232     6.4027   3.251635    32.4852        762     3.1708     1.9913  0.000e+00
     88.361     6.4025   3.251657    32.4856        763     3.1750     1.9913  0.000e+00
     88.494     6.4025   3.251679    32.4857        764     3.1792     1.9895  0.000e+00
     88.621     6.4026   3.251635    32.4851        765     3.1833     1.9901  0.000e+00
     88.753     6.4026   3.251668    32.4854        766     3.1875     1.9912  0.000e+00
     88.883     6.4022   3.251741    32.4865        767     3.1917     1.9905  0.000e+00
     89.006     6.4020   3.251780    32.4871        768     3.1958     1.9903  0.000e+00
     89.127     6.4019   3.251880    32.4883        769     3.2000     1.9899  0.000e+00
     89.252     6.4017   3.251903    32.4886        770     3.2042     1.9907  0.000e+00
     89.372     6.4017   3.251903    32.4885        771     3.2083     1.9897  0.000e+00
     89.493     6.4014   3.251942    32.4892        772     3.2125     1.9906  0.000e+00
     89.610     6.4010   3.252043    32.4906        773     3.2167     1.9902  0.000e+00
     89.733     6.4007   3.252104    32.4915        774     3.2208     1.9905  0.000e+00
     89.847     6.4004   3.252188    32.4927        775     3.2250     1.9898  0.000e+00
     89.961     6.4001   3.252188    32.4930        776     3.2292     1.9888  0.000e+00
     90.075     6.3998   3.252233    32.4937        777     3.2333     1.9886  0.000e+00
     90.193     6.3996   3.252266    32.4942        778     3.2375     1.9877  0.000e+00
     90.303     6.3995   3.252288    32.4945        779     3.2417     1.9882  0.000e+00
     90.419     6.3993   3.252389    32.4958        780     3.2458     1.9880  0.000e+00
     90.533     6.3992   3.252411    32.4961        781     3.2500     1.9881  0.000e+00
     90.648     6.3989   3.252428    32.4965        782     3.2542     1.9874  0.000e+00
     90.764     6.3987   3.252450    32.4968        783     3.2583     1.9867  0.000e+00
     90.889     6.3985   3.252534    32.4979        784     3.2625     1.9867  0.000e+00
     91.012     6.3982   3.252774    32.5008        785     3.2667     1.9863  0.000e+00
     91.135     6.3975   3.252920    32.5030        786     3.2708     1.9864  0.000e+00
     91.261     6.3967   3.253110    32.5058        787     3.2750     1.9869  0.000e+00
     91.386     6.3959   3.253305    32.5087        788     3.2792     1.9860  0.000e+00
     91.511     6.3953   3.253366    32.5098        789     3.2833     1.9855  0.000e+00
     91.634     6.3950   3.253428    32.5107        790     3.2875     1.9852  0.000e+00
     91.753     6.3947   3.253450    32.5112        791     3.2917     1.9848  0.000e+00
     91.873     6.3942   3.254042    32.5182        792     3.2958     1.9836  0.000e+00
     91.994     6.3944   3.254914    32.5276        793     3.3000     1.9832  0.000e+00
     92.113     6.3957   3.255545    32.5333        794     3.3042     1.9836  0.000e+00
     92.222     6.3978   3.256383    32.5405        795     3.3083     1.9829  0.000e+00
     92.332     6.4004   3.257154    32.5465        796     3.3125     1.9831  0.000e+00
     92.442     6.4030   3.257640    32.5493        797     3.3167     1.9818  0.000e+00
     92.547     6.4055   3.258014    32.5511        798     3.3208     1.9823  0.000e+00
     92.656     6.4075   3.258601    32.5556        799     3.3250     1.9819  0.000e+00
     92.771     6.4092   3.258807    32.5562        800     3.3292     1.9807  0.000e+00
     92.876     6.4109   3.258997    32.5566        801     3.3333     1.9808  0.000e+00
     92.990     6.4122   3.259070    32.5562        802     3.3375     1.9805  0.000e+00
     93.106     6.4127   3.259070    32.5556        803     3.3417     1.9798  0.000e+00
     93.220     6.4131   3.259115    32.5557        804     3.3458     1.9792  0.000e+00
     93.337     6.4131   3.259193    32.5565        805     3.3500     1.9772  0.000e+00
     93.457     6.4131   3.259428    32.5590        806     3.3542     1.9773  0.000e+00
     93.580     6.4128   3.259869    32.5641        807     3.3583     1.9762  0.000e+00
     93.703     6.4132   3.259931    32.5644        808     3.3625     1.9749  0.000e+00
     93.829     6.4136   3.260054    32.5653        809     3.3667     1.9753  0.000e+00
     93.960     6.4140   3.260110    32.5655        810     3.3708     1.9739  0.000e+00
     94.099     6.4142   3.260149    32.5656        811     3.3750     1.9733  0.000e+00
     94.234     6.4141   3.260132    32.5655        812     3.3792     1.9716  0.000e+00
     94.376     6.4139   3.260054    32.5648        813     3.3833     1.9697  0.000e+00
     94.515     6.4134   3.260110    32.5658        814     3.3875     1.9690  0.000e+00
     94.656     6.4126   3.260054    32.5659        815     3.3917     1.9675  0.000e+00
     94.799     6.4116   3.260255    32.5689        816     3.3958     1.9668  0.000e+00
     94.931     6.4109   3.260764    32.5752        817     3.4000     1.9659  0.000e+00
     95.065     6.4110   3.261418    32.5823        818     3.4042     1.9646  0.000e+00
     95.191     6.4116   3.261686    32.5846        819     3.4083     1.9636  0.000e+00
     95.311     6.4126   3.261921    32.5862        820     3.4125     1.9632  0.000e+00
     95.425     6.4139   3.262642    32.5929        821     3.4167     1.9626  0.000e+00
     95.533     6.4154   3.263520    32.6011        822     3.4208     1.9620  0.000e+00
     95.638     6.4180   3.264582    32.6104        823     3.4250     1.9604  0.000e+00
     95.737     6.4216   3.265550    32.6176        824     3.4292     1.9615  0.000e+00
     95.837     6.4257   3.266036    32.6190        825     3.4333     1.9610  0.000e+00
     95.942     6.4297   3.266282    32.6178        826     3.4375     1.9600  0.000e+00
     96.048     6.4330   3.266467    32.6167        827     3.4417     1.9598  0.000e+00
     96.155     6.4355   3.266646    32.6162        828     3.4458     1.9589  0.000e+00
     96.267     6.4377   3.267009    32.6181        829     3.4500     1.9582  0.000e+00
     96.383     6.4397   3.267916    32.6262        830     3.4542     1.9565  0.000e+00
     96.504     6.4427   3.269286    32.6385        831     3.4583     1.9556  0.000e+00
     96.634     6.4469   3.271133    32.6548        832     3.4625     1.9545  0.000e+00
     96.765     6.4535   3.272129    32.6595        833     3.4667     1.9533  0.000e+00
     96.898     6.4608   3.272996    32.6619        834     3.4708     1.9520  0.000e+00
     97.036     6.4673   3.273612    32.6625        835     3.4750     1.9514  0.000e+00
     97.173     6.4731   3.274468    32.6663        836     3.4792     1.9507  0.000e+00
     97.311     6.4787   3.275633    32.6739        837     3.4833     1.9508  0.000e+00
     97.445     6.4843   3.276540    32.6785        838     3.4875     1.9497  0.000e+00
     97.569     6.4899   3.277279    32.6811        839     3.4917     1.9492  0.000e+00
     97.691     6.4951   3.278225    32.6866        840     3.4958     1.9478  0.000e+00
     97.808     6.5003   3.278926    32.6893        841     3.5000     1.9467  0.000e+00
     97.915     6.5055   3.279480    32.6904        842     3.5042     1.9456  0.000e+00
     98.025     6.5102   3.280096    32.6927        843     3.5083     1.9449  0.000e+00
     98.132     6.5143   3.280494    32.6931        844     3.5125     1.9425  0.000e+00
     98.249     6.5181   3.280791    32.6927        845     3.5167     1.9416  0.000e+00
     98.361     6.5213   3.281099    32.6930        846     3.5208     1.9389  0.000e+00
     98.470     6.5239   3.281306    32.6927        847     3.5250     1.9378  0.000e+00
     98.588     6.5260   3.281379    32.6915        848     3.5292     1.9365  0.000e+00
     98.703     6.5273   3.281430    32.6907        849     3.5333     1.9349  0.000e+00
     98.823     6.5279   3.282169    32.6982        850     3.5375     1.9342  0.000e+00
     98.937     6.5289   3.283161    32.7082        851     3.5417     1.9333  0.000e+00
     99.065     6.5311   3.284904    32.7253        852     3.5458     1.9308  0.000e+00
     99.190     6.5355   3.288178    32.7572        853     3.5500     1.9284  0.000e+00
     99.316     6.5443   3.291190    32.7819        854     3.5542     1.9279  0.000e+00
     99.445     6.5575   3.293961    32.7999        855     3.5583     1.9276  0.000e+00
     99.575     6.5736   3.295729    32.8039        856     3.5625     1.9262  0.000e+00
     99.709     6.5890   3.298833    32.8232        857     3.5667     1.9239  0.000e+00
     99.846     6.6051   3.300691    32.8282        858     3.5708     1.9246  0.000e+00
     99.976     6.6216   3.301730    32.8239        859     3.5750     1.9231  0.000e+00
    100.108     6.6357   3.302556    32.8193        860     3.5792     1.9220  0.000e+00
    100.237     6.6472   3.303140    32.8147        861     3.5833     1.9211  0.000e+00
    100.363     6.6563   3.303466    32.8095        862     3.5875     1.9192  0.000e+00
    100.494     6.6632   3.303859    32.8071        863     3.5917     1.9178  0.000e+00
    100.624     6.6687   3.304522    32.8091        864     3.5958     1.9163  0.000e+00
    100.745     6.6734   3.304792    32.8076        865     3.6000     1.9152  0.000e+00
    100.868     6.6773   3.305084    32.8070        866     3.6042     1.9125  0.000e+00
    100.986     6.6804   3.305157    32.8047        867     3.6083     1.9110  0.000e+00
    101.099     6.6828   3.305707    32.8085        868     3.6125     1.9091  0.000e+00
    101.217     6.6850   3.306264    32.8124        869     3.6167     1.9074  0.000e+00
    101.327     6.6881   3.307000    32.8175        870     3.6208     1.9062  0.000e+00
    101.434     6.6917   3.307882    32.8237        871     3.6250     1.9031  0.000e+00
    101.543     6.6961   3.308506    32.8263        872     3.6292     1.9027  0.000e+00
    101.647     6.7009   3.308860    32.8256        873     3.6333     1.9016  0.000e+00
    101.752     6.7051   3.309293    32.8262        874     3.6375     1.8995  0.000e+00
    101.855     6.7089   3.309855    32.8287        875     3.6417     1.8972  0.000e+00
    101.964     6.7127   3.310266    32.8296        876     3.6458     1.8966  0.000e+00
    102.063     6.7163   3.310811    32.8321        877     3.6500     1.8943  0.000e+00
    102.168     6.7198   3.311300    32.8341        878     3.6542     1.8936  0.000e+00
    102.271     6.7235   3.311930    32.8374        879     3.6583     1.8926  0.000e+00
    102.374     6.7273   3.313156    32.8472        880     3.6625     1.8923  0.000e+00
    102.474     6.7321   3.314967    32.8625        881     3.6667     1.8907  0.000e+00
    102.582     6.7387   3.315591    32.8629        882     3.6708     1.8897  0.000e+00
    102.689     6.7457   3.316340    32.8644        883     3.6750     1.8891  0.000e+00
    102.803     6.7517   3.316835    32.8641        884     3.6792     1.8873  0.000e+00
    102.910     6.7568   3.317549    32.8669        885     3.6833     1.8873  0.000e+00
    103.025     6.7614   3.318005    32.8675        886     3.6875     1.8873  0.000e+00
    103.150     6.7653   3.318545    32.8696        887     3.6917     1.8859  0.000e+00
    103.277     6.7690   3.318984    32.8708        888     3.6958     1.8860  0.000e+00
    103.407     6.7725   3.319418    32.8722        889     3.7000     1.8852  0.000e+00
    103.543     6.7759   3.319924    32.8744        890     3.7042     1.8838  0.000e+00
    103.686     6.7793   3.320087    32.8729        891     3.7083     1.8841  0.000e+00
    103.830     6.7821   3.320296    32.8724        892     3.7125     1.8832  0.000e+00
    103.977     6.7847   3.320735    32.8747        893     3.7167     1.8822  0.000e+00
    104.120     6.7873   3.321444    32.8800        894     3.7208     1.8813  0.000e+00
    104.262     6.7904   3.322722    32.8910        895     3.7250     1.8807  0.000e+00
    104.398     6.7952   3.324592    32.9068        896     3.7292     1.8786  0.000e+00
    104.526     6.8022   3.326230    32.9181        897     3.7333     1.8791  0.000e+00
    104.659     6.8102   3.327075    32.9196        898     3.7375     1.8777  0.000e+00
    104.772     6.8181   3.327706    32.9189        899     3.7417     1.8783  0.000e+00
    104.886     6.8248   3.327881    32.9143        900     3.7458     1.8771  0.000e+00
    104.982     6.8293   3.327915    32.9103        901     3.7500     1.8765  0.000e+00
    105.080     6.8320   3.327920    32.9077        902     3.7542     1.8755  0.000e+00
    105.170     6.8337   3.327954    32.9065        903     3.7583     1.8741  0.000e+00
    105.257     6.8344   3.327892    32.9050        904     3.7625     1.8730  0.000e+00
    105.342     6.8346   3.327943    32.9054        905     3.7667     1.8713  0.000e+00
    105.438     6.8345   3.327999    32.9061        906     3.7708     1.8716  0.000e+00
    105.539     6.8344   3.327864    32.9046        907     3.7750     1.8707  0.000e+00
    105.641     6.8341   3.327768    32.9038        908     3.7792     1.8702  0.000e+00
