HB2407/sbe127.cnv
* Sea-Bird SBE 19plus V2 Data File:
* FileName = C:\cruise\data\sbe127.hex
* Software Version Seasave V 7.26.7.121
* Temperature SN = 7037
* Conductivity SN = 7037
* System UpLoad Time = Nov 02 2024 22:35:12
* NMEA Latitude = 43 13.15 N
* NMEA Longitude = 067 35.25 W
* NMEA UTC (Time) = Nov 02 2024  22:34:24
** Ship: Bigelow
** Cruise:  HB2407
** Program:  Spring Bottom Trawl
# nquan = 8
# nvalues = 4889                                  
# units = specified
# name 0 = depSM: Depth [salt water, m]
# name 1 = tv290C: Temperature [ITS-90, deg C]
# name 2 = c0S/m: Conductivity [S/m]
# name 3 = sal00: Salinity, Practical [PSU]
# name 4 = scan: Scan Count
# name 5 = timeM: Time, Elapsed [minutes]
# name 6 = sbeox0V: Oxygen raw, SBE 43 [V]
# name 7 = flag:  0.000e+00
# span 0 =      0.094,    201.310                 
# span 1 =     7.5857,    13.0652                 
# span 2 =   0.000060,   3.789904                 
# span 3 =     0.0046,    34.1403                 
# span 4 =         11,       4899                 
# span 5 =     0.0417,    20.4083                 
# span 6 =     1.7061,     2.6240                 
# span 7 = 0.0000e+00, 0.0000e+00                 
# interval = seconds: 0.25
# start_time = Nov 02 2024 22:34:24 [NMEA time, header]
# bad_flag = -9.990e-29
*END*
[from data line 3057]
    106.358     7.6815   3.434941    33.2570       3068    12.7792     1.8593  0.000e+00
    106.303     7.6828   3.434964    33.2560       3069    12.7833     1.8585  0.000e+00
    106.256     7.6843   3.434924    33.2541       3070    12.7875     1.8585  0.000e+00
    106.204     7.6856   3.434964    33.2534       3071    12.7917     1.8584  0.000e+00
    106.166     7.6866   3.434918    33.2519       3072    12.7958     1.8600  0.000e+00
    106.130     7.6872   3.434964    33.2519       3073    12.8000     1.8595  0.000e+00
    106.083     7.6877   3.434924    33.2511       3074    12.8042     1.8602  0.000e+00
    106.043     7.6879   3.434941    33.2510       3075    12.8083     1.8591  0.000e+00
    106.003     7.6878   3.434964    33.2513       3076    12.8125     1.8599  0.000e+00
    105.958     7.6878   3.434924    33.2510       3077    12.8167     1.8609  0.000e+00
    105.911     7.6877   3.434941    33.2513       3078    12.8208     1.8598  0.000e+00
    105.862     7.6877   3.434901    33.2509       3079    12.8250     1.8605  0.000e+00
    105.813     7.6875   3.434924    33.2513       3080    12.8292     1.8603  0.000e+00
    105.768     7.6877   3.434924    33.2512       3081    12.8333     1.8617  0.000e+00
    105.730     7.6878   3.434918    33.2510       3082    12.8375     1.8623  0.000e+00
    105.705     7.6880   3.434924    33.2509       3083    12.8417     1.8617  0.000e+00
    105.676     7.6881   3.434924    33.2508       3084    12.8458     1.8613  0.000e+00
    105.647     7.6882   3.434901    33.2505       3085    12.8500     1.8618  0.000e+00
    105.618     7.6885   3.434901    33.2503       3086    12.8542     1.8614  0.000e+00
    105.585     7.6886   3.434924    33.2504       3087    12.8583     1.8620  0.000e+00
    105.551     7.6887   3.434901    33.2501       3088    12.8625     1.8617  0.000e+00
    105.511     7.6890   3.434901    33.2498       3089    12.8667     1.8624  0.000e+00
    105.455     7.6894   3.434924    33.2497       3090    12.8708     1.8619  0.000e+00
    105.399     7.6896   3.434918    33.2494       3091    12.8750     1.8617  0.000e+00
    105.339     7.6902   3.434941    33.2491       3092    12.8792     1.8623  0.000e+00
    105.265     7.6910   3.434941    33.2485       3093    12.8833     1.8627  0.000e+00
    105.195     7.6921   3.434981    33.2479       3094    12.8875     1.8632  0.000e+00
    105.122     7.6936   3.434964    33.2463       3095    12.8917     1.8636  0.000e+00
    105.061     7.6947   3.434878    33.2443       3096    12.8958     1.8622  0.000e+00
    105.010     7.6965   3.434838    33.2422       3097    12.9000     1.8631  0.000e+00
    104.965     7.6982   3.434832    33.2405       3098    12.9042     1.8623  0.000e+00
    104.943     7.6993   3.434838    33.2396       3099    12.9083     1.8628  0.000e+00
    104.923     7.7005   3.434878    33.2389       3100    12.9125     1.8627  0.000e+00
    104.929     7.7019   3.434855    33.2373       3101    12.9167     1.8627  0.000e+00
    104.932     7.7033   3.434878    33.2361       3102    12.9208     1.8633  0.000e+00
    104.929     7.7043   3.434838    33.2348       3103    12.9250     1.8627  0.000e+00
    104.923     7.7047   3.434878    33.2349       3104    12.9292     1.8626  0.000e+00
    104.918     7.7048   3.434861    33.2346       3105    12.9333     1.8632  0.000e+00
    104.893     7.7048   3.434861    33.2346       3106    12.9375     1.8633  0.000e+00
    104.856     7.7047   3.434901    33.2351       3107    12.9417     1.8635  0.000e+00
    104.815     7.7051   3.434792    33.2336       3108    12.9458     1.8642  0.000e+00
    104.755     7.7065   3.434758    33.2320       3109    12.9500     1.8641  0.000e+00
    104.679     7.7082   3.434775    33.2305       3110    12.9542     1.8651  0.000e+00
    104.592     7.7098   3.434792    33.2292       3111    12.9583     1.8651  0.000e+00
    104.498     7.7112   3.434815    33.2281       3112    12.9625     1.8654  0.000e+00
    104.401     7.7136   3.434838    33.2262       3113    12.9667     1.8659  0.000e+00
    104.292     7.7167   3.434832    33.2232       3114    12.9708     1.8648  0.000e+00
    104.191     7.7201   3.434860    33.2203       3115    12.9750     1.8652  0.000e+00
    104.099     7.7245   3.434860    33.2161       3116    12.9792     1.8658  0.000e+00
    104.021     7.7282   3.434917    33.2133       3117    12.9833     1.8657  0.000e+00
    103.959     7.7314   3.434940    33.2105       3118    12.9875     1.8662  0.000e+00
    103.905     7.7343   3.435026    33.2087       3119    12.9917     1.8677  0.000e+00
    103.860     7.7376   3.435025    33.2056       3120    12.9958     1.8678  0.000e+00
    103.838     7.7408   3.435065    33.2030       3121    13.0000     1.8686  0.000e+00
    103.828     7.7434   3.435065    33.2005       3122    13.0042     1.8685  0.000e+00
    103.818     7.7451   3.435042    33.1986       3123    13.0083     1.8695  0.000e+00
    103.811     7.7455   3.434985    33.1977       3124    13.0125     1.8709  0.000e+00
    103.806     7.7440   3.434980    33.1990       3125    13.0167     1.8717  0.000e+00
    103.797     7.7428   3.435003    33.2004       3126    13.0208     1.8700  0.000e+00
    103.782     7.7417   3.435008    33.2016       3127    13.0250     1.8716  0.000e+00
    103.759     7.7414   3.434900    33.2006       3128    13.0292     1.8713  0.000e+00
    103.726     7.7402   3.434860    33.2014       3129    13.0333     1.8716  0.000e+00
    103.686     7.7375   3.434917    33.2045       3130    13.0375     1.8714  0.000e+00
    103.636     7.7363   3.434963    33.2063       3131    13.0417     1.8718  0.000e+00
    103.567     7.7366   3.435042    33.2068       3132    13.0458     1.8709  0.000e+00
    103.507     7.7386   3.435094    33.2055       3133    13.0500     1.8716  0.000e+00
    103.448     7.7418   3.435128    33.2029       3134    13.0542     1.8718  0.000e+00
    103.383     7.7450   3.435088    33.1995       3135    13.0583     1.8711  0.000e+00
    103.316     7.7474   3.435179    33.1982       3136    13.0625     1.8717  0.000e+00
    103.254     7.7491   3.435310    33.1979       3137    13.0667     1.8713  0.000e+00
    103.203     7.7534   3.435436    33.1952       3138    13.0708     1.8732  0.000e+00
    103.173     7.7591   3.435436    33.1899       3139    13.0750     1.8720  0.000e+00
    103.155     7.7635   3.435459    33.1859       3140    13.0792     1.8723  0.000e+00
    103.144     7.7665   3.435419    33.1826       3141    13.0833     1.8731  0.000e+00
    103.148     7.7687   3.435436    33.1808       3142    13.0875     1.8728  0.000e+00
    103.155     7.7699   3.435441    33.1796       3143    13.0917     1.8738  0.000e+00
    103.173     7.7709   3.435418    33.1784       3144    13.0958     1.8728  0.000e+00
    103.184     7.7715   3.435436    33.1780       3145    13.1000     1.8752  0.000e+00
    103.187     7.7722   3.435441    33.1775       3146    13.1042     1.8731  0.000e+00
    103.185     7.7724   3.435436    33.1772       3147    13.1083     1.8729  0.000e+00
    103.171     7.7726   3.435458    33.1772       3148    13.1125     1.8749  0.000e+00
    103.140     7.7730   3.435441    33.1767       3149    13.1167     1.8729  0.000e+00
    103.099     7.7730   3.435458    33.1769       3150    13.1208     1.8742  0.000e+00
    103.043     7.7733   3.435561    33.1777       3151    13.1250     1.8738  0.000e+00
    102.970     7.7737   3.435624    33.1781       3152    13.1292     1.8736  0.000e+00
    102.883     7.7749   3.435589    33.1766       3153    13.1333     1.8758  0.000e+00
    102.788     7.7761   3.435538    33.1750       3154    13.1375     1.8772  0.000e+00
    102.686     7.7772   3.435584    33.1744       3155    13.1417     1.8769  0.000e+00
    102.578     7.7780   3.435567    33.1735       3156    13.1458     1.8772  0.000e+00
    102.480     7.7785   3.435561    33.1730       3157    13.1500     1.8769  0.000e+00
    102.391     7.7790   3.435624    33.1733       3158    13.1542     1.8774  0.000e+00
    102.316     7.7796   3.435589    33.1724       3159    13.1583     1.8787  0.000e+00
    102.263     7.7800   3.435561    33.1718       3160    13.1625     1.8789  0.000e+00
    102.225     7.7801   3.435584    33.1719       3161    13.1667     1.8790  0.000e+00
    102.212     7.7803   3.435612    33.1720       3162    13.1708     1.8781  0.000e+00
    102.209     7.7806   3.435646    33.1721       3163    13.1750     1.8795  0.000e+00
    102.216     7.7808   3.435584    33.1712       3164    13.1792     1.8804  0.000e+00
    102.227     7.7811   3.435601    33.1712       3165    13.1833     1.8796  0.000e+00
    102.236     7.7810   3.435658    33.1718       3166    13.1875     1.8792  0.000e+00
    102.247     7.7811   3.435663    33.1718       3167    13.1917     1.8791  0.000e+00
    102.247     7.7813   3.435663    33.1716       3168    13.1958     1.8784  0.000e+00
    102.236     7.7815   3.435698    33.1717       3169    13.2000     1.8797  0.000e+00
    102.214     7.7820   3.435726    33.1716       3170    13.2042     1.8781  0.000e+00
    102.178     7.7825   3.435726    33.1712       3171    13.2083     1.8791  0.000e+00
    102.126     7.7829   3.435783    33.1714       3172    13.2125     1.8787  0.000e+00
    102.075     7.7833   3.435789    33.1711       3173    13.2167     1.8784  0.000e+00
    102.008     7.7846   3.435812    33.1701       3174    13.2208     1.8787  0.000e+00
    101.939     7.7870   3.435658    33.1663       3175    13.2250     1.8786  0.000e+00
    101.863     7.7902   3.435663    33.1633       3176    13.2292     1.8777  0.000e+00
    101.798     7.7939   3.435663    33.1598       3177    13.2333     1.8782  0.000e+00
    101.735     7.7970   3.435663    33.1569       3178    13.2375     1.8782  0.000e+00
    101.679     7.7997   3.435634    33.1540       3179    13.2417     1.8782  0.000e+00
    101.638     7.8019   3.435623    33.1518       3180    13.2458     1.8797  0.000e+00
    101.609     7.8038   3.435646    33.1503       3181    13.2500     1.8799  0.000e+00
    101.587     7.8051   3.435634    33.1490       3182    13.2542     1.8792  0.000e+00
    101.585     7.8060   3.435623    33.1480       3183    13.2583     1.8798  0.000e+00
    101.580     7.8064   3.435623    33.1476       3184    13.2625     1.8807  0.000e+00
    101.589     7.8066   3.435634    33.1475       3185    13.2667     1.8810  0.000e+00
    101.607     7.8067   3.435623    33.1473       3186    13.2708     1.8825  0.000e+00
    101.627     7.8066   3.435646    33.1476       3187    13.2750     1.8824  0.000e+00
    101.654     7.8065   3.435674    33.1480       3188    13.2792     1.8822  0.000e+00
    101.677     7.8062   3.435703    33.1486       3189    13.2833     1.8826  0.000e+00
    101.692     7.8057   3.435726    33.1493       3190    13.2875     1.8842  0.000e+00
    101.708     7.8054   3.435720    33.1496       3191    13.2917     1.8833  0.000e+00
    101.712     7.8052   3.435703    33.1496       3192    13.2958     1.8833  0.000e+00
    101.701     7.8048   3.435703    33.1499       3193    13.3000     1.8836  0.000e+00
    101.677     7.8046   3.435703    33.1501       3194    13.3042     1.8841  0.000e+00
    101.634     7.8045   3.435697    33.1502       3195    13.3083     1.8836  0.000e+00
    101.579     7.8046   3.435623    33.1493       3196    13.3125     1.8848  0.000e+00
    101.522     7.8049   3.435600    33.1488       3197    13.3167     1.8846  0.000e+00
    101.447     7.8053   3.435566    33.1482       3198    13.3208     1.8832  0.000e+00
    101.379     7.8060   3.435560    33.1474       3199    13.3250     1.8839  0.000e+00
    101.306     7.8072   3.435560    33.1463       3200    13.3292     1.8854  0.000e+00
    101.236     7.8086   3.435611    33.1456       3201    13.3333     1.8851  0.000e+00
    101.171     7.8099   3.435600    33.1442       3202    13.3375     1.8854  0.000e+00
    101.122     7.8113   3.435583    33.1428       3203    13.3417     1.8859  0.000e+00
    101.088     7.8126   3.435566    33.1414       3204    13.3458     1.8853  0.000e+00
    101.064     7.8136   3.435600    33.1408       3205    13.3500     1.8858  0.000e+00
    101.055     7.8144   3.435600    33.1400       3206    13.3542     1.8861  0.000e+00
    101.057     7.8152   3.435600    33.1392       3207    13.3583     1.8864  0.000e+00
    101.062     7.8156   3.435634    33.1393       3208    13.3625     1.8848  0.000e+00
    101.062     7.8160   3.435645    33.1390       3209    13.3667     1.8874  0.000e+00
    101.051     7.8161   3.435645    33.1389       3210    13.3708     1.8875  0.000e+00
    101.042     7.8163   3.435657    33.1388       3211    13.3750     1.8866  0.000e+00
    101.019     7.8166   3.435623    33.1382       3212    13.3792     1.8858  0.000e+00
    100.995     7.8166   3.435623    33.1382       3213    13.3833     1.8871  0.000e+00
    100.956     7.8167   3.435588    33.1378       3214    13.3875     1.8864  0.000e+00
    100.910     7.8166   3.435623    33.1382       3215    13.3917     1.8871  0.000e+00
    100.867     7.8167   3.435623    33.1382       3216    13.3958     1.8860  0.000e+00
    100.818     7.8165   3.435611    33.1383       3217    13.4000     1.8862  0.000e+00
    100.764     7.8165   3.435600    33.1382       3218    13.4042     1.8873  0.000e+00
    100.719     7.8166   3.435600    33.1381       3219    13.4083     1.8865  0.000e+00
    100.661     7.8165   3.435600    33.1382       3220    13.4125     1.8850  0.000e+00
    100.619     7.8165   3.435588    33.1381       3221    13.4167     1.8869  0.000e+00
    100.585     7.8165   3.435600    33.1383       3222    13.4208     1.8880  0.000e+00
    100.567     7.8166   3.435600    33.1382       3223    13.4250     1.8882  0.000e+00
    100.556     7.8166   3.435588    33.1381       3224    13.4292     1.8864  0.000e+00
    100.556     7.8165   3.435600    33.1383       3225    13.4333     1.8878  0.000e+00
    100.559     7.8165   3.435600    33.1383       3226    13.4375     1.8882  0.000e+00
    100.563     7.8165   3.435588    33.1381       3227    13.4417     1.8861  0.000e+00
    100.576     7.8165   3.435600    33.1382       3228    13.4458     1.8873  0.000e+00
    100.579     7.8165   3.435600    33.1383       3229    13.4500     1.8872  0.000e+00
    100.576     7.8163   3.435611    33.1385       3230    13.4542     1.8877  0.000e+00
    100.570     7.8165   3.435583    33.1381       3231    13.4583     1.8878  0.000e+00
    100.561     7.8163   3.435600    33.1385       3232    13.4625     1.8871  0.000e+00
    100.536     7.8163   3.435588    33.1384       3233    13.4667     1.8881  0.000e+00
    100.511     7.8163   3.435600    33.1385       3234    13.4708     1.8882  0.000e+00
    100.480     7.8162   3.435600    33.1386       3235    13.4750     1.8872  0.000e+00
    100.444     7.8163   3.435600    33.1385       3236    13.4792     1.8861  0.000e+00
    100.400     7.8163   3.435611    33.1386       3237    13.4833     1.8861  0.000e+00
    100.350     7.8165   3.435645    33.1388       3238    13.4875     1.8861  0.000e+00
    100.301     7.8171   3.435662    33.1385       3239    13.4917     1.8865  0.000e+00
    100.250     7.8183   3.435697    33.1377       3240    13.4958     1.8874  0.000e+00
    100.196     7.8196   3.435748    33.1371       3241    13.5000     1.8871  0.000e+00
    100.133     7.8207   3.435788    33.1365       3242    13.5042     1.8872  0.000e+00
    100.075     7.8223   3.435805    33.1352       3243    13.5083     1.8861  0.000e+00
    100.015     7.8240   3.435788    33.1334       3244    13.5125     1.8864  0.000e+00
     99.957     7.8254   3.435810    33.1323       3245    13.5167     1.8865  0.000e+00
