HB2407/sbe139.cnv
* Sea-Bird SBE 19plus V2 Data File:
* FileName = C:\cruise\data\sbe139.hex
* Software Version Seasave V 7.26.7.121
* Temperature SN = 7037
* Conductivity SN = 7037
* System UpLoad Time = Nov 10 2024 10:36:03
* NMEA Latitude = 41 48.60 N
* NMEA Longitude = 070 20.05 W
* NMEA UTC (Time) = Nov 10 2024  10:34:24
** Ship: Bigelow
** Cruise:  HB2407
** Program:  Spring Bottom Trawl
# nquan = 8
# nvalues = 683                                   
# units = specified
# name 0 = depSM: Depth [salt water, m]
# name 1 = tv290C: Temperature [ITS-90, deg C]
# name 2 = c0S/m: Conductivity [S/m]
# name 3 = sal00: Salinity, Practical [PSU]
# name 4 = scan: Scan Count
# name 5 = timeM: Time, Elapsed [minutes]
# name 6 = sbeox0V: Oxygen raw, SBE 43 [V]
# name 7 = flag:  0.000e+00
# span 0 =      0.164,     22.083                 
# span 1 =    11.2948,    12.6083                 
# span 2 =   0.394073,   3.721372                 
# span 3 =     2.8039,    32.0112                 
# span 4 =         11,        693                 
# span 5 =     0.0417,     2.8833                 
# span 6 =     2.0199,     2.3755                 
# span 7 = 0.0000e+00, 0.0000e+00                 
# interval = seconds: 0.25
# start_time = Nov 10 2024 10:34:24 [NMEA time, header]
# bad_flag = -9.990e-29
*END*
[from data line 180]
      1.509    12.5837   3.718528    31.7680        191     0.7917     2.3151  0.000e+00
      1.494    12.5845   3.718864    31.7706        192     0.7958     2.3131  0.000e+00
      1.501    12.5859   3.719141    31.7720        193     0.8000     2.3137  0.000e+00
      1.527    12.5882   3.719017    31.7688        194     0.8042     2.3138  0.000e+00
      1.543    12.5897   3.718958    31.7670        195     0.8083     2.3149  0.000e+00
      1.561    12.5906   3.718894    31.7656        196     0.8125     2.3155  0.000e+00
      1.574    12.5904   3.718846    31.7654        197     0.8167     2.3159  0.000e+00
      1.584    12.5902   3.719076    31.7677        198     0.8208     2.3174  0.000e+00
      1.597    12.5905   3.719041    31.7671        199     0.8250     2.3162  0.000e+00
      1.612    12.5910   3.719117    31.7674        200     0.8292     2.3162  0.000e+00
      1.622    12.5912   3.719129    31.7673        201     0.8333     2.3168  0.000e+00
      1.613    12.5916   3.719053    31.7663        202     0.8375     2.3175  0.000e+00
      1.716    12.5917   3.718758    31.7633        203     0.8417     2.3173  0.000e+00
      1.843    12.5908   3.718169    31.7585        204     0.8458     2.3162  0.000e+00
      2.042    12.5885   3.718529    31.7637        205     0.8500     2.3158  0.000e+00
      2.255    12.5870   3.719106    31.7704        206     0.8542     2.3159  0.000e+00
      2.438    12.5878   3.719300    31.7715        207     0.8583     2.3158  0.000e+00
      2.589    12.5896   3.719347    31.7704        208     0.8625     2.3166  0.000e+00
      2.712    12.5909   3.719436    31.7701        209     0.8667     2.3181  0.000e+00
      2.864    12.5922   3.719542    31.7699        210     0.8708     2.3198  0.000e+00
      3.056    12.5934   3.719824    31.7715        211     0.8750     2.3206  0.000e+00
      3.266    12.5950   3.719960    31.7713        212     0.8792     2.3204  0.000e+00
      3.466    12.5967   3.719713    31.7675        213     0.8833     2.3210  0.000e+00
      3.652    12.5974   3.719507    31.7649        214     0.8875     2.3197  0.000e+00
      3.833    12.5970   3.719259    31.7628        215     0.8917     2.3218  0.000e+00
      4.028    12.5962   3.719348    31.7642        216     0.8958     2.3217  0.000e+00
      4.256    12.5954   3.719542    31.7667        217     0.9000     2.3201  0.000e+00
      4.489    12.5949   3.719483    31.7664        218     0.9042     2.3214  0.000e+00
      4.710    12.5945   3.719395    31.7658        219     0.9083     2.3230  0.000e+00
      4.900    12.5940   3.719348    31.7658        220     0.9125     2.3240  0.000e+00
      5.079    12.5933   3.719278    31.7656        221     0.9167     2.3241  0.000e+00
      5.270    12.5926   3.719213    31.7655        222     0.9208     2.3220  0.000e+00
      5.475    12.5918   3.719278    31.7667        223     0.9250     2.3216  0.000e+00
      5.659    12.5915   3.719278    31.7668        224     0.9292     2.3204  0.000e+00
      5.834    12.5913   3.719237    31.7666        225     0.9333     2.3198  0.000e+00
      5.988    12.5912   3.719260    31.7669        226     0.9375     2.3184  0.000e+00
      6.136    12.5907   3.719278    31.7673        227     0.9417     2.3177  0.000e+00
      6.294    12.5905   3.719325    31.7679        228     0.9458     2.3171  0.000e+00
      6.460    12.5904   3.719366    31.7683        229     0.9500     2.3171  0.000e+00
      6.632    12.5906   3.719372    31.7681        230     0.9542     2.3179  0.000e+00
      6.805    12.5908   3.719213    31.7664        231     0.9583     2.3191  0.000e+00
      6.979    12.5905   3.719278    31.7672        232     0.9625     2.3199  0.000e+00
      7.158    12.5903   3.719779    31.7720        233     0.9667     2.3207  0.000e+00
      7.353    12.5915   3.720097    31.7739        234     0.9708     2.3214  0.000e+00
      7.565    12.5940   3.720032    31.7712        235     0.9750     2.3207  0.000e+00
      7.780    12.5957   3.719738    31.7668        236     0.9792     2.3207  0.000e+00
      7.987    12.5957   3.719644    31.7658        237     0.9833     2.3212  0.000e+00
      8.185    12.5952   3.719891    31.7685        238     0.9875     2.3210  0.000e+00
      8.385    12.5953   3.720121    31.7706        239     0.9917     2.3210  0.000e+00
      8.581    12.5963   3.720239    31.7708        240     0.9958     2.3214  0.000e+00
      8.783    12.5975   3.720351    31.7708        241     1.0000     2.3228  0.000e+00
      8.971    12.5987   3.720327    31.7695        242     1.0042     2.3230  0.000e+00
      9.148    12.5995   3.720439    31.7697        243     1.0083     2.3233  0.000e+00
      9.316    12.6003   3.720575    31.7703        244     1.0125     2.3238  0.000e+00
      9.488    12.6013   3.720828    31.7718        245     1.0167     2.3240  0.000e+00
      9.662    12.6027   3.720734    31.7696        246     1.0208     2.3246  0.000e+00
      9.835    12.6037   3.720675    31.7682        247     1.0250     2.3249  0.000e+00
     10.014    12.6042   3.720734    31.7683        248     1.0292     2.3249  0.000e+00
     10.190    12.6045   3.720828    31.7688        249     1.0333     2.3253  0.000e+00
     10.372    12.6047   3.720875    31.7690        250     1.0375     2.3249  0.000e+00
     10.558    12.6050   3.720828    31.7682        251     1.0417     2.3253  0.000e+00
     10.761    12.6052   3.720534    31.7652        252     1.0458     2.3256  0.000e+00
     10.976    12.6045   3.720669    31.7670        253     1.0500     2.3258  0.000e+00
     11.184    12.6036   3.720699    31.7679        254     1.0542     2.3245  0.000e+00
     11.395    12.6037   3.720558    31.7664        255     1.0583     2.3243  0.000e+00
     11.598    12.6032   3.720458    31.7658        256     1.0625     2.3244  0.000e+00
     11.797    12.6022   3.720487    31.7668        257     1.0667     2.3245  0.000e+00
     11.992    12.6018   3.720523    31.7674        258     1.0708     2.3234  0.000e+00
     12.175    12.6016   3.720511    31.7674        259     1.0750     2.3227  0.000e+00
     12.350    12.6014   3.720599    31.7684        260     1.0792     2.3235  0.000e+00
     12.505    12.6015   3.720588    31.7681        261     1.0833     2.3238  0.000e+00
     12.663    12.6016   3.720558    31.7677        262     1.0875     2.3237  0.000e+00
     12.820    12.6017   3.720611    31.7680        263     1.0917     2.3245  0.000e+00
     12.984    12.6017   3.720670    31.7686        264     1.0958     2.3261  0.000e+00
     13.145    12.6018   3.720676    31.7684        265     1.1000     2.3254  0.000e+00
     13.313    12.6020   3.720647    31.7679        266     1.1042     2.3261  0.000e+00
     13.492    12.6020   3.720564    31.7671        267     1.1083     2.3253  0.000e+00
     13.668    12.6019   3.720376    31.7653        268     1.1125     2.3246  0.000e+00
     13.863    12.6009   3.720258    31.7650        269     1.1167     2.3228  0.000e+00
     14.066    12.5996   3.720111    31.7646        270     1.1208     2.3217  0.000e+00
     14.279    12.5982   3.720011    31.7647        271     1.1250     2.3232  0.000e+00
     14.487    12.5969   3.719982    31.7655        272     1.1292     2.3231  0.000e+00
     14.693    12.5957   3.719899    31.7656        273     1.1333     2.3232  0.000e+00
     14.904    12.5946   3.719805    31.7656        274     1.1375     2.3240  0.000e+00
     15.114    12.5936   3.719805    31.7663        275     1.1417     2.3236  0.000e+00
     15.317    12.5927   3.719847    31.7674        276     1.1458     2.3243  0.000e+00
     15.510    12.5922   3.719829    31.7675        277     1.1500     2.3246  0.000e+00
     15.698    12.5919   3.719941    31.7688        278     1.1542     2.3253  0.000e+00
     15.875    12.5921   3.719894    31.7681        279     1.1583     2.3259  0.000e+00
     16.058    12.5919   3.719965    31.7689        280     1.1625     2.3258  0.000e+00
     16.228    12.5922   3.720047    31.7694        281     1.1667     2.3257  0.000e+00
     16.396    12.5923   3.720035    31.7691        282     1.1708     2.3259  0.000e+00
     16.564    12.5927   3.720088    31.7691        283     1.1750     2.3246  0.000e+00
     16.739    12.5928   3.720100    31.7691        284     1.1792     2.3233  0.000e+00
     16.907    12.5932   3.720147    31.7691        285     1.1833     2.3227  0.000e+00
     17.086    12.5935   3.720201    31.7693        286     1.1875     2.3236  0.000e+00
     17.260    12.5939   3.720171    31.7687        287     1.1917     2.3236  0.000e+00
     17.434    12.5941   3.720065    31.7674        288     1.1958     2.3242  0.000e+00
     17.611    12.5939   3.720077    31.7677        289     1.2000     2.3259  0.000e+00
     17.795    12.5935   3.720065    31.7678        290     1.2042     2.3251  0.000e+00
     17.987    12.5933   3.720077    31.7680        291     1.2083     2.3269  0.000e+00
     18.175    12.5931   3.720089    31.7682        292     1.2125     2.3278  0.000e+00
     18.365    12.5929   3.719806    31.7656        293     1.2167     2.3282  0.000e+00
     18.549    12.5929   3.720101    31.7683        294     1.2208     2.3277  0.000e+00
     18.739    12.5928   3.720284    31.7701        295     1.2250     2.3284  0.000e+00
     18.934    12.5934   3.720331    31.7700        296     1.2292     2.3285  0.000e+00
     19.137    12.5940   3.720284    31.7689        297     1.2333     2.3281  0.000e+00
     19.334    12.5942   3.720419    31.7700        298     1.2375     2.3284  0.000e+00
     19.533    12.5944   3.720437    31.7699        299     1.2417     2.3285  0.000e+00
     19.719    12.5950   3.720466    31.7695        300     1.2458     2.3296  0.000e+00
     19.907    12.5953   3.720437    31.7689        301     1.2500     2.3294  0.000e+00
     20.108    12.5956   3.720561    31.7698        302     1.2542     2.3286  0.000e+00
     20.305    12.5960   3.720696    31.7707        303     1.2583     2.3281  0.000e+00
     20.491    12.5968   3.720567    31.7687        304     1.2625     2.3285  0.000e+00
     20.681    12.5970   3.720626    31.7690        305     1.2667     2.3293  0.000e+00
     20.856    12.5974   3.720702    31.7693        306     1.2708     2.3288  0.000e+00
     21.037    12.5975   3.720650    31.7686        307     1.2750     2.3303  0.000e+00
     21.218    12.5978   3.720614    31.7680        308     1.2792     2.3306  0.000e+00
     21.398    12.5977   3.720762    31.7694        309     1.2833     2.3295  0.000e+00
     21.577    12.5980   3.720809    31.7695        310     1.2875     2.3301  0.000e+00
     21.747    12.5985   3.720762    31.7686        311     1.2917     2.3302  0.000e+00
     21.802    12.5986   3.720897    31.7698        312     1.2958     2.3287  0.000e+00
     21.807    12.5992   3.720809    31.7685        313     1.3000     2.3293  0.000e+00
     21.776    12.5992   3.720762    31.7680        314     1.3042     2.3307  0.000e+00
     21.753    12.5992   3.720768    31.7681        315     1.3083     2.3298  0.000e+00
     21.765    12.5990   3.720738    31.7680        316     1.3125     2.3305  0.000e+00
     21.789    12.5989   3.720614    31.7669        317     1.3167     2.3297  0.000e+00
     21.802    12.5984   3.720603    31.7672        318     1.3208     2.3309  0.000e+00
     21.800    12.5978   3.720626    31.7679        319     1.3250     2.3310  0.000e+00
     21.789    12.5976   3.720632    31.7681        320     1.3292     2.3309  0.000e+00
     21.793    12.5975   3.720650    31.7684        321     1.3333     2.3311  0.000e+00
     21.796    12.5974   3.720567    31.7677        322     1.3375     2.3300  0.000e+00
     21.794    12.5973   3.720579    31.7678        323     1.3417     2.3314  0.000e+00
     21.784    12.5971   3.720614    31.7684        324     1.3458     2.3317  0.000e+00
     21.786    12.5970   3.720626    31.7686        325     1.3500     2.3312  0.000e+00
     21.784    12.5970   3.720632    31.7686        326     1.3542     2.3316  0.000e+00
     21.776    12.5970   3.720762    31.7698        327     1.3583     2.3308  0.000e+00
     21.771    12.5975   3.720856    31.7704        328     1.3625     2.3313  0.000e+00
     21.767    12.5982   3.720897    31.7702        329     1.3667     2.3307  0.000e+00
     21.769    12.5989   3.720897    31.7695        330     1.3708     2.3307  0.000e+00
     21.767    12.5994   3.720850    31.7687        331     1.3750     2.3314  0.000e+00
     21.767    12.5997   3.720856    31.7685        332     1.3792     2.3298  0.000e+00
     21.771    12.5997   3.720850    31.7684        333     1.3833     2.3282  0.000e+00
     21.771    12.5998   3.720832    31.7681        334     1.3875     2.3278  0.000e+00
     21.775    12.5997   3.720832    31.7682        335     1.3917     2.3279  0.000e+00
     21.778    12.5997   3.720832    31.7682        336     1.3958     2.3269  0.000e+00
     21.767    12.5996   3.720856    31.7686        337     1.4000     2.3268  0.000e+00
     21.758    12.5997   3.721050    31.7703        338     1.4042     2.3272  0.000e+00
     21.764    12.6002   3.721127    31.7706        339     1.4083     2.3266  0.000e+00
     21.771    12.6011   3.721091    31.7695        340     1.4125     2.3278  0.000e+00
     21.769    12.6015   3.721127    31.7695        341     1.4167     2.3284  0.000e+00
     21.767    12.6020   3.721221    31.7700        342     1.4208     2.3285  0.000e+00
     21.760    12.6025   3.721239    31.7697        343     1.4250     2.3281  0.000e+00
     21.755    12.6031   3.721197    31.7688        344     1.4292     2.3283  0.000e+00
     21.744    12.6034   3.721239    31.7690        345     1.4333     2.3282  0.000e+00
     21.724    12.6037   3.721262    31.7690        346     1.4375     2.3287  0.000e+00
     21.690    12.6040   3.721309    31.7692        347     1.4417     2.3279  0.000e+00
     21.650    12.6043   3.721309    31.7689        348     1.4458     2.3271  0.000e+00
     21.610    12.6045   3.721286    31.7685        349     1.4500     2.3269  0.000e+00
     21.578    12.6046   3.721286    31.7685        350     1.4542     2.3270  0.000e+00
     21.549    12.6047   3.721197    31.7675        351     1.4583     2.3268  0.000e+00
     21.522    12.6045   3.721239    31.7681        352     1.4625     2.3268  0.000e+00
     21.500    12.6044   3.721244    31.7683        353     1.4667     2.3265  0.000e+00
     21.495    12.6045   3.721197    31.7677        354     1.4708     2.3246  0.000e+00
     21.500    12.6044   3.721174    31.7676        355     1.4750     2.3259  0.000e+00
     21.522    12.6040   3.721115    31.7674        356     1.4792     2.3242  0.000e+00
     21.545    12.6037   3.721038    31.7669        357     1.4833     2.3241  0.000e+00
     21.563    12.6031   3.720962    31.7667        358     1.4875     2.3243  0.000e+00
     21.581    12.6025   3.720673    31.7644        359     1.4917     2.3275  0.000e+00
     21.603    12.6017   3.720938    31.7677        360     1.4958     2.3253  0.000e+00
     21.619    12.6015   3.720991    31.7683        361     1.5000     2.3268  0.000e+00
     21.630    12.6014   3.721056    31.7690        362     1.5042     2.3278  0.000e+00
     21.625    12.6017   3.721115    31.7693        363     1.5083     2.3255  0.000e+00
     21.619    12.6021   3.721127    31.7691        364     1.5125     2.3262  0.000e+00
     21.608    12.6024   3.721180    31.7693        365     1.5167     2.3269  0.000e+00
     21.594    12.6027   3.721150    31.7688        366     1.5208     2.3266  0.000e+00
     21.583    12.6030   3.721180    31.7688        367     1.5250     2.3252  0.000e+00
     21.569    12.6032   3.721127    31.7681        368     1.5292     2.3272  0.000e+00
     21.551    12.6033   3.721115    31.7680        369     1.5333     2.3269  0.000e+00
