HB2407/sbe115.cnv
* Sea-Bird SBE 19plus V2 Data File:
* FileName = C:\cruise\data\sbe115.hex
* Software Version Seasave V 7.26.7.121
* Temperature SN = 7037
* Conductivity SN = 7037
* System UpLoad Time = Oct 31 2024 00:49:37
* NMEA Latitude = 41 40.57 N
* NMEA Longitude = 066 06.79 W
* NMEA UTC (Time) = Oct 31 2024  00:48:45
** Ship: Bigelow
** Cruise:  HB2407
** Program:  Spring Bottom Trawl
# nquan = 8
# nvalues = 2406                                  
# units = specified
# name 0 = depSM: Depth [salt water, m]
# name 1 = tv290C: Temperature [ITS-90, deg C]
# name 2 = c0S/m: Conductivity [S/m]
# name 3 = sal00: Salinity, Practical [PSU]
# name 4 = scan: Scan Count
# name 5 = timeM: Time, Elapsed [minutes]
# name 6 = sbeox0V: Oxygen raw, SBE 43 [V]
# name 7 = flag:  0.000e+00
# span 0 =      0.069,     91.836                 
# span 1 =     7.9656,    14.5685                 
# span 2 =  -0.000012,   3.994386                 
# span 3 =     0.0000,    33.1252                 
# span 4 =         11,       2416                 
# span 5 =     0.0417,    10.0625                 
# span 6 =     2.0891,     2.5675                 
# span 7 = 0.0000e+00, 0.0000e+00                 
# interval = seconds: 0.25
# start_time = Oct 31 2024 00:48:45 [NMEA time, header]
# bad_flag = -9.990e-29
*END*
[from data line 899]
     86.968     7.9709   3.443898    33.0871        910     3.7875     2.0950  0.000e+00
     86.908     7.9706   3.443887    33.0873        911     3.7917     2.0945  0.000e+00
     86.843     7.9705   3.443864    33.0872        912     3.7958     2.0960  0.000e+00
     86.762     7.9702   3.443864    33.0875        913     3.8000     2.0961  0.000e+00
     86.675     7.9702   3.443858    33.0875        914     3.8042     2.0942  0.000e+00
     86.575     7.9700   3.443847    33.0876        915     3.8083     2.0954  0.000e+00
     86.472     7.9702   3.443847    33.0874        916     3.8125     2.0955  0.000e+00
     86.366     7.9703   3.443835    33.0873        917     3.8167     2.0945  0.000e+00
     86.257     7.9703   3.443824    33.0872        918     3.8208     2.0945  0.000e+00
     86.150     7.9705   3.443824    33.0871        919     3.8250     2.0931  0.000e+00
     86.051     7.9705   3.443847    33.0873        920     3.8292     2.0935  0.000e+00
     85.959     7.9703   3.443812    33.0872        921     3.8333     2.0932  0.000e+00
     85.877     7.9703   3.443801    33.0871        922     3.8375     2.0933  0.000e+00
     85.807     7.9702   3.443801    33.0873        923     3.8417     2.0939  0.000e+00
     85.750     7.9699   3.443812    33.0877        924     3.8458     2.0944  0.000e+00
     85.703     7.9697   3.443784    33.0876        925     3.8500     2.0950  0.000e+00
     85.665     7.9695   3.443801    33.0880        926     3.8542     2.0958  0.000e+00
     85.627     7.9692   3.443801    33.0883        927     3.8583     2.0965  0.000e+00
     85.584     7.9692   3.443789    33.0882        928     3.8625     2.0942  0.000e+00
     85.537     7.9691   3.443801    33.0884        929     3.8667     2.0953  0.000e+00
     85.486     7.9692   3.443784    33.0882        930     3.8708     2.0949  0.000e+00
     85.427     7.9692   3.443789    33.0883        931     3.8750     2.0951  0.000e+00
     85.360     7.9691   3.443784    33.0883        932     3.8792     2.0942  0.000e+00
     85.280     7.9691   3.443784    33.0884        933     3.8833     2.0939  0.000e+00
     85.186     7.9690   3.443761    33.0883        934     3.8875     2.0943  0.000e+00
     85.083     7.9685   3.443749    33.0886        935     3.8917     2.0948  0.000e+00
     84.972     7.9681   3.443761    33.0892        936     3.8958     2.0942  0.000e+00
     84.858     7.9680   3.443721    33.0889        937     3.9000     2.0944  0.000e+00
     84.739     7.9678   3.443726    33.0892        938     3.9042     2.0936  0.000e+00
     84.625     7.9681   3.443721    33.0889        939     3.9083     2.0937  0.000e+00
     84.515     7.9687   3.443720    33.0885        940     3.9125     2.0947  0.000e+00
     84.412     7.9693   3.443698    33.0876        941     3.9167     2.0954  0.000e+00
     84.309     7.9701   3.443680    33.0868        942     3.9208     2.0946  0.000e+00
     84.220     7.9705   3.443698    33.0867        943     3.9250     2.0952  0.000e+00
     84.146     7.9707   3.443680    33.0863        944     3.9292     2.0942  0.000e+00
     84.079     7.9706   3.443680    33.0864        945     3.9333     2.0948  0.000e+00
     84.019     7.9704   3.443680    33.0866        946     3.9375     2.0948  0.000e+00
     83.963     7.9702   3.443680    33.0868        947     3.9417     2.0952  0.000e+00
     83.918     7.9703   3.443680    33.0868        948     3.9458     2.0952  0.000e+00
     83.871     7.9705   3.443680    33.0867        949     3.9500     2.0959  0.000e+00
     83.833     7.9707   3.443680    33.0864        950     3.9542     2.0950  0.000e+00
     83.790     7.9706   3.443657    33.0863        951     3.9583     2.0949  0.000e+00
     83.755     7.9706   3.443680    33.0866        952     3.9625     2.0947  0.000e+00
     83.714     7.9708   3.443680    33.0864        953     3.9667     2.0948  0.000e+00
     83.665     7.9710   3.443657    33.0860        954     3.9708     2.0947  0.000e+00
     83.620     7.9711   3.443657    33.0859        955     3.9750     2.0942  0.000e+00
     83.556     7.9711   3.443697    33.0863        956     3.9792     2.0944  0.000e+00
     83.488     7.9719   3.443743    33.0862        957     3.9833     2.0941  0.000e+00
     83.413     7.9729   3.443783    33.0857        958     3.9875     2.0949  0.000e+00
     83.325     7.9742   3.443680    33.0834        959     3.9917     2.0948  0.000e+00
     83.231     7.9744   3.443783    33.0843        960     3.9958     2.0961  0.000e+00
     83.127     7.9752   3.443846    33.0843        961     4.0000     2.0961  0.000e+00
     83.021     7.9770   3.443788    33.0820        962     4.0042     2.0960  0.000e+00
     82.901     7.9783   3.443743    33.0804        963     4.0083     2.0965  0.000e+00
     82.787     7.9786   3.443680    33.0794        964     4.0125     2.0970  0.000e+00
     82.675     7.9779   3.443697    33.0804        965     4.0167     2.0982  0.000e+00
     82.572     7.9772   3.443703    33.0811        966     4.0208     2.0979  0.000e+00
     82.469     7.9770   3.443697    33.0813        967     4.0250     2.0973  0.000e+00
     82.377     7.9769   3.443743    33.0819        968     4.0292     2.0974  0.000e+00
     82.292     7.9771   3.443657    33.0809        969     4.0333     2.0982  0.000e+00
     82.225     7.9768   3.443634    33.0810        970     4.0375     2.0974  0.000e+00
     82.158     7.9762   3.443634    33.0815        971     4.0417     2.0974  0.000e+00
     82.100     7.9758   3.443594    33.0815        972     4.0458     2.0972  0.000e+00
     82.047     7.9754   3.443617    33.0822        973     4.0500     2.0964  0.000e+00
     81.997     7.9748   3.443617    33.0827        974     4.0542     2.0964  0.000e+00
     81.946     7.9747   3.443594    33.0827        975     4.0583     2.0967  0.000e+00
     81.905     7.9747   3.443594    33.0827        976     4.0625     2.0956  0.000e+00
     81.856     7.9747   3.443594    33.0827        977     4.0667     2.0939  0.000e+00
     81.818     7.9750   3.443617    33.0826        978     4.0708     2.0940  0.000e+00
     81.773     7.9753   3.443594    33.0822        979     4.0750     2.0933  0.000e+00
     81.722     7.9756   3.443594    33.0819        980     4.0792     2.0939  0.000e+00
     81.662     7.9758   3.443594    33.0817        981     4.0833     2.0945  0.000e+00
     81.592     7.9756   3.443554    33.0815        982     4.0875     2.0937  0.000e+00
     81.514     7.9755   3.443594    33.0821        983     4.0917     2.0929  0.000e+00
     81.423     7.9755   3.443634    33.0825        984     4.0958     2.0949  0.000e+00
     81.326     7.9761   3.443634    33.0820        985     4.1000     2.0945  0.000e+00
     81.223     7.9766   3.443656    33.0818        986     4.1042     2.0943  0.000e+00
     81.114     7.9772   3.443656    33.0813        987     4.1083     2.0945  0.000e+00
     81.004     7.9777   3.443696    33.0813        988     4.1125     2.0945  0.000e+00
     80.899     7.9782   3.443719    33.0811        989     4.1167     2.0964  0.000e+00
     80.796     7.9790   3.443725    33.0805        990     4.1208     2.0956  0.000e+00
     80.702     7.9797   3.443696    33.0796        991     4.1250     2.0951  0.000e+00
     80.619     7.9800   3.443616    33.0785        992     4.1292     2.0952  0.000e+00
     80.552     7.9796   3.443571    33.0784        993     4.1333     2.0949  0.000e+00
     80.492     7.9790   3.443571    33.0790        994     4.1375     2.0963  0.000e+00
     80.454     7.9785   3.443593    33.0797        995     4.1417     2.0949  0.000e+00
     80.423     7.9782   3.443593    33.0800        996     4.1458     2.0945  0.000e+00
     80.398     7.9780   3.443593    33.0802        997     4.1500     2.0942  0.000e+00
     80.389     7.9780   3.443571    33.0799        998     4.1542     2.0951  0.000e+00
     80.373     7.9781   3.443616    33.0804        999     4.1583     2.0933  0.000e+00
     80.356     7.9784   3.443571    33.0796       1000     4.1625     2.0936  0.000e+00
     80.344     7.9784   3.443571    33.0797       1001     4.1667     2.0943  0.000e+00
     80.320     7.9781   3.443571    33.0799       1002     4.1708     2.0955  0.000e+00
     80.287     7.9780   3.443656    33.0810       1003     4.1750     2.0946  0.000e+00
     80.251     7.9784   3.443679    33.0809       1004     4.1792     2.0946  0.000e+00
     80.206     7.9792   3.443570    33.0790       1005     4.1833     2.0958  0.000e+00
     80.161     7.9792   3.443553    33.0788       1006     4.1875     2.0943  0.000e+00
     80.105     7.9786   3.443530    33.0791       1007     4.1917     2.0957  0.000e+00
     80.047     7.9782   3.443725    33.0816       1008     4.1958     2.0942  0.000e+00
     79.985     7.9790   3.444050    33.0843       1009     4.2000     2.0957  0.000e+00
     79.916     7.9826   3.444090    33.0814       1010     4.2042     2.0957  0.000e+00
     79.850     7.9866   3.444136    33.0782       1011     4.2083     2.0937  0.000e+00
     79.779     7.9899   3.444176    33.0755       1012     4.2125     2.0955  0.000e+00
     79.705     7.9924   3.444090    33.0722       1013     4.2167     2.0958  0.000e+00
     79.625     7.9932   3.444090    33.0715       1014     4.2208     2.0952  0.000e+00
     79.544     7.9936   3.444095    33.0713       1015     4.2250     2.0946  0.000e+00
     79.459     7.9941   3.444073    33.0705       1016     4.2292     2.0950  0.000e+00
     79.374     7.9943   3.444090    33.0706       1017     4.2333     2.0955  0.000e+00
     79.285     7.9945   3.444095    33.0705       1018     4.2375     2.0945  0.000e+00
     79.202     7.9946   3.444112    33.0706       1019     4.2417     2.0952  0.000e+00
     79.117     7.9950   3.444072    33.0698       1020     4.2458     2.0958  0.000e+00
     79.038     7.9951   3.444010    33.0691       1021     4.2500     2.0955  0.000e+00
     78.958     7.9944   3.443987    33.0696       1022     4.2542     2.0968  0.000e+00
     78.885     7.9935   3.443964    33.0702       1023     4.2583     2.0955  0.000e+00
     78.817     7.9928   3.443964    33.0709       1024     4.2625     2.0944  0.000e+00
     78.757     7.9924   3.443964    33.0713       1025     4.2667     2.0959  0.000e+00
     78.705     7.9922   3.443924    33.0711       1026     4.2708     2.0954  0.000e+00
     78.652     7.9917   3.443964    33.0720       1027     4.2750     2.0950  0.000e+00
     78.605     7.9915   3.443947    33.0721       1028     4.2792     2.0958  0.000e+00
     78.565     7.9915   3.443918    33.0718       1029     4.2833     2.0949  0.000e+00
     78.518     7.9913   3.443987    33.0728       1030     4.2875     2.0958  0.000e+00
     78.475     7.9915   3.444192    33.0747       1031     4.2917     2.0959  0.000e+00
     78.439     7.9936   3.444158    33.0725       1032     4.2958     2.0961  0.000e+00
     78.406     7.9953   3.444318    33.0725       1033     4.3000     2.0952  0.000e+00
     78.366     7.9972   3.444175    33.0692       1034     4.3042     2.0967  0.000e+00
     78.332     7.9985   3.444095    33.0672       1035     4.3083     2.0965  0.000e+00
     78.288     7.9978   3.444072    33.0676       1036     4.3125     2.0973  0.000e+00
     78.250     7.9971   3.444381    33.0716       1037     4.3167     2.0984  0.000e+00
     78.207     7.9983   3.444775    33.0746       1038     4.3208     2.0976  0.000e+00
     78.164     8.0029   3.444792    33.0705       1039     4.3250     2.0975  0.000e+00
     78.120     8.0074   3.444694    33.0652       1040     4.3292     2.0978  0.000e+00
     78.068     8.0099   3.444632    33.0623       1041     4.3333     2.0987  0.000e+00
     78.019     8.0108   3.444552    33.0606       1042     4.3375     2.0981  0.000e+00
     77.961     8.0105   3.444694    33.0624       1043     4.3417     2.0972  0.000e+00
     77.896     8.0112   3.444837    33.0632       1044     4.3458     2.0971  0.000e+00
     77.834     8.0130   3.444923    33.0625       1045     4.3500     2.0972  0.000e+00
     77.769     8.0151   3.444877    33.0601       1046     4.3542     2.0971  0.000e+00
     77.700     8.0163   3.444797    33.0581       1047     4.3583     2.0973  0.000e+00
     77.634     8.0166   3.444757    33.0575       1048     4.3625     2.0967  0.000e+00
     77.565     8.0162   3.444591    33.0561       1049     4.3667     2.0962  0.000e+00
     77.489     8.0148   3.444660    33.0582       1050     4.3708     2.0965  0.000e+00
     77.415     8.0138   3.444591    33.0585       1051     4.3750     2.0959  0.000e+00
     77.339     8.0127   3.444529    33.0589       1052     4.3792     2.0956  0.000e+00
     77.265     8.0115   3.444551    33.0603       1053     4.3833     2.0961  0.000e+00
     77.192     8.0108   3.444506    33.0605       1054     4.3875     2.0949  0.000e+00
     77.125     8.0101   3.444483    33.0609       1055     4.3917     2.0943  0.000e+00
     77.075     8.0096   3.444591    33.0625       1056     4.3958     2.0948  0.000e+00
     77.022     8.0098   3.444791    33.0645       1057     4.4000     2.0939  0.000e+00
     76.975     8.0120   3.444694    33.0614       1058     4.4042     2.0943  0.000e+00
     76.932     8.0134   3.445191    33.0654       1059     4.4083     2.0948  0.000e+00
     76.888     8.0171   3.445225    33.0623       1060     4.4125     2.0951  0.000e+00
     76.847     8.0214   3.445065    33.0566       1061     4.4167     2.0960  0.000e+00
     76.803     8.0232   3.444899    33.0531       1062     4.4208     2.0960  0.000e+00
     76.756     8.0229   3.444877    33.0532       1063     4.4250     2.0975  0.000e+00
     76.694     8.0216   3.444899    33.0547       1064     4.4292     2.0963  0.000e+00
     76.640     8.0207   3.444859    33.0551       1065     4.4333     2.0968  0.000e+00
     76.573     8.0202   3.444757    33.0546       1066     4.4375     2.0973  0.000e+00
     76.497     8.0194   3.445116    33.0592       1067     4.4417     2.0959  0.000e+00
     76.432     8.0207   3.444734    33.0539       1068     4.4458     2.0959  0.000e+00
     76.365     8.0201   3.444591    33.0530       1069     4.4500     2.0963  0.000e+00
     76.307     8.0176   3.444528    33.0547       1070     4.4542     2.0956  0.000e+00
     76.244     8.0151   3.444659    33.0585       1071     4.4583     2.0969  0.000e+00
     76.181     8.0141   3.444939    33.0625       1072     4.4625     2.0965  0.000e+00
     76.116     8.0157   3.445025    33.0619       1073     4.4667     2.0954  0.000e+00
     76.042     8.0183   3.444962    33.0588       1074     4.4708     2.0966  0.000e+00
     75.971     8.0201   3.444756    33.0549       1075     4.4750     2.0962  0.000e+00
     75.890     8.0200   3.444591    33.0533       1076     4.4792     2.0965  0.000e+00
     75.801     8.0179   3.444465    33.0540       1077     4.4833     2.0962  0.000e+00
     75.712     8.0151   3.444636    33.0585       1078     4.4875     2.0960  0.000e+00
     75.616     8.0138   3.444899    33.0625       1079     4.4917     2.0952  0.000e+00
     75.537     8.0159   3.444859    33.0602       1080     4.4958     2.0963  0.000e+00
     75.446     8.0177   3.444916    33.0592       1081     4.5000     2.0958  0.000e+00
     75.367     8.0192   3.444819    33.0567       1082     4.5042     2.0949  0.000e+00
     75.291     8.0199   3.444796    33.0559       1083     4.5083     2.0968  0.000e+00
     75.229     8.0197   3.444859    33.0567       1084     4.5125     2.0960  0.000e+00
     75.173     8.0201   3.444808    33.0559       1085     4.5167     2.0964  0.000e+00
     75.126     8.0202   3.444693    33.0546       1086     4.5208     2.0972  0.000e+00
     75.092     8.0192   3.444591    33.0544       1087     4.5250     2.0972  0.000e+00
     75.054     8.0174   3.444745    33.0578       1088     4.5292     2.0975  0.000e+00
